917,647,1564
606,771,1377
504,19,523
861,80,941
48,971,1019
404,439,843
711,898,1609
847,736,1583
95,898,993
461,426,887
862,780,1642
548,229,777
473,948,1421
22,489,511
601,261,862
530,606,1136
644,361,1005
497,955,1452
867,386,1253
716,955,1671
594,376,970
271,816,1087
193,495,688
90,378,468
823,188,1011
173,883,1056
234,604,838
109,737,846
314,724,1038
838,450,1288
493,202,695
916,540,1456
806,835,1641
757,659,1416
37,923,960
883,916,1799
94,626,720
67,303,370
852,549,1401
465,233,698
151,93,244
1000,614,1614
706,994,1700
62,833,895
769,680,1449
657,404,1061
763,293,1056
35,704,739
316,410,726
451,718,1169
342,327,669
691,41,732
805,512,1317
137,658,795
812,782,1594
199,380,579
729,425,1154
171,876,1047
689,915,1604
100,252,352
187,565,752
71,574,645
750,606,1356
663,217,880
85,511,596
517,309,826
44,545,589
270,531,801
707,136,843
660,338,998
236,705,941
341,339,680
769,484,1253
772,826,1598
179,204,383
909,909,1818
182,726,908
531,860,1391
528,97,625
920,858,1778
284,93,377
944,821,1765
391,514,905
715,404,1119
736,168,904
69,287,356
47,353,400
148,473,621
771,920,1691
244,880,1124
177,33,210
315,25,340
492,152,644
276,760,1036
690,91,781
995,314,1309
354,672,1026
883,222,1105
922,949,1871
245,985,1230
574,25,599
781,895,1676
765,360,1125
919,701,1620
986,988,1974
983,798,1781
740,644,1384
655,574,1229
512,804,1316
521,472,993
54,464,518
23,418,441
653,566,1219
151,96,247
152,490,642
935,328,1263
727,728,1455
157,672,829
946,439,1385
196,329,525
206,171,377
634,882,1516
836,880,1716
503,263,766
56,760,816
686,848,1534
948,184,1132
73,488,561
958,936,1894
569,706,1275
82,638,720
854,283,1137
203,402,605
121,47,168
865,327,1192
204,178,382
281,200,481
970,36,1006
158,118,276
810,239,1049
645,516,1161
195,599,794
465,223,688
121,842,963
967,183,1150
15,135,150
391,137,528
782,261,1043
248,991,1239
821,861,1682
410,121,531
513,582,1095
301,662,963
509,856,1365
26,847,873
885,183,1068
161,491,652
671,251,922
651,676,1327
961,6,967
110,255,365
794,764,1558
102,914,1016
674,56,730
742,828,1570
187,777,964
444,828,1272
155,409,564
278,839,1117
834,923,1757
564,315,879
572,860,1432
843,57,900
474,379,853
561,858,1419
430,804,1234
507,653,1160
229,3,232
124,628,752
431,101,532
112,769,881
946,37,983
849,497,1346
611,213,824
604,23,627
31,542,573
356,751,1107
411,798,1209
525,316,841
457,418,875
730,296,1026
683,871,1554
778,560,1338
360,483,843
442,851,1293
938,191,1129
251,822,1073
177,329,506
745,835,1580
493,327,820
25,540,565
169,795,964
148,796,944
881,464,1345
803,78,881
582,260,842
251,632,883
304,71,375
254,163,417
661,16,677
527,507,1034
787,453,1240
748,257,1005
35,320,355
613,355,968
616,842,1458
727,193,920
988,877,1865
217,187,404
13,173,186
918,700,1618
52,295,347
981,259,1240
827,967,1794
570,641,1211
937,738,1675
694,550,1244
654,636,1290
718,123,841
49,833,882
86,390,476
814,150,964
970,309,1279
894,462,1356
752,364,1116
946,17,963
129,647,776
880,960,1840
715,427,1142
835,835,1670
940,900,1840
245,57,302
921,965,1886
805,819,1624
103,892,995
812,359,1171
125,494,619
992,740,1732
585,301,886
850,260,1110
961,517,1478
817,308,1125
674,698,1372
540,810,1350
852,90,942
412,180,592
377,875,1252
311,746,1057
207,751,958
714,88,802
757,595,1352
70,144,214
951,13,964
604,159,763
602,442,1044
308,862,1170
16,890,906
152,903,1055
282,471,753
758,471,1229
873,149,1022
745,938,1683
47,428,475
21,836,857
690,377,1067
694,310,1004
297,402,699
567,38,605
87,542,629
845,710,1555
495,445,940
182,723,905
492,192,684
786,794,1580
354,904,1258
658,724,1382
404,970,1374
782,563,1345
438,911,1349
738,551,1289
906,776,1682
229,731,960
492,125,617
258,247,505
435,86,521
75,210,285
14,686,700
924,350,1274
779,884,1663
642,684,1326
273,88,361
446,270,716
552,822,1374
863,650,1513
234,859,1093
404,765,1169
552,861,1413
636,93,729
984,15,999
912,989,1901
658,77,735
863,168,1031
211,342,553
895,131,1026
691,559,1250
152,162,314
19,146,165
772,939,1711
782,593,1375
341,406,747
792,202,994
739,977,1716
936,607,1543
636,907,1543
692,619,1311
595,848,1443
265,943,1208
203,379,582
852,0,852
898,249,1147
378,387,765
916,762,1678
926,260,1186
164,390,554
934,840,1774
313,974,1287
896,53,949
185,30,215
499,940,1439
980,959,1939
501,270,771
779,660,1439
385,592,977
269,490,759
448,801,1249
220,636,856
171,998,1169
634,405,1039
285,4,289
329,866,1195
864,622,1486
706,666,1372
864,39,903
210,98,308
77,326,403
691,312,1003
750,951,1701
550,819,1369
320,20,340
198,456,654
668,980,1648
301,48,349
305,485,790
194,190,384
539,546,1085
62,249,311
603,635,1238
521,891,1412
478,487,965
792,126,918
417,318,735
841,880,1721
64,275,339
166,729,895
581,349,930
41,64,105
742,990,1732
135,444,579
731,14,745
982,290,1272
701,411,1112
373,247,620
563,787,1350
616,926,1542
940,277,1217
57,489,546
826,528,1354
150,832,982
501,504,1005
169,690,859
205,796,1001
997,699,1696
298,415,713
967,502,1469
270,625,895
372,284,656
558,786,1344
575,923,1498
756,11,767
24,848,872
434,942,1376
982,267,1249
967,603,1570
931,602,1533
769,368,1137
860,912,1772
141,963,1104
100,392,492
99,103,202
891,470,1361
703,982,1685
332,185,517
375,268,643
57,562,619
340,295,635
262,749,1011
104,566,670
51,727,778
227,613,840
315,442,757
944,599,1543
729,237,966
930,786,1716
798,265,1063
804,587,1391
165,395,560
991,776,1767
532,951,1483
293,332,625
712,40,752
621,994,1615
479,592,1071
595,391,986
146,182,328
844,142,986
229,530,759
105,324,429
205,559,764
229,722,951
419,423,842
939,148,1087
357,169,526
154,24,178
26,870,896
499,686,1185
573,865,1438
425,116,541
90,927,1017
26,602,628
643,931,1574
201,295,496
417,938,1355
58,38,96
457,956,1413
131,501,632
753,655,1408
567,581,1148
904,755,1659
296,343,639
948,622,1570
438,47,485
805,21,826
401,83,484
19,382,401
897,92,989
550,984,1534
859,128,987
674,689,1363
871,594,1465
554,209,763
668,561,1229
900,486,1386
338,570,908
825,753,1578
131,597,728
148,892,1040
914,869,1783
548,850,1398
38,10,48
492,565,1057
966,960,1926
657,938,1595
948,340,1288
864,178,1042
165,256,421
946,561,1507
471,642,1113
24,758,782
913,678,1591
721,569,1290
950,746,1696
221,848,1069
829,749,1578
28,428,456
296,907,1203
396,1000,1396
656,183,839
523,590,1113
824,892,1716
321,491,812
356,72,428
493,718,1211
806,457,1263
603,448,1051
595,609,1204
869,216,1085
848,294,1142
688,385,1073
471,40,511
860,710,1570
917,726,1643
762,31,793
144,837,981
795,799,1594
236,953,1189
862,488,1350
466,615,1081
503,448,951
486,621,1107
542,441,983
333,726,1059
644,659,1303
836,386,1222
335,964,1299
678,238,916
300,138,438
811,382,1193
262,649,911
925,39,964
260,928,1188
967,531,1498
523,142,665
341,286,627
51,774,825
622,128,750
304,291,595
968,119,1087
827,414,1241
932,984,1916
422,379,801
242,241,483
837,826,1663
162,338,500
422,401,823
770,596,1366
658,638,1296
159,404,563
929,816,1745
332,14,346
898,794,1692
26,52,78
244,900,1144
843,622,1465
391,403,794
95,626,721
189,944,1133
826,895,1721
735,126,861
22,569,591
838,420,1258
818,203,1021
373,628,1001
286,616,902
278,755,1033
499,935,1434
244,370,614
229,32,261
266,699,965
784,600,1384
286,78,364
815,31,846
529,513,1042
738,648,1386
714,480,1194
900,409,1309
468,873,1341
874,222,1096
188,908,1096
944,75,1019
982,410,1392
26,786,812
680,784,1464
499,297,796
385,12,397
336,745,1081
272,961,1233
335,909,1244
526,790,1316
852,977,1829
383,296,679
381,619,1000
182,494,676
442,361,803
596,890,1486
556,277,833
798,137,935
32,562,594
356,704,1060
754,928,1682
402,839,1241
424,314,738
76,616,692
670,894,1564
270,262,532
264,452,716
456,474,930
590,86,676
528,361,889
172,931,1103
341,224,565
610,783,1393
625,33,658
184,887,1071
417,958,1375
937,994,1931
334,626,960
356,209,565
632,497,1129
38,220,258
696,453,1149
545,606,1151
401,72,473
982,322,1304
110,150,260
693,824,1517
728,20,748
484,503,987
839,128,967
828,103,931
439,151,590
929,402,1331
588,282,870
119,818,937
494,980,1474
185,631,816
879,179,1058
601,550,1151
74,896,970
216,201,417
677,871,1548
394,584,978
595,509,1104
252,640,892
98,218,316
245,631,876
115,403,518
590,119,709
333,277,610
168,591,759
982,295,1277
377,738,1115
779,686,1465
746,211,957
312,636,948
260,744,1004
618,72,690
673,67,740
408,95,503
394,326,720
680,293,973
766,680,1446
355,276,631
806,809,1615
850,778,1628
64,489,553
358,554,912
655,818,1473
596,509,1105
558,831,1389
120,640,760
98,759,857
950,702,1652
850,236,1086
899,823,1722
985,812,1797
504,240,744
371,290,661
592,512,1104
853,621,1474
517,167,684
980,267,1247
561,137,698
820,939,1759
558,818,1376
577,169,746
694,961,1655
772,630,1402
38,159,197
60,507,567
160,360,520
505,53,558
107,277,384
413,550,963
555,44,599
288,1000,1288
945,154,1099
284,861,1145
961,513,1474
604,801,1405
887,765,1652
133,38,171
578,433,1011
934,827,1761
426,281,707
850,27,877
465,797,1262
581,372,953
661,854,1515
897,989,1886
278,658,936
234,145,379
916,222,1138
122,891,1013
295,21,316
124,615,739
843,669,1512
501,100,601
492,285,777
681,788,1469
320,133,453
794,126,920
905,89,994
132,816,948
192,499,691
672,34,706
713,162,875
586,957,1543
252,283,535
861,648,1509
255,87,342
901,999,1900
286,368,654
23,209,232
695,827,1522
138,880,1018
382,50,432
118,983,1101
42,952,994
230,551,781
755,913,1668
953,260,1213
693,559,1252
578,410,988
840,138,978
877,743,1620
273,711,984
332,932,1264
467,548,1015
24,409,433
612,937,1549
861,629,1490
648,117,765
889,435,1324
822,223,1045
459,672,1131
28,407,435
459,878,1337
395,267,662
732,955,1687
119,506,625
659,177,836
80,617,697
752,565,1317
30,954,984
647,756,1403
433,789,1222
997,504,1501
907,16,923
685,521,1206
426,959,1385
137,235,372
539,256,795
975,757,1732
138,240,378
138,801,939
989,618,1607
812,109,921
199,756,955
499,442,941
592,77,669
38,727,765
862,448,1310
682,790,1472
481,11,492
660,457,1117
265,525,790
632,614,1246
182,781,963
424,845,1269
481,288,769
84,964,1048
722,565,1287
475,762,1237
727,34,761
444,55,499
751,415,1166
564,730,1294
921,641,1562
807,382,1189
210,306,516
180,485,665
177,487,664
202,975,1177
897,247,1144
225,288,513
895,336,1231
804,862,1666
492,998,1490
400,387,787
192,245,437
546,443,989
39,279,318
294,730,1024
204,698,902
717,403,1120
927,629,1556
438,854,1292
405,816,1221
902,931,1833
167,735,902
377,755,1132
385,738,1123
678,68,746
238,200,438
739,554,1293
225,568,793
33,473,506
605,859,1464
63,334,397
271,767,1038
653,201,854
136,890,1026
299,414,713
727,518,1245
403,992,1395
364,903,1267
696,41,737
891,388,1279
952,76,1028
638,546,1184
951,165,1116
530,112,642
681,389,1070
976,78,1054
747,730,1477
914,978,1892
706,752,1458
213,176,389
394,853,1247
354,25,379
970,65,1035
148,952,1100
807,760,1567
136,135,271
708,716,1424
129,935,1064
637,986,1623
817,876,1693
39,458,497
3,350,353
824,638,1462
805,747,1552
384,760,1144
283,232,515
66,837,903
648,389,1037
915,218,1133
31,39,70
941,36,977
509,615,1124
903,217,1120
32,637,669
420,934,1354
823,518,1341
30,362,392
848,659,1507
347,321,668
117,825,942
36,687,723
34,213,247
213,396,609
851,923,1774
328,561,889
645,807,1452
860,288,1148
814,368,1182
71,633,704
673,82,755
132,542,674
467,556,1023
83,908,991
261,497,758
703,840,1543
360,400,760
774,116,890
446,459,905
302,759,1061
610,405,1015
930,717,1647
441,131,572
255,603,858
543,474,1017
942,862,1804
60,969,1029
181,6,187
379,267,646
177,872,1049
754,995,1749
335,72,407
546,570,1116
202,961,1163
989,221,1210
130,864,994
125,748,873
352,829,1181
886,935,1821
488,304,792
202,581,783
522,73,595
690,629,1319
614,250,864
31,532,563
521,146,667
818,296,1114
653,541,1194
740,480,1220
204,293,497
584,542,1126
398,615,1013
936,796,1732
584,213,797
902,822,1724
453,905,1358
134,400,534
534,736,1270
804,92,896
448,984,1432
967,889,1856
764,617,1381
131,911,1042
206,126,332
449,278,727
91,322,413
999,900,1899
20,98,118
455,444,899
946,204,1150
955,448,1403
510,330,840
904,885,1789
547,520,1067
866,965,1831
265,633,898
957,395,1352
847,206,1053
648,61,709
465,520,985
26,50,76
997,979,1976
899,681,1580
196,364,560
763,798,1561
517,621,1138
106,466,572
26,978,1004
361,649,1010
454,0,454
614,415,1029
23,146,169
100,367,467
884,327,1211
825,817,1642
191,454,645
149,363,512
565,434,999
490,958,1448
855,652,1507
948,590,1538
18,205,223
904,447,1351
448,328,776
453,125,578
802,343,1145
393,909,1302
229,255,484
498,95,593
494,513,1007
763,367,1130
443,24,467
499,752,1251
158,652,810
107,168,275
641,320,961
218,57,275
56,208,264
446,178,624
355,259,614
825,593,1418
284,569,853
119,784,903
224,819,1043
592,704,1296
140,340,480
384,62,446
612,126,738
79,910,989
433,347,780
789,571,1360
172,279,451
818,591,1409
304,260,564
576,725,1301
41,477,518
742,98,840
338,311,649
719,385,1104
47,819,866
916,900,1816
272,88,360
650,224,874
0,974,974
763,330,1093
966,271,1237
20,368,388
195,38,233
490,391,881
935,698,1633
283,479,762
721,529,1250
233,168,401
543,326,869
49,413,462
978,313,1291
944,456,1400
726,16,742
370,183,553
128,739,867
779,666,1445
701,756,1457
933,74,1007
111,443,554
782,472,1254
250,940,1190
122,480,602
527,633,1160
211,579,790
508,151,659
357,10,367
960,658,1618
186,908,1094
510,452,962
772,596,1368
319,417,736
504,703,1207
632,960,1592
579,987,1566
678,307,985
294,486,780
628,361,989
207,581,788
206,742,948
396,396,792
297,802,1099
107,546,653
541,256,797
931,640,1571
171,686,857
187,123,310
491,974,1465
427,370,797
387,288,675
759,926,1685
860,206,1066
104,390,494
33,766,799
868,206,1074
179,883,1062
47,918,965
753,147,900
562,358,920
182,34,216
822,491,1313
447,149,596
492,603,1095
937,723,1660
282,903,1185
1,470,471
547,772,1319
443,652,1095
305,624,929
595,392,987
466,117,583
718,977,1695
365,974,1339
471,416,887
673,35,708
793,536,1329
325,655,980
591,311,902
334,744,1078
164,753,917
154,458,612
33,456,489
956,121,1077
934,114,1048
713,208,921
472,597,1069
195,9,204
449,150,599
791,43,834
517,708,1225
45,138,183
638,307,945
286,960,1246
7,235,242
516,698,1214
958,997,1955
553,210,763
38,73,111
925,254,1179
428,507,935
652,466,1118
579,707,1286
804,636,1440
678,94,772
237,883,1120
640,966,1606
354,76,430
195,447,642
34,626,660
889,27,916
663,426,1089
742,613,1355
162,72,234
870,635,1505
466,155,621
989,574,1563
10,218,228
811,780,1591
400,772,1172
252,125,377
221,303,524
752,202,954
390,355,745
342,879,1221
919,417,1336
74,52,126
176,986,1162
101,244,345
251,165,416
680,25,705
558,501,1059
742,543,1285
433,1000,1433
158,862,1020
321,213,534
897,721,1618
698,695,1393
966,194,1160
26,365,391
768,307,1075
580,811,1391
219,953,1172
111,462,573
773,600,1373
814,418,1232
991,371,1362
736,184,920
546,559,1105
700,35,735
769,517,1286
828,300,1128
734,692,1426
397,13,410
182,562,744
750,347,1097
831,830,1661
418,262,680
222,340,562
665,71,736
286,878,1164
989,72,1061
420,693,1113
835,376,1211
968,378,1346
629,152,781
219,423,642
632,946,1578
530,390,920
474,457,931
709,419,1128
699,424,1123
221,649,870
727,788,1515
912,283,1195
65,705,770
533,513,1046
390,456,846
642,388,1030
648,50,698
745,929,1674
954,97,1051
785,337,1122
328,500,828
39,110,149
998,327,1325
656,104,760
570,635,1205
123,959,1082
124,581,705
964,990,1954
249,48,297
432,670,1102
346,127,473
651,440,1091
274,286,560
907,124,1031
302,953,1255
196,102,298
686,528,1214
606,802,1408
842,550,1392
218,483,701
504,573,1077
438,239,677
575,447,1022
877,951,1828
307,687,994
958,372,1330
283,561,844
969,821,1790
882,647,1529
109,426,535
686,919,1605
82,377,459
448,371,819
431,788,1219
553,821,1374
950,426,1376
150,680,830
173,470,643
218,145,363
695,867,1562
537,418,955
818,253,1071
376,853,1229
798,783,1581
671,329,1000
120,274,394
200,907,1107
864,958,1822
525,903,1428
76,866,942
704,25,729
66,805,871
673,8,681
784,645,1429
915,881,1796
45,699,744
277,780,1057
487,911,1398
64,923,987
405,171,576
6,728,734
311,722,1033
71,99,170
368,816,1184
779,24,803
225,362,587
307,471,778
778,773,1551
264,29,293
283,965,1248
922,147,1069
918,960,1878
845,830,1675
180,691,871
707,815,1522
217,679,896
19,78,97
128,565,693
526,120,646
830,259,1089
261,571,832
329,971,1300
965,311,1276
94,81,175
770,302,1072
10,340,350
888,917,1805
79,965,1044
546,618,1164
492,702,1194
394,485,879
511,826,1337
798,352,1150
189,492,681
4,969,973
477,150,627
967,529,1496
457,792,1249
571,539,1110
778,92,870
292,982,1274
423,112,535
927,148,1075
352,599,951
710,613,1323
84,83,167
557,425,982
494,3,497
198,20,218
755,407,1162
806,358,1164
656,458,1114
1,325,326
982,770,1752
881,972,1853
124,407,531
390,243,633
705,384,1089
586,953,1539
280,948,1228
656,119,775
606,277,883
304,358,662
342,766,1108
21,142,163
601,961,1562
467,311,778
531,956,1487
927,805,1732
814,83,897
376,932,1308
617,826,1443
26,782,808
946,16,962
231,681,912
324,904,1228
727,362,1089
396,443,839
596,820,1416
904,74,978
259,344,603
172,780,952
124,831,955
717,164,881
46,69,115
285,549,834
449,635,1084
969,138,1107
257,40,297
699,880,1579
170,559,729
746,212,958
737,915,1652
354,577,931
439,886,1325
397,243,640
121,254,375
495,564,1059
987,112,1099
392,776,1168
930,523,1453
110,619,729
646,354,1000
592,336,928
286,469,755
543,312,855
255,53,308
520,260,780
181,510,691
238,141,379
620,248,868
690,500,1190
876,398,1274
383,456,839
765,918,1683
657,940,1597
787,756,1543
786,668,1454
754,266,1020
859,363,1222
305,68,373
686,150,836
486,137,623
919,481,1400
21,295,316
808,691,1499
289,125,414
463,444,907
682,23,705
868,798,1666
250,317,567
610,132,742
709,95,804
870,424,1294
644,804,1448
375,520,895
111,448,559
930,113,1043
637,293,930
565,719,1284
279,623,902
870,108,978
964,773,1737
307,258,565
134,181,315
179,330,509
231,525,756
511,726,1237
163,736,899
896,573,1469
881,598,1479
633,578,1211
761,180,941
912,669,1581
261,530,791
240,605,845
618,341,959
478,128,606
853,372,1225
251,394,645
622,337,959
889,806,1695
180,934,1114
125,552,677
229,199,428
433,348,781
406,179,585
65,527,592
487,574,1061
525,245,770
418,690,1108
487,432,919
747,213,960
445,311,756
137,381,518
797,965,1762
802,372,1174
554,602,1156
988,155,1143
639,737,1376
267,463,730
927,322,1249
607,750,1357
238,9,247
969,376,1345
73,971,1044
350,775,1125
146,29,175
279,929,1208
103,480,583
900,982,1882
704,523,1227
639,565,1204
625,602,1227
157,374,531
904,493,1397
986,493,1479
415,988,1403
209,76,285
22,935,957
265,873,1138
193,811,1004
736,517,1253
624,273,897
973,482,1455
406,967,1373
807,596,1403
228,383,611
148,894,1042
738,421,1159
4,460,464
224,272,496
283,617,900
562,386,948
817,960,1777
1,685,686
688,637,1325
197,165,362
41,206,247
374,890,1264
958,777,1735
405,481,886
100,85,185
112,261,373
421,617,1038
166,445,611
87,655,742
840,819,1659
417,823,1240
703,42,745
285,1,286
430,422,852
368,401,769
495,156,651
758,74,832
736,167,903
117,665,782
475,482,957
594,641,1235
705,445,1150
218,841,1059
555,1,556
76,775,851
145,623,768
551,182,733
695,629,1324
822,706,1528
45,472,517
595,57,652
488,147,635
682,967,1649
645,386,1031
665,865,1530
870,368,1238
965,203,1168
917,635,1552
777,716,1493
627,561,1188
185,243,428
603,149,752
736,858,1594
577,603,1180
649,570,1219
206,76,282
759,388,1147
157,235,392
795,779,1574
397,172,569
919,502,1421
238,956,1194
180,983,1163
302,256,558
71,913,984
302,843,1145
310,581,891
741,175,916
362,780,1142
467,564,1031
874,405,1279
124,961,1085
470,231,701
720,75,795
705,530,1235
27,205,232
200,9,209
125,119,244
731,426,1157
973,848,1821
134,580,714
589,702,1291
239,414,653
432,140,572
693,70,763
44,559,603
723,871,1594
882,619,1501
633,912,1545
331,824,1155
853,169,1022
923,644,1567
76,787,863
88,812,900
374,741,1115
128,207,335
411,247,658
38,487,525
759,896,1655
437,810,1247
266,524,790
340,79,419
372,609,981
760,690,1450
844,371,1215
626,962,1588
523,629,1152
105,975,1080
100,317,417
512,598,1110
983,885,1868
516,586,1102
1000,754,1754
33,196,229
131,647,778
196,170,366
321,230,551
615,460,1075
238,19,257
430,319,749
347,507,854
371,600,971
489,383,872
531,310,841
455,178,633
140,547,687
736,447,1183
738,65,803
680,484,1164
385,173,558
972,306,1278
982,298,1280
305,604,909
147,582,729
869,593,1462
508,976,1484
613,753,1366
762,812,1574
557,677,1234
753,577,1330
766,501,1267
934,482,1416
912,133,1045
123,550,673
699,598,1297
997,461,1458
655,469,1124
662,125,787
916,209,1125
55,944,999
216,955,1171
781,418,1199
142,986,1128
322,247,569
935,641,1576
719,486,1205
773,839,1612
240,516,756
810,309,1119
499,859,1358
243,217,460
570,509,1079
119,186,305
655,299,954
569,155,724
765,265,1030
837,612,1449
108,231,339
806,199,1005
593,169,762
888,940,1828
828,923,1751
27,578,605
160,189,349
138,304,442
645,206,851
744,806,1550
643,828,1471
869,251,1120
956,427,1383
234,268,502
389,425,814
369,565,934
791,983,1774
463,560,1023
911,123,1034
195,173,368
385,216,601
746,110,856
267,82,349
237,463,700
767,883,1650
63,969,1032
24,259,283
461,934,1395
731,336,1067
221,992,1213
290,104,394
564,284,848
770,115,885
49,337,386
6,689,695
945,89,1034
625,377,1002
732,437,1169
827,507,1334
236,186,422
710,645,1355
218,957,1175
87,838,925
804,183,987
417,175,592
962,814,1776
469,325,794
182,831,1013
436,16,452
919,977,1896
370,412,782
332,548,880
497,304,801
677,128,805
305,537,842
81,516,597
861,289,1150
365,205,570
560,416,976
418,667,1085
580,912,1492
286,645,931
427,188,615
338,419,757
569,683,1252
464,868,1332
681,729,1410
754,305,1059
449,390,839
895,492,1387
831,813,1644
29,433,462
105,906,1011
416,301,717
277,153,430
804,888,1692
463,621,1084
275,440,715
113,70,183
931,124,1055
304,237,541
19,17,36
294,443,737
196,864,1060
584,789,1373
597,179,776
191,479,670
496,425,921
383,133,516
905,610,1515
243,940,1183
250,31,281
744,232,976
404,378,782
177,860,1037
151,395,546
714,940,1654
398,953,1351
294,777,1071
212,303,515
814,105,919
855,647,1502
282,356,638
526,837,1363
885,704,1589
739,429,1168
430,587,1017
805,123,928
133,236,369
305,930,1235
837,927,1764
531,718,1249
267,443,710
312,904,1216
788,295,1083
507,275,782
549,616,1165
536,389,925
483,680,1163
995,576,1571
40,753,793
955,601,1556
175,820,995
874,761,1635
899,782,1681
537,489,1026
20,965,985
537,341,878
759,822,1581
141,355,496
223,298,521
523,334,857
997,681,1678
730,659,1389
47,244,291
23,479,502
716,306,1022
472,554,1026
965,742,1707
320,605,925
865,157,1022
842,895,1737
408,688,1096
71,908,979
283,799,1082
208,769,977
338,92,430
709,667,1376
286,846,1132
353,879,1232
520,528,1048
269,221,490
157,496,653
995,983,1978
191,378,569
393,634,1027
269,146,415
102,596,698
477,576,1053
158,550,708
774,606,1380
284,687,971
934,987,1921
385,513,898
139,527,666
740,147,887
639,545,1184
151,221,372
890,690,1580
902,134,1036
601,528,1129
602,853,1455
472,790,1262
366,547,913
497,568,1065
996,816,1812
206,808,1014
439,728,1167
896,718,1614
708,731,1439
1000,101,1101
831,10,841
43,735,778
652,786,1438
599,204,803
367,965,1332
510,136,646
394,878,1272
105,294,399
56,888,944
317,534,851
750,855,1605
41,849,890
913,116,1029
0,252,252
162,205,367
134,59,193
799,630,1429
284,605,889
374,700,1074
699,190,889
164,48,212
685,755,1440
869,848,1717
763,447,1210
888,316,1204
577,974,1551
229,405,634
172,424,596
318,962,1280
129,813,942
663,971,1634
877,50,927
325,561,886
77,731,808
582,405,987
504,193,697
508,314,822
393,125,518
171,115,286
96,781,877
218,555,773
850,857,1707
731,248,979
137,595,732
337,914,1251
549,929,1478
356,185,541
340,702,1042
511,33,544
980,765,1745
33,785,818
42,808,850
122,205,327
717,43,760
359,273,632
843,303,1146
792,819,1611
389,924,1313
542,720,1262
345,145,490
43,223,266
732,933,1665
762,263,1025
697,152,849
727,757,1484
171,85,256
904,308,1212
94,764,858
463,604,1067
532,669,1201
283,853,1136
39,924,963
672,374,1046
190,1,191
366,771,1137
326,384,710
53,774,827
550,363,913
565,878,1443
214,252,466
930,882,1812
405,65,470
242,533,775
989,902,1891
614,633,1247
700,629,1329
21,138,159
555,181,736
849,840,1689
476,694,1170
572,751,1323
978,531,1509
884,70,954
206,824,1030
263,515,778
125,589,714
179,782,961
575,517,1092
67,50,117
478,166,644
474,5,479
382,773,1155
773,794,1567
957,193,1150
73,339,412
710,595,1305
281,687,968
583,427,1010
357,236,593
768,186,954
385,964,1349
478,993,1471
240,292,532
794,169,963
510,273,783
321,896,1217
689,818,1507
479,253,732
580,982,1562
866,183,1049
59,752,811
630,604,1234
492,52,544
222,746,968
9,271,280
683,45,728
48,853,901
101,817,918
693,434,1127
907,294,1201
335,210,545
699,371,1070
618,283,901
964,13,977
345,35,380
13,749,762
238,705,943
78,196,274
204,580,784
985,825,1810
663,815,1478
226,540,766
504,115,619
652,972,1624
896,997,1893
460,440,900
801,276,1077
94,752,846
829,89,918
564,918,1482
327,180,507
931,395,1326
986,430,1416
131,180,311
765,802,1567
181,207,388
894,594,1488
481,790,1271
814,578,1392
436,840,1276
550,28,578
412,654,1066
729,93,822
707,656,1363
775,758,1533
207,954,1161
161,808,969
249,300,549
130,537,667
674,700,1374
111,106,217
136,198,334
44,72,116
847,734,1581
875,833,1708
654,253,907
751,941,1692
81,198,279
936,206,1142
737,452,1189
805,316,1121
470,81,551
715,858,1573
382,967,1349
765,472,1237
938,507,1445
172,561,733
805,106,911
762,782,1544
894,426,1320
367,387,754
714,562,1276
67,671,738
127,509,636
484,588,1072
324,388,712
858,125,983
990,650,1640
279,806,1085
583,712,1295
935,33,968
888,142,1030
151,936,1087
104,156,260
567,573,1140
328,945,1273
158,793,951
275,804,1079
764,962,1726
663,183,846
44,370,414
0,896,896
917,693,1610
425,665,1090
993,327,1320
216,243,459
233,262,495
277,195,472
776,364,1140
65,625,690
142,918,1060
998,870,1868
986,498,1484
779,577,1356
416,765,1181
977,172,1149
60,460,520
883,43,926
790,419,1209
61,624,685
202,32,234
13,44,57
538,589,1127
411,798,1209
364,578,942
725,624,1349
117,888,1005
645,163,808
63,315,378
447,586,1033
795,79,874
691,499,1190
690,834,1524
100,966,1066
781,314,1095
261,76,337
495,640,1135
956,127,1083
669,937,1606
835,996,1831
365,435,800
379,558,937
245,259,504
417,575,992
95,362,457
522,68,590
614,63,677
406,766,1172
153,434,587
564,382,946
3,282,285
528,791,1319
19,182,201
696,543,1239
456,626,1082
185,294,479
38,328,366
950,228,1178
758,871,1629
271,128,399
881,647,1528
95,14,109
945,213,1158
926,868,1794
458,595,1053
686,293,979
199,327,526
33,206,239
99,89,188
17,126,143
843,252,1095
818,358,1176
324,750,1074
548,307,855
320,982,1302
393,556,949
267,517,784
890,89,979
676,384,1060
879,564,1443
164,446,610
465,29,494
840,521,1361
255,564,819
490,318,808
556,928,1484
602,389,991
943,450,1393
925,346,1271
624,423,1047
989,167,1156
108,103,211
778,841,1619
573,988,1561
896,638,1534
217,984,1201
688,853,1541
133,611,744
791,352,1143
879,471,1350
243,527,770
343,195,538
732,370,1102
820,616,1436
887,377,1264
962,318,1280
430,130,560
328,737,1065
87,363,450
709,521,1230
190,389,579
432,32,464
468,235,703
193,515,708
277,792,1069
978,296,1274
770,247,1017
612,807,1419
706,163,869
2,630,632
85,305,390
836,408,1244
120,118,238
344,481,825
87,657,744
438,353,791
219,762,981
294,483,777
341,409,750
680,348,1028
403,822,1225
888,862,1750
617,454,1071
586,764,1350
354,348,702
703,656,1359
509,278,787
988,664,1652
959,619,1578
573,782,1355
13,897,910
737,992,1729
762,612,1374
916,706,1622
115,998,1113
654,250,904
64,991,1055
532,347,879
647,848,1495
322,909,1231
835,923,1758
743,132,875
106,574,680
431,824,1255
4,630,634
583,359,942
41,806,847
651,898,1549
836,471,1307
973,501,1474
274,134,408
861,639,1500
552,668,1220
990,849,1839
912,807,1719
926,313,1239
857,504,1361
116,74,190
557,6,563
128,618,746
730,375,1105
58,67,125
354,76,430
591,888,1479
518,700,1218
473,131,604
805,545,1350
128,621,749
483,335,818
695,815,1510
49,73,122
970,310,1280
832,175,1007
605,298,903
335,502,837
670,146,816
213,207,420
870,921,1791
361,888,1249
727,195,922
220,279,499
491,277,768
879,53,932
889,605,1494
17,976,993
892,413,1305
811,114,925
355,307,662
983,665,1648
579,900,1479
921,490,1411
196,471,667
393,514,907
350,645,995
406,798,1204
768,783,1551
383,847,1230
611,936,1547
472,156,628
741,924,1665
152,980,1132
454,818,1272
191,450,641
663,845,1508
913,836,1749
689,893,1582
228,700,928
560,430,990
184,408,592
405,31,436
522,984,1506
685,271,956
945,423,1368
349,795,1144
545,156,701
98,678,776
163,374,537
670,610,1280
652,310,962
209,923,1132
334,130,464
267,787,1054
859,152,1011
595,789,1384
977,437,1414
395,17,412
701,632,1333
703,46,749
347,23,370
811,715,1526
354,454,808
637,698,1335
240,690,930
781,21,802
597,477,1074
476,651,1127
466,670,1136
365,348,713
705,209,914
553,256,809
728,321,1049
2,530,532
476,349,825
102,627,729
751,446,1197
792,789,1581
348,61,409
856,652,1508
763,697,1460
826,366,1192
466,423,889
928,449,1377
811,43,854
576,526,1102
550,731,1281
445,120,565
185,751,936
781,301,1082
393,563,956
109,878,987
140,119,259
273,583,856
486,956,1442
620,479,1099
576,756,1332
564,405,969
93,933,1026
514,41,555
903,636,1539
23,672,695
923,259,1182
843,500,1343
110,749,859
946,175,1121
220,249,469
701,782,1483
195,611,806
238,341,579
162,716,878
76,514,590
322,899,1221
274,325,599
522,922,1444
385,910,1295
179,477,656
546,603,1149
635,481,1116
69,304,373
476,760,1236
695,760,1455
235,356,591
801,2,803
390,654,1044
486,557,1043
266,493,759
5,631,636
741,166,907
321,80,401
714,187,901
111,465,576
259,983,1242
576,296,872
87,180,267
604,201,805
75,20,95
268,374,642
748,421,1169
524,738,1262
363,471,834
69,241,310
267,152,419
759,373,1132
565,364,929
425,108,533
972,977,1949
336,724,1060
905,629,1534
349,753,1102
450,673,1123
501,795,1296
811,460,1271
969,484,1453
226,957,1183
492,136,628
273,578,851
362,428,790
106,458,564
370,481,851
706,67,773
643,282,925
943,576,1519
192,966,1158
322,230,552
925,154,1079
312,208,520
999,491,1490
534,373,907
808,382,1190
552,651,1203
224,390,614
717,901,1618
985,577,1562
105,211,316
466,45,511
488,279,767
19,350,369
335,261,596
383,83,466
422,200,622
62,336,398
49,620,669
149,146,295
777,932,1709
654,703,1357
884,842,1726
632,430,1062
133,475,608
595,639,1234
711,828,1539
931,385,1316
861,74,935
663,441,1104
992,413,1405
410,967,1377
830,889,1719
732,54,786
58,12,70
843,712,1555
62,781,843
221,901,1122
346,592,938
380,44,424
659,613,1272
816,306,1122
679,248,927
868,777,1645
627,179,806
693,513,1206
178,335,513
606,298,904
217,881,1098
694,715,1409
342,441,783
627,834,1461
479,933,1412
809,189,998
319,434,753
483,239,722
53,175,228
705,269,974
348,74,422
895,210,1105
115,627,742
882,282,1164
913,55,968
118,377,495
269,122,391
529,613,1142
1000,718,1718
109,785,894
602,481,1083
473,403,876
22,370,392
555,778,1333
124,313,437
598,831,1429
234,697,931
381,694,1075
329,220,549
386,631,1017
348,55,403
659,349,1008
63,978,1041
601,236,837
29,411,440
735,949,1684
19,784,803
293,892,1185
704,823,1527
775,875,1650
555,343,898
184,180,364
412,811,1223
887,308,1195
123,424,547
708,825,1533
178,728,906
917,95,1012
86,295,381
767,153,920
264,777,1041
978,76,1054
134,126,260
244,152,396
653,905,1558
117,949,1066
637,138,775
645,547,1192
600,25,625
33,165,198
925,711,1636
528,580,1108
28,617,645
57,302,359
413,269,682
808,659,1467
291,796,1087
480,497,977
246,943,1189
339,176,515
577,386,963
277,167,444
124,798,922
387,183,570
1,441,442
398,653,1051
55,720,775
413,137,550
56,876,932
522,990,1512
29,708,737
750,828,1578
99,33,132
914,973,1887
978,317,1295
98,841,939
248,713,961
640,122,762
630,441,1071
181,289,470
708,596,1304
964,631,1595
236,146,382
65,77,142
261,355,616
790,9,799
622,192,814
868,336,1204
413,3,416
360,852,1212
582,586,1168
293,596,889
692,401,1093
325,207,532
12,907,919
74,406,480
568,385,953
596,866,1462
626,627,1253
215,405,620
381,56,437
95,100,195
841,587,1428
972,564,1536
301,519,820
140,489,629
49,976,1025
719,694,1413
933,183,1116
65,941,1006
311,660,971
413,293,706
332,870,1202
920,322,1242
352,711,1063
501,137,638
661,134,795
556,147,703
735,207,942
361,496,857
31,712,743
448,445,893
635,138,773
366,948,1314
446,238,684
446,570,1016
111,23,134
365,104,469
37,544,581
835,32,867
797,758,1555
579,279,858
196,775,971
46,931,977
149,217,366
117,481,598
154,318,472
877,386,1263
9,630,639
371,94,465
972,730,1702
251,851,1102
483,381,864
882,225,1107
321,371,692
465,66,531
736,896,1632
694,519,1213
147,469,616
708,802,1510
65,54,119
178,305,483
102,829,931
914,365,1279
112,225,337
597,183,780
542,152,694
474,887,1361
755,849,1604
42,142,184
653,738,1391
118,283,401
532,542,1074
450,316,766
540,787,1327
963,287,1250
139,392,531
140,534,674
912,463,1375
420,774,1194
632,107,739
542,576,1118
964,306,1270
725,803,1528
304,846,1150
711,379,1090
418,21,439
604,185,789
840,492,1332
982,7,989
629,233,862
521,956,1477
672,245,917
890,585,1475
626,866,1492
574,201,775
897,894,1791
149,442,591
91,889,980
411,15,426
532,16,548
843,479,1322
439,660,1099
84,740,824
115,117,232
422,371,793
875,788,1663
436,194,630
792,37,829
236,615,851
12,277,289
545,474,1019
173,846,1019
700,821,1521
623,698,1321
772,608,1380
427,931,1358
277,206,483
299,575,874
626,738,1364
152,827,979
119,989,1108
757,828,1585
527,654,1181
937,263,1200
762,181,943
415,279,694
945,490,1435
64,273,337
653,866,1519
900,552,1452
58,452,510
143,939,1082
52,25,77
137,943,1080
958,517,1475
486,882,1368
348,274,622
861,613,1474
971,547,1518
528,361,889
593,7,600
31,630,661
227,896,1123
305,104,409
327,187,514
763,826,1589
835,59,894
23,188,211
511,994,1505
597,598,1195
345,9,354
86,760,846
462,708,1170
472,429,901
857,470,1327
62,841,903
756,803,1559
630,362,992
744,697,1441
90,972,1062
276,638,914
654,816,1470
773,339,1112
537,854,1391
111,122,233
216,492,708
685,209,894
681,372,1053
851,747,1598
498,912,1410
714,394,1108
814,773,1587
992,579,1571
319,330,649
310,658,968
373,937,1310
796,884,1680
476,352,828
891,696,1587
299,459,758
459,958,1417
863,288,1151
497,780,1277
376,737,1113
237,533,770
623,524,1147
168,427,595
677,260,937
653,27,680
280,246,526
664,609,1273
180,651,831
292,965,1257
968,996,1964
997,10,1007
759,712,1471
906,954,1860
528,410,938
895,194,1089
496,394,890
718,268,986
870,753,1623
190,444,634
190,265,455
492,800,1292
72,233,305
561,712,1273
70,771,841
866,915,1781
545,385,930
726,996,1722
498,602,1100
410,370,780
350,423,773
909,875,1784
973,737,1710
45,562,607
947,452,1399
355,241,596
82,628,710
640,555,1195
164,691,855
801,547,1348
116,578,694
973,77,1050
794,630,1424
374,956,1330
890,439,1329
542,380,922
360,865,1225
412,985,1397
541,376,917
540,853,1393
504,691,1195
199,685,884
387,77,464
461,988,1449
612,651,1263
184,453,637
152,96,248
636,360,996
143,705,848
101,921,1022
76,435,511
238,206,444
179,909,1088
584,995,1579
675,52,727
765,133,898
755,279,1034
175,752,927
183,929,1112
1,154,155
884,511,1395
868,330,1198
366,24,390
338,490,828
261,49,310
79,278,357
665,505,1170
818,562,1380
782,943,1725
827,545,1372
300,168,468
689,504,1193
338,691,1029
144,208,352
675,144,819
954,606,1560
423,880,1303
154,381,535
776,348,1124
302,556,858
624,332,956
813,924,1737
608,889,1497
721,575,1296
854,81,935
17,522,539
74,289,363
876,655,1531
72,792,864
848,832,1680
992,565,1557
384,66,450
114,594,708
476,897,1373
824,283,1107
770,677,1447
811,181,992
323,53,376
648,650,1298
359,840,1199
178,763,941
734,843,1577
316,704,1020
194,729,923
839,852,1691
724,497,1221
894,804,1698
396,243,639
600,102,702
469,946,1415
797,895,1692
837,12,849
148,686,834
934,406,1340
177,600,777
688,997,1685
579,497,1076
513,257,770
994,704,1698
537,649,1186
784,152,936
855,613,1468
550,689,1239
894,648,1542
881,575,1456
202,194,396
705,803,1508
700,587,1287
763,207,970
515,555,1070
224,705,929
10,987,997
772,982,1754
320,449,769
91,625,716
31,631,662
294,236,530
602,955,1557
253,35,288
329,734,1063
692,944,1636
539,393,932
443,832,1275
97,81,178
603,670,1273
158,385,543
268,827,1095
452,927,1379
77,57,134
980,431,1411
937,364,1301
541,644,1185
944,140,1084
835,610,1445
917,82,999
493,684,1177
631,786,1417
773,276,1049
996,547,1543
182,669,851
411,100,511
602,830,1432
807,940,1747
465,558,1023
169,987,1156
98,436,534
639,174,813
549,214,763
512,417,929
146,509,655
141,249,390
424,388,812
373,182,555
826,452,1278
994,330,1324
314,248,562
620,92,712
180,543,723
694,141,835
237,41,278
990,85,1075
767,978,1745
52,780,832
81,212,293
270,624,894
320,685,1005
574,958,1532
970,990,1960
118,650,768
361,726,1087
305,970,1275
447,838,1285
732,447,1179
75,695,770
854,389,1243
957,611,1568
129,390,519
222,485,707
175,733,908
953,158,1111
480,42,522
589,169,758
827,274,1101
852,150,1002
355,63,418
498,837,1335
304,105,409
890,715,1605
990,108,1098
350,912,1262
117,587,704
313,251,564
677,342,1019
793,71,864
399,958,1357
452,187,639
207,486,693
953,204,1157
774,245,1019
692,48,740
918,513,1431
623,805,1428
524,132,656
131,845,976
558,543,1101
694,484,1178
356,59,415
748,473,1221
816,983,1799
971,705,1676
628,729,1357
858,214,1072
833,13,846
88,61,149
96,939,1035
989,75,1064
482,818,1300
365,477,842
430,171,601
332,190,522
937,549,1486
239,560,799
843,194,1037
151,782,933
624,902,1526
789,20,809
920,273,1193
904,544,1448
464,70,534
127,302,429
735,752,1487
190,147,337
377,406,783
22,333,355
881,645,1526
166,69,235
590,597,1187
146,275,421
376,905,1281
10,783,793
828,65,893
444,516,960
167,807,974
610,659,1269
666,975,1641
635,462,1097
900,187,1087
694,815,1509
747,432,1179
600,822,1422
175,17,192
233,201,434
908,60,968
232,83,315
857,833,1690
37,239,276
276,6,282
694,977,1671
602,369,971
358,799,1157
866,117,983
509,788,1297
512,190,702
544,265,809
16,158,174
317,373,690
107,670,777
492,259,751
1,514,515
228,654,882
195,26,221
722,423,1145
889,338,1227
48,713,761
35,22,57
607,671,1278
32,328,360
29,680,709
623,87,710
848,808,1656
589,86,675
906,236,1142
878,18,896
463,348,811
568,646,1214
247,987,1234
100,820,920
783,369,1152
324,682,1006
974,364,1338
25,690,715
751,124,875
908,739,1647
967,436,1403
269,648,917
499,594,1093
292,527,819
997,43,1040
923,737,1660
367,353,720
932,169,1101
702,914,1616
748,246,994
979,53,1032
511,418,929
889,270,1159
236,917,1153
53,977,1030
8,790,798
599,307,906
961,978,1939
909,165,1074
827,178,1005
854,595,1449
482,715,1197
645,676,1321
255,943,1198
235,974,1209
549,952,1501
659,844,1503
678,273,951
743,914,1657
917,781,1698
623,416,1039
853,142,995
943,307,1250
467,25,492
565,162,727
99,611,710
680,816,1496
91,663,754
117,940,1057
613,246,859
111,938,1049
93,241,334
54,461,515
630,941,1571
704,725,1429
591,760,1351
121,586,707
279,251,530
603,355,958
49,644,693
711,200,911
768,994,1762
411,365,776
796,856,1652
376,454,830
685,743,1428
631,219,850
826,871,1697
549,483,1032
825,390,1215
169,150,319
890,161,1051
417,267,684
388,300,688
847,657,1504
156,595,751
892,778,1670
849,121,970
69,897,966
277,757,1034
239,534,773
509,394,903
425,202,627
309,938,1247
942,580,1522
951,930,1881
827,491,1318
467,115,582
368,390,758
890,316,1206
997,185,1182
957,823,1780
657,656,1313
165,140,305
855,577,1432
299,914,1213
990,55,1045
941,393,1334
769,664,1433
599,560,1159
700,138,838
665,527,1192
928,39,967
88,833,921
752,764,1516
745,247,992
556,285,841
381,390,771
916,521,1437
189,894,1083
380,677,1057
306,646,952
115,767,882
416,58,474
12,594,606
42,783,825
816,714,1530
539,225,764
496,315,811
843,697,1540
689,184,873
336,260,596
677,628,1305
958,911,1869
135,719,854
404,864,1268
204,385,589
546,418,964
35,868,903
944,773,1717
505,404,909
829,686,1515
648,257,905
372,834,1206
76,14,90
664,286,950
279,221,500
906,231,1137
558,432,990
151,302,453
311,429,740
258,457,715
142,122,264
835,359,1194
928,691,1619
878,222,1100
579,492,1071
523,251,774
711,555,1266
814,679,1493
159,170,329
203,66,269
726,930,1656
809,812,1621
371,944,1315
294,185,479
481,854,1335
585,279,864
337,910,1247
453,57,510
101,206,307
176,851,1027
299,925,1224
91,842,933
630,215,845
221,895,1116
289,653,942
580,167,747
744,32,776
708,639,1347
830,227,1057
87,720,807
165,689,854
704,155,859
21,26,47
819,159,978
932,107,1039
26,964,990
9,972,981
542,595,1137
800,928,1728
682,421,1103
596,374,970
215,810,1025
380,603,983
753,358,1111
205,822,1027
81,734,815
122,522,644
473,358,831
360,544,904
585,763,1348
239,87,326
264,240,504
704,169,873
728,282,1010
285,32,317
982,481,1463
696,269,965
971,506,1477
271,599,870
368,637,1005
268,879,1147
863,409,1272
154,321,475
820,101,921
661,767,1428
715,477,1192
106,299,405
641,437,1078
400,523,923
27,105,132
864,176,1040
829,974,1803
857,707,1564
691,446,1137
665,136,801
555,79,634
812,786,1598
708,351,1059
339,222,561
362,488,850
847,191,1038
120,603,723
480,887,1367
945,400,1345
561,685,1246
918,362,1280
608,603,1211
141,98,239
143,494,637
823,909,1732
55,646,701
401,703,1104
873,306,1179
216,139,355
530,906,1436
999,79,1078
746,418,1164
623,389,1012
569,523,1092
103,786,889
91,789,880
856,121,977
749,88,837
470,265,735
138,554,692
567,879,1446
568,879,1447
920,186,1106
546,560,1106
132,666,798
875,192,1067
103,910,1013
568,497,1065
542,362,904
219,237,456
141,642,783
341,358,699
721,488,1209
754,669,1423
675,556,1231
534,638,1172
40,142,182
369,231,600
737,62,799
794,989,1783
421,534,955
451,83,534
119,761,880
609,252,861
533,315,848
636,458,1094
235,591,826
241,152,393
734,842,1576
862,102,964
967,527,1494
1000,376,1376
416,925,1341
375,338,713
741,343,1084
878,819,1697
569,66,635
520,721,1241
226,841,1067
505,344,849
37,676,713
606,331,937
545,493,1038
857,576,1433
224,488,712
856,60,916
340,864,1204
505,149,654
884,750,1634
48,838,886
701,774,1475
157,556,713
103,162,265
338,18,356
512,598,1110
585,192,777
981,541,1522
820,39,859
930,264,1194
464,410,874
392,332,724
365,42,407
49,172,221
679,189,868
8,349,357
585,781,1366
81,969,1050
377,566,943
351,422,773
506,83,589
393,902,1295
65,833,898
647,636,1283
1,488,489
960,403,1363
133,61,194
587,698,1285
434,656,1090
768,136,904
908,395,1303
368,280,648
94,208,302
872,189,1061
355,389,744
726,584,1310
289,221,510
647,899,1546
254,309,563
926,790,1716
340,229,569
198,566,764
789,946,1735
193,560,753
586,788,1374
640,410,1050
994,519,1513
896,637,1533
723,877,1600
169,626,795
498,972,1470
447,362,809
223,513,736
118,272,390
662,483,1145
697,662,1359
142,390,532
764,219,983
11,784,795
59,293,352
604,519,1123
483,709,1192
480,305,785
728,95,823
418,941,1359
152,949,1101
854,428,1282
37,592,629
166,748,914
553,777,1330
199,87,286
739,184,923
277,538,815
618,644,1262
942,248,1190
910,55,965
519,195,714
940,625,1565
631,859,1490
955,938,1893
751,157,908
652,548,1200
991,20,1011
985,849,1834
992,616,1608
630,834,1464
949,404,1353
593,557,1150
888,72,960
277,293,570
977,854,1831
542,287,829
932,116,1048
706,47,753
609,68,677
326,510,836
463,649,1112
425,188,613
606,689,1295
220,48,268
582,28,610
139,970,1109
914,941,1855
840,684,1524
233,312,545
727,495,1222
122,538,660
935,317,1252
256,24,280
601,164,765
866,662,1528
967,675,1642
478,686,1164
490,800,1290
782,711,1493
802,996,1798
199,105,304
794,33,827
533,976,1509
877,62,939
105,259,364
80,132,212
522,494,1016
104,870,974
210,811,1021
150,71,221
108,12,120
112,725,837
944,712,1656
183,1,184
385,941,1326
431,818,1249
344,869,1213
77,801,878
88,880,968
845,416,1261
784,879,1663
961,864,1825
613,19,632
64,13,77
196,171,367
114,867,981
569,613,1182
893,440,1333
372,548,920
278,818,1096
633,591,1224
804,495,1299
856,982,1838
541,243,784
585,927,1512
508,939,1447
465,533,998
852,844,1696
103,470,573
893,604,1497
936,70,1006
933,348,1281
322,342,664
445,396,841
277,813,1090
564,792,1356
552,995,1547
484,137,621
440,683,1123
811,285,1096
507,991,1498
199,260,459
715,907,1622
376,846,1222
386,286,672
635,244,879
332,370,702
581,551,1132
905,400,1305
601,811,1412
309,789,1098
593,914,1507
623,757,1380
978,647,1625
203,862,1065
940,174,1114
240,939,1179
122,175,297
692,728,1420
911,687,1598
555,792,1347
115,587,702
628,489,1117
509,863,1372
631,503,1134
61,44,105
602,525,1127
347,185,532
427,231,658
940,363,1303
960,150,1110
789,418,1207
248,377,625
390,109,499
174,700,874
398,573,971
33,806,839
363,70,433
32,734,766
858,647,1505
522,786,1308
231,835,1066
662,47,709
687,804,1491
945,928,1873
742,549,1291
381,263,644
141,750,891
476,145,621
491,169,660
476,989,1465
275,80,355
870,184,1054
804,151,955
223,979,1202
593,923,1516
291,921,1212
735,127,862
544,869,1413
896,87,983
765,710,1475
698,770,1468
230,579,809
191,811,1002
755,906,1661
48,581,629
65,863,928
369,774,1143
464,518,982
376,978,1354
740,675,1415
167,299,466
549,378,927
605,733,1338
31,38,69
334,983,1317
48,140,188
608,664,1272
93,319,412
779,153,932
224,198,422
436,311,747
895,714,1609
318,572,890
887,229,1116
372,94,466
322,117,439
652,47,699
708,392,1100
165,294,459
612,209,821
26,947,973
38,885,923
315,325,640
667,996,1663
322,394,716
82,534,616
407,202,609
775,818,1593
629,730,1359
254,90,344
819,880,1699
108,406,514
242,63,305
536,992,1528
678,509,1187
995,343,1338
684,584,1268
300,955,1255
675,954,1629
954,929,1883
646,329,975
670,652,1322
341,516,857
310,257,567
832,626,1458
683,491,1174
722,956,1678
734,593,1327
561,846,1407
254,552,806
736,604,1340
461,71,532
931,628,1559
734,202,936
567,867,1434
578,600,1178
35,131,166
409,788,1197
36,133,169
576,961,1537
237,231,468
219,682,901
34,801,835
116,452,568
381,803,1184
908,557,1465
940,334,1274
486,29,515
723,436,1159
784,561,1345
581,927,1508
312,775,1087
49,878,927
207,862,1069
561,74,635
692,31,723
658,792,1450
50,987,1037
95,935,1030
773,451,1224
953,142,1095
372,660,1032
946,867,1813
281,678,959
249,588,837
83,947,1030
646,625,1271
739,157,896
596,454,1050
792,202,994
408,223,631
909,152,1061
460,965,1425
907,622,1529
45,947,992
891,815,1706
210,172,382
18,746,764
760,981,1741
848,319,1167
462,742,1204
791,616,1407
601,331,932
353,116,469
367,723,1090
72,716,788
663,10,673
160,300,460
197,917,1114
613,175,788
64,656,720
730,716,1446
607,988,1595
876,751,1627
722,597,1319
415,918,1333
522,992,1514
1,623,624
619,430,1049
122,805,927
407,245,652
200,156,356
43,32,75
264,153,417
494,664,1158
20,412,432
667,156,823
662,884,1546
835,724,1559
907,525,1432
808,308,1116
35,656,691
850,365,1215
711,588,1299
170,721,891
511,553,1064
49,482,531
944,84,1028
897,502,1399
233,838,1071
150,537,687
688,857,1545
505,399,904
818,970,1788
881,945,1826
202,272,474
81,797,878
556,954,1510
449,94,543
739,190,929
166,893,1059
34,259,293
605,851,1456
393,194,587
949,283,1232
18,715,733
621,995,1616
983,285,1268
277,351,628
60,329,389
557,326,883
579,88,667
224,548,772
100,125,225
298,849,1147
927,8,935
377,470,847
251,0,251
744,570,1314
22,8,30
816,354,1170
546,194,740
711,809,1520
111,97,208
338,697,1035
360,695,1055
81,448,529
154,290,444
162,862,1024
960,37,997
905,406,1311
454,526,980
463,79,542
233,754,987
493,167,660
270,812,1082
854,798,1652
258,979,1237
307,848,1155
978,794,1772
531,507,1038
158,826,984
950,650,1600
153,381,534
368,552,920
344,530,874
806,383,1189
127,230,357
851,942,1793
346,83,429
308,727,1035
847,372,1219
735,721,1456
405,695,1100
85,395,480
910,193,1103
515,937,1452
196,96,292
355,693,1048
17,97,114
174,369,543
578,34,612
498,955,1453
365,782,1147
487,639,1126
713,923,1636
317,941,1258
466,739,1205
199,378,577
139,702,841
600,704,1304
24,539,563
547,732,1279
450,304,754
16,745,761
86,503,589
829,218,1047
605,678,1283
566,812,1378
476,269,745
763,82,845
40,524,564
327,159,486
387,302,689
170,605,775
129,326,455
919,219,1138
983,763,1746
90,674,764
483,462,945
781,643,1424
122,196,318
341,352,693
566,896,1462
509,566,1075
475,963,1438
655,188,843
928,419,1347
764,765,1529
585,598,1183
317,238,555
204,991,1195
799,849,1648
157,333,490
329,293,622
596,729,1325
223,210,433
670,415,1085
298,563,861
457,669,1126
641,455,1096
773,594,1367
78,729,807
134,565,699
32,655,687
334,276,610
873,743,1616
591,217,808
854,227,1081
285,150,435
412,145,557
442,375,817
289,971,1260
663,168,831
432,885,1317
693,461,1154
3,925,928
33,821,854
582,339,921
441,290,731
489,767,1256
464,917,1381
909,99,1008
843,641,1484
21,326,347
790,191,981
394,252,646
321,794,1115
127,552,679
801,785,1586
763,887,1650
333,140,473
403,746,1149
142,511,653
137,703,840
480,87,567
338,868,1206
769,470,1239
463,281,744
187,755,942
69,862,931
741,199,940
966,271,1237
272,622,894
484,540,1024
744,692,1436
59,132,191
92,46,138
656,516,1172
768,421,1189
427,128,555
437,384,821
29,950,979
554,637,1191
779,635,1414
396,329,725
295,956,1251
912,848,1760
462,687,1149
393,873,1266
438,669,1107
958,588,1546
859,238,1097
779,104,883
849,548,1397
62,130,192
855,478,1333
458,564,1022
545,418,963
575,823,1398
829,672,1501
681,20,701
862,938,1800
726,931,1657
657,394,1051
496,779,1275
110,542,652
274,595,869
763,937,1700
723,511,1234
153,935,1088
555,127,682
597,84,681
462,237,699
986,790,1776
539,330,869
932,464,1396
150,608,758
723,866,1589
976,642,1618
273,546,819
778,537,1315
353,7,360
610,168,778
706,309,1015
876,349,1225
557,830,1387
991,615,1606
253,639,892
587,355,942
827,227,1054
713,856,1569
849,982,1831
502,12,514
366,130,496
881,787,1668
76,610,686
780,318,1098
106,984,1090
262,350,612
79,462,541
262,702,964
542,40,582
372,108,480
964,865,1829
426,882,1308
247,617,864
479,878,1357
141,64,205
641,911,1552
174,312,486
356,252,608
939,85,1024
246,430,676
199,633,832
656,720,1376
773,122,895
911,542,1453
252,552,804
103,175,278
546,911,1457
287,521,808
225,634,859
198,587,785
757,718,1475
998,770,1768
834,919,1753
809,732,1541
523,274,797
365,159,524
257,407,664
537,456,993
972,448,1420
578,874,1452
910,841,1751
259,224,483
643,793,1436
927,343,1270
976,0,976
18,428,446
377,48,425
335,914,1249
144,188,332
173,421,594
951,993,1944
419,917,1336
742,420,1162
247,969,1216
684,105,789
310,695,1005
760,175,935
540,610,1150
900,599,1499
128,808,936
773,700,1473
248,671,919
74,951,1025
852,679,1531
941,12,953
850,6,856
801,508,1309
494,496,990
819,672,1491
906,890,1796
714,521,1235
773,548,1321
279,212,491
569,668,1237
533,64,597
285,953,1238
612,925,1537
756,536,1292
400,752,1152
23,12,35
802,730,1532
74,37,111
502,508,1010
75,711,786
605,878,1483
248,279,527
699,247,946
18,985,1003
441,234,675
932,955,1887
533,284,817
420,95,515
733,711,1444
713,182,895
883,205,1088
808,769,1577
986,860,1846
341,557,898
842,932,1774
473,415,888
666,928,1594
191,764,955
997,451,1448
290,540,830
741,812,1553
773,803,1576
330,137,467
816,668,1484
979,750,1729
505,876,1381
738,150,888
45,332,377
6,509,515
256,118,374
651,917,1568
497,238,735
512,625,1137
659,470,1129
352,673,1025
675,555,1230
499,908,1407
769,235,1004
44,171,215
275,824,1099
997,54,1051
897,217,1114
850,588,1438
418,427,845
400,529,929
992,269,1261
502,788,1290
492,764,1256
378,85,463
720,958,1678
146,72,218
959,436,1395
319,405,724
462,108,570
150,795,945
734,196,930
190,279,469
69,887,956
281,290,571
301,292,593
113,106,219
696,831,1527
508,776,1284
61,610,671
397,357,754
524,58,582
297,829,1126
667,495,1162
332,288,620
522,737,1259
459,327,786
245,87,332
545,402,947
613,298,911
401,294,695
178,139,317
98,774,872
949,378,1327
588,924,1512
488,861,1349
492,855,1347
973,273,1246
170,803,973
446,290,736
905,340,1245
201,870,1071
216,949,1165
568,843,1411
997,168,1165
597,505,1102
600,466,1066
658,594,1252
753,815,1568
494,154,648
643,79,722
124,464,588
473,943,1416
521,161,682
129,733,862
777,716,1493
181,193,374
488,581,1069
787,844,1631
86,594,680
173,400,573
912,912,1824
440,963,1403
664,859,1523
473,763,1236
123,370,493
662,207,869
726,662,1388
249,986,1235
473,318,791
212,806,1018
471,791,1262
53,710,763
645,792,1437
474,442,916
360,893,1253
881,700,1581
997,712,1709
720,749,1469
287,938,1225
650,668,1318
230,810,1040
202,929,1131
132,287,419
408,227,635
853,263,1116
649,643,1292
308,660,968
909,541,1450
346,257,603
888,335,1223
401,756,1157
703,240,943
227,695,922
533,292,825
280,535,815
963,24,987
249,762,1011
458,754,1212
474,576,1050
458,956,1414
421,500,921
328,243,571
297,120,417
125,840,965
980,592,1572
143,654,797
553,851,1404
916,140,1056
378,847,1225
588,979,1567
109,928,1037
110,263,373
831,156,987
790,891,1681
285,251,536
362,401,763
924,388,1312
939,543,1482
277,952,1229
829,964,1793
727,233,960
14,88,102
98,714,812
919,463,1382
727,270,997
517,719,1236
1000,718,1718
227,658,885
490,514,1004
725,753,1478
248,731,979
897,293,1190
417,974,1391
271,643,914
494,249,743
107,990,1097
157,136,293
560,289,849
236,592,828
137,593,730
68,925,993
769,228,997
2,760,762
926,123,1049
296,184,480
227,45,272
902,677,1579
193,706,899
997,993,1990
45,181,226
374,994,1368
763,92,855
690,198,888
536,154,690
214,436,650
806,219,1025
158,364,522
399,553,952
919,837,1756
347,265,612
961,561,1522
632,98,730
680,503,1183
45,397,442
722,867,1589
839,28,867
659,584,1243
689,908,1597
539,489,1028
435,841,1276
716,4,720
448,756,1204
784,989,1773
890,663,1553
784,128,912
490,352,842
863,715,1578
0,843,843
140,634,774
114,64,178
29,50,79
24,915,939
114,946,1060
256,483,739
439,969,1408
303,329,632
770,130,900
752,387,1139
767,694,1461
566,316,882
154,36,190
498,195,693
970,998,1968
103,498,601
21,322,343
737,565,1302
921,248,1169
11,333,344
619,28,647
602,594,1196
591,927,1518
360,510,870
62,504,566
91,433,524
734,955,1689
422,123,545
854,910,1764
488,358,846
391,781,1172
155,474,629
909,914,1823
761,108,869
440,152,592
150,160,310
606,583,1189
806,634,1440
786,517,1303
945,14,959
732,527,1259
184,203,387
179,24,203
248,614,862
439,787,1226
674,107,781
533,550,1083
504,838,1342
254,740,994
84,14,98
95,723,818
288,243,531
331,253,584
693,737,1430
435,715,1150
321,19,340
518,855,1373
291,221,512
416,857,1273
512,265,777
102,580,682
666,110,776
869,999,1868
800,195,995
364,816,1180
352,194,546
477,109,586
272,727,999
710,994,1704
777,468,1245
455,219,674
667,902,1569
525,652,1177
566,26,592
186,938,1124
556,173,729
385,127,512
493,996,1489
832,70,902
44,5,49
134,926,1060
57,890,947
824,535,1359
151,993,1144
423,383,806
918,65,983
905,669,1574
790,644,1434
88,471,559
549,937,1486
895,468,1363
673,430,1103
587,854,1441
370,898,1268
489,193,682
172,818,990
414,753,1167
532,500,1032
960,462,1422
183,186,369
981,973,1954
226,306,532
620,102,722
455,859,1314
839,238,1077
490,941,1431
426,274,700
588,307,895
429,415,844
731,266,997
629,233,862
710,571,1281
135,169,304
705,568,1273
31,620,651
534,780,1314
742,901,1643
737,359,1096
814,327,1141
673,201,874
402,600,1002
0,701,701
251,351,602
153,40,193
281,164,445
692,581,1273
206,248,454
423,828,1251
474,745,1219
340,834,1174
784,112,896
439,532,971
823,457,1280
699,980,1679
883,18,901
502,295,797
150,629,779
91,533,624
687,789,1476
512,524,1036
353,460,813
384,40,424
315,471,786
535,730,1265
460,82,542
341,419,760
733,354,1087
881,50,931
486,860,1346
993,407,1400
839,439,1278
4,488,492
707,115,822
416,341,757
57,150,207
286,340,626
172,57,229
732,325,1057
878,460,1338
663,275,938
969,432,1401
37,944,981
547,253,800
339,692,1031
971,529,1500
822,3,825
803,350,1153
565,744,1309
759,794,1553
325,619,944
683,856,1539
851,197,1048
54,371,425
644,300,944
494,543,1037
526,226,752
414,639,1053
192,770,962
360,814,1174
230,844,1074
323,347,670
608,524,1132
989,249,1238
94,145,239
703,467,1170
178,116,294
714,228,942
83,16,99
160,802,962
302,874,1176
340,139,479
897,736,1633
293,82,375
952,283,1235
19,764,783
48,286,334
574,827,1401
774,868,1642
847,437,1284
380,100,480
368,615,983
310,371,681
191,664,855
180,380,560
482,733,1215
146,450,596
349,681,1030
221,749,970
230,402,632
203,447,650
537,524,1061
798,655,1453
919,415,1334
580,260,840
552,635,1187
369,847,1216
81,764,845
671,990,1661
328,943,1271
461,480,941
382,363,745
449,854,1303
807,7,814
104,212,316
39,323,362
661,988,1649
679,227,906
517,417,934
43,892,935
223,849,1072
541,320,861
951,127,1078
266,166,432
103,814,917
979,809,1788
500,855,1355
69,589,658
563,365,928
492,609,1101
499,281,780
42,983,1025
303,402,705
867,954,1821
268,189,457
633,5,638
165,268,433
527,570,1097
610,286,896
400,827,1227
310,455,765
465,73,538
658,949,1607
532,219,751
461,824,1285
681,247,928
892,902,1794
80,123,203
402,383,785
139,952,1091
667,614,1281
90,35,125
664,618,1282
727,47,774
448,975,1423
928,5,933
762,832,1594
291,944,1235
855,734,1589
159,325,484
454,901,1355
69,870,939
918,353,1271
836,557,1393
237,848,1085
7,357,364
572,555,1127
286,334,620
739,86,825
733,496,1229
625,28,653
579,636,1215
164,670,834
78,902,980
730,944,1674
367,999,1366
979,763,1742
555,164,719
991,766,1757
652,406,1058
584,435,1019
570,211,781
44,809,853
702,648,1350
589,942,1531
395,147,542
918,412,1330
44,750,794
433,974,1407
383,178,561
776,625,1401
648,354,1002
626,844,1470
84,67,151
376,146,522
633,279,912
861,31,892
67,756,823
499,339,838
372,603,975
601,512,1113
794,256,1050
760,91,851
921,546,1467
784,529,1313
239,292,531
34,291,325
803,794,1597
724,186,910
266,759,1025
677,652,1329
120,264,384
522,234,756
177,985,1162
658,557,1215
28,515,543
106,127,233
97,712,809
68,480,548
793,954,1747
826,742,1568
92,269,361
645,912,1557
993,792,1785
712,959,1671
625,869,1494
181,39,220
760,116,876
263,405,668
406,971,1377
732,665,1397
431,680,1111
496,333,829
731,506,1237
253,182,435
870,343,1213
753,652,1405
493,395,888
903,770,1673
884,310,1194
824,540,1364
253,387,640
595,68,663
387,740,1127
140,331,471
782,956,1738
688,785,1473
73,871,944
640,949,1589
369,59,428
799,151,950
894,20,914
567,791,1358
519,365,884
566,906,1472
161,735,896
626,115,741
764,346,1110
782,795,1577
89,266,355
991,271,1262
825,892,1717
336,31,367
29,871,900
19,241,260
303,674,977
606,958,1564
865,646,1511
124,539,663
161,997,1158
614,659,1273
746,991,1737
612,370,982
23,761,784
461,6,467
110,903,1013
969,573,1542
895,333,1228
207,643,850
527,134,661
198,330,528
909,445,1354
574,798,1372
387,642,1029
941,91,1032
864,330,1194
496,977,1473
613,421,1034
78,700,778
787,171,958
299,828,1127
250,656,906
520,360,880
471,366,837
508,461,969
371,743,1114
873,926,1799
333,510,843
495,249,744
238,315,553
403,254,657
583,289,872
286,184,470
115,969,1084
572,140,712
360,809,1169
772,345,1117
489,417,906
937,831,1768
757,240,997
948,265,1213
754,683,1437
946,372,1318
439,241,680
477,611,1088
267,712,979
243,99,342
33,264,297
258,902,1160
106,210,316
277,309,586
384,642,1026
797,61,858
549,43,592
723,918,1641
653,652,1305
128,788,916
924,536,1460
628,509,1137
788,50,838
544,14,558
519,820,1339
776,124,900
706,605,1311
893,325,1218
601,878,1479
993,963,1956
942,416,1358
527,744,1271
138,572,710
815,450,1265
623,466,1089
263,273,536
506,669,1175
180,676,856
277,169,446
473,822,1295
127,107,234
828,602,1430
5,39,44
973,672,1645
699,729,1428
743,602,1345
943,933,1876
702,648,1350
335,499,834
9,47,56
101,276,377
405,135,540
582,393,975
400,656,1056
877,112,989
972,605,1577
423,217,640
588,897,1485
579,961,1540
468,176,644
477,230,707
96,110,206
1000,543,1543
186,754,940
229,633,862
46,304,350
38,825,863
545,876,1421
419,150,569
644,25,669
117,229,346
582,27,609
557,447,1004
384,125,509
501,847,1348
263,113,376
71,62,133
733,615,1348
598,380,978
30,575,605
799,656,1455
864,857,1721
519,448,967
721,903,1624
872,729,1601
825,195,1020
949,396,1345
406,136,542
770,161,931
745,172,917
711,905,1616
779,544,1323
311,782,1093
861,661,1522
895,635,1530
904,437,1341
994,861,1855
257,390,647
59,406,465
151,765,916
280,571,851
71,546,617
248,151,399
158,367,525
993,438,1431
946,791,1737
424,998,1422
346,144,490
621,173,794
538,313,851
637,643,1280
379,87,466
896,707,1603
618,324,942
125,167,292
199,437,636
467,627,1094
760,345,1105
245,687,932
703,643,1346
489,967,1456
906,305,1211
503,521,1024
229,264,493
700,804,1504
465,495,960
427,782,1209
193,359,552
751,773,1524
379,931,1310
929,43,972
582,26,608
433,979,1412
342,79,421
223,388,611
25,648,673
772,497,1269
188,523,711
751,134,885
483,753,1236
987,38,1025
266,855,1121
123,205,328
876,166,1042
650,421,1071
475,256,731
635,871,1506
58,432,490
728,278,1006
835,468,1303
75,418,493
362,502,864
618,364,982
952,130,1082
783,517,1300
656,8,664
24,43,67
265,836,1101
503,84,587
717,274,991
281,274,555
929,975,1904
555,43,598
233,216,449
204,342,546
651,487,1138
717,694,1411
844,528,1372
38,684,722
821,639,1460
188,628,816
493,266,759
188,833,1021
712,734,1446
325,68,393
632,999,1631
119,317,436
167,960,1127
260,440,700
754,386,1140
907,747,1654
936,453,1389
641,559,1200
921,204,1125
57,254,311
95,613,708
561,455,1016
279,470,749
950,958,1908
662,728,1390
454,656,1110
987,91,1078
777,899,1676
864,146,1010
905,428,1333
655,450,1105
616,934,1550
973,307,1280
486,966,1452
492,190,682
281,439,720
332,190,522
996,502,1498
510,754,1264
484,763,1247
645,443,1088
615,808,1423
434,783,1217
446,355,801
776,957,1733
208,552,760
34,360,394
911,891,1802
304,202,506
399,816,1215
126,83,209
239,76,315
918,962,1880
833,98,931
170,635,805
223,118,341
233,353,586
888,14,902
330,744,1074
202,992,1194
848,850,1698
770,710,1480
747,710,1457
184,646,830
478,846,1324
837,557,1394
635,63,698
198,16,214
256,989,1245
431,113,544
997,728,1725
577,936,1513
59,300,359
798,448,1246
229,659,888
434,381,815
827,440,1267
184,732,916
387,18,405
578,578,1156
989,651,1640
493,424,917
958,386,1344
154,617,771
106,453,559
290,59,349
513,732,1245
114,541,655
284,531,815
921,743,1664
774,69,843
707,11,718
979,246,1225
502,324,826
426,864,1290
344,773,1117
488,871,1359
555,564,1119
46,536,582
499,903,1402
493,777,1270
632,460,1092
749,442,1191
595,381,976
854,362,1216
568,884,1452
807,23,830
574,777,1351
746,278,1024
938,85,1023
883,122,1005
814,794,1608
480,210,690
321,430,751
832,408,1240
766,801,1567
941,343,1284
421,171,592
207,691,898
381,590,971
484,426,910
10,758,768
633,923,1556
732,865,1597
118,397,515
891,76,967
661,152,813
603,935,1538
68,122,190
203,456,659
448,269,717
84,387,471
223,918,1141
48,887,935
158,887,1045
257,766,1023
341,99,440
355,214,569
315,222,537
243,39,282
489,231,720
2,247,249
774,721,1495
753,697,1450
354,300,654
324,42,366
947,562,1509
777,438,1215
192,847,1039
933,578,1511
762,500,1262
152,5,157
806,141,947
680,983,1663
980,914,1894
997,123,1120
429,411,840
867,700,1567
736,211,947
419,31,450
809,861,1670
341,52,393
414,663,1077
432,131,563
123,889,1012
954,52,1006
829,397,1226
819,997,1816
676,682,1358
617,205,822
805,3,808
880,775,1655
591,765,1356
689,310,999
594,966,1560
602,728,1330
282,626,908
893,690,1583
315,169,484
29,909,938
932,717,1649
266,158,424
882,45,927
176,357,533
344,413,757
698,917,1615
815,305,1120
725,476,1201
93,425,518
333,20,353
778,476,1254
199,976,1175
437,209,646
814,932,1746
968,758,1726
968,186,1154
184,449,633
849,810,1659
864,639,1503
36,629,665
587,323,910
654,159,813
298,992,1290
808,246,1054
377,944,1321
859,345,1204
800,179,979
30,387,417
526,229,755
591,344,935
54,471,525
3,357,360
26,198,224
964,140,1104
889,67,956
746,322,1068
352,169,521
497,322,819
380,732,1112
12,393,405
730,406,1136
188,650,838
679,222,901
738,114,852
321,919,1240
842,687,1529
592,792,1384
154,529,683
998,48,1046
307,107,414
355,316,671
660,244,904
319,906,1225
85,642,727
683,871,1554
52,390,442
568,150,718
522,590,1112
643,578,1221
963,78,1041
50,871,921
940,789,1729
323,568,891
196,600,796
635,812,1447
924,842,1766
352,232,584
173,481,654
561,685,1246
577,173,750
527,478,1005
597,41,638
158,703,861
10,51,61
239,477,716
51,763,814
854,826,1680
461,975,1436
959,287,1246
185,534,719
37,797,834
18,177,195
586,874,1460
305,45,350
930,779,1709
660,145,805
522,275,797
65,356,421
434,335,769
393,326,719
934,898,1832
697,456,1153
540,675,1215
347,571,918
939,591,1530
727,181,908
198,900,1098
669,141,810
8,979,987
475,97,572
61,351,412
935,203,1138
353,506,859
271,417,688
457,902,1359
350,376,726
460,179,639
300,744,1044
349,659,1008
121,786,907
854,763,1617
586,346,932
283,977,1260
672,548,1220
393,433,826
826,991,1817
6,507,513
255,867,1122
271,172,443
591,938,1529
6,371,377
228,488,716
711,569,1280
886,467,1353
175,930,1105
58,47,105
725,567,1292
354,807,1161
55,80,135
738,249,987
310,971,1281
170,103,273
849,270,1119
379,193,572
299,661,960
238,724,962
126,706,832
170,474,644
271,188,459
69,813,882
633,332,965
148,393,541
25,792,817
915,779,1694
215,984,1199
410,914,1324
712,226,938
457,30,487
641,764,1405
758,532,1290
615,179,794
880,950,1830
424,653,1077
741,86,827
870,57,927
761,85,846
698,312,1010
1,386,387
882,451,1333
907,96,1003
308,719,1027
726,564,1290
723,421,1144
158,313,471
82,776,858
992,916,1908
393,131,524
2,303,305
750,153,903
672,907,1579
552,765,1317
549,369,918
703,952,1655
925,150,1075
649,561,1210
336,176,512
310,250,560
236,418,654
69,845,914
560,161,721
263,680,943
867,552,1419
58,633,691
934,441,1375
387,102,489
103,423,526
721,892,1613
665,610,1275
18,982,1000
1000,168,1168
203,501,704
508,162,670
21,788,809
30,906,936
675,2,677
392,495,887
736,547,1283
915,115,1030
787,151,938
805,591,1396
801,305,1106
253,237,490
463,30,493
497,283,780
958,846,1804
759,798,1557
470,49,519
529,886,1415
140,891,1031
929,801,1730
649,126,775
349,820,1169
102,708,810
127,484,611
354,813,1167
122,262,384
175,706,881
108,65,173
754,479,1233
579,121,700
137,267,404
647,372,1019
934,118,1052
119,919,1038
784,344,1128
588,179,767
212,526,738
10,853,863
668,429,1097
135,148,283
713,392,1105
297,828,1125
394,898,1292
197,624,821
720,266,986
480,676,1156
298,558,856
655,264,919
656,538,1194
465,669,1134
844,849,1693
847,511,1358
539,177,716
328,332,660
862,859,1721
872,729,1601
105,977,1082
997,111,1108
903,753,1656
85,666,751
725,705,1430
623,968,1591
663,710,1373
330,568,898
841,980,1821
953,55,1008
963,984,1947
369,848,1217
774,618,1392
253,591,844
389,101,490
747,861,1608
570,252,822
185,915,1100
406,973,1379
611,454,1065
243,872,1115
706,998,1704
249,688,937
854,519,1373
534,7,541
117,930,1047
939,98,1037
422,146,568
306,963,1269
682,152,834
356,856,1212
340,836,1176
37,305,342
835,792,1627
208,78,286
105,165,270
527,239,766
980,169,1149
53,568,621
403,302,705
364,925,1289
508,749,1257
422,229,651
932,462,1394
1,443,444
896,633,1529
607,613,1220
83,261,344
475,668,1143
156,245,401
617,37,654
44,628,672
510,958,1468
394,825,1219
197,934,1131
678,802,1480
428,204,632
850,643,1493
6,629,635
364,846,1210
300,779,1079
704,656,1360
348,855,1203
16,746,762
465,49,514
376,54,430
188,682,870
941,929,1870
563,479,1042
100,173,273
601,89,690
748,637,1385
990,334,1324
33,422,455
27,826,853
793,549,1342
31,429,460
14,533,547
88,405,493
170,454,624
56,210,266
892,408,1300
565,105,670
938,526,1464
528,609,1137
597,757,1354
514,528,1042
54,176,230
848,543,1391
369,452,821
303,380,683
209,806,1015
518,182,700
308,148,456
723,467,1190
967,763,1730
586,805,1391
95,217,312
49,116,165
499,995,1494
828,830,1658
95,982,1077
668,397,1065
715,957,1672
444,6,450
998,224,1222
118,238,356
696,887,1583
750,722,1472
164,197,361
151,176,327
910,810,1720
110,766,876
385,740,1125
520,118,638
310,298,608
616,888,1504
319,543,862
249,223,472
958,366,1324
470,498,968
612,897,1509
79,612,691
663,836,1499
531,11,542
631,74,705
144,599,743
653,704,1357
818,386,1204
906,650,1556
646,438,1084
692,722,1414
507,387,894
969,199,1168
757,684,1441
217,292,509
14,51,65
269,760,1029
992,484,1476
584,606,1190
257,250,507
620,650,1270
33,123,156
646,492,1138
891,753,1644
98,511,609
912,868,1780
489,121,610
850,552,1402
643,959,1602
875,907,1782
781,155,936
615,171,786
227,82,309
681,574,1255
985,180,1165
802,72,874
638,315,953
85,392,477
568,597,1165
694,442,1136
158,552,710
421,398,819
240,730,970
954,42,996
903,602,1505
242,835,1077
933,328,1261
674,753,1427
203,843,1046
65,542,607
100,759,859
391,624,1015
925,403,1328
451,108,559
128,848,976
264,867,1131
164,965,1129
703,223,926
674,854,1528
619,768,1387
177,280,457
285,157,442
29,62,91
403,92,495
729,256,985
864,371,1235
418,501,919
107,57,164
379,866,1245
695,655,1350
945,513,1458
687,424,1111
857,718,1575
934,564,1498
324,822,1146
820,355,1175
886,657,1543
397,166,563
456,883,1339
296,163,459
669,254,923
177,63,240
740,818,1558
893,414,1307
141,517,658
214,781,995
999,64,1063
195,548,743
475,715,1190
259,947,1206
411,798,1209
928,519,1447
979,496,1475
571,753,1324
545,139,684
683,403,1086
547,424,971
529,571,1100
925,454,1379
431,135,566
438,317,755
643,660,1303
909,58,967
361,972,1333
1000,318,1318
632,232,864
899,809,1708
120,229,349
995,779,1774
954,285,1239
877,94,971
87,567,654
751,586,1337
787,516,1303
581,584,1165
913,686,1599
373,597,970
307,328,635
524,758,1282
32,92,124
2,622,624
230,934,1164
851,134,985
393,941,1334
762,89,851
907,915,1822
161,714,875
264,242,506
165,755,920
573,413,986
109,875,984
445,125,570
911,692,1603
399,74,473
502,793,1295
455,551,1006
728,186,914
84,371,455
320,691,1011
862,248,1110
984,649,1633
743,30,773
642,329,971
329,616,945
413,704,1117
925,89,1014
767,171,938
222,708,930
609,911,1520
191,218,409
222,637,859
267,166,433
174,517,691
931,710,1641
515,912,1427
785,453,1238
996,569,1565
527,116,643
787,855,1642
973,579,1552
231,842,1073
187,601,788
942,488,1430
185,772,957
452,344,796
236,959,1195
552,284,836
522,939,1461
954,357,1311
828,238,1066
614,400,1014
545,806,1351
783,785,1568
932,254,1186
629,258,887
340,765,1105
955,742,1697
388,468,856
436,833,1269
896,675,1571
619,494,1113
572,621,1193
112,725,837
309,129,438
826,820,1646
178,207,385
226,182,408
564,612,1176
114,599,713
139,784,923
354,236,590
128,767,895
489,218,707
192,572,764
887,432,1319
484,42,526
560,666,1226
588,939,1527
434,17,451
10,14,24
859,449,1308
235,1000,1235
51,720,771
343,393,736
227,40,267
360,968,1328
174,253,427
203,940,1143
709,298,1007
574,922,1496
671,242,913
631,45,676
278,668,946
134,369,503
122,361,483
440,620,1060
370,838,1208
633,532,1165
884,297,1181
113,551,664
377,382,759
881,414,1295
616,338,954
136,77,213
595,819,1414
687,419,1106
206,661,867
474,753,1227
979,976,1955
55,313,368
526,178,704
549,367,916
794,838,1632
324,212,536
989,993,1982
96,930,1026
169,915,1084
174,37,211
490,484,974
2,262,264
304,766,1070
300,901,1201
571,21,592
251,356,607
582,312,894
574,48,622
569,317,886
998,808,1806
731,876,1607
244,826,1070
706,418,1124
292,74,366
858,403,1261
303,523,826
573,564,1137
48,990,1038
747,10,757
713,358,1071
595,200,795
725,723,1448
370,979,1349
221,446,667
455,657,1112
598,695,1293
611,671,1282
402,265,667
745,534,1279
893,153,1046
958,706,1664
481,646,1127
736,226,962
262,315,577
342,681,1023
785,21,806
67,858,925
690,368,1058
633,205,838
174,230,404
314,668,982
550,227,777
817,570,1387
173,128,301
993,629,1622
476,491,967
579,35,614
485,406,891
933,49,982
128,905,1033
125,133,258
631,181,812
209,29,238
340,702,1042
348,61,409
735,258,993
309,93,402
948,11,959
697,660,1357
965,685,1650
261,541,802
338,643,981
738,201,939
578,33,611
322,944,1266
191,720,911
216,464,680
574,19,593
348,346,694
688,519,1207
514,886,1400
534,483,1017
599,116,715
557,943,1500
647,765,1412
659,52,711
898,248,1146
993,279,1272
129,802,931
198,56,254
591,16,607
48,227,275
390,67,457
575,201,776
974,90,1064
653,670,1323
306,886,1192
999,895,1894
285,127,412
341,980,1321
442,167,609
782,89,871
613,516,1129
168,624,792
2,17,19
214,716,930
742,427,1169
471,159,630
244,630,874
826,23,849
969,889,1858
981,850,1831
206,176,382
757,568,1325
157,183,340
563,142,705
46,766,812
372,935,1307
684,759,1443
250,701,951
976,801,1777
457,228,685
377,437,814
745,850,1595
413,473,886
141,179,320
168,994,1162
148,939,1087
438,731,1169
141,804,945
365,448,813
977,153,1130
878,98,976
68,179,247
838,528,1366
949,742,1691
574,815,1389
335,628,963
214,578,792
358,303,661
440,82,522
433,540,973
202,361,563
942,77,1019
810,658,1468
343,74,417
947,255,1202
74,683,757
160,705,865
425,217,642
664,9,673
461,154,615
228,491,719
431,704,1135
464,798,1262
887,446,1333
700,720,1420
230,385,615
910,535,1445
144,921,1065
993,427,1420
54,860,914
56,212,268
114,661,775
308,176,484
980,163,1143
958,718,1676
7,214,221
200,422,622
403,955,1358
722,97,819
378,956,1334
810,431,1241
207,148,355
929,676,1605
718,871,1589
3,769,772
762,139,901
533,802,1335
834,919,1753
972,212,1184
715,373,1088
188,572,760
72,407,479
194,107,301
771,347,1118
479,325,804
766,166,932
750,460,1210
871,271,1142
748,58,806
299,457,756
455,809,1264
868,973,1841
515,845,1360
338,155,493
862,541,1403
88,597,685
3,594,597
16,434,450
450,134,584
292,473,765
984,132,1116
970,845,1815
903,408,1311
829,852,1681
798,313,1111
298,556,854
845,359,1204
621,523,1144
842,359,1201
630,717,1347
982,751,1733
568,102,670
886,139,1025
552,177,729
509,378,887
390,369,759
731,313,1044
917,23,940
609,443,1052
275,207,482
627,632,1259
364,336,700
907,980,1887
385,355,740
295,276,571
773,906,1679
816,117,933
872,667,1539
761,260,1021
208,953,1161
653,35,688
680,620,1300
705,338,1043
381,925,1306
482,68,550
667,118,785
872,694,1566
746,638,1384
509,893,1402
317,411,728
992,939,1931
189,43,232
870,37,907
236,534,770
952,569,1521
719,147,866
474,507,981
755,416,1171
475,71,546
324,885,1209
618,113,731
503,914,1417
334,587,921
508,784,1292
968,972,1940
102,295,397
746,395,1141
640,360,1000
97,734,831
382,575,957
550,396,946
925,125,1050
611,414,1025
814,971,1785
373,207,580
502,105,607
310,777,1087
748,489,1237
181,146,327
439,445,884
42,38,80
752,637,1389
600,491,1091
561,609,1170
981,336,1317
907,836,1743
485,201,686
686,147,833
381,580,961
264,270,534
142,98,240
825,143,968
392,220,612
152,803,955
150,712,862
975,399,1374
495,289,784
51,643,694
494,780,1274
191,497,688
494,794,1288
342,10,352
111,765,876
858,154,1012
648,243,891
193,384,577
479,421,900
194,122,316
673,136,809
785,237,1022
685,250,935
681,205,886
194,469,663
308,649,957
17,537,554
418,803,1221
66,157,223
772,236,1008
240,19,259
961,770,1731
950,465,1415
283,436,719
822,392,1214
925,36,961
127,753,880
249,306,555
282,966,1248
189,877,1066
63,678,741
999,842,1841
544,899,1443
555,106,661
829,702,1531
117,607,724
998,414,1412
408,234,642
814,864,1678
7,535,542
775,265,1040
12,757,769
826,744,1570
237,466,703
27,326,353
816,574,1390
366,221,587
47,703,750
264,840,1104
825,558,1383
20,226,246
705,296,1001
390,461,851
677,243,920
940,207,1147
793,333,1126
233,586,819
19,135,154
182,879,1061
598,371,969
151,609,760
523,413,936
986,372,1358
298,419,717
951,640,1591
337,2,339
47,651,698
658,682,1340
96,586,682
638,153,791
163,465,628
839,167,1006
398,206,604
815,273,1088
492,340,832
348,310,658
357,876,1233
693,749,1442
700,493,1193
41,934,975
278,823,1101
790,893,1683
681,241,922
922,811,1733
691,199,890
188,165,353
554,211,765
965,354,1319
91,247,338
130,179,309
700,165,865
306,939,1245
230,821,1051
95,321,416
606,919,1525
605,855,1460
36,290,326
335,848,1183
835,484,1319
954,929,1883
882,131,1013
391,724,1115
735,975,1710
904,686,1590
956,3,959
974,779,1753
528,194,722
52,860,912
866,460,1326
552,419,971
915,711,1626
693,431,1124
680,620,1300
606,864,1470
854,116,970
435,668,1103
249,32,281
947,865,1812
105,909,1014
502,376,878
488,359,847
568,187,755
840,218,1058
856,132,988
594,244,838
152,965,1117
224,723,947
630,921,1551
31,107,138
319,607,926
581,373,954
739,564,1303
870,93,963
87,900,987
307,857,1164
781,667,1448
314,256,570
709,262,971
862,986,1848
570,123,693
252,13,265
278,332,610
273,648,921
985,750,1735
995,673,1668
350,146,496
471,215,686
752,806,1558
217,564,781
982,632,1614
388,363,751
278,661,939
365,241,606
753,616,1369
384,183,567
429,234,663
580,570,1150
54,45,99
202,466,668
163,39,202
389,494,883
726,829,1555
525,372,897
905,781,1686
290,245,535
17,743,760
44,926,970
430,124,554
24,947,971
596,121,717
718,562,1280
115,428,543
316,84,400
902,546,1448
721,933,1654
374,500,874
581,701,1282
30,52,82
223,967,1190
714,112,826
99,240,339
88,81,169
60,930,990
731,835,1566
542,188,730
163,524,687
976,890,1866
348,68,416
987,945,1932
342,906,1248
72,896,968
642,982,1624
724,209,933
53,789,842
422,848,1270
347,687,1034
81,981,1062
334,237,571
813,804,1617
272,763,1035
157,75,232
591,493,1084
607,653,1260
573,735,1308
843,791,1634
443,819,1262
662,581,1243
614,747,1361
56,962,1018
394,262,656
1,855,856
598,528,1126
481,678,1159
38,528,566
889,855,1744
492,62,554
427,82,509
400,955,1355
890,859,1749
271,598,869
648,225,873
463,410,873
407,613,1020
902,956,1858
519,772,1291
209,401,610
709,690,1399
715,559,1274
453,638,1091
207,565,772
571,745,1316
794,879,1673
511,459,970
715,442,1157
451,848,1299
441,281,722
240,33,273
357,501,858
965,513,1478
609,161,770
763,734,1497
385,826,1211
284,459,743
792,638,1430
769,117,886
358,575,933
852,647,1499
921,470,1391
942,703,1645
685,499,1184
530,401,931
144,450,594
234,179,413
1000,707,1707
175,390,565
245,359,604
406,104,510
660,230,890
922,972,1894
468,829,1297
431,783,1214
446,153,599
178,826,1004
568,345,913
285,803,1088
643,329,972
142,813,955
22,255,277
530,779,1309
844,377,1221
982,653,1635
101,721,822
991,506,1497
246,309,555
707,605,1312
127,997,1124
448,505,953
596,613,1209
369,28,397
41,176,217
737,349,1086
324,121,445
564,260,824
752,509,1261
890,744,1634
996,729,1725
722,624,1346
243,882,1125
152,762,914
754,997,1751
632,699,1331
493,874,1367
4,23,27
714,894,1608
984,38,1022
873,26,899
569,635,1204
311,738,1049
918,975,1893
515,854,1369
878,278,1156
207,742,949
92,124,216
263,535,798
160,183,343
634,350,984
812,492,1304
1000,428,1428
233,689,922
92,1000,1092
771,257,1028
893,232,1125
880,718,1598
240,7,247
810,924,1734
468,648,1116
342,264,606
61,840,901
568,182,750
639,343,982
847,939,1786
535,362,897
71,733,804
43,49,92
701,667,1368
125,373,498
376,439,815
943,365,1308
654,126,780
97,982,1079
422,671,1093
455,561,1016
473,938,1411
63,563,626
902,318,1220
942,852,1794
330,826,1156
90,297,387
730,542,1272
784,825,1609
449,636,1085
253,771,1024
955,535,1490
93,349,442
53,912,965
105,116,221
934,242,1176
386,382,768
1000,969,1969
589,544,1133
380,591,971
803,730,1533
895,18,913
622,601,1223
640,347,987
958,130,1088
287,862,1149
598,269,867
448,620,1068
21,695,716
382,186,568
950,948,1898
969,501,1470
711,455,1166
454,10,464
434,898,1332
284,850,1134
199,715,914
664,923,1587
816,235,1051
243,362,605
198,877,1075
206,119,325
282,207,489
560,813,1373
324,329,653
956,416,1372
595,259,854
316,606,922
453,954,1407
827,551,1378
562,90,652
721,734,1455
458,409,867
872,828,1700
499,410,909
850,578,1428
240,43,283
542,9,551
447,213,660
151,681,832
426,196,622
934,469,1403
17,564,581
370,777,1147
148,407,555
130,497,627
492,200,692
694,215,909
875,170,1045
799,0,799
814,66,880
147,679,826
644,296,940
219,821,1040
241,520,761
459,986,1445
819,907,1726
898,769,1667
729,500,1229
939,102,1041
238,391,629
728,520,1248
365,191,556
32,400,432
640,775,1415
73,664,737
533,701,1234
729,363,1092
646,501,1147
25,798,823
585,81,666
498,3,501
159,972,1131
770,315,1085
572,300,872
800,60,860
162,467,629
893,397,1290
47,834,881
469,592,1061
110,799,909
31,467,498
289,759,1048
460,505,965
276,236,512
976,829,1805
957,749,1706
597,975,1572
327,714,1041
709,807,1516
811,221,1032
51,318,369
395,734,1129
839,293,1132
101,648,749
633,892,1525
144,849,993
607,122,729
412,910,1322
470,624,1094
163,460,623
530,998,1528
153,441,594
353,178,531
110,314,424
316,716,1032
927,204,1131
591,538,1129
891,537,1428
188,675,863
479,854,1333
470,202,672
742,372,1114
482,389,871
138,770,908
40,112,152
245,964,1209
92,492,584
337,19,356
585,593,1178
959,910,1869
504,472,976
158,727,885
621,221,842
804,618,1422
733,109,842
487,989,1476
869,541,1410
404,631,1035
677,983,1660
739,847,1586
354,701,1055
823,666,1489
290,930,1220
599,58,657
355,916,1271
735,630,1365
370,683,1053
78,451,529
322,397,719
256,122,378
840,379,1219
763,731,1494
622,882,1504
270,978,1248
299,480,779
188,518,706
789,981,1770
787,847,1634
866,889,1755
638,343,981
83,48,131
976,593,1569
968,990,1958
728,936,1664
213,530,743
451,193,644
661,638,1299
49,428,477
788,479,1267
502,588,1090
270,451,721
823,5,828
927,59,986
467,602,1069
405,647,1052
895,126,1021
998,307,1305
2,152,154
289,540,829
216,799,1015
980,676,1656
744,276,1020
184,381,565
659,228,887
353,441,794
284,719,1003
272,462,734
701,200,901
68,567,635
436,813,1249
881,227,1108
343,960,1303
17,483,500
284,311,595
793,0,793
61,733,794
320,569,889
584,228,812
973,786,1759
218,818,1036
976,953,1929
9,480,489
973,769,1742
465,473,938
532,505,1037
519,161,680
713,228,941
598,643,1241
809,373,1182
894,250,1144
365,821,1186
130,898,1028
927,363,1290
585,663,1248
975,18,993
11,556,567
423,456,879
195,198,393
182,357,539
975,496,1471
289,643,932
214,583,797
420,788,1208
281,349,630
104,622,726
239,477,716
813,992,1805
92,49,141
5,950,955
203,17,220
389,106,495
33,235,268
283,920,1203
556,993,1549
512,182,694
672,397,1069
192,259,451
555,982,1537
363,390,753
217,763,980
324,453,777
50,795,845
706,429,1135
178,715,893
28,754,782
957,239,1196
350,289,639
520,119,639
966,200,1166
821,598,1419
68,595,663
61,96,157
147,330,477
540,695,1235
154,983,1137
501,838,1339
937,220,1157
974,755,1729
926,195,1121
30,918,948
620,512,1132
538,746,1284
624,948,1572
413,65,478
574,121,695
279,532,811
386,709,1095
662,37,699
467,611,1078
47,13,60
995,891,1886
267,374,641
826,789,1615
111,400,511
594,296,890
836,761,1597
597,855,1452
688,386,1074
89,627,716
963,492,1455
906,175,1081
422,549,971
755,93,848
700,441,1141
758,85,843
960,539,1499
230,738,968
397,182,579
435,941,1376
409,972,1381
110,624,734
640,918,1558
9,858,867
553,796,1349
760,404,1164
860,754,1614
662,926,1588
592,737,1329
32,790,822
356,909,1265
537,294,831
457,600,1057
194,392,586
132,538,670
199,852,1051
867,70,937
801,952,1753
651,773,1424
714,713,1427
704,643,1347
33,967,1000
660,55,715
18,18,36
382,879,1261
500,633,1133
555,314,869
327,333,660
539,211,750
641,79,720
724,342,1066
200,851,1051
35,615,650
253,298,551
745,312,1057
345,78,423
132,203,335
317,817,1134
781,349,1130
869,657,1526
347,349,696
470,966,1436
549,132,681
32,388,420
681,448,1129
333,243,576
379,547,926
308,359,667
479,654,1133
544,368,912
764,576,1340
926,778,1704
153,108,261
600,271,871
649,3,652
111,395,506
365,906,1271
365,984,1349
700,910,1610
583,841,1424
222,367,589
595,689,1284
558,749,1307
532,871,1403
562,674,1236
791,368,1159
572,456,1028
759,686,1445
481,289,770
956,763,1719
896,678,1574
416,819,1235
405,563,968
631,557,1188
506,236,742
73,996,1069
80,349,429
932,873,1805
580,139,719
460,407,867
835,348,1183
754,289,1043
104,498,602
852,67,919
426,370,796
717,292,1009
363,957,1320
311,673,984
576,345,921
416,804,1220
889,674,1563
681,371,1052
883,835,1718
960,390,1350
81,531,612
911,498,1409
205,561,766
955,877,1832
499,391,890
515,107,622
168,883,1051
938,242,1180
644,984,1628
671,226,897
696,404,1100
247,861,1108
239,267,506
276,802,1078
414,222,636
27,475,502
24,441,465
206,213,419
216,646,862
446,813,1259
185,697,882
560,712,1272
292,424,716
128,378,506
192,315,507
455,265,720
966,757,1723
553,782,1335
222,356,578
24,127,151
249,382,631
213,460,673
492,369,861
653,411,1064
242,144,386
899,867,1766
130,600,730
298,562,860
649,856,1505
871,713,1584
867,76,943
771,302,1073
351,8,359
53,604,657
992,225,1217
977,584,1561
106,222,328
939,444,1383
428,577,1005
633,631,1264
137,267,404
654,765,1419
683,479,1162
756,546,1302
164,561,725
618,425,1043
77,108,185
845,230,1075
14,30,44
563,86,649
743,626,1369
734,777,1511
48,775,823
645,267,912
446,814,1260
824,936,1760
512,898,1410
65,594,659
467,228,695
321,667,988
714,463,1177
116,94,210
524,826,1350
202,294,496
839,986,1825
172,277,449
119,569,688
548,58,606
209,507,716
642,489,1131
250,599,849
705,235,940
115,568,683
993,720,1713
78,113,191
754,419,1173
498,206,704
566,837,1403
171,68,239
191,174,365
214,579,793
53,152,205
602,36,638
317,912,1229
269,430,699
507,664,1171
678,479,1157
703,852,1555
257,664,921
194,370,564
481,507,988
214,25,239
173,496,669
720,472,1192
351,394,745
840,54,894
177,826,1003
400,407,807
192,782,974
512,527,1039
861,810,1671
577,829,1406
300,744,1044
999,19,1018
982,155,1137
637,82,719
175,544,719
858,420,1278
252,29,281
401,35,436
838,799,1637
327,398,725
169,688,857
237,65,302
935,596,1531
219,681,900
248,497,745
7,674,681
942,896,1838
393,723,1116
426,270,696
815,398,1213
348,737,1085
153,924,1077
339,103,442
664,819,1483
151,998,1149
94,715,809
668,470,1138
570,415,985
992,367,1359
592,908,1500
237,370,607
441,546,987
669,915,1584
812,811,1623
733,925,1658
455,594,1049
400,183,583
564,670,1234
172,207,379
233,872,1105
684,552,1236
212,1,213
370,688,1058
579,740,1319
260,705,965
261,603,864
745,786,1531
500,593,1093
539,813,1352
560,843,1403
568,712,1280
731,640,1371
463,877,1340
596,203,799
90,400,490
490,720,1210
858,308,1166
60,833,893
276,568,844
648,311,959
280,287,567
799,428,1227
229,600,829
437,950,1387
748,847,1595
839,911,1750
686,8,694
400,41,441
241,591,832
998,832,1830
394,949,1343
558,731,1289
248,222,470
24,334,358
20,266,286
838,895,1733
830,873,1703
119,622,741
429,350,779
115,199,314
651,798,1449
863,539,1402
980,446,1426
973,742,1715
632,21,653
232,422,654
912,759,1671
225,358,583
620,928,1548
52,813,865
692,918,1610
934,347,1281
656,991,1647
496,272,768
208,809,1017
968,327,1295
311,772,1083
277,608,885
729,996,1725
147,168,315
681,702,1383
797,642,1439
526,892,1418
990,740,1730
196,964,1160
249,71,320
433,804,1237
853,135,988
363,483,846
263,612,875
777,107,884
588,202,790
901,509,1410
621,713,1334
0,801,801
950,280,1230
841,835,1676
427,383,810
649,478,1127
128,806,934
53,210,263
288,708,996
556,282,838
747,808,1555
727,241,968
311,956,1267
457,122,579
915,596,1511
731,518,1249
527,785,1312
876,887,1763
210,307,517
884,91,975
911,578,1489
7,344,351
888,115,1003
82,640,722
490,492,982
616,903,1519
337,844,1181
991,166,1157
618,550,1168
284,566,850
220,805,1025
472,761,1233
747,216,963
498,888,1386
390,320,710
189,745,934
789,744,1533
371,39,410
784,84,868
991,500,1491
863,358,1221
101,856,957
386,880,1266
812,473,1285
742,920,1662
213,213,426
648,931,1579
741,545,1286
347,43,390
213,505,718
52,584,636
114,780,894
786,666,1452
997,148,1145
91,83,174
351,138,489
989,830,1819
447,665,1112
355,230,585
991,130,1121
802,560,1362
634,500,1134
944,781,1725
443,784,1227
285,225,510
310,522,832
894,804,1698
253,778,1031
374,531,905
660,363,1023
58,316,374
611,876,1487
87,389,476
272,272,544
157,33,190
638,277,915
730,959,1689
364,135,499
379,594,973
684,695,1379
855,471,1326
14,942,956
766,201,967
94,726,820
984,770,1754
320,148,468
875,656,1531
391,879,1270
735,540,1275
872,606,1478
106,329,435
45,127,172
539,957,1496
734,907,1641
703,15,718
520,960,1480
873,159,1032
745,568,1313
345,37,382
842,696,1538
32,467,499
13,959,972
881,942,1823
821,161,982
794,167,961
176,293,469
554,8,562
795,27,822
633,407,1040
73,907,980
409,190,599
34,62,96
187,9,196
548,45,593
45,260,305
158,741,899
430,416,846
258,83,341
267,335,602
927,407,1334
140,141,281
744,172,916
230,561,791
928,736,1664
848,211,1059
768,117,885
265,453,718
511,942,1453
969,434,1403
724,193,917
804,924,1728
972,360,1332
173,560,733
517,354,871
443,73,516
517,163,680
311,340,651
881,608,1489
591,846,1437
356,561,917
202,63,265
195,925,1120
840,925,1765
674,205,879
815,37,852
739,74,813
649,306,955
69,392,461
217,913,1130
538,671,1209
879,850,1729
391,110,501
900,29,929
456,19,475
57,737,794
705,507,1212
800,576,1376
594,74,668
456,807,1263
43,356,399
737,446,1183
591,412,1003
775,642,1417
598,101,699
377,303,680
620,823,1443
926,311,1237
610,201,811
375,302,677
0,141,141
603,740,1343
490,230,720
419,584,1003
998,604,1602
876,299,1175
217,293,510
113,4,117
594,320,914
550,361,911
999,90,1089
423,506,929
253,607,860
28,166,194
572,167,739
255,179,434
151,266,417
60,769,829
114,982,1096
666,671,1337
397,509,906
152,589,741
970,979,1949
175,767,942
824,258,1082
350,713,1063
235,8,243
364,214,578
425,568,993
584,6,590
871,65,936
543,505,1048
996,244,1240
794,560,1354
579,598,1177
20,164,184
553,481,1034
214,80,294
142,5,147
503,849,1352
214,848,1062
406,193,599
419,0,419
216,339,555
264,16,280
958,25,983
409,580,989
763,981,1744
437,860,1297
826,492,1318
628,307,935
439,834,1273
361,718,1079
957,175,1132
771,32,803
985,731,1716
520,191,711
338,748,1086
759,618,1377
677,996,1673
170,675,845
163,621,784
610,385,995
782,304,1086
436,95,531
135,559,694
896,177,1073
630,557,1187
907,424,1331
537,25,562
802,916,1718
599,278,877
183,1000,1183
565,559,1124
900,2,902
983,410,1393
152,989,1141
607,419,1026
575,512,1087
434,885,1319
334,551,885
233,457,690
41,787,828
592,780,1372
29,357,386
335,629,964
354,997,1351
212,272,484
383,106,489
468,876,1344
141,77,218
814,480,1294
419,26,445
812,288,1100
565,946,1511
858,326,1184
836,690,1526
825,767,1592
867,328,1195
339,728,1067
538,848,1386
51,492,543
746,78,824
350,387,737
799,210,1009
21,85,106
306,164,470
259,405,664
754,862,1616
911,992,1903
921,119,1040
700,545,1245
458,487,945
546,590,1136
808,743,1551
843,657,1500
943,603,1546
632,796,1428
457,824,1281
294,90,384
607,818,1425
987,246,1233
142,858,1000
910,960,1870
980,495,1475
107,259,366
942,609,1551
432,554,986
737,198,935
908,740,1648
757,29,786
598,308,906
987,91,1078
591,560,1151
711,826,1537
928,926,1854
271,576,847
922,211,1133
663,256,919
444,865,1309
99,717,816
330,304,634
118,517,635
386,789,1175
568,341,909
587,473,1060
522,260,782
798,89,887
524,360,884
841,670,1511
846,176,1022
798,878,1676
770,565,1335
617,475,1092
395,257,652
305,298,603
579,960,1539
8,67,75
157,228,385
132,867,999
994,155,1149
340,770,1110
610,348,958
991,700,1691
611,183,794
261,893,1154
620,278,898
352,471,823
239,385,624
221,634,855
745,434,1179
908,950,1858
599,613,1212
906,318,1224
699,938,1637
740,644,1384
724,118,842
854,894,1748
12,117,129
255,190,445
121,903,1024
590,4,594
212,833,1045
851,588,1439
704,751,1455
502,772,1274
958,458,1416
860,570,1430
185,242,427
93,459,552
160,756,916
476,348,824
491,502,993
559,477,1036
260,984,1244
601,704,1305
642,695,1337
24,654,678
338,54,392
457,387,844
332,949,1281
567,25,592
490,485,975
816,568,1384
891,155,1046
533,922,1455
494,184,678
807,77,884
728,47,775
243,368,611
17,490,507
728,952,1680
825,96,921
795,295,1090
332,399,731
831,253,1084
315,28,343
989,899,1888
922,509,1431
765,874,1639
455,245,700
500,830,1330
804,103,907
800,663,1463
332,439,771
793,621,1414
39,783,822
605,396,1001
174,715,889
927,928,1855
554,570,1124
503,234,737
725,989,1714
890,191,1081
160,779,939
182,20,202
676,203,879
398,405,803
859,582,1441
439,787,1226
698,711,1409
871,769,1640
993,492,1485
850,607,1457
487,406,893
675,173,848
193,622,815
876,487,1363
479,204,683
588,274,862
755,684,1439
27,766,793
842,856,1698
673,517,1190
628,281,909
657,76,733
248,446,694
843,433,1276
871,992,1863
529,781,1310
915,254,1169
136,502,638
393,334,727
565,741,1306
245,856,1101
484,684,1168
59,343,402
845,95,940
890,603,1493
17,817,834
358,742,1100
113,827,940
279,994,1273
442,351,793
697,427,1124
28,585,613
102,0,102
45,417,462
283,182,465
44,57,101
552,346,898
154,713,867
963,483,1446
20,479,499
213,481,694
385,872,1257
714,256,970
97,319,416
296,183,479
768,865,1633
627,760,1387
207,348,555
93,857,950
109,507,616
851,516,1367
815,69,884
573,992,1565
423,298,721
265,183,448
656,723,1379
724,760,1484
184,405,589
900,884,1784
844,823,1667
141,662,803
352,601,953
97,33,130
810,486,1296
880,80,960
887,286,1173
752,848,1600
761,653,1414
453,280,733
425,23,448
489,293,782
564,804,1368
857,514,1371
266,967,1233
598,699,1297
294,418,712
602,779,1381
197,248,445
638,73,711
467,642,1109
444,984,1428
592,407,999
465,175,640
394,147,541
749,658,1407
353,680,1033
85,760,845
29,990,1019
619,688,1307
393,719,1112
275,892,1167
734,935,1669
896,197,1093
267,756,1023
80,553,633
741,967,1708
924,132,1056
933,816,1749
607,439,1046
604,482,1086
618,565,1183
101,577,678
740,319,1059
235,54,289
241,137,378
594,130,724
427,643,1070
114,439,553
758,917,1675
767,838,1605
727,749,1476
825,401,1226
569,127,696
22,978,1000
650,429,1079
747,923,1670
580,325,905
215,610,825
990,17,1007
664,835,1499
286,197,483
599,654,1253
299,899,1198
24,512,536
659,330,989
899,965,1864
149,450,599
370,34,404
716,304,1020
267,110,377
206,840,1046
853,537,1390
66,706,772
610,483,1093
466,454,920
704,366,1070
109,67,176
681,208,889
669,619,1288
286,722,1008
115,550,665
410,754,1164
421,578,999
894,925,1819
770,964,1734
499,786,1285
551,316,867
697,749,1446
936,270,1206
566,413,979
315,906,1221
979,320,1299
217,949,1166
989,94,1083
638,273,911
424,857,1281
85,50,135
323,112,435
673,722,1395
25,982,1007
839,317,1156
393,510,903
92,146,238
859,87,946
875,564,1439
999,876,1875
180,508,688
685,835,1520
50,600,650
399,587,986
74,403,477
93,268,361
159,395,554
246,187,433
178,663,841
39,783,822
257,345,602
518,707,1225
954,153,1107
64,404,468
324,403,727
773,103,876
377,970,1347
852,393,1245
860,592,1452
843,183,1026
577,854,1431
594,739,1333
2,123,125
610,85,695
432,363,795
530,999,1529
409,911,1320
698,576,1274
201,361,562
734,847,1581
292,907,1199
737,653,1390
808,720,1528
370,145,515
618,525,1143
83,636,719
636,958,1594
13,999,1012
415,369,784
670,954,1624
113,654,767
962,206,1168
285,927,1212
671,505,1176
124,304,428
501,208,709
935,790,1725
837,755,1592
616,60,676
988,267,1255
827,145,972
918,755,1673
464,767,1231
820,524,1344
153,616,769
366,949,1315
186,0,186
431,424,855
46,79,125
964,534,1498
367,298,665
846,637,1483
797,359,1156
381,647,1028
121,375,496
901,383,1284
29,933,962
794,293,1087
303,464,767
214,455,669
179,563,742
1000,507,1507
56,373,429
431,757,1188
245,519,764
348,557,905
40,484,524
702,165,867
323,300,623
720,928,1648
766,423,1189
738,387,1125
699,111,810
318,902,1220
925,630,1555
454,560,1014
387,53,440
122,332,454
32,987,1019
762,0,762
591,469,1060
435,443,878
552,616,1168
380,1000,1380
999,853,1852
19,261,280
961,830,1791
849,331,1180
971,678,1649
77,736,813
450,466,916
617,663,1280
942,917,1859
777,927,1704
706,707,1413
87,363,450
581,495,1076
192,965,1157
714,843,1557
761,228,989
9,611,620
784,807,1591
784,428,1212
82,278,360
675,875,1550
485,325,810
920,26,946
449,25,474
285,222,507
401,269,670
822,501,1323
337,393,730
281,859,1140
197,140,337
690,949,1639
695,34,729
805,416,1221
89,774,863
690,966,1656
73,863,936
1000,30,1030
410,304,714
259,399,658
961,627,1588
309,515,824
830,571,1401
748,735,1483
361,709,1070
427,395,822
989,894,1883
482,944,1426
515,130,645
150,768,918
178,14,192
798,917,1715
38,200,238
835,797,1632
375,539,914
687,923,1610
48,823,871
942,639,1581
368,276,644
437,104,541
974,272,1246
643,259,902
406,981,1387
144,795,939
791,146,937
854,203,1057
736,287,1023
108,510,618
145,394,539
963,904,1867
799,861,1660
668,736,1404
826,735,1561
578,408,986
154,369,523
428,132,560
42,140,182
416,121,537
731,443,1174
542,517,1059
368,95,463
451,130,581
234,331,565
739,530,1269
241,228,469
914,968,1882
366,817,1183
183,988,1171
764,649,1413
993,6,999
226,363,589
161,678,839
580,389,969
75,434,509
751,415,1166
689,416,1105
466,759,1225
701,466,1167
489,77,566
385,228,613
557,823,1380
845,254,1099
140,970,1110
456,919,1375
769,507,1276
921,221,1142
661,472,1133
319,747,1066
627,400,1027
384,162,546
762,465,1227
81,835,916
119,727,846
56,703,759
499,891,1390
265,773,1038
120,303,423
825,946,1771
754,368,1122
270,997,1267
623,154,777
950,572,1522
955,643,1598
607,805,1412
113,190,303
678,661,1339
796,161,957
124,985,1109
363,1000,1363
452,803,1255
468,359,827
665,100,765
655,655,1310
27,146,173
604,250,854
195,967,1162
127,529,656
255,261,516
412,891,1303
343,680,1023
238,732,970
738,175,913
85,207,292
614,166,780
250,285,535
227,968,1195
612,372,984
384,971,1355
529,906,1435
244,876,1120
782,959,1741
887,846,1733
900,99,999
130,307,437
543,922,1465
190,38,228
594,874,1468
79,898,977
333,56,389
796,314,1110
799,921,1720
781,198,979
856,374,1230
53,197,250
140,338,478
850,472,1322
189,876,1065
645,852,1497
869,846,1715
600,973,1573
700,578,1278
500,739,1239
706,889,1595
281,161,442
616,229,845
738,992,1730
586,468,1054
398,83,481
472,577,1049
545,434,979
397,472,869
3,360,363
279,57,336
549,4,553
162,700,862
180,207,387
675,160,835
425,258,683
854,819,1673
365,708,1073
81,941,1022
783,312,1095
518,824,1342
654,113,767
561,391,952
84,734,818
824,2,826
86,304,390
22,488,510
88,339,427
890,732,1622
581,358,939
617,757,1374
556,874,1430
772,794,1566
411,156,567
535,507,1042
414,20,434
175,749,924
930,743,1673
50,8,58
636,445,1081
548,717,1265
432,566,998
247,662,909
295,307,602
980,560,1540
8,777,785
736,196,932
541,465,1006
731,240,971
56,621,677
43,856,899
555,1,556
928,455,1383
66,211,277
622,684,1306
578,446,1024
748,660,1408
673,321,994
605,679,1284
772,926,1698
300,645,945
283,931,1214
916,786,1702
472,125,597
812,608,1420
214,859,1073
771,67,838
498,521,1019
130,413,543
716,191,907
339,611,950
456,342,798
614,477,1091
582,853,1435
874,900,1774
619,291,910
530,313,843
931,906,1837
729,28,757
307,287,594
24,447,471
823,921,1744
199,220,419
198,647,845
909,607,1516
334,453,787
536,382,918
733,236,969
14,715,729
998,532,1530
375,359,734
582,976,1558
370,857,1227
922,532,1454
520,363,883
328,218,546
514,219,733
47,244,291
413,547,960
498,954,1452
118,887,1005
716,837,1553
65,57,122
112,642,754
10,597,607
900,786,1686
658,571,1229
316,692,1008
343,754,1097
201,759,960
935,468,1403
840,70,910
472,425,897
588,845,1433
510,999,1509
232,814,1046
705,10,715
443,691,1134
255,732,987
256,34,290
815,265,1080
586,950,1536
742,317,1059
363,894,1257
159,801,960
687,907,1594
734,192,926
47,404,451
504,851,1355
338,770,1108
95,758,853
381,592,973
744,523,1267
765,806,1571
756,384,1140
315,742,1057
199,449,648
690,842,1532
626,490,1116
579,72,651
428,510,938
244,304,548
777,301,1078
991,791,1782
27,366,393
62,962,1024
175,573,748
296,599,895
566,465,1031
129,953,1082
444,792,1236
554,850,1404
46,645,691
127,975,1102
44,420,464
769,288,1057
312,827,1139
557,475,1032
397,894,1291
939,866,1805
845,138,983
666,923,1589
834,254,1088
913,314,1227
459,272,731
856,888,1744
355,887,1242
110,808,918
727,875,1602
462,58,520
338,141,479
537,908,1445
146,408,554
634,938,1572
115,389,504
638,504,1142
663,302,965
709,978,1687
522,731,1253
874,5,879
346,357,703
312,856,1168
567,370,937
3,261,264
364,796,1160
654,525,1179
412,564,976
532,911,1443
307,449,756
667,372,1039
900,567,1467
796,649,1445
46,206,252
485,408,893
723,892,1615
16,734,750
625,747,1372
344,178,522
881,447,1328
648,908,1556
554,268,822
579,921,1500
760,905,1665
64,845,909
243,156,399
925,745,1670
323,92,415
368,529,897
452,732,1184
967,475,1442
214,814,1028
802,612,1414
928,287,1215
64,126,190
673,947,1620
520,937,1457
773,262,1035
598,118,716
513,800,1313
302,551,853
599,505,1104
461,838,1299
98,356,454
609,431,1040
850,203,1053
185,840,1025
158,816,974
397,247,644
864,720,1584
805,833,1638
974,971,1945
282,86,368
707,341,1048
970,216,1186
529,665,1194
404,907,1311
417,690,1107
843,217,1060
232,183,415
274,455,729
553,762,1315
323,258,581
697,306,1003
413,883,1296
908,920,1828
119,728,847
760,386,1146
875,476,1351
572,259,831
478,266,744
397,330,727
575,629,1204
862,970,1832
438,289,727
218,635,853
578,95,673
952,244,1196
891,379,1270
576,863,1439
905,79,984
598,943,1541
233,552,785
903,963,1866
341,988,1329
382,984,1366
533,555,1088
129,624,753
937,152,1089
656,482,1138
139,35,174
300,246,546
324,656,980
119,853,972
997,728,1725
759,875,1634
576,842,1418
244,509,753
497,745,1242
311,252,563
83,597,680
981,359,1340
84,876,960
230,736,966
39,312,351
351,431,782
866,796,1662
78,696,774
941,611,1552
443,531,974
525,502,1027
112,655,767
681,901,1582
123,629,752
694,345,1039
936,620,1556
638,566,1204
129,235,364
334,192,526
858,933,1791
832,963,1795
224,772,996
288,41,329
386,98,484
168,228,396
450,374,824
833,457,1290
689,648,1337
196,356,552
429,40,469
448,560,1008
949,403,1352
538,724,1262
793,819,1612
452,324,776
755,352,1107
180,467,647
90,956,1046
462,721,1183
552,128,680
112,421,533
884,536,1420
37,391,428
439,228,667
1000,261,1261
259,612,871
950,998,1948
292,58,350
361,20,381
917,466,1383
42,560,602
648,721,1369
744,911,1655
384,646,1030
667,854,1521
685,597,1282
778,879,1657
500,492,992
733,284,1017
238,14,252
345,329,674
62,347,409
727,651,1378
231,110,341
561,487,1048
519,189,708
288,553,841
827,37,864
460,96,556
581,92,673
369,340,709
704,731,1435
721,990,1711
601,84,685
846,395,1241
68,642,710
12,323,335
542,601,1143
119,579,698
126,714,840
661,167,828
689,52,741
0,258,258
744,578,1322
566,678,1244
467,229,696
518,262,780
567,27,594
275,92,367
422,825,1247
830,381,1211
480,813,1293
488,211,699
13,833,846
824,789,1613
315,525,840
433,125,558
827,62,889
667,930,1597
869,387,1256
641,782,1423
337,374,711
622,759,1381
797,605,1402
762,36,798
680,184,864
488,59,547
943,191,1134
369,799,1168
379,261,640
981,987,1968
675,508,1183
76,216,292
524,432,956
6,791,797
866,336,1202
676,719,1395
66,311,377
771,934,1705
597,473,1070
963,419,1382
994,391,1385
963,356,1319
67,708,775
145,817,962
921,533,1454
986,733,1719
441,127,568
394,676,1070
838,164,1002
407,727,1134
186,239,425
916,329,1245
560,192,752
539,312,851
292,418,710
692,585,1277
417,265,682
900,349,1249
216,132,348
718,271,989
360,871,1231
27,627,654
33,753,786
67,282,349
865,279,1144
883,20,903
218,198,416
962,516,1478
298,392,690
340,685,1025
60,705,765
382,393,775
719,530,1249
558,282,840
158,739,897
71,986,1057
345,53,398
126,377,503
39,714,753
336,434,770
105,941,1046
479,647,1126
307,97,404
858,114,972
936,910,1846
981,629,1610
75,1000,1075
305,999,1304
469,260,729
632,30,662
166,330,496
456,69,525
732,68,800
615,919,1534
773,206,979
195,723,918
999,903,1902
86,766,852
155,911,1066
224,569,793
892,466,1358
796,857,1653
630,560,1190
961,363,1324
231,706,937
686,269,955
21,910,931
832,427,1259
742,715,1457
456,890,1346
2,85,87
836,669,1505
730,909,1639
549,431,980
668,673,1341
700,132,832
664,280,944
697,536,1233
30,926,956
491,184,675
608,438,1046
614,516,1130
80,104,184
556,10,566
868,842,1710
284,507,791
907,693,1600
792,686,1478
94,42,136
415,245,660
268,388,656
282,740,1022
855,269,1124
168,17,185
688,732,1420
739,163,902
273,100,373
845,19,864
159,771,930
23,119,142
620,118,738
794,333,1127
413,759,1172
978,548,1526
943,673,1616
822,320,1142
405,467,872
978,980,1958
352,87,439
655,887,1542
101,668,769
498,691,1189
143,107,250
250,2,252
128,870,998
898,712,1610
576,400,976
357,76,433
628,783,1411
172,525,697
625,853,1478
406,533,939
851,102,953
808,94,902
651,55,706
58,248,306
449,709,1158
187,995,1182
719,271,990
768,737,1505
844,864,1708
891,19,910
126,446,572
17,808,825
827,974,1801
318,193,511
736,846,1582
326,884,1210
722,767,1489
101,476,577
149,152,301
688,607,1295
878,250,1128
701,464,1165
720,413,1133
965,64,1029
260,285,545
60,895,955
923,584,1507
611,839,1450
791,913,1704
595,298,893
133,777,910
468,910,1378
730,722,1452
248,891,1139
735,303,1038
246,558,804
26,727,753
825,110,935
189,827,1016
874,674,1548
84,978,1062
748,825,1573
245,31,276
1,537,538
123,478,601
929,606,1535
305,732,1037
511,993,1504
632,912,1544
300,757,1057
887,695,1582
135,10,145
90,403,493
364,457,821
194,52,246
434,756,1190
704,881,1585
597,31,628
696,918,1614
676,517,1193
557,798,1355
243,289,532
974,523,1497
735,52,787
278,255,533
873,877,1750
54,385,439
866,473,1339
243,260,503
674,903,1577
707,723,1430
407,458,865
958,572,1530
392,305,697
441,22,463
589,991,1580
763,224,987
839,806,1645
711,89,800
3,470,473
181,94,275
10,571,581
251,896,1147
568,446,1014
910,263,1173
120,184,304
701,692,1393
817,590,1407
9,415,424
716,915,1631
925,815,1740
609,485,1094
313,627,940
328,624,952
729,934,1663
2,799,801
460,725,1185
784,562,1346
985,435,1420
400,801,1201
646,656,1302
342,540,882
819,360,1179
795,612,1407
392,51,443
648,902,1550
881,538,1419
845,757,1602
90,203,293
392,735,1127
174,182,356
391,570,961
684,163,847
7,507,514
655,315,970
75,323,398
527,908,1435
182,830,1012
34,469,503
53,86,139
442,861,1303
217,108,325
636,100,736
877,435,1312
664,19,683
633,729,1362
846,483,1329
322,498,820
569,639,1208
374,107,481
750,357,1107
931,892,1823
513,662,1175
309,928,1237
726,202,928
732,299,1031
432,989,1421
869,750,1619
529,914,1443
777,541,1318
151,2,153
626,434,1060
142,650,792
260,581,841
524,663,1187
695,733,1428
768,735,1503
621,335,956
518,410,928
615,264,879
870,353,1223
502,700,1202
464,339,803
181,387,568
321,298,619
499,670,1169
273,400,673
829,328,1157
124,232,356
625,691,1316
298,405,703
353,878,1231
536,231,767
972,366,1338
175,964,1139
731,514,1245
266,959,1225
792,542,1334
295,418,713
888,355,1243
375,100,475
83,7,90
464,426,890
865,9,874
337,194,531
495,31,526
433,294,727
121,691,812
726,26,752
179,671,850
844,722,1566
826,288,1114
771,962,1733
441,498,939
321,588,909
733,736,1469
340,218,558
23,832,855
641,945,1586
622,769,1391
962,257,1219
393,189,582
186,246,432
964,689,1653
960,486,1446
168,973,1141
412,637,1049
998,638,1636
109,406,515
959,300,1259
249,806,1055
550,541,1091
455,336,791
469,422,891
973,143,1116
931,669,1600
726,540,1266
853,546,1399
142,148,290
454,527,981
446,26,472
664,989,1653
205,609,814
640,353,993
309,855,1164
31,977,1008
108,533,641
239,994,1233
693,188,881
289,663,952
253,48,301
109,24,133
203,785,988
712,438,1150
575,309,884
647,970,1617
458,297,755
610,275,885
857,594,1451
598,61,659
361,672,1033
663,260,923
911,656,1567
10,392,402
948,862,1810
401,763,1164
896,514,1410
755,430,1185
882,268,1150
250,188,438
415,24,439
751,55,806
498,13,511
600,979,1579
911,592,1503
172,536,708
877,412,1289
911,313,1224
742,731,1473
910,678,1588
898,138,1036
293,972,1265
802,473,1275
28,330,358
28,173,201
165,730,895
987,262,1249
116,416,532
819,982,1801
962,624,1586
732,361,1093
896,347,1243
277,952,1229
173,546,719
230,458,688
18,268,286
940,116,1056
158,542,700
167,417,584
907,242,1149
168,306,474
441,499,940
882,312,1194
870,734,1604
544,992,1536
804,369,1173
778,489,1267
830,893,1723
833,45,878
179,924,1103
160,261,421
691,509,1200
617,282,899
790,395,1185
44,62,106
568,871,1439
749,492,1241
372,975,1347
483,358,841
893,358,1251
762,454,1216
39,944,983
246,560,806
954,601,1555
970,935,1905
615,134,749
352,841,1193
222,327,549
242,119,361
463,2,465
3,29,32
182,700,882
327,969,1296
534,527,1061
906,986,1892
371,796,1167
419,322,741
692,953,1645
700,832,1532
529,118,647
155,109,264
814,562,1376
535,348,883
940,781,1721
829,197,1026
432,329,761
342,866,1208
666,715,1381
456,117,573
440,446,886
543,611,1154
627,353,980
812,283,1095
466,372,838
798,325,1123
72,631,703
244,760,1004
486,933,1419
808,631,1439
858,61,919
753,470,1223
907,830,1737
459,208,667
974,895,1869
987,680,1667
369,615,984
799,570,1369
410,515,925
583,683,1266
586,344,930
763,459,1222
635,720,1355
925,203,1128
768,591,1359
756,433,1189
900,399,1299
490,459,949
340,894,1234
808,306,1114
120,777,897
607,433,1040
677,281,958
388,736,1124
418,541,959
732,934,1666
226,512,738
957,844,1801
194,377,571
177,962,1139
231,352,583
300,633,933
110,810,920
793,318,1111
208,989,1197
701,991,1692
933,703,1636
26,467,493
882,600,1482
349,607,956
671,605,1276
107,572,679
147,481,628
23,899,922
163,127,290
307,671,978
698,338,1036
390,487,877
187,750,937
676,379,1055
552,65,617
522,257,779
816,881,1697
72,876,948
240,149,389
193,632,825
147,466,613
434,633,1067
989,907,1896
25,678,703
595,415,1010
931,741,1672
62,36,98
950,363,1313
487,959,1446
713,113,826
184,733,917
0,738,738
370,91,461
929,504,1433
852,749,1601
634,169,803
650,218,868
887,270,1157
969,712,1681
316,807,1123
983,233,1216
814,43,857
577,987,1564
792,466,1258
610,862,1472
453,382,835
877,607,1484
198,119,317
748,597,1345
922,69,991
408,584,992
600,518,1118
178,449,627
988,893,1881
922,624,1546
913,550,1463
661,146,807
813,417,1230
28,437,465
177,415,592
471,931,1402
763,259,1022
67,977,1044
399,726,1125
814,976,1790
858,91,949
364,492,856
322,405,727
114,831,945
439,878,1317
286,284,570
301,894,1195
602,456,1058
342,239,581
531,737,1268
423,65,488
581,682,1263
901,69,970
991,792,1783
320,477,797
475,866,1341
207,449,656
492,845,1337
461,794,1255
926,573,1499
536,53,589
255,620,875
91,854,945
334,241,575
528,821,1349
557,517,1074
224,0,224
769,623,1392
848,115,963
259,121,380
586,722,1308
972,384,1356
851,354,1205
257,55,312
598,828,1426
815,541,1356
737,766,1503
868,2,870
343,41,384
865,737,1602
526,793,1319
654,753,1407
574,614,1188
289,900,1189
421,929,1350
62,937,999
953,106,1059
318,988,1306
731,223,954
333,413,746
713,21,734
809,445,1254
566,999,1565
120,164,284
695,94,789
643,881,1524
450,285,735
479,651,1130
967,403,1370
403,340,743
336,659,995
499,989,1488
296,995,1291
881,968,1849
202,760,962
354,602,956
546,746,1292
184,101,285
946,516,1462
165,22,187
805,181,986
963,60,1023
507,711,1218
817,782,1599
608,58,666
328,408,736
430,885,1315
283,260,543
476,636,1112
73,598,671
99,633,732
277,764,1041
3,945,948
37,269,306
475,356,831
608,948,1556
174,396,570
630,166,796
627,399,1026
989,687,1676
885,224,1109
249,993,1242
230,971,1201
781,805,1586
43,183,226
189,186,375
408,874,1282
753,767,1520
655,478,1133
66,770,836
545,417,962
503,470,973
936,976,1912
748,96,844
489,161,650
572,501,1073
145,225,370
519,268,787
73,855,928
480,338,818
145,705,850
170,689,859
480,610,1090
176,659,835
664,187,851
554,241,795
895,245,1140
188,668,856
218,872,1090
625,195,820
70,734,804
316,478,794
218,148,366
136,630,766
394,195,589
348,238,586
867,664,1531
669,822,1491
641,710,1351
618,24,642
282,716,998
880,272,1152
670,699,1369
716,913,1629
158,653,811
768,372,1140
303,919,1222
237,727,964
282,772,1054
292,28,320
744,673,1417
430,266,696
657,303,960
726,194,920
565,431,996
604,564,1168
352,253,605
520,174,694
732,786,1518
160,479,639
719,791,1510
23,364,387
181,39,220
436,721,1157
199,244,443
406,348,754
230,127,357
563,422,985
451,237,688
763,630,1393
774,962,1736
204,544,748
881,621,1502
599,40,639
894,669,1563
946,878,1824
124,199,323
269,306,575
197,808,1005
129,569,698
906,933,1839
991,947,1938
836,89,925
765,7,772
666,42,708
978,929,1907
727,821,1548
951,266,1217
949,710,1659
919,762,1681
255,304,559
438,92,530
858,323,1181
402,331,733
106,655,761
898,369,1267
848,607,1455
408,511,919
975,383,1358
917,74,991
803,942,1745
890,110,1000
386,791,1177
242,240,482
722,681,1403
909,216,1125
915,52,967
561,598,1159
529,800,1329
260,673,933
439,477,916
479,339,818
473,587,1060
159,207,366
207,808,1015
401,53,454
715,485,1200
974,132,1106
495,244,739
836,788,1624
625,138,763
760,668,1428
477,377,854
49,926,975
967,478,1445
64,470,534
967,671,1638
852,142,994
860,548,1408
1000,64,1064
408,346,754
489,648,1137
329,781,1110
430,345,775
135,874,1009
474,103,577
871,840,1711
865,914,1779
55,350,405
10,499,509
774,42,816
41,182,223
951,580,1531
239,261,500
650,825,1475
365,539,904
247,34,281
650,779,1429
965,548,1513
855,559,1414
285,977,1262
197,467,664
601,268,869
56,381,437
285,527,812
851,504,1355
217,750,967
210,425,635
223,915,1138
740,245,985
820,866,1686
298,695,993
271,445,716
140,842,982
226,220,446
411,684,1095
346,105,451
620,299,919
927,539,1466
89,739,828
575,171,746
783,371,1154
780,756,1536
410,622,1032
539,895,1434
167,265,432
202,718,920
701,32,733
341,163,504
1,354,355
44,476,520
47,489,536
724,938,1662
621,686,1307
386,6,392
169,920,1089
863,890,1753
178,354,532
607,719,1326
159,262,421
559,665,1224
443,623,1066
688,279,967
153,698,851
104,247,351
844,622,1466
120,192,312
523,95,618
181,454,635
90,394,484
834,87,921
253,262,515
476,105,581
756,64,820
138,198,336
170,260,430
663,140,803
333,445,778
625,746,1371
989,909,1898
505,203,708
955,697,1652
386,610,996
805,709,1514
305,251,556
926,831,1757
659,262,921
907,541,1448
13,576,589
807,747,1554
741,675,1416
162,462,624
997,622,1619
86,577,663
948,46,994
564,696,1260
380,996,1376
81,198,279
733,999,1732
403,959,1362
35,225,260
356,265,621
946,897,1843
966,726,1692
502,410,912
634,187,821
712,931,1643
887,503,1390
744,793,1537
498,213,711
214,768,982
378,680,1058
80,740,820
461,290,751
367,257,624
48,449,497
953,894,1847
144,465,609
422,910,1332
554,157,711
936,523,1459
99,729,828
51,621,672
695,458,1153
566,486,1052
174,678,852
821,493,1314
928,449,1377
8,5,13
611,603,1214
921,36,957
40,174,214
839,874,1713
502,677,1179
346,113,459
686,939,1625
408,674,1082
720,627,1347
593,812,1405
624,281,905
28,336,364
921,962,1883
692,709,1401
685,38,723
503,442,945
362,318,680
314,4,318
994,202,1196
231,166,397
281,828,1109
168,136,304
107,674,781
289,399,688
930,130,1060
779,358,1137
58,99,157
597,735,1332
915,447,1362
517,540,1057
305,142,447
106,816,922
618,262,880
428,765,1193
770,644,1414
640,851,1491
731,208,939
764,350,1114
569,390,959
268,667,935
97,101,198
605,13,618
992,750,1742
645,214,859
866,818,1684
205,109,314
496,624,1120
139,672,811
530,321,851
830,699,1529
338,617,955
451,641,1092
719,741,1460
110,969,1079
654,928,1582
139,863,1002
442,992,1434
275,296,571
510,317,827
767,89,856
888,335,1223
595,726,1321
307,20,327
867,782,1649
359,967,1326
226,323,549
230,896,1126
83,86,169
25,955,980
376,564,940
168,345,513
210,526,736
441,694,1135
255,813,1068
462,478,940
480,892,1372
201,823,1024
376,891,1267
43,267,310
868,755,1623
779,14,793
26,437,463
456,396,852
426,733,1159
582,791,1373
311,658,969
421,389,810
399,720,1119
925,498,1423
766,271,1037
116,249,365
609,717,1326
380,143,523
686,974,1660
162,347,509
964,683,1647
272,273,545
115,33,148
449,194,643
61,606,667
830,824,1654
237,185,422
341,940,1281
714,150,864
382,38,420
372,421,793
412,327,739
397,1,398
674,866,1540
821,578,1399
679,737,1416
966,782,1748
266,242,508
894,706,1600
271,574,845
1,751,752
639,688,1327
154,213,367
45,193,238
372,176,548
595,941,1536
930,333,1263
448,553,1001
786,455,1241
904,141,1045
232,804,1036
18,660,678
758,91,849
179,834,1013
529,390,919
804,119,923
422,575,997
878,447,1325
966,440,1406
440,826,1266
784,164,948
293,312,605
784,357,1141
958,77,1035
163,455,618
983,618,1601
209,988,1197
863,937,1800
397,237,634
426,92,518
780,164,944
221,939,1160
988,457,1445
570,298,868
738,716,1454
983,253,1236
842,319,1161
15,588,603
329,582,911
686,345,1031
814,480,1294
221,492,713
608,334,942
290,779,1069
527,180,707
606,420,1026
190,899,1089
440,80,520
170,188,358
939,924,1863
605,880,1485
745,307,1052
252,861,1113
67,852,919
424,26,450
201,532,733
852,203,1055
380,191,571
956,567,1523
294,356,650
829,28,857
220,369,589
765,307,1072
516,547,1063
155,459,614
16,743,759
158,196,354
246,260,506
236,772,1008
206,390,596
29,201,230
988,952,1940
346,420,766
206,619,825
823,695,1518
197,584,781
271,953,1224
150,307,457
183,171,354
943,357,1300
252,228,480
864,377,1241
0,539,539
433,497,930
286,579,865
296,577,873
813,873,1686
320,878,1198
129,654,783
690,395,1085
316,201,517
212,672,884
987,772,1759
745,989,1734
818,897,1715
686,195,881
269,801,1070
896,769,1665
565,925,1490
6,523,529
634,878,1512
41,247,288
151,445,596
618,938,1556
888,714,1602
233,248,481
981,281,1262
380,232,612
383,351,734
685,181,866
318,128,446
625,733,1358
898,680,1578
839,198,1037
423,519,942
521,499,1020
153,627,780
62,644,706
351,63,414
331,608,939
710,96,806
967,46,1013
469,560,1029
896,277,1173
67,8,75
980,1000,1980
846,366,1212
334,864,1198
10,217,227
326,641,967
169,287,456
425,818,1243
507,432,939
975,60,1035
500,705,1205
31,537,568
916,85,1001
517,640,1157
764,282,1046
633,824,1457
28,295,323
784,475,1259
73,649,722
611,767,1378
437,74,511
682,594,1276
412,313,725
650,522,1172
561,789,1350
602,760,1362
571,141,712
605,264,869
735,602,1337
116,602,718
643,322,965
808,92,900
686,89,775
581,422,1003
39,994,1033
854,628,1482
811,760,1571
989,741,1730
870,213,1083
967,372,1339
551,434,985
370,170,540
500,96,596
899,984,1883
607,0,607
161,209,370
786,875,1661
333,145,478
334,866,1200
308,474,782
280,513,793
303,768,1071
36,53,89
916,865,1781
438,153,591
989,276,1265
37,62,99
183,665,848
91,291,382
54,378,432
539,651,1190
949,265,1214
756,248,1004
200,241,441
446,231,677
578,799,1377
54,60,114
371,722,1093
182,558,740
460,917,1377
885,292,1177
762,430,1192
535,277,812
54,48,102
494,368,862
916,361,1277
835,832,1667
396,377,773
560,218,778
735,99,834
309,307,616
137,431,568
191,276,467
872,878,1750
886,104,990
355,819,1174
508,832,1340
349,64,413
294,240,534
340,137,477
481,874,1355
740,190,930
175,197,372
858,611,1469
371,118,489
995,557,1552
950,138,1088
779,660,1439
900,789,1689
904,433,1337
106,19,125
25,422,447
85,163,248
227,605,832
842,271,1113
63,509,572
664,344,1008
141,642,783
323,696,1019
322,872,1194
497,235,732
676,479,1155
199,131,330
837,123,960
129,910,1039
17,502,519
381,802,1183
824,138,962
324,12,336
952,744,1696
566,858,1424
984,519,1503
580,681,1261
250,702,952
353,454,807
534,186,720
844,609,1453
619,977,1596
994,494,1488
396,13,409
875,454,1329
368,687,1055
689,757,1446
955,284,1239
408,237,645
148,452,600
421,744,1165
999,621,1620
688,288,976
679,914,1593
944,450,1394
825,161,986
329,625,954
610,13,623
560,842,1402
825,440,1265
535,525,1060
859,688,1547
670,122,792
214,953,1167
579,876,1455
599,960,1559
123,566,689
277,932,1209
549,222,771
451,365,816
521,809,1330
651,896,1547
28,543,571
585,430,1015
163,358,521
170,620,790
941,964,1905
728,634,1362
113,554,667
674,588,1262
675,682,1357
993,534,1527
227,117,344
911,28,939
919,995,1914
389,243,632
745,643,1388
927,919,1846
280,77,357
859,198,1057
102,917,1019
53,481,534
117,14,131
836,846,1682
626,136,762
269,289,558
977,263,1240
479,659,1138
673,906,1579
910,693,1603
552,780,1332
277,562,839
522,896,1418
211,982,1193
544,692,1236
657,455,1112
624,968,1592
163,36,199
982,711,1693
616,15,631
445,539,984
654,937,1591
340,324,664
225,765,990
762,847,1609
432,416,848
666,411,1077
910,223,1133
364,151,515
819,800,1619
798,768,1566
855,863,1718
172,533,705
107,464,571
93,297,390
429,965,1394
590,789,1379
945,889,1834
520,47,567
713,532,1245
767,410,1177
671,590,1261
405,289,694
649,747,1396
600,113,713
607,570,1177
968,105,1073
235,665,900
466,822,1288
30,569,599
170,258,428
894,50,944
190,171,361
490,418,908
26,523,549
772,440,1212
589,467,1056
32,115,147
954,854,1808
621,96,717
962,44,1006
911,724,1635
618,338,956
954,273,1227
666,305,971
685,105,790
723,349,1072
941,742,1683
104,480,584
488,220,708
441,446,887
764,507,1271
927,72,999
195,175,370
189,916,1105
514,35,549
202,556,758
875,281,1156
685,228,913
127,535,662
190,258,448
188,563,751
204,686,890
282,610,892
953,877,1830
158,408,566
499,93,592
650,475,1125
326,800,1126
992,520,1512
974,405,1379
415,980,1395
764,149,913
237,612,849
14,497,511
951,576,1527
420,209,629
17,158,175
441,488,929
831,739,1570
710,581,1291
339,187,526
991,347,1338
619,441,1060
915,460,1375
587,273,860
254,546,800
200,300,500
327,553,880
769,724,1493
262,761,1023
560,20,580
543,70,613
750,937,1687
633,927,1560
902,487,1389
114,879,993
40,717,757
214,435,649
797,312,1109
527,31,558
673,338,1011
864,501,1365
125,701,826
97,49,146
746,842,1588
357,961,1318
826,479,1305
860,163,1023
807,446,1253
450,385,835
556,512,1068
419,307,726
210,159,369
367,299,666
379,575,954
698,198,896
815,480,1295
59,485,544
487,519,1006
273,55,328
547,886,1433
99,964,1063
750,802,1552
912,706,1618
306,982,1288
751,230,981
488,887,1375
559,194,753
590,216,806
169,50,219
467,930,1397
708,949,1657
519,865,1384
722,747,1469
384,822,1206
629,668,1297
853,979,1832
509,152,661
451,887,1338
948,914,1862
895,989,1884
797,612,1409
704,120,824
929,718,1647
764,896,1660
472,148,620
224,693,917
512,239,751
279,235,514
958,282,1240
375,261,636
599,935,1534
311,499,810
887,716,1603
229,830,1059
625,32,657
549,455,1004
326,614,940
933,15,948
298,592,890
685,375,1060
40,554,594
538,976,1514
393,587,980
791,849,1640
658,580,1238
785,220,1005
74,590,664
198,589,787
572,695,1267
424,494,918
762,802,1564
946,909,1855
738,496,1234
327,362,689
248,809,1057
105,868,973
819,209,1028
996,747,1743
379,721,1100
788,492,1280
871,798,1669
170,792,962
541,919,1460
813,841,1654
444,443,887
229,489,718
127,274,401
391,423,814
235,347,582
83,509,592
614,707,1321
922,980,1902
316,491,807
934,82,1016
816,287,1103
921,281,1202
619,614,1233
450,258,708
338,899,1237
281,151,432
187,563,750
37,701,738
100,932,1032
889,621,1510
503,794,1297
824,560,1384
334,403,737
861,529,1390
473,425,898
203,60,263
365,273,638
898,975,1873
793,246,1039
786,658,1444
575,518,1093
426,193,619
956,879,1835
478,106,584
927,365,1292
32,91,123
155,960,1115
202,712,914
627,734,1361
612,623,1235
321,45,366
17,222,239
184,815,999
125,103,228
812,608,1420
646,454,1100
229,417,646
597,668,1265
546,328,874
568,933,1501
373,804,1177
825,199,1024
594,796,1390
447,493,940
425,283,708
872,428,1300
40,148,188
324,104,428
522,699,1221
679,241,920
489,723,1212
554,815,1369
572,900,1472
219,239,458
330,422,752
565,231,796
363,498,861
225,998,1223
109,930,1039
963,260,1223
161,321,482
959,683,1642
812,948,1760
872,853,1725
954,730,1684
391,999,1390
536,699,1235
195,634,829
105,399,504
559,751,1310
99,1,100
820,277,1097
726,137,863
680,869,1549
534,391,925
776,37,813
573,160,733
301,227,528
840,586,1426
446,689,1135
245,269,514
643,15,658
711,999,1710
576,26,602
641,998,1639
300,191,491
734,185,919
707,254,961
818,659,1477
244,891,1135
989,772,1761
605,539,1144
511,921,1432
393,700,1093
21,775,796
130,535,665
431,600,1031
893,585,1478
358,481,839
467,445,912
834,239,1073
148,361,509
566,211,777
206,386,592
417,251,668
548,807,1355
835,813,1648
516,672,1188
354,65,419
119,435,554
95,218,313
829,812,1641
341,978,1319
875,17,892
516,349,865
552,636,1188
795,214,1009
722,375,1097
183,856,1039
422,648,1070
1,126,127
644,452,1096
550,424,974
893,68,961
371,342,713
694,612,1306
42,423,465
787,816,1603
206,988,1194
643,630,1273
690,611,1301
71,90,161
574,874,1448
566,704,1270
231,759,990
697,287,984
682,466,1148
287,780,1067
870,254,1124
190,189,379
66,39,105
491,125,616
32,271,303
933,679,1612
235,668,903
76,577,653
205,136,341
288,896,1184
814,786,1600
531,205,736
502,609,1111
446,998,1444
712,743,1455
738,961,1699
878,704,1582
610,52,662
343,499,842
184,490,674
456,614,1070
616,275,891
959,706,1665
801,563,1364
928,181,1109
804,975,1779
132,928,1060
774,435,1209
983,991,1974
165,220,385
690,45,735
254,665,919
954,787,1741
630,849,1479
307,972,1279
634,92,726
422,439,861
95,807,902
688,8,696
83,526,609
327,866,1193
681,923,1604
38,835,873
116,681,797
719,624,1343
267,529,796
608,587,1195
29,395,424
590,909,1499
216,464,680
224,656,880
886,859,1745
443,290,733
404,711,1115
447,740,1187
847,132,979
900,919,1819
572,5,577
466,615,1081
436,474,910
904,286,1190
102,657,759
445,548,993
414,727,1141
77,59,136
922,692,1614
675,964,1639
879,734,1613
501,535,1036
693,820,1513
661,590,1251
48,598,646
822,607,1429
240,119,359
113,309,422
269,595,864
811,566,1377
956,767,1723
258,72,330
139,45,184
765,752,1517
310,879,1189
713,361,1074
51,0,51
62,984,1046
101,873,974
720,130,850
879,117,996
749,210,959
747,794,1541
255,202,457
824,141,965
253,77,330
576,649,1225
202,235,437
247,291,538
239,788,1027
528,525,1053
965,908,1873
180,639,819
352,948,1300
338,992,1330
701,865,1566
296,732,1028
798,331,1129
429,955,1384
548,887,1435
7,626,633
769,157,926
51,965,1016
836,903,1739
955,212,1167
823,718,1541
630,131,761
639,980,1619
746,222,968
430,407,837
272,822,1094
334,622,956
684,44,728
61,738,799
479,392,871
446,622,1068
794,357,1151
828,763,1591
688,683,1371
386,725,1111
451,59,510
74,356,430
980,169,1149
967,853,1820
715,394,1109
722,518,1240
405,892,1297
264,97,361
386,587,973
236,953,1189
175,612,787
672,563,1235
623,619,1242
538,720,1258
775,570,1345
229,187,416
718,812,1530
682,391,1073
373,461,834
489,370,859
521,333,854
745,971,1716
553,56,609
291,920,1211
184,173,357
138,662,800
212,372,584
950,694,1644
276,571,847
93,287,380
326,646,972
293,991,1284
85,323,408
405,415,820
726,158,884
921,649,1570
208,685,893
901,888,1789
375,95,470
717,826,1543
408,124,532
376,571,947
996,108,1104
138,314,452
992,864,1856
59,663,722
80,430,510
152,95,247
73,665,738
541,833,1374
209,903,1112
825,658,1483
940,889,1829
124,569,693
394,717,1111
783,490,1273
746,614,1360
665,369,1034
570,633,1203
875,818,1693
470,673,1143
968,34,1002
395,54,449
460,478,938
299,280,579
862,704,1566
228,188,416
435,982,1417
546,11,557
541,434,975
527,988,1515
777,691,1468
836,941,1777
574,380,954
289,8,297
895,865,1760
972,433,1405
908,178,1086
444,63,507
320,215,535
287,893,1180
897,786,1683
295,592,887
746,400,1146
537,961,1498
961,444,1405
248,100,348
657,155,812
415,923,1338
142,883,1025
364,971,1335
5,751,756
87,107,194
916,177,1093
140,159,299
175,672,847
596,341,937
354,618,972
631,890,1521
563,586,1149
8,51,59
308,625,933
155,29,184
568,159,727
345,400,745
856,943,1799
606,66,672
863,571,1434
736,817,1553
565,460,1025
748,955,1703
589,638,1227
270,651,921
352,299,651
114,306,420
143,677,820
488,929,1417
461,394,855
395,753,1148
154,680,834
18,49,67
951,915,1866
188,907,1095
931,227,1158
57,86,143
508,243,751
925,990,1915
768,166,934
687,378,1065
299,78,377
744,322,1066
693,399,1092
879,354,1233
929,810,1739
399,127,526
545,319,864
126,332,458
80,289,369
757,473,1230
621,464,1085
579,747,1326
646,950,1596
484,216,700
9,214,223
943,279,1222
222,799,1021
249,320,569
705,262,967
566,91,657
297,135,432
175,765,940
415,12,427
204,39,243
749,985,1734
233,433,666
644,91,735
799,951,1750
376,400,776
304,813,1117
810,62,872
656,294,950
523,586,1109
206,35,241
554,858,1412
877,29,906
646,200,846
126,149,275
654,252,906
387,442,829
114,295,409
675,508,1183
662,24,686
967,154,1121
65,740,805
549,590,1139
256,125,381
2,583,585
764,19,783
870,206,1076
898,139,1037
356,158,514
810,833,1643
704,404,1108
34,932,966
814,820,1634
189,933,1122
193,930,1123
522,892,1414
905,999,1904
222,179,401
143,765,908
120,950,1070
316,778,1094
923,161,1084
702,135,837
645,227,872
342,756,1098
311,841,1152
187,823,1010
697,973,1670
322,563,885
706,901,1607
659,112,771
282,725,1007
712,796,1508
717,344,1061
803,347,1150
609,776,1385
608,373,981
668,42,710
662,224,886
794,940,1734
772,7,779
802,239,1041
321,67,388
376,155,531
736,937,1673
776,435,1211
636,619,1255
842,611,1453
710,413,1123
414,460,874
698,306,1004
140,969,1109
78,338,416
232,62,294
53,639,692
751,591,1342
616,669,1285
721,753,1474
354,665,1019
211,426,637
490,198,688
163,364,527
163,411,574
396,668,1064
399,489,888
259,700,959
815,936,1751
794,15,809
391,685,1076
535,170,705
90,160,250
220,429,649
331,525,856
893,372,1265
792,516,1308
935,865,1800
279,512,791
92,247,339
369,761,1130
836,23,859
997,747,1744
117,422,539
881,795,1676
89,129,218
985,810,1795
433,610,1043
441,772,1213
346,318,664
573,804,1377
408,387,795
731,560,1291
693,858,1551
902,168,1070
46,250,296
182,846,1028
14,73,87
703,628,1331
528,413,941
843,596,1439
300,555,855
165,857,1022
422,20,442
88,217,305
852,290,1142
684,312,996
810,401,1211
85,337,422
994,839,1833
538,146,684
526,495,1021
865,449,1314
80,50,130
43,48,91
571,930,1501
191,567,758
181,28,209
442,37,479
977,750,1727
710,790,1500
283,730,1013
984,691,1675
67,600,667
752,234,986
431,417,848
721,213,934
191,322,513
123,115,238
430,446,876
310,116,426
215,545,760
343,923,1266
449,295,744
807,493,1300
487,541,1028
629,458,1087
262,233,495
749,389,1138
320,287,607
6,221,227
364,288,652
360,562,922
800,726,1526
146,791,937
138,550,688
276,118,394
643,852,1495
33,385,418
447,286,733
809,253,1062
241,610,851
876,858,1734
676,868,1544
644,53,697
749,537,1286
843,611,1454
744,230,974
969,126,1095
679,534,1213
488,524,1012
694,940,1634
777,591,1368
392,182,574
676,341,1017
827,465,1292
858,101,959
620,823,1443
25,397,422
670,435,1105
99,408,507
871,84,955
88,364,452
702,311,1013
481,262,743
239,601,840
790,669,1459
129,966,1095
699,343,1042
951,714,1665
212,60,272
941,697,1638
612,945,1557
498,196,694
665,874,1539
668,523,1191
388,757,1145
774,424,1198
856,541,1397
372,243,615
876,57,933
95,190,285
884,502,1386
933,451,1384
615,705,1320
730,174,904
175,991,1166
105,810,915
927,115,1042
584,821,1405
373,318,691
625,369,994
661,511,1172
748,886,1634
1000,204,1204
98,525,623
590,748,1338
608,604,1212
388,756,1144
878,220,1098
910,786,1696
656,24,680
680,639,1319
371,349,720
245,420,665
857,169,1026
884,914,1798
411,879,1290
570,323,893
458,260,718
775,359,1134
239,915,1154
873,318,1191
399,264,663
659,772,1431
528,853,1381
177,578,755
234,740,974
114,677,791
505,186,691
738,281,1019
291,968,1259
689,132,821
780,343,1123
862,885,1747
944,667,1611
704,836,1540
507,861,1368
334,967,1301
629,684,1313
199,190,389
528,650,1178
228,793,1021
696,622,1318
577,327,904
116,255,371
825,737,1562
550,710,1260
101,561,662
278,376,654
187,339,526
608,949,1557
805,665,1470
733,803,1536
355,789,1144
368,509,877
233,690,923
736,704,1440
68,852,920
933,168,1101
344,581,925
305,201,506
487,419,906
409,512,921
556,267,823
470,264,734
812,381,1193
163,549,712
840,420,1260
593,784,1377
476,287,763
744,809,1553
67,642,709
20,629,649
640,964,1604
994,99,1093
100,191,291
775,659,1434
212,922,1134
608,873,1481
992,643,1635
139,910,1049
419,984,1403
471,998,1469
887,90,977
770,224,994
445,21,466
505,356,861
505,695,1200
851,197,1048
61,275,336
41,594,635
711,284,995
606,412,1018
746,192,938
12,748,760
274,182,456
231,463,694
550,695,1245
165,287,452
368,569,937
975,478,1453
973,924,1897
60,145,205
568,247,815
772,978,1750
531,871,1402
684,722,1406
868,717,1585
456,882,1338
647,921,1568
246,608,854
166,174,340
691,367,1058
577,312,889
842,870,1712
703,827,1530
294,701,995
504,76,580
837,117,954
769,125,894
297,398,695
138,771,909
695,698,1393
760,392,1152
229,416,645
478,197,675
446,650,1096
997,851,1848
369,512,881
597,506,1103
752,941,1693
42,649,691
854,676,1530
339,384,723
549,716,1265
110,18,128
497,2,499
960,588,1548
935,497,1432
910,913,1823
71,83,154
948,636,1584
419,313,732
169,916,1085
426,771,1197
649,444,1093
234,462,696
531,371,902
676,142,818
571,659,1230
408,59,467
742,931,1673
772,680,1452
612,0,612
447,451,898
949,672,1621
174,630,804
624,490,1114
46,42,88
675,803,1478
63,915,978
245,28,273
572,247,819
60,853,913
510,601,1111
178,104,282
441,466,907
466,530,996
655,568,1223
592,263,855
82,393,475
399,534,933
301,582,883
680,19,699
134,625,759
405,628,1033
938,415,1353
351,963,1314
889,736,1625
442,548,990
947,838,1785
991,985,1976
420,337,757
381,171,552
481,358,839
785,365,1150
191,683,874
242,131,373
583,776,1359
830,721,1551
295,302,597
336,583,919
283,787,1070
967,176,1143
348,816,1164
581,251,832
191,376,567
58,915,973
432,582,1014
729,795,1524
434,954,1388
932,734,1666
887,541,1428
153,64,217
199,60,259
910,526,1436
983,975,1958
214,610,824
653,510,1163
955,310,1265
568,324,892
451,118,569
223,717,940
374,165,539
336,641,977
788,840,1628
182,511,693
840,561,1401
174,55,229
667,578,1245
280,482,762
62,295,357
976,412,1388
341,182,523
914,667,1581
332,660,992
414,67,481
699,281,980
890,751,1641
868,983,1851
638,788,1426
306,412,718
256,980,1236
98,994,1092
426,894,1320
251,815,1066
832,798,1630
272,838,1110
501,159,660
981,187,1168
802,952,1754
201,259,460
663,5,668
1000,814,1814
804,958,1762
429,354,783
784,6,790
693,354,1047
681,285,966
729,807,1536
375,655,1030
434,184,618
504,434,938
927,895,1822
109,814,923
820,945,1765
996,404,1400
512,694,1206
827,747,1574
25,547,572
783,697,1480
481,355,836
801,912,1713
838,219,1057
42,276,318
667,421,1088
618,259,877
662,965,1627
325,668,993
585,301,886
762,497,1259
115,160,275
863,314,1177
989,579,1568
315,471,786
815,220,1035
745,202,947
38,7,45
517,318,835
575,258,833
856,237,1093
253,523,776
735,793,1528
19,937,956
160,746,906
821,678,1499
59,874,933
901,786,1687
428,246,674
573,137,710
728,682,1410
91,976,1067
874,267,1141
402,809,1211
488,213,701
891,924,1815
990,737,1727
477,625,1102
936,896,1832
126,600,726
365,904,1269
677,370,1047
299,696,995
916,183,1099
47,87,134
814,509,1323
789,340,1129
638,611,1249
179,228,407
52,43,95
383,735,1118
977,17,994
730,728,1458
979,985,1964
436,251,687
206,419,625
226,723,949
260,390,650
400,941,1341
174,761,935
686,112,798
744,276,1020
824,225,1049
431,121,552
799,150,949
424,879,1303
248,558,806
622,417,1039
856,984,1840
832,270,1102
625,971,1596
517,831,1348
313,730,1043
914,91,1005
276,115,391
596,468,1064
27,835,862
564,262,826
441,363,804
947,272,1219
848,143,991
369,296,665
421,434,855
124,160,284
572,406,978
3,815,818
695,81,776
16,505,521
682,366,1048
282,404,686
663,208,871
157,244,401
843,59,902
741,199,940
396,632,1028
494,298,792
692,369,1061
638,498,1136
614,952,1566
872,286,1158
550,858,1408
110,616,726
884,19,903
975,524,1499
147,977,1124
983,282,1265
959,959,1918
855,809,1664
781,177,958
806,553,1359
461,527,988
603,732,1335
92,296,388
849,235,1084
93,638,731
845,455,1300
139,370,509
198,754,952
748,813,1561
425,330,755
267,52,319
567,591,1158
656,392,1048
197,896,1093
643,707,1350
828,710,1538
550,645,1195
302,843,1145
586,695,1281
355,808,1163
276,515,791
844,702,1546
730,695,1425
40,952,992
964,576,1540
643,735,1378
121,222,343
725,335,1060
950,893,1843
898,993,1891
130,484,614
936,500,1436
566,900,1466
914,862,1776
360,872,1232
630,204,834
205,642,847
531,84,615
53,15,68
760,772,1532
940,344,1284
443,216,659
974,189,1163
922,71,993
903,734,1637
299,348,647
175,53,228
823,811,1634
241,414,655
168,494,662
446,49,495
903,845,1748
878,563,1441
196,310,506
41,314,355
801,951,1752
458,707,1165
126,62,188
144,17,161
557,703,1260
835,711,1546
836,767,1603
246,350,596
314,974,1288
302,323,625
871,246,1117
127,349,476
770,797,1567
639,953,1592
907,751,1658
835,526,1361
151,111,262
763,808,1571
32,767,799
306,991,1297
753,548,1301
96,341,437
797,427,1224
603,491,1094
637,664,1301
693,589,1282
154,375,529
166,28,194
193,551,744
126,222,348
227,633,860
290,839,1129
845,774,1619
73,865,938
202,518,720
291,899,1190
654,483,1137
219,587,806
114,29,143
863,600,1463
555,557,1112
819,307,1126
631,776,1407
382,815,1197
146,538,684
256,969,1225
795,630,1425
44,357,401
710,417,1127
18,63,81
455,285,740
618,190,808
302,937,1239
568,244,812
313,918,1231
104,46,150
549,610,1159
56,449,505
881,76,957
606,586,1192
531,711,1242
630,291,921
422,823,1245
603,506,1109
617,372,989
680,211,891
450,537,987
190,346,536
451,16,467
235,725,960
756,620,1376
221,273,494
139,654,793
839,316,1155
375,551,926
520,862,1382
514,271,785
617,442,1059
713,156,869
321,945,1266
705,805,1510
678,167,845
519,172,691
966,205,1171
807,731,1538
778,848,1626
719,982,1701
293,616,909
706,656,1362
208,128,336
729,844,1573
727,647,1374
388,293,681
490,498,988
729,822,1551
519,308,827
575,925,1500
258,377,635
598,410,1008
793,871,1664
835,811,1646
304,981,1285
310,968,1278
246,410,656
380,421,801
736,492,1228
931,94,1025
935,501,1436
718,201,919
367,184,551
722,927,1649
534,284,818
166,195,361
15,541,556
425,249,674
146,71,217
65,744,809
565,435,1000
237,693,930
169,547,716
126,823,949
945,757,1702
940,945,1885
975,780,1755
427,986,1413
921,667,1588
400,107,507
832,39,871
879,107,986
783,630,1413
622,880,1502
932,178,1110
453,827,1280
717,523,1240
856,413,1269
62,253,315
694,905,1599
958,876,1834
908,694,1602
450,948,1398
980,723,1703
176,263,439
255,372,627
971,142,1113
111,731,842
570,592,1162
435,14,449
726,662,1388
172,929,1101
820,803,1623
440,219,659
602,216,818
542,503,1045
924,34,958
531,860,1391
779,964,1743
969,196,1165
533,827,1360
556,114,670
589,520,1109
364,751,1115
803,29,832
969,666,1635
941,694,1635
309,786,1095
990,167,1157
428,955,1383
95,508,603
412,510,922
900,658,1558
546,332,878
111,265,376
764,462,1226
230,893,1123
247,285,532
763,430,1193
236,806,1042
633,901,1534
863,140,1003
477,54,531
552,606,1158
171,825,996
673,865,1538
897,166,1063
538,764,1302
297,210,507
408,909,1317
695,971,1666
308,605,913
500,238,738
915,771,1686
843,776,1619
882,845,1727
562,465,1027
791,534,1325
26,783,809
165,919,1084
458,172,630
568,246,814
345,647,992
133,135,268
200,842,1042
497,769,1266
432,732,1164
182,399,581
955,7,962
601,784,1385
680,217,897
136,669,805
998,685,1683
318,977,1295
66,442,508
694,540,1234
705,198,903
615,69,684
181,237,418
805,785,1590
145,255,400
487,312,799
780,206,986
152,466,618
557,548,1105
602,515,1117
996,317,1313
750,108,858
64,933,997
818,192,1010
432,431,863
528,592,1120
673,53,726
708,159,867
762,876,1638
708,152,860
844,932,1776
158,739,897
549,784,1333
952,464,1416
148,470,618
848,321,1169
929,552,1481
960,671,1631
688,58,746
687,307,994
16,112,128
516,491,1007
238,19,257
998,713,1711
205,928,1133
837,688,1525
886,562,1448
52,541,593
364,16,380
942,569,1511
411,666,1077
990,976,1966
614,383,997
660,766,1426
128,13,141
175,280,455
51,557,608
948,884,1832
563,246,809
3,883,886
851,988,1839
233,268,501
941,485,1426
559,727,1286
66,25,91
862,909,1771
152,880,1032
245,661,906
194,563,757
157,900,1057
762,175,937
457,767,1224
466,229,695
323,892,1215
711,595,1306
97,154,251
265,916,1181
574,335,909
682,148,830
864,686,1550
887,450,1337
204,540,744
359,136,495
769,731,1500
399,299,698
876,660,1536
647,827,1474
78,912,990
574,251,825
135,791,926
968,905,1873
362,740,1102
246,108,354
119,965,1084
804,663,1467
521,651,1172
60,111,171
330,590,920
219,601,820
968,145,1113
141,691,832
471,812,1283
847,388,1235
403,338,741
724,709,1433
683,641,1324
811,71,882
720,589,1309
750,426,1176
854,679,1533
177,963,1140
853,773,1626
198,871,1069
919,100,1019
45,392,437
892,57,949
13,266,279
392,936,1328
809,875,1684
516,974,1490
640,593,1233
244,496,740
843,720,1563
809,255,1064
738,841,1579
585,438,1023
157,999,1156
522,133,655
851,331,1182
349,471,820
770,280,1050
661,172,833
791,341,1132
576,757,1333
138,36,174
399,20,419
227,333,560
796,397,1193
72,94,166
457,565,1022
88,345,433
611,546,1157
597,874,1471
503,530,1033
632,832,1464
21,843,864
252,828,1080
233,557,790
552,60,612
793,496,1289
361,473,834
309,129,438
733,763,1496
4,504,508
626,204,830
189,362,551
617,405,1022
955,249,1204
245,659,904
582,821,1403
871,754,1625
287,656,943
926,931,1857
425,59,484
322,102,424
445,642,1087
161,933,1094
251,240,491
655,137,792
256,686,942
675,408,1083
237,319,556
745,546,1291
983,290,1273
16,581,597
742,450,1192
207,966,1173
521,981,1502
522,634,1156
902,314,1216
557,529,1086
260,773,1033
371,702,1073
952,668,1620
973,34,1007
739,426,1165
996,983,1979
485,953,1438
399,64,463
170,920,1090
968,884,1852
866,747,1613
950,494,1444
214,504,718
774,675,1449
581,347,928
549,593,1142
152,696,848
505,136,641
627,100,727
952,676,1628
298,800,1098
176,367,543
890,897,1787
371,999,1370
898,414,1312
243,842,1085
357,897,1254
510,452,962
829,868,1697
727,840,1567
66,277,343
538,500,1038
767,863,1630
187,681,868
234,438,672
498,750,1248
293,60,353
44,117,161
493,154,647
186,11,197
997,482,1479
907,566,1473
327,299,626
601,846,1447
861,233,1094
561,412,973
616,429,1045
790,844,1634
129,94,223
360,364,724
659,210,869
61,281,342
105,379,484
683,641,1324
654,398,1052
459,990,1449
350,433,783
694,171,865
56,971,1027
534,960,1494
485,320,805
161,469,630
626,503,1129
467,906,1373
614,128,742
121,965,1086
558,493,1051
925,762,1687
16,805,821
536,926,1462
758,967,1725
91,308,399
285,665,950
92,176,268
259,697,956
91,514,605
935,65,1000
314,395,709
70,150,220
345,802,1147
237,598,835
525,31,556
936,682,1618
773,237,1010
252,932,1184
717,276,993
770,464,1234
81,975,1056
163,635,798
538,334,872
366,864,1230
250,240,490
681,982,1663
755,790,1545
307,393,700
915,530,1445
596,206,802
325,53,378
82,316,398
810,366,1176
329,371,700
303,873,1176
998,902,1900
971,769,1740
922,263,1185
271,643,914
575,496,1071
56,344,400
661,511,1172
120,3,123
500,424,924
71,685,756
983,198,1181
936,906,1842
861,884,1745
790,991,1781
41,476,517
843,284,1127
878,210,1088
739,177,916
60,700,760
564,782,1346
278,813,1091
964,428,1392
735,0,735
346,237,583
925,240,1165
144,115,259
167,160,327
627,653,1280
360,457,817
847,505,1352
698,617,1315
55,679,734
676,240,916
211,423,634
467,396,863
269,621,890
313,48,361
423,689,1112
107,185,292
757,973,1730
838,183,1021
374,21,395
980,997,1977
769,642,1411
4,669,673
3,838,841
8,364,372
886,858,1744
311,167,478
605,418,1023
65,381,446
192,357,549
450,108,558
554,613,1167
793,293,1086
335,409,744
822,412,1234
940,485,1425
114,33,147
575,275,850
690,551,1241
205,231,436
441,440,881
401,134,535
249,28,277
0,384,384
313,701,1014
302,548,850
77,231,308
891,935,1826
392,702,1094
686,928,1614
674,224,898
430,471,901
205,629,834
329,231,560
420,573,993
70,131,201
408,741,1149
895,931,1826
529,202,731
790,389,1179
280,766,1046
927,782,1709
356,380,736
168,855,1023
735,20,755
572,867,1439
191,266,457
610,587,1197
194,844,1038
707,217,924
377,473,850
909,784,1693
356,412,768
213,442,655
366,782,1148
333,683,1016
602,515,1117
362,20,382
763,308,1071
749,455,1204
795,507,1302
470,986,1456
586,146,732
424,529,953
847,897,1744
477,906,1383
913,54,967
796,875,1671
416,858,1274
560,646,1206
699,236,935
650,134,784
444,983,1427
373,922,1295
375,945,1320
293,270,563
875,981,1856
400,399,799
359,308,667
249,14,263
311,488,799
119,841,960
355,885,1240
959,441,1400
811,509,1320
963,648,1611
583,457,1040
850,179,1029
893,463,1356
535,399,934
120,685,805
883,782,1665
211,37,248
877,900,1777
111,334,445
996,283,1279
411,59,470
396,758,1154
345,506,851
367,293,660
861,467,1328
239,969,1208
828,345,1173
386,416,802
871,120,991
241,834,1075
531,17,548
349,707,1056
952,154,1106
254,702,956
484,461,945
530,794,1324
195,385,580
702,932,1634
625,592,1217
255,475,730
402,630,1032
454,857,1311
692,421,1113
383,516,899
239,588,827
181,729,910
356,683,1039
411,101,512
941,298,1239
445,453,898
861,421,1282
595,727,1322
289,348,637
550,544,1094
409,385,794
506,420,926
687,972,1659
642,109,751
817,804,1621
3,518,521
743,620,1363
750,128,878
507,727,1234
996,63,1059
759,872,1631
16,139,155
959,269,1228
492,713,1205
844,809,1653
368,331,699
0,987,987
891,714,1605
883,854,1737
718,232,950
152,40,192
20,38,58
591,842,1433
870,61,931
669,403,1072
418,174,592
865,988,1853
427,335,762
616,456,1072
986,84,1070
53,817,870
830,236,1066
557,424,981
617,233,850
129,631,760
856,669,1525
109,102,211
748,110,858
462,333,795
805,608,1413
677,22,699
699,555,1254
105,988,1093
625,755,1380
909,378,1287
654,974,1628
626,986,1612
502,667,1169
853,186,1039
50,225,275
854,250,1104
963,386,1349
295,944,1239
343,288,631
158,968,1126
333,606,939
76,471,547
819,540,1359
535,955,1490
996,921,1917
659,805,1464
338,375,713
96,847,943
734,598,1332
59,497,556
992,712,1704
787,806,1593
94,426,520
813,656,1469
696,997,1693
292,552,844
89,764,853
678,573,1251
531,592,1123
92,640,732
757,571,1328
282,851,1133
309,371,680
803,567,1370
123,924,1047
181,773,954
925,80,1005
51,307,358
184,578,762
678,442,1120
651,720,1371
217,998,1215
97,424,521
857,504,1361
212,475,687
294,16,310
93,286,379
710,785,1495
2,88,90
47,293,340
214,487,701
554,79,633
90,488,578
499,950,1449
616,339,955
322,148,470
987,409,1396
122,549,671
584,148,732
481,39,520
227,196,423
896,6,902
318,482,800
472,984,1456
728,747,1475
403,618,1021
573,559,1132
584,847,1431
232,481,713
19,791,810
916,672,1588
797,898,1695
332,492,824
660,339,999
762,668,1430
451,938,1389
572,816,1388
939,104,1043
345,982,1327
155,221,376
481,617,1098
993,897,1890
924,269,1193
300,584,884
522,949,1471
5,288,293
130,256,386
349,961,1310
499,404,903
503,470,973
363,542,905
590,390,980
663,657,1320
452,688,1140
477,12,489
374,440,814
458,685,1143
652,686,1338
747,976,1723
22,895,917
858,314,1172
392,743,1135
234,251,485
252,477,729
953,77,1030
726,554,1280
188,218,406
686,909,1595
370,667,1037
662,41,703
803,12,815
211,229,440
705,479,1184
763,926,1689
583,582,1165
604,745,1349
969,501,1470
839,817,1656
960,549,1509
775,553,1328
567,832,1399
408,146,554
788,373,1161
743,596,1339
770,65,835
192,674,866
256,8,264
368,346,714
198,560,758
698,98,796
614,619,1233
77,128,205
231,374,605
279,798,1077
428,450,878
999,457,1456
563,807,1370
898,919,1817
515,591,1106
879,834,1713
595,788,1383
112,793,905
304,49,353
853,365,1218
586,32,618
730,138,868
306,291,597
592,135,727
551,354,905
606,470,1076
995,883,1878
538,167,705
722,829,1551
319,202,521
331,138,469
109,290,399
129,451,580
237,706,943
356,90,446
23,743,766
29,281,310
473,443,916
572,391,963
236,125,361
573,678,1251
409,18,427
567,894,1461
95,535,630
611,265,876
240,651,891
484,198,682
875,724,1599
895,151,1046
139,153,292
798,431,1229
344,579,923
377,831,1208
1000,587,1587
92,199,291
286,669,955
507,434,941
154,288,442
980,13,993
848,593,1441
48,829,877
77,758,835
122,896,1018
136,649,785
773,611,1384
868,538,1406
55,590,645
701,578,1279
879,522,1401
434,661,1095
737,525,1262
568,957,1525
114,128,242
766,177,943
993,365,1358
778,398,1176
387,979,1366
59,597,656
955,758,1713
493,146,639
442,940,1382
507,756,1263
242,300,542
443,785,1228
612,426,1038
716,702,1418
736,351,1087
132,35,167
179,390,569
37,499,536
839,870,1709
834,235,1069
803,494,1297
198,834,1032
113,489,602
777,899,1676
593,941,1534
455,440,895
897,731,1628
949,514,1463
475,968,1443
274,69,343
71,241,312
771,527,1298
495,961,1456
885,435,1320
320,490,810
919,71,990
694,272,966
466,211,677
648,763,1411
625,637,1262
504,551,1055
537,512,1049
750,538,1288
857,923,1780
57,278,335
569,662,1231
447,701,1148
587,92,679
123,660,783
945,800,1745
633,573,1206
392,392,784
975,182,1157
835,171,1006
24,878,902
711,370,1081
103,804,907
444,77,521
311,155,466
407,828,1235
963,384,1347
240,479,719
685,573,1258
883,996,1879
880,243,1123
730,704,1434
532,545,1077
455,865,1320
650,535,1185
309,427,736
716,882,1598
691,54,745
704,350,1054
850,644,1494
50,253,303
854,828,1682
272,87,359
103,119,222
366,446,812
362,828,1190
351,294,645
126,705,831
563,730,1293
273,580,853
283,861,1144
144,138,282
697,158,855
606,719,1325
603,520,1123
741,828,1569
539,947,1486
806,812,1618
418,11,429
953,351,1304
596,351,947
193,520,713
717,664,1381
251,467,718
955,552,1507
493,849,1342
302,405,707
249,805,1054
159,260,419
454,28,482
61,211,272
151,991,1142
89,184,273
250,415,665
316,717,1033
217,857,1074
739,647,1386
580,659,1239
506,343,849
628,251,879
76,346,422
888,778,1666
626,959,1585
830,55,885
386,401,787
982,346,1328
322,462,784
250,280,530
925,303,1228
694,395,1089
332,144,476
720,830,1550
263,938,1201
3,418,421
665,42,707
328,766,1094
803,135,938
689,971,1660
241,149,390
914,741,1655
788,18,806
209,682,891
983,974,1957
558,671,1229
908,32,940
761,82,843
175,835,1010
163,356,519
941,168,1109
534,684,1218
853,194,1047
60,38,98
381,700,1081
64,354,418
494,913,1407
77,521,598
325,269,594
774,276,1050
763,266,1029
469,469,938
877,102,979
416,926,1342
901,178,1079
702,626,1328
139,700,839
994,821,1815
96,147,243
815,739,1554
908,111,1019
290,285,575
673,969,1642
571,368,939
989,376,1365
34,116,150
857,598,1455
242,459,701
860,882,1742
199,158,357
867,838,1705
90,402,492
743,486,1229
305,600,905
6,97,103
120,857,977
820,60,880
76,306,382
810,370,1180
434,248,682
13,931,944
874,540,1414
84,78,162
814,405,1219
994,426,1420
707,336,1043
835,889,1724
670,515,1185
331,262,593
720,132,852
412,753,1165
167,586,753
742,20,762
15,502,517
462,304,766
50,854,904
46,650,696
865,214,1079
871,311,1182
677,197,874
839,446,1285
918,300,1218
498,266,764
566,914,1480
50,456,506
806,165,971
808,74,882
870,563,1433
802,173,975
795,84,879
985,232,1217
385,996,1381
37,605,642
605,103,708
801,176,977
110,383,493
170,976,1146
663,233,896
614,15,629
383,396,779
209,22,231
847,941,1788
817,824,1641
141,756,897
251,713,964
959,847,1806
998,853,1851
413,137,550
675,306,981
697,311,1008
695,58,753
657,375,1032
786,883,1669
133,681,814
216,818,1034
129,24,153
212,504,716
899,701,1600
287,811,1098
185,139,324
310,659,969
785,347,1132
883,546,1429
128,26,154
907,396,1303
375,952,1327
371,468,839
536,321,857
667,915,1582
665,623,1288
536,318,854
167,105,272
277,708,985
314,301,615
246,727,973
900,952,1852
688,322,1010
348,862,1210
876,689,1565
720,41,761
502,173,675
552,37,589
600,285,885
358,613,971
13,76,89
484,418,902
783,563,1346
875,921,1796
650,575,1225
597,363,960
770,944,1714
783,556,1339
318,528,846
755,715,1470
318,129,447
853,851,1704
0,60,60
234,738,972
493,241,734
601,663,1264
759,958,1717
260,399,659
415,627,1042
83,469,552
270,747,1017
533,886,1419
541,3,544
27,804,831
915,157,1072
652,95,747
427,10,437
206,799,1005
166,895,1061
110,722,832
611,571,1182
480,397,877
456,220,676
204,583,787
404,722,1126
184,889,1073
901,627,1528
894,904,1798
294,537,831
235,794,1029
987,687,1674
932,969,1901
488,129,617
769,116,885
470,314,784
191,124,315
851,856,1707
761,401,1162
162,464,626
363,833,1196
84,446,530
290,52,342
94,81,175
866,829,1695
754,634,1388
85,634,719
527,31,558
29,961,990
787,84,871
147,959,1106
42,258,300
58,516,574
395,336,731
654,822,1476
358,21,379
57,375,432
333,422,755
347,691,1038
712,446,1158
212,359,571
52,421,473
544,618,1162
264,623,887
286,241,527
910,610,1520
359,882,1241
361,46,407
480,816,1296
30,336,366
233,268,501
305,29,334
213,308,521
476,494,970
344,815,1159
789,95,884
862,341,1203
951,24,975
962,994,1956
619,484,1103
828,390,1218
226,254,480
103,514,617
279,1000,1279
235,596,831
800,9,809
184,728,912
408,892,1300
64,179,243
844,28,872
696,723,1419
428,629,1057
608,588,1196
420,452,872
564,648,1212
437,493,930
649,702,1351
145,417,562
66,418,484
950,242,1192
819,994,1813
70,838,908
551,945,1496
47,216,263
875,526,1401
662,430,1092
828,837,1665
919,79,998
299,823,1122
974,763,1737
819,856,1675
396,176,572
885,167,1052
610,19,629
200,833,1033
850,427,1277
892,88,980
435,726,1161
774,622,1396
422,586,1008
352,371,723
246,448,694
722,741,1463
438,590,1028
493,566,1059
712,540,1252
703,478,1181
781,60,841
664,677,1341
126,594,720
531,584,1115
122,429,551
159,418,577
121,727,848
302,506,808
212,399,611
248,966,1214
970,496,1466
21,353,374
582,767,1349
769,834,1603
961,203,1164
846,850,1696
749,99,848
797,827,1624
416,777,1193
302,930,1232
858,398,1256
177,696,873
909,830,1739
761,392,1153
419,670,1089
545,801,1346
34,800,834
849,812,1661
868,918,1786
123,200,323
175,410,585
578,806,1384
748,217,965
347,156,503
893,329,1222
576,915,1491
179,562,741
90,16,106
574,71,645
282,183,465
796,858,1654
660,431,1091
856,757,1613
402,90,492
516,415,931
869,740,1609
460,439,899
88,886,974
271,300,571
488,266,754
317,487,804
694,57,751
443,87,530
954,934,1888
138,184,322
237,548,785
544,642,1186
248,913,1161
468,889,1357
34,30,64
695,507,1202
935,565,1500
367,103,470
747,739,1486
993,165,1158
166,276,442
162,939,1101
697,414,1111
544,43,587
701,913,1614
806,749,1555
792,615,1407
941,399,1340
933,434,1367
333,943,1276
998,807,1805
75,630,705
780,460,1240
58,195,253
542,784,1326
341,872,1213
883,662,1545
706,66,772
175,216,391
932,768,1700
261,556,817
659,846,1505
536,361,897
440,184,624
915,171,1086
201,287,488
55,103,158
724,65,789
864,268,1132
13,943,956
430,217,647
589,309,898
372,431,803
871,141,1012
372,296,668
678,445,1123
654,101,755
878,779,1657
462,562,1024
388,766,1154
404,750,1154
680,774,1454
690,70,760
930,522,1452
473,616,1089
168,436,604
741,482,1223
668,749,1417
39,545,584
524,738,1262
67,93,160
945,641,1586
977,512,1489
883,873,1756
569,31,600
476,138,614
357,868,1225
260,301,561
800,389,1189
109,925,1034
14,547,561
962,944,1906
391,377,768
547,388,935
582,482,1064
672,999,1671
770,107,877
457,769,1226
959,532,1491
293,710,1003
148,164,312
729,692,1421
335,909,1244
297,319,616
323,90,413
350,516,866
293,514,807
526,455,981
795,467,1262
495,133,628
399,69,468
263,72,335
607,728,1335
292,614,906
719,640,1359
887,407,1294
560,456,1016
222,52,274
212,434,646
168,536,704
264,899,1163
63,673,736
677,450,1127
118,479,597
714,324,1038
639,51,690
849,520,1369
666,652,1318
520,427,947
406,829,1235
540,936,1476
155,200,355
339,10,349
318,116,434
322,48,370
705,141,846
975,896,1871
201,921,1122
873,840,1713
894,211,1105
825,761,1586
932,625,1557
299,37,336
305,383,688
686,550,1236
261,590,851
878,907,1785
335,359,694
383,814,1197
454,797,1251
747,983,1730
772,199,971
727,812,1539
375,443,818
865,169,1034
838,737,1575
620,554,1174
543,914,1457
442,194,636
497,143,640
269,379,648
360,251,611
309,294,603
596,366,962
627,372,999
895,598,1493
53,779,832
865,540,1405
893,828,1721
107,258,365
94,10,104
190,64,254
452,915,1367
386,599,985
800,47,847
120,895,1015
11,349,360
235,257,492
593,366,959
240,307,547
358,279,637
509,879,1388
503,863,1366
790,934,1724
159,955,1114
588,697,1285
107,732,839
958,169,1127
395,676,1071
662,462,1124
852,221,1073
14,295,309
541,566,1107
958,198,1156
885,790,1675
515,28,543
696,130,826
510,596,1106
493,608,1101
560,1000,1560
397,766,1163
299,98,397
471,788,1259
833,577,1410
307,536,843
349,572,921
144,229,373
186,104,290
508,158,666
645,81,726
766,65,831
522,494,1016
791,376,1167
301,845,1146
229,758,987
70,471,541
531,119,650
781,460,1241
483,799,1282
830,766,1596
383,382,765
48,228,276
660,524,1184
855,324,1179
762,740,1502
845,236,1081
51,64,115
512,589,1101
103,834,937
594,469,1063
665,785,1450
875,342,1217
149,96,245
347,219,566
301,268,569
449,531,980
269,10,279
233,178,411
739,634,1373
895,738,1633
711,352,1063
218,81,299
277,897,1174
248,667,915
596,825,1421
726,914,1640
748,612,1360
77,487,564
907,868,1775
857,849,1706
282,94,376
266,696,962
779,253,1032
634,320,954
53,597,650
153,123,276
873,618,1491
769,933,1702
583,374,957
449,480,929
1,173,174
117,718,835
37,786,823
503,831,1334
803,418,1221
932,804,1736
615,850,1465
329,676,1005
848,402,1250
76,52,128
18,205,223
794,234,1028
950,882,1832
191,13,204
47,660,707
296,773,1069
963,845,1808
553,195,748
205,505,710
389,350,739
661,695,1356
100,72,172
705,91,796
962,21,983
432,575,1007
715,679,1394
705,579,1284
841,280,1121
355,504,859
595,758,1353
858,87,945
323,865,1188
911,546,1457
533,86,619
298,874,1172
534,881,1415
571,555,1126
247,681,928
725,240,965
19,2,21
307,512,819
360,219,579
699,537,1236
71,64,135
453,152,605
472,490,962
151,585,736
958,469,1427
621,716,1337
142,483,625
637,639,1276
600,703,1303
499,196,695
724,512,1236
915,610,1525
601,237,838
106,386,492
840,812,1652
221,830,1051
519,755,1274
762,411,1173
566,705,1271
14,438,452
843,180,1023
942,961,1903
141,996,1137
485,990,1475
951,47,998
715,64,779
346,304,650
786,19,805
965,62,1027
621,601,1222
614,833,1447
277,63,340
209,339,548
732,537,1269
417,86,503
329,881,1210
377,134,511
587,208,795
362,794,1156
699,356,1055
258,747,1005
931,387,1318
273,964,1237
194,416,610
52,1,53
833,692,1525
833,198,1031
848,141,989
461,252,713
574,439,1013
160,258,418
124,519,643
70,91,161
375,205,580
439,581,1020
41,4,45
184,947,1131
332,707,1039
842,753,1595
120,556,676
931,966,1897
956,265,1221
357,643,1000
778,478,1256
262,865,1127
317,99,416
965,176,1141
66,619,685
134,694,828
547,919,1466
698,190,888
256,638,894
459,592,1051
986,516,1502
416,755,1171
854,816,1670
398,492,890
503,79,582
692,30,722
915,103,1018
825,768,1593
71,135,206
848,500,1348
955,746,1701
211,671,882
405,389,794
461,315,776
745,45,790
575,356,931
739,900,1639
339,889,1228
891,877,1768
68,62,130
929,347,1276
746,176,922
854,418,1272
238,222,460
240,148,388
164,1,165
122,409,531
752,3,755
26,769,795
972,67,1039
461,403,864
558,915,1473
401,185,586
574,673,1247
951,80,1031
481,846,1327
865,83,948
449,463,912
589,640,1229
12,90,102
345,563,908
772,618,1390
249,109,358
120,79,199
825,954,1779
147,103,250
322,885,1207
506,0,506
748,600,1348
669,256,925
79,288,367
353,978,1331
608,434,1042
877,28,905
504,202,706
850,404,1254
61,514,575
515,96,611
815,207,1022
447,887,1334
132,710,842
890,988,1878
131,612,743
911,309,1220
935,349,1284
972,173,1145
536,474,1010
466,856,1322
789,575,1364
149,329,478
126,94,220
451,569,1020
463,107,570
688,984,1672
21,695,716
45,531,576
512,449,961
35,735,770
164,42,206
864,872,1736
43,753,796
229,402,631
593,199,792
688,707,1395
625,258,883
786,39,825
180,54,234
985,900,1885
514,722,1236
289,377,666
682,776,1458
518,885,1403
86,775,861
747,767,1514
291,978,1269
40,495,535
832,11,843
696,838,1534
519,396,915
127,121,248
914,512,1426
68,716,784
834,236,1070
570,781,1351
961,619,1580
364,732,1096
418,150,568
38,79,117
514,498,1012
202,386,588
620,92,712
24,583,607
713,627,1340
995,945,1940
792,375,1167
127,756,883
528,828,1356
679,456,1135
325,820,1145
189,294,483
686,62,748
691,988,1679
401,462,863
978,82,1060
824,199,1023
876,384,1260
534,707,1241
243,546,789
843,71,914
49,536,585
320,739,1059
823,58,881
670,47,717
911,104,1015
571,185,756
174,351,525
998,647,1645
426,985,1411
49,121,170
486,687,1173
546,40,586
599,340,939
190,147,337
20,245,265
480,262,742
321,644,965
11,971,982
434,559,993
316,977,1293
302,348,650
295,906,1201
215,61,276
186,306,492
615,793,1408
761,575,1336
745,183,928
215,262,477
860,125,985
866,618,1484
44,858,902
336,742,1078
349,337,686
717,915,1632
319,252,571
921,72,993
472,561,1033
918,39,957
72,703,775
719,964,1683
124,824,948
599,760,1359
127,862,989
246,571,817
141,526,667
255,819,1074
657,699,1356
962,63,1025
526,130,656
447,240,687
667,838,1505
14,328,342
447,482,929
892,528,1420
164,907,1071
220,660,880
961,538,1499
415,946,1361
691,256,947
546,165,711
118,961,1079
667,596,1263
403,736,1139
801,846,1647
424,451,875
618,328,946
529,58,587
870,50,920
512,860,1372
974,833,1807
372,106,478
382,616,998
298,949,1247
738,634,1372
467,590,1057
584,124,708
9,341,350
336,341,677
260,908,1168
775,525,1300
627,669,1296
582,284,866
570,232,802
362,619,981
198,557,755
153,459,612
251,257,508
294,618,912
136,40,176
540,237,777
874,361,1235
687,475,1162
157,118,275
653,851,1504
953,283,1236
202,559,761
841,285,1126
968,131,1099
414,721,1135
398,510,908
982,334,1316
428,800,1228
287,48,335
36,891,927
644,15,659
698,16,714
214,388,602
791,407,1198
730,178,908
527,518,1045
162,880,1042
569,967,1536
490,585,1075
128,952,1080
178,62,240
653,964,1617
990,426,1416
245,449,694
992,895,1887
679,134,813
607,875,1482
334,822,1156
728,70,798
283,548,831
676,129,805
54,807,861
122,850,972
349,690,1039
850,866,1716
217,368,585
109,711,820
45,912,957
297,24,321
936,204,1140
465,150,615
670,84,754
606,526,1132
617,938,1555
549,397,946
867,986,1853
425,879,1304
718,390,1108
681,574,1255
72,742,814
150,335,485
349,735,1084
590,597,1187
503,733,1236
21,909,930
459,328,787
369,584,953
715,999,1714
54,458,512
10,161,171
79,587,666
763,248,1011
493,122,615
614,491,1105
847,785,1632
943,403,1346
10,804,814
941,987,1928
289,625,914
394,473,867
52,592,644
866,880,1746
812,240,1052
267,248,515
670,126,796
104,159,263
260,207,467
71,464,535
204,744,948
528,836,1364
603,776,1379
224,223,447
689,41,730
371,571,942
426,108,534
194,659,853
701,550,1251
248,144,392
34,619,653
384,679,1063
255,660,915
194,795,989
309,914,1223
913,474,1387
774,881,1655
176,34,210
890,273,1163
514,619,1133
121,224,345
677,670,1347
338,114,452
153,692,845
419,365,784
597,736,1333
920,211,1131
331,46,377
1000,919,1919
738,435,1173
863,446,1309
206,437,643
211,827,1038
753,647,1400
384,540,924
544,784,1328
692,761,1453
288,590,878
228,462,690
884,602,1486
873,156,1029
718,746,1464
941,107,1048
185,663,848
66,105,171
632,781,1413
342,422,764
388,459,847
508,140,648
615,620,1235
233,851,1084
727,166,893
358,484,842
933,825,1758
952,593,1545
622,809,1431
628,851,1479
333,498,831
727,52,779
918,282,1200
300,404,704
199,370,569
595,826,1421
992,485,1477
313,711,1024
222,20,242
888,256,1144
280,827,1107
902,229,1131
758,331,1089
577,259,836
964,154,1118
507,60,567
228,702,930
580,747,1327
569,973,1542
100,281,381
699,558,1257
496,346,842
977,246,1223
347,356,703
908,348,1256
795,134,929
394,359,753
431,321,752
118,629,747
391,423,814
648,388,1036
609,699,1308
179,735,914
783,605,1388
625,536,1161
171,655,826
54,165,219
818,479,1297
459,495,954
489,642,1131
937,778,1715
749,868,1617
113,994,1107
473,977,1450
743,616,1359
455,900,1355
792,43,835
183,0,183
269,846,1115
711,991,1702
311,170,481
730,256,986
922,417,1339
171,991,1162
481,983,1464
688,948,1636
331,276,607
419,909,1328
742,490,1232
708,581,1289
237,73,310
926,174,1100
727,233,960
390,430,820
227,628,855
51,460,511
665,620,1285
818,503,1321
846,496,1342
412,332,744
190,930,1120
496,908,1404
96,707,803
863,985,1848
986,166,1152
456,257,713
46,789,835
500,354,854
669,735,1404
463,541,1004
677,932,1609
73,886,959
265,383,648
310,745,1055
94,211,305
908,212,1120
208,765,973
749,687,1436
679,6,685
137,303,440
438,966,1404
670,271,941
578,193,771
928,185,1113
393,71,464
990,713,1703
416,470,886
693,132,825
934,618,1552
27,595,622
771,127,898
918,815,1733
326,860,1186
490,906,1396
396,898,1294
698,842,1540
783,147,930
805,203,1008
205,291,496
434,306,740
665,509,1174
432,46,478
605,69,674
396,841,1237
771,996,1767
877,713,1590
302,365,667
795,147,942
35,872,907
862,471,1333
806,727,1533
590,939,1529
688,561,1249
697,519,1216
855,617,1472
769,465,1234
75,928,1003
236,13,249
393,388,781
608,689,1297
200,470,670
418,973,1391
262,5,267
708,806,1514
48,203,251
216,398,614
51,893,944
296,991,1287
86,571,657
362,274,636
719,259,978
564,848,1412
388,483,871
620,247,867
11,495,506
778,675,1453
751,733,1484
546,1,547
581,611,1192
888,35,923
821,443,1264
112,139,251
981,581,1562
155,631,786
102,666,768
251,673,924
298,316,614
269,273,542
290,91,381
847,726,1573
985,629,1614
363,616,979
747,672,1419
751,11,762
765,179,944
19,117,136
719,552,1271
33,21,54
7,731,738
392,704,1096
323,288,611
765,398,1163
687,699,1386
517,288,805
421,780,1201
448,45,493
500,251,751
363,321,684
384,141,525
972,932,1904
19,849,868
12,153,165
935,441,1376
700,244,944
567,608,1175
116,856,972
223,658,881
626,654,1280
703,758,1461
495,52,547
60,765,825
772,245,1017
76,250,326
36,755,791
205,336,541
499,193,692
525,332,857
257,468,725
870,909,1779
128,772,900
633,513,1146
546,481,1027
793,726,1519
188,283,471
746,330,1076
347,627,974
427,617,1044
220,997,1217
873,922,1795
704,617,1321
133,292,425
130,367,497
957,184,1141
8,343,351
151,158,309
63,950,1013
940,135,1075
374,780,1154
587,265,852
131,826,957
312,39,351
791,361,1152
181,517,698
826,382,1208
504,988,1492
470,803,1273
378,390,768
327,205,532
570,178,748
271,862,1133
955,23,978
238,91,329
349,611,960
735,892,1627
6,839,845
371,13,384
43,10,53
328,610,938
437,349,786
770,357,1127
276,595,871
106,105,211
475,519,994
606,810,1416
992,841,1833
951,731,1682
949,925,1874
550,969,1519
294,981,1275
211,28,239
287,326,613
980,369,1349
461,952,1413
281,371,652
822,636,1458
836,985,1821
189,11,200
705,8,713
635,977,1612
538,499,1037
753,954,1707
256,782,1038
748,449,1197
662,608,1270
574,672,1246
46,562,608
541,938,1479
52,429,481
401,435,836
483,121,604
705,769,1474
305,633,938
265,551,816
736,918,1654
41,965,1006
137,231,368
548,826,1374
936,256,1192
786,115,901
230,538,768
466,413,879
827,971,1798
515,798,1313
861,769,1630
196,598,794
529,534,1063
517,909,1426
993,530,1523
907,571,1478
570,347,917
35,438,473
571,127,698
273,433,706
12,348,360
764,100,864
458,749,1207
561,611,1172
991,325,1316
827,933,1760
64,878,942
23,887,910
517,304,821
504,503,1007
946,911,1857
101,677,778
918,917,1835
214,91,305
164,539,703
880,428,1308
508,219,727
378,387,765
774,340,1114
108,860,968
965,68,1033
640,771,1411
901,772,1673
782,194,976
723,379,1102
652,192,844
204,319,523
594,651,1245
163,130,293
362,728,1090
971,443,1414
907,589,1496
16,250,266
267,476,743
359,300,659
833,298,1131
604,378,982
544,161,705
728,978,1706
823,1,824
565,673,1238
53,560,613
674,115,789
705,738,1443
581,456,1037
344,946,1290
743,199,942
557,232,789
330,586,916
326,939,1265
610,334,944
436,683,1119
550,9,559
60,427,487
122,999,1121
711,726,1437
941,207,1148
830,53,883
963,604,1567
115,630,745
832,347,1179
208,256,464
62,714,776
725,395,1120
510,237,747
522,659,1181
724,950,1674
334,647,981
187,962,1149
279,673,952
102,617,719
520,163,683
210,819,1029
442,550,992
328,421,749
228,84,312
399,497,896
656,883,1539
105,193,298
308,574,882
243,144,387
421,206,627
553,871,1424
828,609,1437
11,243,254
253,478,731
314,678,992
193,730,923
216,588,804
138,547,685
324,46,370
484,502,986
690,775,1465
908,531,1439
203,193,396
535,957,1492
904,13,917
371,967,1338
655,910,1565
51,210,261
239,868,1107
825,311,1136
180,967,1147
574,649,1223
937,881,1818
309,52,361
436,490,926
502,837,1339
108,367,475
888,647,1535
268,610,878
176,372,548
934,930,1864
951,603,1554
362,92,454
444,702,1146
906,931,1837
418,121,539
660,712,1372
743,531,1274
288,953,1241
200,772,972
366,443,809
470,984,1454
833,711,1544
22,144,166
911,532,1443
359,426,785
709,159,868
804,241,1045
305,438,743
492,676,1168
503,43,546
358,252,610
494,524,1018
535,761,1296
264,219,483
300,821,1121
884,295,1179
790,916,1706
314,272,586
638,243,881
874,84,958
204,274,478
624,205,829
119,734,853
829,188,1017
223,363,586
575,352,927
767,578,1345
886,374,1260
444,154,598
292,57,349
625,965,1590
414,99,513
934,529,1463
731,952,1683
618,968,1586
768,491,1259
142,913,1055
169,364,533
217,730,947
911,378,1289
812,853,1665
335,324,659
596,565,1161
335,679,1014
369,616,985
819,173,992
462,504,966
620,541,1161
114,505,619
144,726,870
392,977,1369
962,152,1114
604,660,1264
237,185,422
631,806,1437
420,404,824
743,341,1084
612,345,957
652,46,698
310,798,1108
629,438,1067
923,135,1058
852,267,1119
362,457,819
567,964,1531
411,352,763
276,47,323
967,329,1296
244,712,956
171,222,393
864,921,1785
850,279,1129
436,294,730
873,184,1057
416,498,914
32,721,753
295,252,547
198,128,326
181,119,300
644,264,908
669,812,1481
314,443,757
282,96,378
629,709,1338
891,539,1430
349,660,1009
954,279,1233
938,943,1881
172,667,839
990,168,1158
931,705,1636
577,621,1198
282,79,361
716,84,800
314,967,1281
679,187,866
241,577,818
865,271,1136
196,489,685
101,60,161
884,862,1746
313,800,1113
685,45,730
367,413,780
956,304,1260
410,668,1078
478,293,771
518,364,882
537,292,829
227,594,821
442,815,1257
778,755,1533
162,52,214
89,162,251
986,80,1066
995,176,1171
145,137,282
192,82,274
923,237,1160
181,473,654
184,516,700
495,482,977
710,183,893
136,817,953
737,342,1079
512,984,1496
687,679,1366
349,445,794
68,144,212
147,423,570
176,991,1167
732,424,1156
291,225,516
457,610,1067
284,522,806
749,469,1218
56,653,709
163,834,997
133,720,853
641,822,1463
83,374,457
268,652,920
458,56,514
101,733,834
326,534,860
448,240,688
424,150,574
530,498,1028
649,798,1447
115,555,670
158,166,324
774,479,1253
624,846,1470
729,439,1168
767,111,878
686,99,785
733,383,1116
64,29,93
805,288,1093
421,269,690
546,913,1459
719,209,928
384,829,1213
866,66,932
483,811,1294
269,895,1164
767,444,1211
233,864,1097
346,207,553
46,286,332
581,712,1293
359,387,746
346,827,1173
11,535,546
205,109,314
704,755,1459
694,150,844
650,882,1532
3,671,674
832,809,1641
53,698,751
933,669,1602
957,382,1339
788,987,1775
399,213,612
210,743,953
347,329,676
86,305,391
723,308,1031
962,569,1531
251,746,997
427,625,1052
497,218,715
315,465,780
162,124,286
783,989,1772
546,227,773
188,355,543
343,933,1276
353,505,858
650,770,1420
843,297,1140
242,329,571
557,532,1089
670,326,996
34,957,991
385,150,535
868,14,882
926,460,1386
198,198,396
998,249,1247
702,479,1181
287,775,1062
596,361,957
214,84,298
99,316,415
107,551,658
335,875,1210
631,806,1437
772,124,896
340,414,754
248,336,584
414,208,622
979,28,1007
7,787,794
769,40,809
930,197,1127
500,396,896
821,31,852
132,657,789
127,540,667
871,234,1105
852,951,1803
368,338,706
226,823,1049
906,559,1465
814,77,891
520,158,678
879,603,1482
613,16,629
196,487,683
916,661,1577
479,840,1319
912,480,1392
67,331,398
357,405,762
875,166,1041
585,338,923
102,935,1037
52,934,986
123,922,1045
291,925,1216
204,668,872
749,263,1012
690,761,1451
248,866,1114
700,344,1044
233,208,441
699,693,1392
456,718,1174
896,326,1222
802,960,1762
754,64,818
105,313,418
847,174,1021
594,729,1323
835,531,1366
919,8,927
154,260,414
670,464,1134
657,319,976
932,913,1845
940,1000,1940
426,578,1004
818,987,1805
171,342,513
786,923,1709
169,99,268
370,546,916
593,171,764
694,110,804
808,868,1676
439,831,1270
451,484,935
760,635,1395
598,873,1471
194,606,800
322,867,1189
561,133,694
240,803,1043
637,758,1395
290,540,830
618,493,1111
957,347,1304
175,794,969
542,3,545
739,52,791
326,802,1128
332,242,574
943,759,1702
522,396,918
946,516,1462
568,736,1304
82,3,85
573,875,1448
905,368,1273
686,977,1663
774,176,950
269,724,993
800,196,996
694,671,1365
373,55,428
395,686,1081
838,634,1472
399,745,1144
207,287,494
741,39,780
907,960,1867
87,694,781
821,906,1727
159,591,750
443,768,1211
242,940,1182
693,408,1101
447,272,719
788,944,1732
103,445,548
652,208,860
761,591,1352
849,208,1057
369,367,736
59,35,94
80,754,834
934,396,1330
371,655,1026
98,963,1061
14,230,244
891,234,1125
975,524,1499
842,518,1360
272,282,554
957,357,1314
215,593,808
957,947,1904
799,185,984
9,750,759
566,502,1068
454,106,560
59,559,618
943,761,1704
820,492,1312
160,380,540
573,656,1229
26,622,648
218,208,426
55,533,588
685,149,834
180,715,895
811,581,1392
783,516,1299
229,89,318
23,990,1013
486,736,1222
174,972,1146
506,961,1467
249,44,293
1000,101,1101
702,546,1248
6,268,274
642,793,1435
309,803,1112
424,213,637
69,395,464
576,279,855
602,800,1402
271,587,858
592,973,1565
674,440,1114
323,233,556
843,249,1092
586,695,1281
99,572,671
974,612,1586
578,725,1303
366,364,730
569,304,873
167,346,513
448,792,1240
757,324,1081
275,576,851
715,766,1481
89,650,739
960,318,1278
924,554,1478
238,835,1073
494,634,1128
195,756,951
265,909,1174
384,528,912
246,506,752
990,707,1697
1,709,710
28,140,168
334,129,463
904,544,1448
13,428,441
16,194,210
423,655,1078
344,907,1251
979,955,1934
390,594,984
701,632,1333
252,338,590
391,771,1162
581,754,1335
581,893,1474
372,723,1095
993,920,1913
918,492,1410
918,589,1507
932,780,1712
627,925,1552
584,810,1394
994,624,1618
558,996,1554
644,972,1616
666,413,1079
583,999,1582
367,699,1066
816,611,1427
420,819,1239
888,732,1620
59,808,867
768,154,922
719,880,1599
580,815,1395
350,339,689
983,895,1878
313,267,580
750,372,1122
838,19,857
85,842,927
510,379,889
213,515,728
46,622,668
339,640,979
530,869,1399
330,475,805
672,719,1391
489,361,850
253,770,1023
732,139,871
342,148,490
149,861,1010
373,359,732
403,797,1200
99,729,828
378,989,1367
198,709,907
534,637,1171
475,431,906
88,300,388
593,669,1262
744,405,1149
140,879,1019
435,189,624
865,791,1656
942,790,1732
364,923,1287
839,633,1472
744,145,889
527,904,1431
781,592,1373
574,918,1492
626,695,1321
743,215,958
38,147,185
229,295,524
822,211,1033
112,574,686
470,810,1280
177,168,345
913,979,1892
321,266,587
16,388,404
519,545,1064
759,564,1323
132,288,420
350,125,475
540,539,1079
546,437,983
646,800,1446
714,870,1584
888,814,1702
670,907,1577
799,795,1594
862,996,1858
108,958,1066
696,131,827
604,59,663
657,964,1621
546,292,838
879,723,1602
875,743,1618
957,176,1133
803,921,1724
274,421,695
392,152,544
434,120,554
541,761,1302
627,145,772
529,880,1409
238,225,463
837,1,838
70,79,149
731,453,1184
8,252,260
869,403,1272
83,643,726
564,245,809
623,281,904
707,302,1009
490,340,830
56,838,894
923,701,1624
521,754,1275
765,433,1198
782,27,809
572,195,767
498,309,807
861,351,1212
138,416,554
472,716,1188
726,428,1154
38,47,85
229,370,599
622,789,1411
307,353,660
779,680,1459
960,874,1834
841,31,872
557,673,1230
672,89,761
692,305,997
748,220,968
85,144,229
382,63,445
981,49,1030
953,346,1299
247,523,770
34,724,758
85,827,912
209,717,926
589,464,1053
819,853,1672
256,840,1096
161,472,633
796,693,1489
671,7,678
129,612,741
387,835,1222
735,31,766
162,753,915
754,165,919
482,703,1185
340,423,763
388,558,946
379,699,1078
354,176,530
22,985,1007
949,434,1383
883,796,1679
754,380,1134
806,324,1130
548,188,736
894,335,1229
857,967,1824
340,144,484
757,177,934
491,440,931
810,474,1284
536,932,1468
822,55,877
61,709,770
936,717,1653
822,559,1381
34,327,361
175,961,1136
943,287,1230
835,409,1244
555,351,906
881,665,1546
487,754,1241
69,85,154
455,262,717
46,994,1040
526,540,1066
861,246,1107
540,421,961
538,753,1291
265,670,935
415,829,1244
646,280,926
459,301,760
373,414,787
858,872,1730
838,843,1681
788,58,846
358,198,556
996,851,1847
617,347,964
791,574,1365
126,601,727
532,711,1243
36,652,688
22,104,126
28,376,404
124,972,1096
348,421,769
779,436,1215
328,145,473
220,263,483
958,813,1771
263,250,513
224,27,251
818,237,1055
714,371,1085
761,120,881
103,698,801
114,536,650
285,437,722
308,281,589
494,241,735
774,830,1604
356,73,429
62,382,444
285,871,1156
151,597,748
908,146,1054
342,266,608
395,255,650
484,294,778
487,709,1196
119,340,459
186,687,873
344,287,631
722,132,854
718,997,1715
263,345,608
94,903,997
664,766,1430
717,133,850
492,364,856
304,927,1231
28,890,918
245,956,1201
617,891,1508
578,188,766
353,55,408
538,633,1171
142,106,248
885,526,1411
57,760,817
972,373,1345
987,410,1397
858,161,1019
337,217,554
99,410,509
359,354,713
981,397,1378
23,629,652
488,320,808
662,46,708
44,974,1018
910,398,1308
939,275,1214
157,106,263
71,262,333
85,191,276
203,505,708
517,131,648
423,420,843
615,642,1257
268,2,270
311,34,345
435,79,514
694,951,1645
386,160,546
307,123,430
189,133,322
998,791,1789
861,388,1249
61,804,865
490,721,1211
179,367,546
741,371,1112
670,956,1626
16,623,639
162,806,968
721,719,1440
387,686,1073
498,160,658
827,548,1375
123,418,541
636,723,1359
615,102,717
82,957,1039
138,681,819
663,526,1189
344,316,660
69,777,846
211,732,943
899,723,1622
187,969,1156
132,681,813
530,783,1313
102,254,356
956,5,961
926,392,1318
969,406,1375
590,611,1201
453,930,1383
679,826,1505
427,39,466
825,314,1139
971,389,1360
889,161,1050
801,684,1485
215,515,730
775,521,1296
706,112,818
519,452,971
22,179,201
773,764,1537
202,262,464
482,536,1018
593,316,909
761,479,1240
369,8,377
379,817,1196
653,712,1365
570,326,896
209,874,1083
182,552,734
289,165,454
897,187,1084
966,212,1178
721,668,1389
390,210,600
954,42,996
295,670,965
567,925,1492
613,156,769
391,944,1335
352,729,1081
825,989,1814
194,53,247
224,335,559
564,59,623
779,530,1309
908,139,1047
178,0,178
139,741,880
694,438,1132
672,423,1095
119,44,163
649,152,801
405,159,564
641,387,1028
305,138,443
574,137,711
964,778,1742
44,559,603
239,572,811
106,896,1002
357,249,606
208,169,377
723,16,739
627,422,1049
831,175,1006
431,280,711
217,687,904
776,467,1243
600,913,1513
874,102,976
708,56,764
905,916,1821
592,88,680
524,554,1078
920,45,965
681,213,894
35,694,729
88,928,1016
389,890,1279
931,167,1098
825,882,1707
514,945,1459
366,440,806
44,685,729
907,368,1275
879,159,1038
825,729,1554
593,582,1175
881,829,1710
699,875,1574
168,305,473
698,44,742
303,948,1251
196,596,792
480,728,1208
442,821,1263
137,952,1089
1000,311,1311
560,510,1070
328,716,1044
689,968,1657
225,599,824
968,234,1202
600,555,1155
523,481,1004
74,60,134
240,335,575
980,444,1424
664,403,1067
978,684,1662
8,612,620
928,254,1182
564,337,901
343,842,1185
460,507,967
988,874,1862
311,338,649
488,212,700
909,687,1596
360,869,1229
837,2,839
758,406,1164
603,481,1084
998,423,1421
699,879,1578
198,475,673
956,795,1751
559,667,1226
507,185,692
613,671,1284
565,816,1381
192,14,206
251,38,289
825,40,865
537,760,1297
200,315,515
595,125,720
260,364,624
901,907,1808
419,768,1187
205,918,1123
292,90,382
631,816,1447
67,508,575
243,978,1221
547,993,1540
71,113,184
31,705,736
87,885,972
302,118,420
784,530,1314
850,756,1606
519,350,869
446,108,554
232,943,1175
771,224,995
323,373,696
878,39,917
811,537,1348
466,509,975
124,372,496
182,742,924
275,907,1182
856,944,1800
766,882,1648
225,895,1120
76,763,839
478,356,834
565,989,1554
668,236,904
251,239,490
156,293,449
105,5,110
682,0,682
663,177,840
234,161,395
504,57,561
205,25,230
831,121,952
211,686,897
773,308,1081
93,946,1039
336,791,1127
682,837,1519
618,208,826
560,475,1035
44,848,892
768,905,1673
176,705,881
175,41,216
548,633,1181
127,497,624
617,715,1332
144,653,797
179,917,1096
445,811,1256
945,396,1341
424,251,675
456,497,953
456,758,1214
523,919,1442
944,8,952
419,841,1260
340,163,503
199,207,406
308,369,677
733,809,1542
296,810,1106
797,50,847
628,822,1450
693,401,1094
345,402,747
200,386,586
226,678,904
531,667,1198
482,169,651
515,257,772
296,757,1053
31,355,386
947,137,1084
47,489,536
391,174,565
406,437,843
860,543,1403
658,290,948
168,299,467
853,413,1266
736,906,1642
87,633,720
460,756,1216
235,846,1081
593,138,731
146,1,147
441,527,968
85,1,86
148,761,909
149,487,636
994,515,1509
634,331,965
167,139,306
631,223,854
899,633,1532
426,37,463
651,622,1273
846,301,1147
683,386,1069
656,238,894
804,493,1297
522,678,1200
599,562,1161
218,787,1005
362,861,1223
381,270,651
733,58,791
565,964,1529
460,979,1439
965,453,1418
319,845,1164
350,770,1120
173,218,391
901,641,1542
678,107,785
730,886,1616
559,309,868
813,622,1435
999,333,1332
592,539,1131
652,592,1244
472,286,758
322,631,953
147,412,559
862,868,1730
629,354,983
236,518,754
594,743,1337
138,843,981
568,180,748
527,539,1066
500,707,1207
808,680,1488
86,815,901
144,538,682
666,450,1116
755,965,1720
860,842,1702
321,495,816
823,846,1669
877,624,1501
279,240,519
152,470,622
692,970,1662
115,996,1111
136,437,573
957,611,1568
197,174,371
937,726,1663
32,213,245
125,3,128
288,749,1037
491,684,1175
173,239,412
435,789,1224
714,192,906
600,669,1269
640,658,1298
973,774,1747
48,828,876
456,625,1081
853,833,1686
930,327,1257
55,265,320
670,483,1153
358,778,1136
215,448,663
893,700,1593
893,706,1599
215,510,725
164,500,664
435,876,1311
72,641,713
637,751,1388
590,375,965
98,465,563
559,132,691
696,65,761
476,402,878
382,542,924
798,212,1010
237,126,363
578,739,1317
102,562,664
179,726,905
334,489,823
827,779,1606
24,215,239
720,212,932
978,2,980
191,94,285
891,913,1804
930,364,1294
460,932,1392
611,579,1190
390,328,718
452,214,666
243,511,754
354,564,918
778,815,1593
3,242,245
12,692,704
30,463,493
130,963,1093
174,899,1073
158,658,816
392,452,844
411,495,906
519,743,1262
187,518,705
405,550,955
518,37,555
472,26,498
539,888,1427
619,411,1030
473,183,656
455,670,1125
12,358,370
50,128,178
522,232,754
43,551,594
22,592,614
107,12,119
4,58,62
320,431,751
464,291,755
828,567,1395
435,426,861
150,146,296
281,486,767
29,122,151
725,23,748
231,814,1045
504,783,1287
199,968,1167
920,180,1100
582,223,805
773,618,1391
328,709,1037
507,577,1084
238,326,564
558,869,1427
708,844,1552
1000,629,1629
80,464,544
729,784,1513
539,912,1451
207,224,431
294,798,1092
383,719,1102
902,125,1027
361,555,916
141,725,866
694,971,1665
560,346,906
117,801,918
162,893,1055
727,387,1114
297,746,1043
625,81,706
513,461,974
554,928,1482
273,731,1004
538,100,638
199,731,930
507,166,673
96,419,515
947,590,1537
351,591,942
203,468,671
411,771,1182
966,47,1013
769,946,1715
24,700,724
649,103,752
408,109,517
497,622,1119
136,827,963
53,728,781
882,865,1747
457,379,836
964,313,1277
96,23,119
240,128,368
68,414,482
414,293,707
355,203,558
660,694,1354
445,779,1224
591,185,776
164,751,915
944,618,1562
987,121,1108
976,923,1899
519,35,554
965,773,1738
577,106,683
104,933,1037
287,71,358
453,948,1401
215,496,711
494,562,1056
297,513,810
35,213,248
226,702,928
933,955,1888
840,4,844
36,645,681
623,704,1327
105,75,180
466,161,627
702,310,1012
408,712,1120
442,585,1027
505,387,892
496,510,1006
589,665,1254
492,670,1162
923,907,1830
400,8,408
852,475,1327
223,145,368
127,637,764
56,82,138
501,801,1302
6,60,66
488,282,770
721,302,1023
267,195,462
296,381,677
171,484,655
449,804,1253
477,813,1290
655,389,1044
682,377,1059
985,92,1077
71,778,849
742,197,939
131,718,849
700,116,816
435,751,1186
103,886,989
513,723,1236
360,297,657
742,975,1717
198,225,423
437,785,1222
626,657,1283
428,516,944
338,67,405
911,591,1502
702,211,913
332,911,1243
897,467,1364
767,640,1407
302,335,637
543,825,1368
745,823,1568
7,521,528
891,451,1342
770,76,846
234,999,1233
779,158,937
397,218,615
628,955,1583
815,620,1435
139,999,1138
841,406,1247
169,753,922
559,592,1151
561,727,1288
88,23,111
795,891,1686
896,649,1545
229,212,441
165,944,1109
177,458,635
584,978,1562
626,47,673
42,214,256
580,379,959
152,537,689
929,809,1738
860,296,1156
755,513,1268
880,370,1250
346,803,1149
705,886,1591
255,939,1194
663,385,1048
868,620,1488
305,791,1096
385,116,501
315,613,928
757,485,1242
137,416,553
139,713,852
798,670,1468
754,475,1229
749,125,874
687,376,1063
48,53,101
380,215,595
755,920,1675
48,865,913
844,314,1158
690,356,1046
980,257,1237
930,164,1094
972,724,1696
175,94,269
294,151,445
515,559,1074
555,343,898
336,981,1317
38,512,550
666,951,1617
476,73,549
836,394,1230
382,983,1365
861,107,968
540,928,1468
162,907,1069
930,806,1736
91,31,122
277,989,1266
895,533,1428
32,912,944
227,138,365
945,349,1294
104,123,227
890,858,1748
969,854,1823
89,14,103
108,196,304
39,312,351
569,864,1433
486,422,908
372,308,680
789,258,1047
946,757,1703
210,459,669
620,745,1365
969,919,1888
821,518,1339
221,549,770
886,102,988
184,553,737
896,770,1666
299,249,548
278,626,904
686,352,1038
5,98,103
644,45,689
671,900,1571
139,490,629
728,925,1653
760,165,925
478,828,1306
654,84,738
133,11,144
65,61,126
843,891,1734
592,533,1125
690,553,1243
107,813,920
87,31,118
200,537,737
503,834,1337
158,990,1148
621,703,1324
540,256,796
123,704,827
942,685,1627
740,944,1684
713,543,1256
940,991,1931
84,729,813
125,202,327
510,282,792
91,387,478
242,977,1219
200,790,990
345,143,488
836,610,1446
370,474,844
425,127,552
432,29,461
322,1000,1322
469,12,481
705,319,1024
298,796,1094
874,365,1239
916,343,1259
434,165,599
398,968,1366
882,91,973
651,262,913
388,351,739
956,748,1704
95,13,108
392,962,1354
379,446,825
885,945,1830
789,721,1510
362,453,815
708,752,1460
402,719,1121
566,529,1095
228,297,525
194,803,997
192,126,318
434,120,554
940,444,1384
343,572,915
490,667,1157
528,253,781
640,888,1528
561,637,1198
765,559,1324
762,316,1078
561,27,588
534,310,844
279,36,315
814,374,1188
647,201,848
633,68,701
471,360,831
420,588,1008
442,68,510
488,429,917
263,650,913
875,307,1182
790,887,1677
758,341,1099
1000,174,1174
263,549,812
889,941,1830
92,702,794
955,944,1899
372,964,1336
841,462,1303
232,502,734
341,186,527
646,222,868
153,950,1103
195,887,1082
569,137,706
175,303,478
340,942,1282
871,941,1812
147,735,882
845,665,1510
821,289,1110
14,469,483
186,701,887
763,301,1064
812,831,1643
337,169,506
74,289,363
287,371,658
156,126,282
444,179,623
535,913,1448
392,684,1076
566,117,683
618,875,1493
802,105,907
739,379,1118
754,507,1261
994,395,1389
514,22,536
324,478,802
280,840,1120
971,328,1299
788,75,863
25,275,300
60,31,91
333,70,403
716,766,1482
528,160,688
392,108,500
428,943,1371
713,371,1084
892,261,1153
598,247,845
523,867,1390
827,459,1286
679,672,1351
205,540,745
142,37,179
54,836,890
8,994,1002
217,382,599
604,409,1013
289,41,330
927,929,1856
899,256,1155
83,829,912
897,854,1751
652,728,1380
966,200,1166
534,309,843
503,603,1106
344,303,647
992,62,1054
583,459,1042
428,215,643
181,16,197
619,637,1256
128,306,434
352,98,450
645,484,1129
209,756,965
512,188,700
549,996,1545
253,725,978
120,98,218
25,108,133
778,217,995
737,445,1182
549,314,863
796,665,1461
957,673,1630
688,494,1182
638,229,867
772,193,965
878,53,931
422,874,1296
128,489,617
309,34,343
892,21,913
650,429,1079
818,289,1107
189,217,406
92,625,717
536,577,1113
253,492,745
55,562,617
20,731,751
299,837,1136
970,756,1726
249,554,803
499,896,1395
852,264,1116
163,184,347
731,196,927
4,608,612
592,956,1548
394,541,935
457,294,751
446,496,942
107,46,153
413,13,426
108,681,789
947,656,1603
507,62,569
126,565,691
811,938,1749
486,387,873
505,655,1160
679,172,851
78,481,559
191,182,373
744,76,820
743,700,1443
716,44,760
853,12,865
963,902,1865
427,639,1066
256,919,1175
169,533,702
823,379,1202
201,230,431
618,310,928
635,593,1228
774,594,1368
650,627,1277
829,765,1594
396,13,409
696,830,1526
91,524,615
481,706,1187
858,797,1655
212,103,315
413,187,600
313,594,907
3,805,808
700,221,921
527,975,1502
631,233,864
266,69,335
942,354,1296
588,33,621
900,648,1548
667,49,716
458,573,1031
131,412,543
363,455,818
805,742,1547
20,716,736
321,759,1080
983,775,1758
815,955,1770
237,197,434
432,726,1158
440,720,1160
278,21,299
689,613,1302
131,559,690
2,940,942
351,289,640
658,77,735
848,578,1426
476,859,1335
737,795,1532
967,691,1658
963,683,1646
676,666,1342
446,213,659
484,670,1154
149,101,250
470,634,1104
510,224,734
198,311,509
844,566,1410
550,655,1205
933,204,1137
589,80,669
420,229,649
157,636,793
915,179,1094
931,391,1322
387,812,1199
617,622,1239
638,138,776
190,785,975
116,106,222
753,528,1281
2,674,676
57,906,963
139,773,912
184,368,552
684,644,1328
754,43,797
315,570,885
42,157,199
102,990,1092
394,835,1229
289,35,324
806,504,1310
890,511,1401
530,294,824
642,938,1580
107,940,1047
527,498,1025
234,943,1177
542,879,1421
266,336,602
715,225,940
467,515,982
273,324,597
529,830,1359
698,562,1260
720,192,912
657,655,1312
555,994,1549
125,221,346
165,402,567
146,752,898
520,360,880
519,609,1128
568,796,1364
290,267,557
921,806,1727
356,733,1089
962,820,1782
844,716,1560
62,154,216
446,396,842
942,358,1300
914,793,1707
68,227,295
324,189,513
542,590,1132
664,581,1245
674,863,1537
446,517,963
133,280,413
109,243,352
998,486,1484
358,667,1025
372,62,434
390,457,847
625,9,634
196,518,714
656,899,1555
950,460,1410
318,385,703
889,187,1076
138,630,768
249,779,1028
388,889,1277
491,142,633
929,13,942
97,621,718
79,592,671
215,374,589
881,127,1008
104,7,111
35,95,130
258,317,575
451,86,537
351,446,797
264,111,375
663,554,1217
763,403,1166
903,603,1506
627,583,1210
232,814,1046
438,794,1232
47,694,741
987,998,1985
495,115,610
612,156,768
667,633,1300
773,196,969
456,627,1083
222,310,532
899,688,1587
169,743,912
238,122,360
989,216,1205
855,250,1105
569,972,1541
793,526,1319
111,223,334
842,242,1084
37,694,731
221,142,363
169,423,592
345,22,367
739,268,1007
522,826,1348
149,781,930
443,963,1406
385,737,1122
584,246,830
505,983,1488
27,700,727
655,632,1287
120,668,788
912,428,1340
344,546,890
405,14,419
306,280,586
158,302,460
322,142,464
0,834,834
815,635,1450
209,859,1068
467,132,599
885,78,963
822,904,1726
377,776,1153
611,272,883
121,894,1015
836,901,1737
810,757,1567
154,358,512
366,273,639
346,821,1167
402,933,1335
250,478,728
418,788,1206
133,850,983
309,856,1165
319,916,1235
2,622,624
103,229,332
14,388,402
765,264,1029
669,695,1364
112,330,442
336,641,977
958,504,1462
734,769,1503
482,709,1191
356,487,843
623,88,711
373,684,1057
880,857,1737
237,442,679
19,645,664
698,662,1360
438,87,525
698,949,1647
312,982,1294
113,209,322
372,62,434
170,730,900
320,711,1031
670,702,1372
449,95,544
876,372,1248
599,550,1149
722,836,1558
973,443,1416
149,111,260
924,249,1173
10,562,572
885,431,1316
958,94,1052
740,85,825
421,546,967
419,965,1384
652,542,1194
978,637,1615
538,379,917
423,805,1228
70,375,445
71,528,599
886,801,1687
637,915,1552
514,486,1000
16,260,276
300,755,1055
375,342,717
194,571,765
994,825,1819
147,775,922
230,754,984
992,608,1600
469,522,991
535,625,1160
428,716,1144
91,47,138
476,762,1238
35,949,984
86,591,677
531,545,1076
414,3,417
749,301,1050
853,572,1425
112,255,367
222,784,1006
51,170,221
690,963,1653
842,981,1823
422,853,1275
615,895,1510
633,2,635
639,242,881
127,501,628
375,520,895
297,723,1020
509,918,1427
368,358,726
494,962,1456
49,635,684
756,499,1255
706,581,1287
124,338,462
324,354,678
770,793,1563
780,697,1477
918,261,1179
63,830,893
533,226,759
895,30,925
491,614,1105
104,748,852
735,83,818
533,661,1194
318,551,869
266,618,884
208,75,283
495,844,1339
948,677,1625
754,211,965
7,579,586
893,97,990
313,212,525
111,793,904
569,907,1476
349,437,786
746,912,1658
950,479,1429
54,867,921
785,301,1086
831,507,1338
114,934,1048
843,433,1276
309,638,947
524,732,1256
194,335,529
515,791,1306
740,133,873
978,129,1107
196,313,509
927,446,1373
361,672,1033
2,402,404
452,250,702
491,239,730
963,736,1699
933,827,1760
690,912,1602
216,335,551
616,773,1389
746,87,833
743,883,1626
85,16,101
480,557,1037
333,201,534
818,681,1499
855,941,1796
940,321,1261
343,520,863
379,112,491
239,137,376
359,539,898
964,699,1663
200,136,336
527,8,535
695,517,1212
747,479,1226
857,180,1037
769,814,1583
59,482,541
940,572,1512
32,744,776
157,857,1014
508,439,947
647,104,751
245,952,1197
814,209,1023
780,335,1115
556,879,1435
333,718,1051
406,369,775
323,592,915
558,470,1028
214,338,552
761,205,966
732,877,1609
873,908,1781
784,452,1236
839,796,1635
644,541,1185
24,742,766
914,61,975
848,400,1248
511,541,1052
289,573,862
679,684,1363
536,326,862
204,444,648
639,181,820
296,47,343
316,212,528
249,699,948
572,137,709
303,753,1056
909,502,1411
483,227,710
70,680,750
727,734,1461
563,81,644
980,730,1710
62,366,428
214,475,689
640,238,878
696,477,1173
619,632,1251
568,801,1369
717,54,771
496,552,1048
402,808,1210
346,343,689
907,567,1474
700,738,1438
3,369,372
861,579,1440
927,747,1674
827,163,990
560,659,1219
909,888,1797
680,368,1048
532,850,1382
953,302,1255
821,55,876
777,856,1633
147,152,299
418,537,955
392,338,730
50,578,628
842,862,1704
632,327,959
21,157,178
702,170,872
372,295,667
389,525,914
226,147,373
931,867,1798
597,919,1516
978,654,1632
878,642,1520
998,82,1080
291,125,416
632,552,1184
422,927,1349
537,205,742
945,814,1759
586,263,849
373,633,1006
610,528,1138
597,439,1036
116,35,151
727,29,756
252,293,545
261,195,456
381,478,859
317,374,691
850,73,923
330,373,703
687,151,838
993,408,1401
983,585,1568
583,947,1530
934,229,1163
507,498,1005
272,845,1117
300,689,989
300,635,935
639,127,766
980,250,1230
277,212,489
21,229,250
292,106,398
262,708,970
62,365,427
325,909,1234
144,493,637
167,445,612
476,877,1353
553,478,1031
94,803,897
904,819,1723
564,988,1552
128,444,572
801,68,869
430,18,448
952,982,1934
730,41,771
48,743,791
766,486,1252
283,840,1123
996,291,1287
404,170,574
427,155,582
902,830,1732
430,772,1202
780,249,1029
448,873,1321
540,319,859
465,465,930
347,436,783
994,474,1468
446,261,707
959,457,1416
956,871,1827
171,176,347
823,617,1440
523,859,1382
685,644,1329
96,890,986
156,826,982
28,837,865
143,533,676
628,92,720
407,328,735
693,70,763
952,876,1828
126,363,489
633,572,1205
228,742,970
209,751,960
189,427,616
980,135,1115
656,520,1176
983,386,1369
742,472,1214
10,640,650
922,968,1890
708,962,1670
467,768,1235
625,166,791
438,818,1256
954,39,993
178,871,1049
134,655,789
684,187,871
366,125,491
273,637,910
892,2,894
10,700,710
261,869,1130
283,13,296
181,755,936
232,902,1134
437,71,508
565,382,947
690,92,782
964,478,1442
146,559,705
437,293,730
779,694,1473
899,161,1060
931,748,1679
461,847,1308
230,901,1131
485,12,497
898,533,1431
969,34,1003
662,342,1004
3,153,156
720,632,1352
6,348,354
383,308,691
463,364,827
379,655,1034
61,619,680
81,268,349
685,208,893
422,271,693
486,422,908
911,859,1770
490,15,505
811,391,1202
37,206,243
749,99,848
150,633,783
768,829,1597
580,675,1255
774,839,1613
538,27,565
98,427,525
249,631,880
789,390,1179
764,209,973
888,576,1464
760,794,1554
602,794,1396
53,321,374
351,931,1282
271,326,597
816,722,1538
439,700,1139
985,337,1322
840,384,1224
482,925,1407
365,74,439
163,4,167
495,486,981
789,426,1215
321,323,644
685,300,985
23,474,497
358,868,1226
254,807,1061
930,644,1574
495,829,1324
329,740,1069
307,820,1127
341,343,684
850,13,863
458,945,1403
395,968,1363
99,520,619
326,778,1104
47,6,53
620,27,647
692,228,920
928,810,1738
752,521,1273
711,234,945
273,35,308
574,951,1525
770,216,986
78,132,210
668,950,1618
655,941,1596
903,987,1890
410,817,1227
629,394,1023
700,591,1291
840,678,1518
831,892,1723
392,322,714
145,89,234
992,120,1112
641,655,1296
135,907,1042
59,158,217
999,970,1969
960,598,1558
169,24,193
35,493,528
910,251,1161
535,749,1284
216,442,658
97,840,937
645,773,1418
587,399,986
27,632,659
964,452,1416
778,937,1715
118,926,1044
348,444,792
553,5,558
171,223,394
130,704,834
423,201,624
473,935,1408
972,156,1128
249,867,1116
192,579,771
195,774,969
443,975,1418
682,420,1102
37,532,569
588,771,1359
174,490,664
166,419,585
452,568,1020
249,86,335
775,594,1369
290,164,454
293,584,877
55,746,801
936,624,1560
529,163,692
429,211,640
278,958,1236
65,661,726
73,749,822
655,392,1047
432,777,1209
687,855,1542
896,172,1068
583,316,899
537,271,808
307,343,650
396,559,955
484,792,1276
924,247,1171
410,804,1214
341,972,1313
639,544,1183
865,803,1668
185,437,622
247,131,378
243,764,1007
575,687,1262
132,629,761
492,710,1202
920,530,1450
113,76,189
649,198,847
150,657,807
557,348,905
72,619,691
184,240,424
587,987,1574
277,601,878
747,718,1465
457,519,976
285,420,705
992,215,1207
527,940,1467
232,793,1025
589,983,1572
122,986,1108
983,339,1322
284,556,840
98,410,508
570,412,982
856,732,1588
367,400,767
228,691,919
637,983,1620
382,437,819
389,123,512
448,372,820
144,963,1107
302,932,1234
80,976,1056
546,324,870
278,5,283
629,452,1081
663,339,1002
92,137,229
514,366,880
642,23,665
528,290,818
620,437,1057
903,214,1117
116,447,563
778,610,1388
507,911,1418
376,31,407
88,156,244
227,92,319
246,782,1028
495,818,1313
628,502,1130
431,721,1152
19,528,547
306,190,496
29,964,993
587,979,1566
415,82,497
716,7,723
532,409,941
487,720,1207
629,394,1023
380,707,1087
796,525,1321
89,402,491
137,234,371
537,663,1200
549,687,1236
636,498,1134
860,778,1638
602,617,1219
259,983,1242
318,27,345
408,117,525
576,827,1403
413,385,798
573,506,1079
77,824,901
616,127,743
253,708,961
209,259,468
3,479,482
793,665,1458
536,97,633
445,669,1114
1,612,613
767,584,1351
495,523,1018
105,227,332
14,56,70
962,347,1309
527,836,1363
45,629,674
114,934,1048
640,17,657
713,386,1099
593,230,823
319,267,586
331,897,1228
897,66,963
803,439,1242
138,755,893
648,555,1203
625,118,743
497,502,999
576,7,583
677,98,775
951,967,1918
346,771,1117
128,635,763
339,115,454
881,447,1328
31,887,918
480,692,1172
644,759,1403
417,125,542
38,194,232
318,590,908
384,256,640
21,589,610
721,364,1085
857,437,1294
100,82,182
600,993,1593
23,688,711
599,227,826
622,722,1344
550,394,944
704,289,993
991,333,1324
321,784,1105
267,802,1069
759,170,929
598,974,1572
14,113,127
263,232,495
242,42,284
27,205,232
826,609,1435
555,896,1451
199,857,1056
50,356,406
392,542,934
742,830,1572
229,749,978
51,663,714
159,155,314
990,510,1500
491,106,597
944,207,1151
774,919,1693
894,911,1805
193,176,369
44,977,1021
21,846,867
813,271,1084
611,180,791
62,880,942
822,680,1502
453,707,1160
165,696,861
461,721,1182
263,771,1034
846,524,1370
681,730,1411
316,764,1080
751,597,1348
991,898,1889
92,234,326
318,821,1139
6,935,941
819,109,928
788,259,1047
773,188,961
967,155,1122
528,960,1488
274,166,440
919,836,1755
156,319,475
188,966,1154
184,415,599
739,891,1630
742,964,1706
342,695,1037
842,605,1447
767,585,1352
0,61,61
150,445,595
742,989,1731
702,491,1193
183,375,558
930,294,1224
314,676,990
723,993,1716
761,14,775
692,728,1420
900,852,1752
293,962,1255
24,497,521
67,599,666
529,691,1220
521,868,1389
821,221,1042
624,186,810
860,740,1600
75,978,1053
205,505,710
8,806,814
304,745,1049
287,83,370
776,689,1465
185,1000,1185
393,388,781
243,347,590
916,773,1689
587,343,930
546,108,654
197,220,417
681,704,1385
588,785,1373
756,234,990
542,971,1513
322,467,789
373,4,377
437,305,742
697,148,845
324,328,652
375,475,850
931,725,1656
792,410,1202
490,381,871
76,953,1029
363,37,400
274,66,340
516,369,885
841,922,1763
646,802,1448
99,418,517
794,455,1249
963,640,1603
393,74,467
431,608,1039
67,300,367
657,116,773
55,652,707
333,148,481
940,691,1631
605,625,1230
16,364,380
202,797,999
559,911,1470
650,764,1414
482,65,547
730,511,1241
506,981,1487
510,911,1421
927,705,1632
295,287,582
984,571,1555
563,576,1139
976,818,1794
202,78,280
537,799,1336
894,555,1449
386,440,826
50,203,253
199,765,964
200,616,816
549,978,1527
650,127,777
843,947,1790
20,695,715
455,878,1333
452,1,453
995,676,1671
868,828,1696
339,540,879
426,694,1120
213,870,1083
165,765,930
873,624,1497
453,910,1363
410,151,561
968,167,1135
177,75,252
314,337,651
788,631,1419
537,96,633
707,890,1597
812,878,1690
493,641,1134
256,339,595
180,989,1169
396,609,1005
234,95,329
383,499,882
360,566,926
329,342,671
184,532,716
738,381,1119
553,762,1315
827,99,926
704,92,796
546,556,1102
816,911,1727
819,162,981
352,411,763
81,376,457
585,778,1363
510,856,1366
666,791,1457
103,946,1049
48,763,811
495,288,783
150,546,696
200,663,863
346,602,948
387,912,1299
284,430,714
656,171,827
135,117,252
32,527,559
621,823,1444
660,275,935
288,179,467
778,893,1671
553,837,1390
230,255,485
618,169,787
955,297,1252
978,39,1017
95,517,612
610,753,1363
795,384,1179
606,819,1425
678,460,1138
729,381,1110
945,58,1003
727,538,1265
934,957,1891
707,178,885
369,838,1207
658,48,706
75,939,1014
711,684,1395
391,291,682
285,662,947
995,378,1373
979,84,1063
651,455,1106
420,259,679
572,649,1221
484,459,943
801,545,1346
355,336,691
49,708,757
163,133,296
654,391,1045
640,992,1632
251,985,1236
915,124,1039
607,870,1477
969,973,1942
963,691,1654
106,65,171
656,552,1208
535,66,601
130,697,827
931,301,1232
237,689,926
576,391,967
118,528,646
583,597,1180
604,408,1012
6,52,58
384,723,1107
157,605,762
604,149,753
875,133,1008
807,583,1390
586,459,1045
545,178,723
10,68,78
239,20,259
983,617,1600
227,523,750
606,692,1298
920,481,1401
154,676,830
924,569,1493
774,214,988
703,993,1696
220,873,1093
762,276,1038
270,59,329
255,186,441
950,13,963
827,861,1688
555,578,1133
840,791,1631
634,547,1181
345,493,838
45,571,616
756,698,1454
135,388,523
134,946,1080
762,530,1292
508,99,607
62,361,423
276,936,1212
568,57,625
447,926,1373
783,311,1094
447,204,651
429,795,1224
875,33,908
658,509,1167
963,481,1444
598,593,1191
614,398,1012
82,873,955
7,643,650
866,852,1718
480,607,1087
822,639,1461
42,463,505
250,791,1041
17,596,613
920,820,1740
453,38,491
531,5,536
777,652,1429
767,199,966
756,369,1125
437,519,956
637,66,703
433,128,561
998,880,1878
827,794,1621
277,78,355
367,947,1314
968,333,1301
703,905,1608
375,471,846
343,600,943
488,576,1064
451,69,520
279,933,1212
583,94,677
327,736,1063
180,953,1133
35,699,734
933,188,1121
310,507,817
642,783,1425
907,780,1687
710,912,1622
832,782,1614
411,477,888
713,502,1215
767,960,1727
117,922,1039
50,667,717
632,975,1607
190,1000,1190
563,756,1319
532,855,1387
51,778,829
14,427,441
794,609,1403
173,535,708
807,483,1290
374,982,1356
178,663,841
162,948,1110
569,502,1071
827,82,909
502,192,694
877,34,911
894,130,1024
453,549,1002
141,885,1026
156,603,759
174,284,458
367,917,1284
591,515,1106
463,416,879
793,463,1256
456,677,1133
421,210,631
803,292,1095
169,976,1145
495,600,1095
259,222,481
240,277,517
16,356,372
641,83,724
764,540,1304
637,64,701
567,207,774
198,802,1000
749,300,1049
182,407,589
203,642,845
543,715,1258
716,516,1232
881,655,1536
984,566,1550
154,795,949
937,44,981
130,990,1120
280,694,974
530,882,1412
38,142,180
760,51,811
25,645,670
43,553,596
855,307,1162
754,238,992
797,784,1581
898,706,1604
330,741,1071
857,441,1298
956,830,1786
151,48,199
720,841,1561
971,963,1934
716,322,1038
459,337,796
195,628,823
83,621,704
153,234,387
310,36,346
167,784,951
894,88,982
786,351,1137
753,254,1007
944,961,1905
185,128,313
137,277,414
656,468,1124
797,816,1613
668,115,783
587,536,1123
49,753,802
230,388,618
783,521,1304
838,830,1668
356,782,1138
662,950,1612
842,419,1261
3,365,368
639,84,723
204,547,751
156,520,676
966,647,1613
179,714,893
575,322,897
134,167,301
688,918,1606
97,255,352
82,983,1065
601,453,1054
966,730,1696
222,966,1188
159,474,633
106,625,731
304,362,666
152,413,565
97,743,840
858,776,1634
937,197,1134
493,957,1450
423,795,1218
368,86,454
507,126,633
949,554,1503
381,563,944
130,715,845
678,426,1104
129,305,434
745,23,768
914,187,1101
292,50,342
148,680,828
597,678,1275
700,947,1647
817,492,1309
565,107,672
779,394,1173
879,774,1653
666,309,975
135,380,515
971,812,1783
174,739,913
200,284,484
377,882,1259
254,313,567
156,837,993
935,925,1860
627,689,1316
807,13,820
148,231,379
775,607,1382
927,440,1367
601,377,978
825,721,1546
827,353,1180
814,98,912
580,912,1492
145,183,328
604,525,1129
912,425,1337
717,214,931
668,403,1071
400,912,1312
965,82,1047
564,292,856
466,965,1431
756,15,771
109,706,815
944,112,1056
363,870,1233
980,849,1829
12,574,586
62,837,899
506,881,1387
720,568,1288
160,832,992
685,511,1196
438,710,1148
426,501,927
375,433,808
950,440,1390
631,32,663
605,968,1573
656,420,1076
161,30,191
883,996,1879
107,451,558
175,443,618
312,283,595
529,861,1390
630,984,1614
168,744,912
243,508,751
459,537,996
292,544,836
195,12,207
288,357,645
980,34,1014
966,223,1189
293,339,632
921,174,1095
602,102,704
548,46,594
860,341,1201
959,417,1376
852,218,1070
562,567,1129
37,458,495
968,722,1690
906,738,1644
19,504,523
531,688,1219
772,782,1554
91,86,177
246,438,684
517,225,742
438,514,952
762,648,1410
379,626,1005
285,253,538
989,701,1690
577,201,778
567,625,1192
62,983,1045
387,557,944
342,635,977
248,217,465
976,268,1244
126,601,727
80,522,602
93,247,340
344,793,1137
625,301,926
316,515,831
503,968,1471
781,867,1648
853,979,1832
135,871,1006
949,776,1725
183,552,735
588,261,849
916,561,1477
189,792,981
643,426,1069
523,927,1450
165,206,371
884,270,1154
702,153,855
338,368,706
339,537,876
779,557,1336
448,447,895
552,171,723
28,83,111
105,869,974
563,193,756
174,84,258
298,675,973
832,340,1172
164,433,597
952,743,1695
327,327,654
345,179,524
455,444,899
5,221,226
357,825,1182
489,708,1197
12,191,203
330,833,1163
161,70,231
116,326,442
322,502,824
583,721,1304
110,182,292
808,470,1278
798,292,1090
594,506,1100
804,429,1233
960,886,1846
731,261,992
793,823,1616
760,909,1669
953,820,1773
832,200,1032
225,744,969
137,305,442
907,375,1282
259,423,682
291,318,609
642,333,975
418,417,835
413,357,770
821,80,901
604,391,995
743,67,810
16,496,512
112,550,662
964,235,1199
824,336,1160
281,788,1069
281,224,505
119,278,397
232,986,1218
399,616,1015
209,787,996
695,294,989
685,703,1388
790,997,1787
371,681,1052
688,171,859
781,271,1052
617,170,787
163,553,716
763,689,1452
534,37,571
922,33,955
438,920,1358
726,59,785
315,11,326
247,497,744
743,866,1609
842,609,1451
324,812,1136
215,799,1014
923,765,1688
710,510,1220
752,31,783
922,724,1646
173,776,949
921,848,1769
496,103,599
309,602,911
998,518,1516
37,606,643
260,617,877
91,30,121
705,834,1539
664,578,1242
943,353,1296
656,294,950
465,22,487
606,881,1487
794,502,1296
816,771,1587
820,48,868
825,56,881
309,858,1167
27,127,154
228,76,304
818,232,1050
549,169,718
734,753,1487
494,662,1156
846,425,1271
487,780,1267
998,170,1168
384,789,1173
658,770,1428
414,571,985
355,510,865
228,691,919
247,300,547
538,241,779
388,567,955
21,436,457
878,174,1052
230,640,870
915,714,1629
827,236,1063
483,791,1274
500,996,1496
887,814,1701
111,195,306
139,515,654
118,269,387
487,318,805
725,422,1147
812,652,1464
592,865,1457
96,668,764
645,805,1450
384,929,1313
737,455,1192
250,429,679
808,47,855
509,955,1464
106,310,416
749,442,1191
36,694,730
586,696,1282
513,460,973
200,761,961
868,738,1606
502,279,781
411,969,1380
154,176,330
721,561,1282
457,0,457
47,402,449
813,769,1582
291,344,635
442,406,848
668,700,1368
925,657,1582
713,878,1591
904,472,1376
43,313,356
502,836,1338
621,819,1440
342,793,1135
66,610,676
16,241,257
256,337,593
781,177,958
590,994,1584
166,618,784
960,138,1098
561,219,780
83,448,531
148,11,159
707,614,1321
580,700,1280
178,159,337
166,721,887
311,784,1095
307,829,1136
321,196,517
613,832,1445
718,889,1607
418,343,761
852,600,1452
931,491,1422
631,112,743
446,640,1086
963,860,1823
383,709,1092
297,117,414
574,277,851
19,379,398
90,491,581
574,221,795
671,433,1104
507,386,893
756,78,834
38,494,532
226,481,707
268,602,870
22,876,898
474,564,1038
438,40,478
708,788,1496
261,892,1153
731,89,820
494,92,586
468,765,1233
208,295,503
267,516,783
173,746,919
568,757,1325
448,841,1289
389,65,454
911,190,1101
526,50,576
32,596,628
619,798,1417
610,183,793
885,124,1009
315,859,1174
470,623,1093
996,712,1708
287,824,1111
645,157,802
870,644,1514
6,624,630
633,55,688
490,405,895
975,805,1780
327,1,328
439,127,566
146,684,830
355,167,522
706,875,1581
740,218,958
336,237,573
121,790,911
271,819,1090
91,988,1079
684,270,954
615,396,1011
784,141,925
102,257,359
415,950,1365
824,792,1616
662,761,1423
972,95,1067
240,965,1205
166,376,542
600,270,870
386,616,1002
624,970,1594
724,69,793
957,257,1214
93,651,744
216,841,1057
458,886,1344
31,399,430
495,390,885
720,795,1515
88,520,608
126,765,891
291,719,1010
582,928,1510
130,27,157
722,142,864
992,71,1063
580,50,630
555,433,988
742,684,1426
775,228,1003
187,500,687
545,26,571
273,80,353
164,550,714
86,245,331
570,498,1068
346,415,761
793,292,1085
67,918,985
163,409,572
471,607,1078
827,619,1446
818,5,823
691,881,1572
880,500,1380
97,258,355
604,705,1309
307,845,1152
562,635,1197
929,684,1613
429,683,1112
663,603,1266
422,848,1270
310,261,571
688,952,1640
152,967,1119
2,161,163
973,857,1830
878,506,1384
880,494,1374
844,606,1450
743,417,1160
397,240,637
331,973,1304
27,424,451
375,431,806
841,378,1219
929,162,1091
136,88,224
615,114,729
558,70,628
649,312,961
42,459,501
184,345,529
828,693,1521
313,159,472
147,982,1129
674,718,1392
561,78,639
996,307,1303
738,669,1407
470,863,1333
654,268,922
288,997,1285
130,145,275
721,156,877
60,246,306
953,773,1726
649,284,933
583,627,1210
402,564,966
556,75,631
258,179,437
515,472,987
70,105,175
917,622,1539
546,350,896
160,683,843
24,256,280
843,855,1698
734,22,756
947,230,1177
156,496,652
974,340,1314
20,289,309
971,721,1692
678,453,1131
605,756,1361
840,316,1156
894,166,1060
336,472,808
763,333,1096
428,84,512
341,442,783
824,174,998
696,32,728
232,356,588
811,375,1186
894,83,977
923,604,1527
148,786,934
111,964,1075
654,217,871
906,692,1598
679,498,1177
369,525,894
320,477,797
681,278,959
294,425,719
655,772,1427
496,645,1141
916,732,1648
217,525,742
394,571,965
656,733,1389
452,426,878
639,316,955
328,259,587
891,32,923
463,508,971
76,414,490
706,522,1228
122,379,501
89,780,869
261,2,263
299,164,463
728,776,1504
156,552,708
453,736,1189
83,888,971
450,1000,1450
182,213,395
378,227,605
633,256,889
553,575,1128
510,902,1412
44,151,195
219,57,276
591,520,1111
747,487,1234
356,564,920
290,627,917
924,819,1743
724,63,787
346,893,1239
127,381,508
270,937,1207
966,415,1381
167,9,176
735,9,744
759,401,1160
165,121,286
663,513,1176
659,19,678
676,490,1166
504,33,537
958,263,1221
350,582,932
128,789,917
500,528,1028
623,520,1143
782,606,1388
674,353,1027
788,364,1152
436,129,565
2,317,319
890,684,1574
537,238,775
658,908,1566
433,823,1256
771,179,950
54,963,1017
211,202,413
66,326,392
463,825,1288
127,154,281
539,503,1042
408,939,1347
72,741,813
41,431,472
353,757,1110
307,565,872
952,882,1834
246,665,911
182,215,397
192,517,709
953,980,1933
233,455,688
540,549,1089
103,512,615
486,369,855
774,60,834
663,847,1510
24,788,812
893,704,1597
664,996,1660
30,676,706
998,147,1145
259,52,311
137,637,774
126,779,905
223,60,283
825,495,1320
50,466,516
909,538,1447
620,85,705
557,584,1141
525,481,1006
720,463,1183
109,976,1085
777,373,1150
336,893,1229
36,295,331
921,886,1807
181,82,263
990,542,1532
894,526,1420
222,55,277
448,553,1001
662,699,1361
379,876,1255
292,467,759
981,761,1742
648,113,761
126,100,226
140,341,481
165,678,843
190,879,1069
352,117,469
655,534,1189
559,836,1395
759,861,1620
667,115,782
58,64,122
929,65,994
283,548,831
768,393,1161
680,528,1208
489,99,588
392,651,1043
175,944,1119
754,108,862
162,606,768
541,177,718
923,285,1208
712,356,1068
365,205,570
403,524,927
257,316,573
538,298,836
514,83,597
923,77,1000
829,384,1213
46,105,151
33,880,913
203,886,1089
711,310,1021
468,468,936
687,365,1052
173,327,500
345,921,1266
133,248,381
716,729,1445
795,659,1454
364,556,920
443,55,498
439,547,986
715,38,753
267,940,1207
262,194,456
205,470,675
670,367,1037
386,614,1000
417,154,571
581,173,754
238,868,1106
666,861,1527
617,693,1310
613,803,1416
649,554,1203
774,64,838
285,56,341
770,881,1651
897,977,1874
963,4,967
66,606,672
714,351,1065
336,600,936
187,13,200
23,434,457
646,597,1243
493,882,1375
821,115,936
69,377,446
384,158,542
279,926,1205
731,20,751
580,123,703
20,174,194
766,24,790
460,227,687
955,752,1707
415,85,500
228,892,1120
655,770,1425
632,906,1538
909,245,1154
15,910,925
438,387,825
38,225,263
813,803,1616
124,370,494
536,34,570
964,530,1494
841,75,916
672,866,1538
568,74,642
464,379,843
122,834,956
531,375,906
497,638,1135
571,139,710
162,621,783
741,40,781
746,109,855
787,218,1005
600,267,867
333,181,514
64,435,499
301,448,749
67,489,556
512,212,724
405,248,653
652,363,1015
796,490,1286
901,987,1888
38,575,613
227,909,1136
84,644,728
122,206,328
664,428,1092
71,619,690
650,58,708
367,7,374
335,159,494
470,152,622
340,952,1292
685,664,1349
380,964,1344
706,126,832
925,608,1533
872,452,1324
657,653,1310
828,550,1378
574,855,1429
7,904,911
590,819,1409
649,166,815
337,219,556
686,415,1101
231,486,717
792,821,1613
898,219,1117
24,145,169
438,285,723
183,456,639
51,722,773
126,475,601
789,214,1003
675,420,1095
529,346,875
629,119,748
283,428,711
735,640,1375
280,901,1181
883,994,1877
603,345,948
936,15,951
43,161,204
971,430,1401
581,816,1397
397,758,1155
46,154,200
108,966,1074
768,443,1211
671,620,1291
540,815,1355
343,295,638
812,517,1329
610,237,847
306,483,789
720,551,1271
921,485,1406
967,350,1317
159,608,767
938,289,1227
538,299,837
86,986,1072
942,900,1842
981,371,1352
387,449,836
772,988,1760
162,81,243
40,292,332
738,844,1582
541,102,643
616,588,1204
847,310,1157
833,461,1294
679,675,1354
760,133,893
836,267,1103
139,913,1052
613,66,679
214,676,890
959,820,1779
760,343,1103
531,575,1106
136,431,567
640,860,1500
483,623,1106
381,281,662
512,803,1315
970,66,1036
429,666,1095
886,609,1495
26,424,450
762,927,1689
341,828,1169
804,123,927
408,659,1067
712,825,1537
290,848,1138
841,760,1601
221,948,1169
201,434,635
974,30,1004
224,494,718
126,337,463
539,183,722
652,1,653
433,622,1055
230,594,824
579,818,1397
816,164,980
540,161,701
331,290,621
822,998,1820
129,861,990
370,300,670
827,88,915
216,830,1046
360,9,369
16,104,120
610,753,1363
787,686,1473
397,408,805
487,510,997
118,956,1074
263,288,551
927,54,981
311,719,1030
643,859,1502
953,821,1774
985,948,1933
999,117,1116
32,458,490
953,404,1357
476,68,544
529,489,1018
429,272,701
953,258,1211
90,140,230
780,648,1428
372,877,1249
40,640,680
263,701,964
972,439,1411
69,773,842
555,913,1468
59,955,1014
550,131,681
873,988,1861
332,995,1327
958,172,1130
936,310,1246
649,807,1456
349,376,725
497,655,1152
424,332,756
937,887,1824
576,414,990
220,468,688
687,245,932
584,381,965
252,977,1229
854,932,1786
607,196,803
42,135,177
746,607,1353
453,431,884
568,150,718
374,140,514
111,688,799
523,760,1283
421,263,684
662,166,828
882,652,1534
999,264,1263
515,811,1326
227,690,917
570,511,1081
713,71,784
32,797,829
922,364,1286
572,859,1431
226,253,479
901,315,1216
355,656,1011
77,796,873
4,350,354
636,532,1168
783,622,1405
49,522,571
567,877,1444
519,851,1370
344,89,433
747,834,1581
284,351,635
881,650,1531
814,910,1724
191,235,426
327,962,1289
465,152,617
394,864,1258
763,709,1472
987,342,1329
742,963,1705
456,301,757
200,291,491
283,812,1095
464,719,1183
821,787,1608
689,817,1506
217,743,960
641,87,728
126,754,880
604,720,1324
122,670,792
283,482,765
114,247,361
811,56,867
925,146,1071
433,568,1001
52,117,169
845,766,1611
945,640,1585
435,327,762
182,563,745
409,901,1310
672,7,679
62,996,1058
265,954,1219
735,764,1499
779,192,971
282,141,423
67,749,816
175,876,1051
313,593,906
100,853,953
717,432,1149
512,970,1482
420,96,516
795,740,1535
280,146,426
218,265,483
394,124,518
912,901,1813
629,536,1165
765,265,1030
719,19,738
765,928,1693
925,653,1578
653,27,680
646,781,1427
460,455,915
60,308,368
579,577,1156
788,96,884
285,139,424
266,54,320
165,62,227
457,305,762
843,608,1451
449,953,1402
473,90,563
954,900,1854
92,25,117
390,996,1386
571,883,1454
289,68,357
163,946,1109
300,185,485
923,17,940
822,262,1084
391,721,1112
266,897,1163
162,286,448
832,328,1160
520,67,587
930,152,1082
502,353,855
816,795,1611
574,714,1288
976,591,1567
970,863,1833
817,664,1481
404,335,739
64,818,882
74,579,653
454,651,1105
824,263,1087
221,119,340
708,747,1455
716,10,726
836,834,1670
219,633,852
928,440,1368
652,708,1360
32,353,385
367,20,387
599,376,975
650,452,1102
959,236,1195
141,171,312
503,710,1213
571,805,1376
154,460,614
754,739,1493
303,456,759
354,714,1068
754,881,1635
392,369,761
294,385,679
222,964,1186
354,793,1147
490,996,1486
232,563,795
863,723,1586
465,994,1459
804,706,1510
552,488,1040
428,168,596
69,889,958
731,347,1078
468,932,1400
18,927,945
525,887,1412
573,525,1098
86,653,739
513,950,1463
592,976,1568
944,327,1271
681,428,1109
651,916,1567
732,282,1014
376,648,1024
449,996,1445
601,700,1301
124,478,602
424,589,1013
234,274,508
989,476,1465
288,544,832
846,695,1541
150,797,947
508,588,1096
602,891,1493
427,272,699
206,866,1072
683,951,1634
466,132,598
253,530,783
325,564,889
749,343,1092
420,576,996
152,716,868
74,151,225
176,487,663
352,773,1125
98,105,203
89,161,250
689,555,1244
995,851,1846
966,66,1032
884,122,1006
330,85,415
912,136,1048
345,549,894
744,244,988
324,749,1073
390,734,1124
360,55,415
690,860,1550
138,154,292
985,329,1314
207,295,502
975,1,976
210,164,374
371,96,467
876,328,1204
919,966,1885
509,104,613
573,687,1260
89,622,711
739,722,1461
345,723,1068
339,447,786
312,147,459
615,771,1386
263,425,688
698,551,1249
773,735,1508
700,617,1317
619,379,998
73,496,569
924,574,1498
229,44,273
335,187,522
802,104,906
468,547,1015
58,897,955
81,917,998
329,889,1218
494,70,564
668,77,745
987,57,1044
74,133,207
509,807,1316
344,828,1172
958,568,1526
210,2,212
962,624,1586
47,310,357
858,648,1506
348,25,373
994,734,1728
823,671,1494
199,439,638
999,991,1990
356,567,923
538,350,888
261,472,733
849,479,1328
483,316,799
783,102,885
142,440,582
500,950,1450
919,138,1057
852,348,1200
674,810,1484
146,158,304
956,84,1040
277,786,1063
828,889,1717
185,556,741
930,713,1643
155,760,915
202,95,297
325,50,375
928,316,1244
722,502,1224
417,468,885
368,359,727
801,234,1035
459,741,1200
572,400,972
2,953,955
642,192,834
756,135,891
269,489,758
360,484,844
824,470,1294
636,341,977
451,913,1364
221,686,907
341,304,645
411,9,420
689,115,804
673,837,1510
194,156,350
526,879,1405
721,42,763
830,936,1766
280,450,730
328,835,1163
898,503,1401
199,346,545
135,978,1113
302,603,905
719,570,1289
294,878,1172
501,636,1137
504,788,1292
493,800,1293
101,997,1098
541,174,715
704,927,1631
746,461,1207
672,173,845
82,789,871
490,992,1482
14,697,711
347,282,629
744,122,866
641,66,707
712,495,1207
263,689,952
218,826,1044
281,943,1224
551,466,1017
32,985,1017
181,235,416
86,748,834
257,562,819
406,219,625
323,330,653
557,771,1328
971,816,1787
304,207,511
509,419,928
602,881,1483
969,401,1370
301,611,912
701,731,1432
138,793,931
296,722,1018
1,60,61
174,96,270
268,140,408
522,224,746
87,583,670
701,140,841
779,330,1109
168,845,1013
923,424,1347
892,238,1130
665,231,896
952,269,1221
271,615,886
552,855,1407
457,623,1080
14,404,418
89,333,422
795,366,1161
36,458,494
434,907,1341
328,544,872
333,616,949
723,145,868
490,406,896
949,86,1035
874,635,1509
957,36,993
470,436,906
561,652,1213
536,454,990
289,766,1055
181,137,318
580,662,1242
969,644,1613
225,578,803
3,856,859
330,995,1325
544,688,1232
190,476,666
216,347,563
20,233,253
896,365,1261
15,137,152
269,330,599
448,948,1396
508,734,1242
485,478,963
734,70,804
315,50,365
570,173,743
677,395,1072
274,871,1145
437,838,1275
596,317,913
805,888,1693
153,182,335
592,138,730
761,885,1646
498,921,1419
566,803,1369
419,806,1225
543,820,1363
88,239,327
519,776,1295
637,962,1599
64,676,740
368,943,1311
77,275,352
698,117,815
870,563,1433
18,526,544
498,376,874
3,702,705
339,142,481
208,691,899
780,744,1524
694,161,855
604,294,898
861,161,1022
545,140,685
991,966,1957
375,183,558
186,302,488
263,518,781
777,39,816
951,877,1828
571,497,1068
362,978,1340
521,18,539
493,606,1099
242,262,504
779,846,1625
912,397,1309
758,888,1646
308,45,353
784,733,1517
850,916,1766
896,721,1617
676,637,1313
874,536,1410
14,216,230
788,526,1314
633,374,1007
30,93,123
291,402,693
560,561,1121
237,727,964
973,648,1621
298,629,927
591,359,950
764,270,1034
739,460,1199
283,639,922
897,546,1443
471,471,942
648,162,810
307,982,1289
651,478,1129
351,135,486
243,371,614
251,282,533
388,832,1220
79,71,150
382,230,612
424,78,502
600,774,1374
765,345,1110
449,543,992
587,708,1295
599,576,1175
592,378,970
775,182,957
585,285,870
300,187,487
736,50,786
708,279,987
436,972,1408
159,587,746
779,528,1307
0,128,128
633,353,986
882,911,1793
62,999,1061
651,328,979
934,645,1579
859,7,866
755,554,1309
746,275,1021
761,6,767
362,13,375
417,200,617
588,201,789
933,331,1264
156,515,671
116,315,431
504,595,1099
262,741,1003
184,314,498
580,839,1419
524,7,531
596,272,868
991,518,1509
887,238,1125
138,89,227
18,925,943
480,136,616
416,708,1124
764,668,1432
787,637,1424
274,648,922
882,462,1344
753,125,878
833,38,871
988,70,1058
478,828,1306
310,416,726
556,756,1312
779,984,1763
832,35,867
621,442,1063
967,25,992
15,924,939
532,297,829
346,810,1156
870,388,1258
308,675,983
89,985,1074
483,444,927
316,249,565
458,196,654
356,608,964
228,164,392
316,790,1106
422,641,1063
316,304,620
17,431,448
895,131,1026
383,977,1360
818,966,1784
608,217,825
448,614,1062
722,320,1042
293,762,1055
992,794,1786
598,389,987
174,473,647
250,146,396
310,11,321
927,660,1587
163,410,573
36,771,807
930,583,1513
116,105,221
826,907,1733
27,853,880
298,241,539
76,391,467
259,795,1054
267,589,856
979,983,1962
741,343,1084
139,684,823
684,846,1530
756,190,946
861,658,1519
672,877,1549
903,462,1365
182,182,364
112,615,727
852,107,959
259,866,1125
787,294,1081
876,881,1757
439,483,922
250,505,755
751,66,817
455,580,1035
316,620,936
143,523,666
283,863,1146
976,88,1064
238,488,726
412,256,668
568,599,1167
720,578,1298
645,786,1431
510,285,795
283,438,721
73,121,194
739,223,962
477,986,1463
742,264,1006
6,499,505
231,230,461
741,710,1451
676,96,772
917,242,1159
521,280,801
228,419,647
226,490,716
155,236,391
576,370,946
114,633,747
625,939,1564
271,492,763
516,763,1279
864,495,1359
385,314,699
77,987,1064
722,499,1221
9,578,587
675,972,1647
354,484,838
630,425,1055
694,461,1155
822,525,1347
600,801,1401
18,869,887
577,571,1148
927,118,1045
892,612,1504
453,185,638
592,535,1127
388,982,1370
459,875,1334
750,345,1095
712,259,971
209,711,920
159,37,196
213,350,563
534,624,1158
586,784,1370
545,801,1346
275,680,955
638,570,1208
403,524,927
350,682,1032
748,11,759
254,499,753
97,230,327
991,672,1663
353,41,394
742,902,1644
32,678,710
544,661,1205
185,331,516
697,660,1357
344,92,436
269,459,728
982,895,1877
979,300,1279
203,386,589
762,32,794
797,519,1316
92,133,225
95,71,166
162,720,882
557,812,1369
336,479,815
76,82,158
457,457,914
179,646,825
519,941,1460
472,568,1040
184,990,1174
116,34,150
212,787,999
928,642,1570
128,826,954
958,83,1041
241,755,996
82,786,868
635,406,1041
800,753,1553
375,491,866
471,635,1106
351,898,1249
307,995,1302
675,703,1378
117,262,379
965,433,1398
629,83,712
109,53,162
675,558,1233
26,865,891
750,695,1445
960,974,1934
515,341,856
155,920,1075
715,522,1237
757,506,1263
996,113,1109
513,540,1053
530,594,1124
555,537,1092
274,562,836
901,958,1859
775,478,1253
212,120,332
554,626,1180
25,239,264
861,571,1432
271,258,529
271,856,1127
174,193,367
837,875,1712
374,855,1229
881,253,1134
468,963,1431
909,540,1449
692,936,1628
764,391,1155
238,619,857
540,708,1248
429,908,1337
162,338,500
587,325,912
172,103,275
463,769,1232
34,304,338
730,384,1114
826,104,930
872,854,1726
862,514,1376
58,935,993
171,830,1001
49,992,1041
22,382,404
167,440,607
386,486,872
13,815,828
807,937,1744
88,273,361
29,254,283
897,563,1460
112,377,489
508,634,1142
473,973,1446
53,327,380
361,647,1008
646,809,1455
722,506,1228
95,960,1055
476,662,1138
417,504,921
336,768,1104
170,712,882
897,500,1397
563,537,1100
710,969,1679
411,233,644
355,920,1275
447,195,642
942,698,1640
417,439,856
135,49,184
485,560,1045
114,100,214
774,401,1175
271,401,672
631,502,1133
964,664,1628
565,358,923
109,326,435
958,103,1061
685,684,1369
31,174,205
202,193,395
928,981,1909
306,814,1120
229,558,787
551,234,785
530,844,1374
30,809,839
604,681,1285
926,55,981
738,705,1443
16,204,220
638,781,1419
54,747,801
685,613,1298
256,45,301
824,548,1372
627,989,1616
237,266,503
71,998,1069
928,942,1870
944,584,1528
372,36,408
846,722,1568
942,709,1651
614,641,1255
800,187,987
159,793,952
125,961,1086
868,508,1376
943,3,946
240,578,818
599,903,1502
404,609,1013
841,913,1754
733,788,1521
791,382,1173
758,990,1748
705,137,842
606,787,1393
392,266,658
719,182,901
188,610,798
259,31,290
972,206,1178
84,519,603
202,634,836
321,201,522
901,780,1681
762,932,1694
506,963,1469
190,284,474
411,677,1088
424,104,528
187,642,829
578,505,1083
642,415,1057
14,680,694
398,792,1190
66,750,816
470,325,795
63,31,94
849,684,1533
519,431,950
85,666,751
799,405,1204
272,332,604
570,862,1432
30,264,294
346,808,1154
207,235,442
418,101,519
905,6,911
856,853,1709
452,395,847
333,940,1273
219,121,340
939,456,1395
27,809,836
716,532,1248
641,261,902
277,771,1048
386,846,1232
666,815,1481
574,162,736
569,244,813
757,643,1400
172,858,1030
483,866,1349
40,494,534
976,439,1415
799,159,958
624,633,1257
899,374,1273
830,4,834
568,717,1285
514,903,1417
910,915,1825
761,148,909
981,424,1405
874,328,1202
865,371,1236
543,936,1479
715,363,1078
247,751,998
826,606,1432
928,933,1861
757,484,1241
944,735,1679
554,794,1348
44,862,906
486,77,563
584,80,664
590,636,1226
571,903,1474
743,45,788
556,238,794
978,814,1792
289,124,413
333,133,466
394,750,1144
214,853,1067
70,166,236
27,724,751
311,4,315
783,26,809
707,146,853
880,124,1004
687,629,1316
960,603,1563
165,672,837
288,711,999
444,879,1323
760,237,997
465,416,881
659,73,732
209,846,1055
519,441,960
182,794,976
154,607,761
82,186,268
651,169,820
114,784,898
231,144,375
582,919,1501
713,708,1421
195,826,1021
563,630,1193
176,120,296
926,454,1380
759,816,1575
862,891,1753
386,373,759
808,725,1533
280,577,857
554,367,921
325,10,335
35,133,168
554,912,1466
76,730,806
6,236,242
743,454,1197
775,12,787
462,367,829
853,217,1070
516,343,859
835,393,1228
607,586,1193
280,441,721
329,200,529
169,122,291
67,151,218
61,762,823
613,650,1263
723,839,1562
840,194,1034
794,714,1508
689,168,857
959,583,1542
285,19,304
744,970,1714
374,151,525
495,956,1451
651,560,1211
407,166,573
887,252,1139
497,494,991
700,527,1227
159,835,994
405,527,932
98,325,423
192,652,844
9,39,48
76,342,418
324,584,908
577,394,971
375,66,441
477,383,860
331,611,942
93,156,249
232,89,321
394,105,499
55,196,251
981,382,1363
886,398,1284
304,417,721
617,914,1531
718,778,1496
836,426,1262
583,769,1352
567,35,602
334,845,1179
570,331,901
898,526,1424
671,383,1054
13,244,257
682,935,1617
52,29,81
465,926,1391
372,19,391
366,839,1205
915,576,1491
576,161,737
91,865,956
966,37,1003
858,462,1320
898,997,1895
231,886,1117
979,967,1946
306,808,1114
413,781,1194
167,501,668
656,995,1651
287,75,362
286,387,673
468,798,1266
604,825,1429
481,669,1150
633,432,1065
996,334,1330
288,980,1268
850,609,1459
471,908,1379
248,901,1149
385,441,826
357,892,1249
234,365,599
22,818,840
585,748,1333
527,98,625
370,816,1186
436,444,880
596,997,1593
634,178,812
203,578,781
221,410,631
127,270,397
210,533,743
245,714,959
175,696,871
981,224,1205
251,426,677
966,510,1476
925,8,933
812,337,1149
253,674,927
137,326,463
458,543,1001
594,353,947
982,922,1904
663,904,1567
370,837,1207
919,106,1025
287,609,896
285,344,629
70,98,168
411,462,873
70,389,459
789,680,1469
595,774,1369
772,850,1622
232,24,256
251,226,477
591,31,622
748,637,1385
181,834,1015
843,803,1646
967,1,968
566,660,1226
146,795,941
775,229,1004
902,485,1387
205,544,749
830,129,959
81,59,140
80,112,192
543,642,1185
620,513,1133
254,780,1034
233,373,606
410,344,754
927,857,1784
620,157,777
67,648,715
830,744,1574
254,978,1232
347,642,989
654,682,1336
475,858,1333
965,66,1031
12,306,318
234,270,504
438,961,1399
476,939,1415
386,356,742
895,572,1467
278,640,918
379,167,546
696,12,708
304,351,655
443,203,646
275,500,775
343,895,1238
481,27,508
828,777,1605
726,985,1711
647,975,1622
582,169,751
822,17,839
831,941,1772
20,186,206
415,234,649
300,719,1019
173,791,964
584,552,1136
834,2,836
926,524,1450
218,92,310
289,555,844
958,22,980
673,344,1017
758,706,1464
857,867,1724
857,23,880
248,869,1117
431,266,697
598,821,1419
497,652,1149
541,221,762
198,668,866
435,90,525
473,843,1316
589,817,1406
219,338,557
427,891,1318
21,709,730
423,697,1120
462,536,998
9,653,662
999,8,1007
520,72,592
406,309,715
255,822,1077
739,147,886
274,566,840
963,88,1051
9,968,977
758,923,1681
487,173,660
52,137,189
707,22,729
415,10,425
715,785,1500
679,571,1250
236,562,798
128,255,383
428,602,1030
487,273,760
871,136,1007
473,951,1424
237,982,1219
718,206,924
185,895,1080
920,172,1092
567,243,810
779,874,1653
993,263,1256
544,850,1394
734,705,1439
759,597,1356
597,439,1036
725,275,1000
272,940,1212
313,478,791
733,393,1126
656,316,972
270,952,1222
153,526,679
225,399,624
167,736,903
439,173,612
497,305,802
110,860,970
990,37,1027
82,229,311
390,597,987
246,169,415
752,294,1046
802,912,1714
51,412,463
927,22,949
800,503,1303
583,552,1135
516,863,1379
87,505,592
446,711,1157
548,775,1323
769,500,1269
168,285,453
297,214,511
99,577,676
233,923,1156
391,812,1203
935,288,1223
821,817,1638
423,114,537
451,710,1161
124,171,295
576,778,1354
31,368,399
945,803,1748
250,357,607
972,833,1805
936,152,1088
601,128,729
492,940,1432
811,168,979
332,110,442
177,980,1157
742,375,1117
829,108,937
730,890,1620
497,363,860
922,972,1894
673,318,991
683,786,1469
633,511,1144
806,81,887
63,191,254
567,824,1391
11,843,854
443,833,1276
962,97,1059
676,361,1037
518,360,878
345,509,854
517,658,1175
298,435,733
142,414,556
975,689,1664
663,425,1088
53,325,378
259,33,292
44,950,994
52,924,976
429,188,617
272,618,890
848,564,1412
442,380,822
499,547,1046
660,132,792
194,896,1090
207,44,251
169,635,804
198,987,1185
57,415,472
460,710,1170
71,794,865
29,769,798
430,851,1281
926,111,1037
266,613,879
147,586,733
960,650,1610
661,644,1305
814,461,1275
839,117,956
679,768,1447
988,828,1816
616,320,936
333,477,810
576,293,869
349,303,652
361,408,769
650,857,1507
85,212,297
376,350,726
726,794,1520
585,511,1096
787,589,1376
27,694,721
502,915,1417
879,457,1336
988,909,1897
840,228,1068
593,738,1331
133,23,156
428,253,681
586,910,1496
388,306,694
773,926,1699
190,370,560
804,879,1683
846,571,1417
670,880,1550
660,347,1007
357,9,366
581,933,1514
416,389,805
12,28,40
550,352,902
15,851,866
580,955,1535
202,818,1020
199,699,898
329,355,684
87,412,499
368,820,1188
669,898,1567
303,765,1068
626,126,752
482,801,1283
520,754,1274
300,992,1292
379,546,925
258,298,556
637,362,999
298,207,505
356,553,909
390,25,415
177,537,714
559,823,1382
584,975,1559
692,516,1208
500,397,897
894,964,1858
307,36,343
904,73,977
604,198,802
615,928,1543
382,45,427
308,903,1211
647,901,1548
806,393,1199
363,640,1003
878,509,1387
477,56,533
779,396,1175
939,912,1851
402,244,646
781,296,1077
702,117,819
342,804,1146
266,790,1056
888,322,1210
996,846,1842
141,418,559
254,564,818
321,23,344
24,698,722
620,418,1038
833,509,1342
215,120,335
49,604,653
430,271,701
578,235,813
798,239,1037
349,277,626
275,831,1106
532,682,1214
880,582,1462
793,341,1134
670,383,1053
779,162,941
126,209,335
392,663,1055
337,946,1283
909,542,1451
70,393,463
708,728,1436
24,286,310
619,27,646
865,873,1738
17,696,713
521,110,631
706,553,1259
130,282,412
501,432,933
463,124,587
605,719,1324
649,876,1525
626,527,1153
739,948,1687
324,203,527
547,323,870
357,530,887
233,959,1192
117,930,1047
216,124,340
989,544,1533
907,678,1585
708,418,1126
492,881,1373
247,183,430
543,866,1409
524,133,657
637,966,1603
629,630,1259
383,752,1135
401,534,935
778,590,1368
217,975,1192
527,55,582
525,352,877
505,589,1094
330,88,418
885,165,1050
503,660,1163
585,956,1541
18,794,812
77,894,971
104,644,748
421,721,1142
784,277,1061
601,535,1136
759,457,1216
620,698,1318
244,481,725
391,621,1012
812,785,1597
702,717,1419
275,522,797
877,807,1684
472,77,549
575,81,656
110,977,1087
389,878,1267
622,26,648
465,68,533
817,395,1212
405,278,683
843,588,1431
830,546,1376
821,694,1515
753,901,1654
430,177,607
758,451,1209
210,777,987
154,446,600
560,866,1426
228,675,903
912,926,1838
350,241,591
654,564,1218
443,563,1006
860,58,918
428,543,971
822,12,834
60,268,328
694,243,937
458,270,728
347,63,410
759,181,940
927,789,1716
883,822,1705
946,761,1707
262,265,527
229,806,1035
370,202,572
61,693,754
96,817,913
341,188,529
741,675,1416
113,272,385
521,852,1373
802,552,1354
278,247,525
491,391,882
55,303,358
983,497,1480
168,319,487
329,208,537
345,130,475
637,842,1479
897,860,1757
145,287,432
903,530,1433
271,622,893
732,446,1178
850,214,1064
4,11,15
554,551,1105
684,244,928
849,645,1494
961,192,1153
537,23,560
449,182,631
545,544,1089
421,876,1297
495,158,653
464,77,541
740,823,1563
662,34,696
212,576,788
7,391,398
64,302,366
64,428,492
801,310,1111
465,989,1454
230,944,1174
497,601,1098
838,259,1097
704,389,1093
992,438,1430
987,978,1965
278,946,1224
217,187,404
404,243,647
237,102,339
910,956,1866
385,949,1334
333,539,872
679,44,723
100,975,1075
840,574,1414
969,138,1107
987,576,1563
832,207,1039
686,749,1435
726,826,1552
907,99,1006
841,88,929
139,824,963
652,67,719
932,834,1766
609,282,891
333,341,674
551,636,1187
725,230,955
122,687,809
185,153,338
426,912,1338
81,228,309
48,462,510
120,698,818
997,150,1147
805,962,1767
328,66,394
180,720,900
245,595,840
534,787,1321
804,340,1144
594,658,1252
398,783,1181
541,733,1274
176,694,870
614,592,1206
674,742,1416
876,832,1708
465,383,848
694,725,1419
569,772,1341
273,612,885
313,209,522
484,292,776
467,450,917
782,457,1239
272,40,312
699,867,1566
354,367,721
458,176,634
404,246,650
863,688,1551
114,464,578
436,658,1094
159,961,1120
590,752,1342
862,452,1314
423,893,1316
375,788,1163
143,99,242
241,239,480
514,719,1233
84,4,88
470,633,1103
71,301,372
636,334,970
266,698,964
321,463,784
804,999,1803
858,912,1770
965,305,1270
658,780,1438
280,187,467
950,288,1238
770,315,1085
392,384,776
243,155,398
46,94,140
834,172,1006
285,405,690
891,606,1497
533,622,1155
779,773,1552
651,776,1427
605,759,1364
805,525,1330
8,176,184
41,238,279
38,805,843
614,249,863
745,15,760
879,131,1010
919,712,1631
661,845,1506
217,538,755
872,453,1325
883,928,1811
519,445,964
723,805,1528
745,581,1326
681,576,1257
833,847,1680
851,669,1520
53,187,240
243,905,1148
182,132,314
61,271,332
133,989,1122
801,331,1132
864,443,1307
557,900,1457
456,779,1235
644,688,1332
281,242,523
588,411,999
514,107,621
91,777,868
220,771,991
94,499,593
178,90,268
807,366,1173
295,264,559
730,673,1403
12,170,182
338,651,989
592,180,772
490,280,770
816,724,1540
280,20,300
985,393,1378
319,740,1059
228,551,779
202,156,358
501,141,642
561,766,1327
137,670,807
344,309,653
318,179,497
274,339,613
76,577,653
734,160,894
495,68,563
732,418,1150
415,909,1324
208,806,1014
531,941,1472
509,823,1332
951,998,1949
796,278,1074
474,785,1259
9,681,690
682,868,1550
549,922,1471
60,829,889
60,574,634
365,578,943
305,773,1078
212,593,805
156,568,724
938,900,1838
919,682,1601
516,492,1008
711,461,1172
809,235,1044
360,256,616
332,171,503
128,752,880
313,234,547
788,471,1259
37,162,199
626,906,1532
464,383,847
185,61,246
673,30,703
54,261,315
830,516,1346
56,764,820
669,466,1135
975,598,1573
885,593,1478
843,26,869
601,35,636
222,824,1046
313,649,962
148,237,385
490,518,1008
312,522,834
245,749,994
707,241,948
711,85,796
871,945,1816
913,563,1476
284,778,1062
830,313,1143
996,503,1499
645,688,1333
448,155,603
282,893,1175
965,870,1835
508,344,852
277,397,674
292,73,365
748,390,1138
441,482,923
202,750,952
556,781,1337
918,924,1842
161,858,1019
847,455,1302
899,641,1540
535,248,783
862,960,1822
27,987,1014
747,266,1013
101,846,947
264,267,531
964,459,1423
820,358,1178
613,424,1037
229,130,359
730,818,1548
270,740,1010
326,195,521
709,773,1482
623,482,1105
6,881,887
216,611,827
670,369,1039
302,771,1073
750,916,1666
441,281,722
159,169,328
622,22,644
749,590,1339
696,163,859
706,805,1511
249,749,998
176,757,933
722,81,803
327,648,975
334,820,1154
462,479,941
283,429,712
44,806,850
101,675,776
955,727,1682
27,740,767
410,695,1105
764,961,1725
29,119,148
936,663,1599
503,446,949
317,955,1272
323,500,823
480,828,1308
236,379,615
333,976,1309
895,704,1599
629,978,1607
385,934,1319
785,705,1490
888,65,953
230,674,904
55,131,186
709,25,734
352,625,977
299,511,810
475,302,777
311,386,697
139,367,506
375,174,549
201,20,221
85,871,956
192,379,571
658,279,937
637,461,1098
95,160,255
872,318,1190
490,647,1137
546,701,1247
679,299,978
269,647,916
492,70,562
822,546,1368
640,397,1037
263,738,1001
260,809,1069
180,807,987
155,769,924
2,562,564
88,284,372
338,998,1336
977,917,1894
280,258,538
648,26,674
541,742,1283
814,529,1343
192,91,283
527,697,1224
602,241,843
936,962,1898
688,22,710
414,60,474
848,540,1388
404,680,1084
132,738,870
419,440,859
942,57,999
159,488,647
587,711,1298
236,393,629
326,484,810
277,480,757
748,728,1476
525,89,614
49,110,159
422,423,845
453,427,880
23,936,959
114,823,937
209,536,745
418,902,1320
972,171,1143
408,536,944
882,943,1825
290,393,683
804,203,1007
272,864,1136
602,21,623
952,925,1877
99,554,653
992,696,1688
192,188,380
693,935,1628
669,421,1090
2,714,716
787,937,1724
783,204,987
426,480,906
741,798,1539
74,484,558
609,62,671
191,465,656
398,832,1230
281,241,522
711,413,1124
83,710,793
847,502,1349
505,821,1326
860,925,1785
58,483,541
889,332,1221
448,744,1192
506,428,934
342,620,962
925,108,1033
892,78,970
780,753,1533
373,837,1210
93,406,499
661,8,669
483,54,537
325,925,1250
609,30,639
892,414,1306
468,417,885
316,225,541
897,70,967
405,588,993
203,778,981
855,292,1147
411,354,765
967,700,1667
72,339,411
445,307,752
583,158,741
188,904,1092
578,975,1553
78,870,948
435,770,1205
161,888,1049
625,585,1210
920,884,1804
153,133,286
868,235,1103
945,771,1716
730,315,1045
879,517,1396
196,752,948
305,551,856
976,686,1662
768,13,781
328,134,462
443,294,737
517,30,547
209,398,607
295,289,584
334,111,445
465,702,1167
354,483,837
137,971,1108
645,514,1159
529,178,707
488,239,727
61,145,206
88,31,119
352,723,1075
829,946,1775
284,316,600
235,753,988
533,415,948
310,724,1034
438,524,962
54,477,531
833,131,964
578,64,642
535,250,785
540,228,768
380,60,440
505,671,1176
976,12,988
9,425,434
876,785,1661
374,841,1215
462,401,863
266,126,392
782,847,1629
100,190,290
557,152,709
84,612,696
746,675,1421
629,663,1292
648,829,1477
903,774,1677
203,625,828
891,368,1259
516,725,1241
553,673,1226
636,636,1272
594,933,1527
740,34,774
171,910,1081
447,975,1422
411,530,941
792,59,851
106,983,1089
115,925,1040
685,738,1423
527,672,1199
617,148,765
722,290,1012
423,781,1204
328,619,947
893,456,1349
929,925,1854
211,173,384
614,42,656
759,728,1487
777,817,1594
894,571,1465
324,256,580
448,512,960
120,952,1072
501,114,615
947,429,1376
913,98,1011
414,586,1000
503,821,1324
155,256,411
775,448,1223
602,780,1382
627,980,1607
98,457,555
123,967,1090
840,601,1441
941,645,1586
965,52,1017
964,626,1590
111,763,874
428,15,443
684,275,959
224,15,239
885,248,1133
517,601,1118
416,863,1279
542,204,746
558,56,614
710,986,1696
156,979,1135
447,681,1128
22,471,493
143,278,421
555,808,1363
10,764,774
687,959,1646
759,2,761
629,693,1322
657,554,1211
940,739,1679
199,843,1042
650,427,1077
871,889,1760
632,796,1428
699,313,1012
594,449,1043
485,48,533
511,318,829
925,70,995
629,931,1560
871,299,1170
235,424,659
102,188,290
949,18,967
234,609,843
728,984,1712
988,917,1905
432,175,607
648,292,940
149,363,512
497,838,1335
175,909,1084
650,771,1421
780,578,1358
504,992,1496
939,513,1452
317,764,1081
288,344,632
596,704,1300
175,873,1048
658,212,870
275,614,889
237,399,636
867,888,1755
59,474,533
984,638,1622
857,68,925
195,922,1117
85,685,770
931,813,1744
482,369,851
768,249,1017
346,367,713
107,802,909
278,306,584
38,764,802
651,426,1077
508,78,586
953,522,1475
513,763,1276
270,761,1031
63,838,901
926,320,1246
303,334,637
334,18,352
757,735,1492
807,889,1696
172,631,803
738,399,1137
720,829,1549
944,222,1166
338,433,771
231,776,1007
299,341,640
928,541,1469
215,578,793
32,251,283
190,492,682
689,97,786
312,430,742
455,44,499
399,488,887
588,722,1310
392,342,734
721,602,1323
220,945,1165
584,755,1339
264,604,868
127,655,782
406,808,1214
865,369,1234
957,488,1445
606,839,1445
910,357,1267
373,933,1306
828,396,1224
844,176,1020
368,234,602
864,34,898
61,386,447
83,491,574
936,800,1736
544,351,895
861,160,1021
167,893,1060
17,224,241
298,892,1190
810,768,1578
855,56,911
442,134,576
851,920,1771
168,14,182
509,533,1042
159,959,1118
494,314,808
378,552,930
245,411,656
361,419,780
500,648,1148
586,615,1201
215,901,1116
802,196,998
163,200,363
456,89,545
358,185,543
580,554,1134
130,131,261
576,556,1132
998,491,1489
200,342,542
375,21,396
686,111,797
231,374,605
485,15,500
726,301,1027
210,582,792
270,219,489
363,357,720
363,63,426
267,481,748
505,397,902
225,495,720
209,154,363
691,985,1676
527,831,1358
875,98,973
938,661,1599
350,641,991
304,505,809
339,134,473
778,419,1197
938,631,1569
619,256,875
458,724,1182
783,390,1173
515,829,1344
944,419,1363
730,947,1677
459,313,772
165,126,291
730,872,1602
902,942,1844
530,454,984
620,998,1618
2,307,309
42,309,351
344,720,1064
512,136,648
66,149,215
861,909,1770
651,13,664
848,208,1056
260,436,696
97,861,958
914,948,1862
437,540,977
396,16,412
243,222,465
85,6,91
302,613,915
787,101,888
140,441,581
751,412,1163
5,117,122
698,634,1332
578,236,814
489,463,952
479,666,1145
578,869,1447
964,953,1917
224,145,369
19,742,761
482,933,1415
443,242,685
691,198,889
571,72,643
993,419,1412
443,410,853
514,195,709
126,777,903
738,974,1712
820,928,1748
254,789,1043
714,389,1103
748,217,965
341,657,998
315,226,541
332,501,833
334,603,937
944,477,1421
235,875,1110
280,238,518
945,721,1666
906,327,1233
538,705,1243
567,59,626
63,455,518
778,178,956
450,544,994
659,752,1411
275,937,1212
503,394,897
403,12,415
964,72,1036
67,361,428
988,468,1456
970,190,1160
778,957,1735
646,884,1530
52,827,879
378,516,894
115,756,871
20,523,543
125,55,180
350,546,896
233,811,1044
46,453,499
941,330,1271
768,318,1086
346,79,425
735,474,1209
480,898,1378
871,682,1553
790,445,1235
799,814,1613
561,984,1545
775,252,1027
20,815,835
5,860,865
830,8,838
862,601,1463
469,50,519
843,395,1238
970,926,1896
879,479,1358
795,306,1101
311,926,1237
903,572,1475
113,30,143
416,367,783
699,213,912
559,355,914
674,918,1592
257,728,985
503,83,586
87,456,543
207,838,1045
893,408,1301
64,482,546
639,421,1060
182,444,626
29,98,127
634,264,898
742,714,1456
285,641,926
664,546,1210
729,110,839
294,890,1184
413,992,1405
870,16,886
727,556,1283
148,346,494
710,952,1662
34,363,397
445,72,517
115,291,406
887,310,1197
417,813,1230
797,956,1753
360,415,775
837,851,1688
732,446,1178
734,371,1105
483,764,1247
545,195,740
853,254,1107
17,183,200
596,86,682
849,692,1541
743,848,1591
866,272,1138
184,744,928
125,776,901
196,421,617
764,368,1132
535,836,1371
442,802,1244
395,810,1205
821,284,1105
809,679,1488
22,601,623
127,50,177
97,170,267
320,566,886
398,740,1138
761,915,1676
500,429,929
966,187,1153
517,857,1374
864,457,1321
645,514,1159
589,1000,1589
466,828,1294
499,164,663
732,584,1316
675,804,1479
517,700,1217
813,826,1639
725,123,848
890,660,1550
251,511,762
570,21,591
19,809,828
900,578,1478
71,826,897
378,358,736
704,707,1411
252,716,968
220,456,676
55,960,1015
771,472,1243
79,583,662
834,122,956
575,873,1448
815,678,1493
863,240,1103
997,228,1225
602,615,1217
511,68,579
41,202,243
463,635,1098
874,940,1814
153,882,1035
87,31,118
101,13,114
364,547,911
295,500,795
31,562,593
817,36,853
161,480,641
193,568,761
410,186,596
45,161,206
606,840,1446
349,348,697
807,188,995
78,361,439
779,853,1632
187,873,1060
757,271,1028
297,651,948
307,197,504
728,665,1393
481,521,1002
268,68,336
646,476,1122
399,112,511
725,790,1515
368,163,531
253,332,585
870,991,1861
765,379,1144
456,485,941
529,513,1042
951,639,1590
747,450,1197
795,748,1543
29,280,309
838,395,1233
265,651,916
301,619,920
953,803,1756
604,305,909
440,167,607
231,838,1069
856,777,1633
894,722,1616
452,235,687
712,38,750
144,934,1078
971,596,1567
964,795,1759
980,817,1797
420,950,1370
388,829,1217
237,992,1229
141,709,850
57,382,439
285,175,460
717,333,1050
314,35,349
229,865,1094
882,33,915
182,364,546
792,966,1758
217,115,332
405,231,636
103,11,114
926,910,1836
440,369,809
344,93,437
31,902,933
65,165,230
715,21,736
575,553,1128
284,45,329
349,585,934
214,513,727
486,547,1033
43,619,662
71,233,304
274,248,522
873,608,1481
902,774,1676
587,544,1131
812,761,1573
632,586,1218
900,678,1578
116,912,1028
767,556,1323
258,868,1126
603,995,1598
228,112,340
583,318,901
103,528,631
857,417,1274
783,236,1019
532,887,1419
608,505,1113
340,653,993
261,418,679
173,148,321
623,698,1321
548,880,1428
642,556,1198
773,706,1479
466,974,1440
322,405,727
687,614,1301
955,910,1865
48,864,912
863,569,1432
965,263,1228
630,565,1195
256,653,909
277,792,1069
295,880,1175
250,586,836
486,635,1121
2,526,528
937,904,1841
794,111,905
955,477,1432
504,433,937
255,79,334
340,792,1132
134,554,688
82,771,853
574,99,673
559,431,990
299,731,1030
466,218,684
504,668,1172
687,369,1056
570,115,685
488,360,848
372,238,610
367,732,1099
348,789,1137
758,635,1393
226,906,1132
972,782,1754
804,790,1594
216,438,654
520,921,1441
86,9,95
114,61,175
208,457,665
156,142,298
572,220,792
160,920,1080
196,239,435
440,390,830
330,222,552
559,99,658
220,70,290
647,586,1233
204,451,655
861,386,1247
236,624,860
174,469,643
263,377,640
101,545,646
226,603,829
793,39,832
859,911,1770
640,580,1220
763,513,1276
122,148,270
626,298,924
17,869,886
81,852,933
514,16,530
103,963,1066
306,115,421
543,875,1418
513,375,888
810,657,1467
537,482,1019
116,637,753
520,138,658
484,961,1445
579,143,722
845,96,941
364,138,502
506,946,1452
593,803,1396
37,15,52
462,17,479
524,370,894
337,895,1232
850,387,1237
764,152,916
412,633,1045
889,326,1215
295,767,1062
772,22,794
437,636,1073
996,9,1005
400,36,436
132,663,795
859,96,955
30,409,439
405,496,901
60,963,1023
691,89,780
711,412,1123
734,430,1164
238,182,420
375,777,1152
146,338,484
283,520,803
431,699,1130
122,703,825
123,420,543
904,6,910
992,224,1216
253,862,1115
422,698,1120
232,280,512
360,474,834
902,496,1398
441,977,1418
700,899,1599
291,591,882
360,990,1350
18,336,354
207,303,510
586,917,1503
390,418,808
256,92,348
892,293,1185
926,62,988
85,679,764
671,984,1655
44,507,551
404,602,1006
357,594,951
696,604,1300
859,826,1685
761,353,1114
484,708,1192
491,407,898
452,612,1064
568,960,1528
853,484,1337
303,577,880
829,879,1708
160,64,224
980,655,1635
404,691,1095
14,722,736
584,86,670
567,912,1479
108,807,915
771,268,1039
917,38,955
388,998,1386
968,40,1008
662,218,880
269,549,818
681,720,1401
438,476,914
342,507,849
951,87,1038
719,768,1487
979,425,1404
496,33,529
469,85,554
210,684,894
492,573,1065
731,308,1039
99,64,163
632,188,820
109,630,739
92,889,981
21,499,520
58,504,562
103,356,459
548,827,1375
926,171,1097
817,216,1033
131,43,174
963,171,1134
252,858,1110
972,955,1927
845,841,1686
609,537,1146
194,853,1047
154,794,948
119,132,251
463,117,580
61,962,1023
326,678,1004
245,815,1060
514,911,1425
469,724,1193
553,626,1179
934,37,971
868,729,1597
515,45,560
447,34,481
393,457,850
872,41,913
524,242,766
331,3,334
342,223,565
322,149,471
892,414,1306
844,877,1721
442,784,1226
769,434,1203
857,863,1720
577,900,1477
655,486,1141
208,904,1112
596,90,686
902,788,1690
29,665,694
994,588,1582
903,95,998
543,28,571
563,478,1041
429,364,793
271,110,381
729,45,774
848,918,1766
54,300,354
827,342,1169
273,651,924
696,207,903
753,394,1147
567,736,1303
109,296,405
853,159,1012
191,484,675
344,33,377
750,338,1088
308,312,620
179,789,968
424,17,441
910,580,1490
924,201,1125
709,401,1110
959,755,1714
352,627,979
628,605,1233
594,289,883
750,806,1556
109,281,390
139,630,769
482,702,1184
618,786,1404
765,560,1325
989,850,1839
213,613,826
979,422,1401
788,991,1779
236,261,497
370,902,1272
442,330,772
230,250,480
26,293,319
235,988,1223
94,607,701
951,934,1885
716,173,889
30,65,95
826,393,1219
283,155,438
65,468,533
130,343,473
752,778,1530
41,825,866
298,83,381
972,686,1658
598,281,879
330,783,1113
107,335,442
156,889,1045
237,241,478
251,332,583
20,879,899
795,739,1534
683,858,1541
222,524,746
599,808,1407
828,949,1777
295,310,605
470,280,750
242,674,916
342,322,664
325,520,845
604,922,1526
956,435,1391
936,160,1096
445,722,1167
462,215,677
851,234,1085
318,457,775
336,574,910
188,506,694
567,659,1226
398,560,958
156,136,292
663,973,1636
833,631,1464
746,758,1504
564,841,1405
489,283,772
651,296,947
33,967,1000
608,204,812
452,197,649
858,426,1284
43,676,719
349,235,584
391,829,1220
215,825,1040
543,749,1292
355,134,489
95,904,999
751,816,1567
843,510,1353
432,560,992
32,439,471
458,443,901
231,883,1114
550,499,1049
762,302,1064
155,839,994
782,972,1754
623,847,1470
307,514,821
124,103,227
949,495,1444
537,804,1341
977,690,1667
777,869,1646
616,449,1065
165,368,533
193,775,968
675,900,1575
780,570,1350
246,420,666
860,354,1214
707,749,1456
866,945,1811
678,367,1045
67,104,171
147,179,326
18,251,269
209,871,1080
31,923,954
971,134,1105
332,766,1098
371,351,722
950,138,1088
822,418,1240
579,10,589
994,74,1068
694,720,1414
985,341,1326
768,534,1302
430,165,595
780,697,1477
225,185,410
930,559,1489
809,855,1664
529,484,1013
645,482,1127
188,455,643
43,591,634
331,226,557
821,513,1334
591,966,1557
134,519,653
885,157,1042
373,800,1173
749,65,814
480,254,734
307,321,628
927,49,976
717,819,1536
875,455,1330
782,912,1694
874,853,1727
200,730,930
361,873,1234
610,759,1369
37,22,59
70,863,933
404,900,1304
561,651,1212
48,376,424
219,981,1200
537,39,576
614,75,689
775,107,882
396,808,1204
60,413,473
120,825,945
392,473,865
492,897,1389
481,305,786
358,33,391
34,653,687
71,96,167
573,144,717
893,97,990
819,874,1693
408,142,550
415,829,1244
173,532,705
610,120,730
341,631,972
716,504,1220
148,604,752
115,389,504
795,766,1561
3,800,803
561,218,779
781,374,1155
895,483,1378
69,266,335
529,14,543
321,188,509
838,720,1558
170,233,403
215,34,249
727,497,1224
462,313,775
366,984,1350
956,206,1162
108,862,970
567,344,911
379,486,865
14,596,610
784,33,817
255,766,1021
706,445,1151
910,358,1268
471,906,1377
797,731,1528
277,291,568
163,412,575
32,560,592
624,977,1601
966,357,1323
614,560,1174
567,355,922
302,209,511
131,836,967
73,924,997
957,505,1462
868,583,1451
110,271,381
616,993,1609
978,208,1186
329,490,819
848,677,1525
259,907,1166
391,684,1075
411,862,1273
538,111,649
66,501,567
519,528,1047
947,806,1753
834,577,1411
131,110,241
248,313,561
807,657,1464
897,744,1641
278,902,1180
561,160,721
71,797,868
677,654,1331
780,181,961
179,508,687
577,723,1300
379,320,699
433,79,512
300,378,678
689,828,1517
851,19,870
836,72,908
872,989,1861
874,610,1484
593,104,697
48,793,841
325,702,1027
653,706,1359
745,516,1261
658,285,943
125,53,178
363,337,700
179,649,828
222,342,564
450,698,1148
938,749,1687
286,437,723
639,506,1145
77,232,309
809,66,875
210,34,244
316,619,935
724,379,1103
970,93,1063
966,208,1174
54,500,554
872,14,886
787,553,1340
157,752,909
500,493,993
181,57,238
893,154,1047
774,172,946
58,298,356
632,523,1155
704,750,1454
529,329,858
20,406,426
958,989,1947
857,965,1822
287,165,452
828,557,1385
235,920,1155
80,578,658
188,688,876
791,497,1288
176,473,649
229,286,515
881,340,1221
238,121,359
565,716,1281
818,716,1534
884,536,1420
196,25,221
473,761,1234
68,59,127
685,790,1475
378,463,841
361,873,1234
623,777,1400
755,602,1357
357,735,1092
732,629,1361
685,363,1048
615,316,931
294,227,521
605,202,807
429,29,458
52,829,881
755,33,788
256,366,622
215,96,311
616,668,1284
744,443,1187
346,571,917
305,363,668
369,320,689
554,326,880
272,407,679
561,511,1072
174,143,317
180,773,953
75,274,349
705,799,1504
38,275,313
590,746,1336
565,163,728
936,75,1011
213,108,321
214,559,773
307,221,528
193,178,371
873,867,1740
659,172,831
934,72,1006
773,399,1172
990,37,1027
238,794,1032
592,851,1443
469,499,968
945,149,1094
376,451,827
840,108,948
517,402,919
955,764,1719
469,199,668
40,182,222
932,371,1303
758,591,1349
288,534,822
483,961,1444
0,135,135
313,950,1263
692,0,692
222,900,1122
158,683,841
68,804,872
640,256,896
479,552,1031
181,818,999
414,704,1118
851,297,1148
896,715,1611
929,360,1289
83,397,480
426,298,724
609,26,635
141,778,919
223,720,943
37,417,454
729,399,1128
544,443,987
4,751,755
55,177,232
779,293,1072
930,1000,1930
275,862,1137
350,872,1222
273,948,1221
702,419,1121
143,396,539
536,308,844
61,123,184
446,450,896
922,699,1621
292,777,1069
942,222,1164
433,564,997
913,771,1684
546,171,717
78,46,124
171,236,407
177,480,657
802,163,965
699,256,955
253,659,912
736,956,1692
910,776,1686
902,191,1093
418,802,1220
419,34,453
896,134,1030
982,922,1904
524,774,1298
677,643,1320
409,741,1150
743,739,1482
698,408,1106
17,669,686
667,296,963
147,204,351
600,613,1213
515,740,1255
115,560,675
624,609,1233
342,593,935
475,531,1006
405,226,631
600,466,1066
290,340,630
194,224,418
464,970,1434
804,480,1284
18,943,961
577,236,813
814,709,1523
788,739,1527
793,717,1510
824,78,902
745,101,846
515,231,746
108,919,1027
573,463,1036
468,616,1084
669,551,1220
158,90,248
873,451,1324
672,569,1241
310,164,474
625,50,675
441,53,494
724,91,815
449,895,1344
31,415,446
687,532,1219
159,347,506
172,20,192
71,188,259
324,303,627
45,490,535
729,540,1269
942,257,1199
610,879,1489
549,302,851
726,575,1301
259,197,456
172,772,944
906,749,1655
433,404,837
202,902,1104
793,104,897
400,170,570
47,199,246
610,490,1100
161,581,742
469,724,1193
400,816,1216
253,750,1003
744,335,1079
253,531,784
478,789,1267
655,689,1344
611,631,1242
184,541,725
941,342,1283
215,534,749
841,657,1498
263,806,1069
648,321,969
767,451,1218
171,951,1122
639,404,1043
169,916,1085
671,79,750
390,108,498
280,335,615
1000,858,1858
47,979,1026
596,687,1283
819,563,1382
962,874,1836
570,45,615
947,545,1492
689,45,734
702,3,705
532,488,1020
634,978,1612
611,755,1366
885,172,1057
272,829,1101
67,97,164
758,865,1623
678,623,1301
679,918,1597
129,961,1090
22,292,314
821,222,1043
409,453,862
564,888,1452
674,999,1673
432,152,584
869,639,1508
576,148,724
323,865,1188
891,834,1725
311,465,776
31,859,890
141,285,426
85,112,197
318,570,888
117,147,264
94,464,558
573,872,1445
441,159,600
321,512,833
866,780,1646
586,756,1342
944,402,1346
514,377,891
307,766,1073
780,416,1196
488,292,780
403,542,945
173,774,947
923,902,1825
557,604,1161
938,855,1793
949,174,1123
277,660,937
439,425,864
254,158,412
471,105,576
274,111,385
330,138,468
764,926,1690
558,332,890
34,623,657
568,282,850
310,631,941
678,700,1378
488,18,506
439,863,1302
451,498,949
516,477,993
683,805,1488
896,400,1296
175,363,538
625,565,1190
246,241,487
931,45,976
743,331,1074
60,463,523
535,315,850
965,365,1330
718,95,813
548,602,1150
48,960,1008
969,787,1756
859,310,1169
571,509,1080
903,186,1089
195,728,923
699,562,1261
946,852,1798
499,185,684
469,390,859
773,921,1694
884,924,1808
362,783,1145
180,685,865
454,607,1061
610,167,777
695,15,710
732,831,1563
622,679,1301
105,665,770
211,462,673
659,550,1209
952,6,958
864,929,1793
951,823,1774
740,186,926
617,379,996
50,820,870
222,406,628
413,817,1230
215,897,1112
516,788,1304
369,492,861
722,753,1475
114,132,246
56,395,451
274,356,630
333,462,795
786,772,1558
675,332,1007
668,849,1517
875,93,968
59,748,807
885,912,1797
636,322,958
914,22,936
707,424,1131
487,134,621
78,730,808
158,886,1044
245,180,425
100,267,367
968,55,1023
486,271,757
467,316,783
910,281,1191
493,960,1453
12,995,1007
230,862,1092
530,570,1100
750,847,1597
958,458,1416
3,947,950
332,94,426
801,607,1408
59,378,437
737,32,769
913,557,1470
151,152,303
622,465,1087
418,263,681
372,810,1182
39,419,458
853,507,1360
902,118,1020
375,660,1035
510,33,543
841,409,1250
898,339,1237
152,622,774
838,644,1482
724,127,851
91,18,109
395,91,486
689,153,842
83,161,244
988,372,1360
64,17,81
210,190,400
226,888,1114
723,91,814
73,736,809
515,743,1258
567,965,1532
34,361,395
598,734,1332
590,958,1548
579,272,851
302,531,833
376,67,443
369,253,622
330,947,1277
212,445,657
860,132,992
989,918,1907
73,637,710
696,48,744
981,604,1585
627,605,1232
81,732,813
366,517,883
204,63,267
744,196,940
465,826,1291
980,314,1294
816,220,1036
385,508,893
96,298,394
250,355,605
840,778,1618
424,8,432
604,840,1444
661,149,810
382,858,1240
106,222,328
785,998,1783
674,153,827
378,330,708
144,497,641
862,201,1063
717,994,1711
531,97,628
151,644,795
706,764,1470
291,671,962
32,237,269
205,324,529
735,655,1390
743,695,1438
347,880,1227
612,219,831
46,638,684
329,832,1161
185,422,607
971,323,1294
125,283,408
288,0,288
221,689,910
423,768,1191
950,80,1030
646,544,1190
729,957,1686
494,853,1347
82,798,880
348,675,1023
761,869,1630
841,263,1104
621,774,1395
883,68,951
346,175,521
620,641,1261
985,604,1589
268,785,1053
317,699,1016
632,924,1556
938,470,1408
657,127,784
634,326,960
156,817,973
85,615,700
705,874,1579
265,167,432
936,607,1543
226,961,1187
920,357,1277
191,746,937
290,358,648
439,831,1270
364,857,1221
538,837,1375
989,445,1434
47,199,246
841,784,1625
791,752,1543
213,732,945
213,856,1069
92,35,127
726,844,1570
962,373,1335
723,189,912
966,886,1852
617,408,1025
680,575,1255
950,274,1224
837,457,1294
492,157,649
285,758,1043
943,838,1781
876,660,1536
806,59,865
663,836,1499
234,190,424
425,719,1144
500,765,1265
630,74,704
667,496,1163
92,922,1014
189,358,547
236,908,1144
557,293,850
439,190,629
45,509,554
74,650,724
953,167,1120
105,676,781
650,193,843
342,684,1026
58,344,402
767,844,1611
439,156,595
481,766,1247
974,244,1218
408,995,1403
486,424,910
413,744,1157
928,249,1177
427,694,1121
497,636,1133
223,989,1212
496,386,882
358,208,566
259,174,433
110,287,397
676,320,996
111,295,406
172,783,955
931,805,1736
274,772,1046
820,143,963
627,704,1331
390,703,1093
67,923,990
548,197,745
496,824,1320
846,605,1451
871,544,1415
170,977,1147
454,98,552
556,514,1070
908,821,1729
552,443,995
837,698,1535
549,989,1538
301,653,954
846,772,1618
895,347,1242
862,64,926
87,650,737
106,256,362
739,56,795
274,334,608
95,493,588
948,853,1801
51,212,263
351,700,1051
23,268,291
117,919,1036
990,390,1380
936,786,1722
462,462,924
477,275,752
378,645,1023
189,199,388
500,502,1002
760,76,836
920,531,1451
777,223,1000
595,244,839
993,453,1446
335,757,1092
563,120,683
317,546,863
747,600,1347
92,0,92
858,180,1038
546,661,1207
797,88,885
613,421,1034
53,732,785
139,496,635
988,446,1434
142,711,853
437,446,883
844,946,1790
365,28,393
986,721,1707
152,595,747
835,277,1112
770,194,964
359,812,1171
617,152,769
198,599,797
507,807,1314
344,219,563
759,424,1183
51,304,355
80,43,123
279,603,882
276,448,724
479,962,1441
163,488,651
827,891,1718
704,299,1003
424,114,538
518,942,1460
357,794,1151
277,174,451
426,560,986
441,298,739
691,54,745
872,433,1305
601,559,1160
159,281,440
324,90,414
803,214,1017
511,142,653
711,255,966
533,57,590
793,543,1336
753,872,1625
512,103,615
29,101,130
698,283,981
193,437,630
709,716,1425
420,312,732
816,316,1132
932,558,1490
455,417,872
479,527,1006
114,708,822
254,323,577
483,891,1374
352,462,814
381,776,1157
592,475,1067
441,829,1270
379,624,1003
65,748,813
939,16,955
772,633,1405
469,835,1304
111,506,617
24,941,965
393,449,842
243,141,384
690,917,1607
224,674,898
744,424,1168
133,363,496
340,239,579
17,461,478
770,293,1063
31,702,733
976,414,1390
709,337,1046
35,867,902
516,835,1351
531,715,1246
218,425,643
429,609,1038
186,806,992
91,106,197
779,434,1213
465,895,1360
335,992,1327
212,182,394
359,992,1351
893,651,1544
223,193,416
947,223,1170
522,576,1098
815,144,959
339,691,1030
484,188,672
914,652,1566
669,636,1305
885,81,966
534,254,788
717,78,795
658,157,815
163,698,861
493,889,1382
862,991,1853
593,783,1376
597,816,1413
874,18,892
46,943,989
195,73,268
255,812,1067
144,925,1069
704,807,1511
605,500,1105
670,293,963
248,437,685
137,19,156
101,567,668
125,742,867
290,678,968
714,888,1602
966,434,1400
906,431,1337
220,410,630
604,637,1241
530,727,1257
119,992,1111
86,618,704
727,322,1049
861,756,1617
512,423,935
814,308,1122
526,660,1186
289,102,391
820,932,1752
534,58,592
357,902,1259
725,428,1153
911,433,1344
735,977,1712
101,771,872
375,889,1264
551,879,1430
627,329,956
172,864,1036
249,176,425
127,922,1049
892,237,1129
115,198,313
952,950,1902
940,966,1906
385,82,467
248,655,903
140,997,1137
685,476,1161
211,343,554
440,513,953
417,528,945
745,742,1487
423,944,1367
796,111,907
885,672,1557
170,81,251
116,748,864
236,211,447
317,428,745
474,792,1266
52,465,517
914,660,1574
106,542,648
157,750,907
262,841,1103
473,696,1169
730,715,1445
806,911,1717
333,75,408
616,209,825
850,908,1758
95,349,444
924,775,1699
327,375,702
489,946,1435
784,558,1342
334,320,654
806,774,1580
140,19,159
666,317,983
622,557,1179
702,516,1218
752,704,1456
139,919,1058
937,741,1678
526,500,1026
15,928,943
886,710,1596
106,412,518
684,223,907
936,139,1075
812,421,1233
728,936,1664
484,627,1111
196,523,719
581,778,1359
667,687,1354
667,666,1333
790,854,1644
671,181,852
260,683,943
89,383,472
543,815,1358
201,634,835
22,278,300
424,593,1017
453,367,820
810,750,1560
388,239,627
501,147,648
309,358,667
721,445,1166
478,264,742
334,595,929
263,642,905
355,206,561
590,551,1141
933,186,1119
791,869,1660
552,124,676
942,333,1275
828,625,1453
431,828,1259
955,423,1378
104,573,677
704,373,1077
765,891,1656
772,647,1419
43,790,833
306,221,527
530,821,1351
387,791,1178
126,88,214
599,35,634
943,573,1516
440,45,485
149,586,735
433,137,570
203,279,482
3,547,550
541,557,1098
91,108,199
49,788,837
530,912,1442
518,715,1233
781,40,821
269,987,1256
762,124,886
117,744,861
101,318,419
810,207,1017
321,479,800
611,949,1560
150,305,455
742,881,1623
898,973,1871
577,763,1340
934,316,1250
39,72,111
768,883,1651
862,185,1047
336,91,427
56,993,1049
704,505,1209
436,73,509
392,700,1092
927,200,1127
52,96,148
81,766,847
96,580,676
60,923,983
493,202,695
740,323,1063
895,804,1699
750,422,1172
810,530,1340
611,317,928
366,322,688
499,141,640
510,83,593
726,305,1031
680,189,869
307,250,557
279,293,572
817,188,1005
932,225,1157
961,392,1353
636,530,1166
688,810,1498
799,390,1189
997,59,1056
985,473,1458
941,497,1438
457,443,900
843,768,1611
645,808,1453
278,519,797
68,714,782
748,203,951
19,23,42
579,947,1526
482,289,771
200,169,369
147,769,916
704,52,756
669,863,1532
298,124,422
962,602,1564
168,711,879
525,859,1384
672,603,1275
618,773,1391
282,447,729
479,994,1473
998,831,1829
347,397,744
515,451,966
338,387,725
814,742,1556
391,669,1060
338,938,1276
61,379,440
264,529,793
569,331,900
142,271,413
811,528,1339
133,123,256
456,899,1355
816,467,1283
493,814,1307
839,775,1614
167,387,554
330,763,1093
455,279,734
338,894,1232
6,889,895
269,351,620
609,150,759
334,724,1058
438,176,614
55,920,975
709,96,805
203,713,916
340,165,505
971,298,1269
749,230,979
503,706,1209
632,68,700
644,870,1514
474,307,781
921,595,1516
946,238,1184
213,685,898
172,511,683
973,430,1403
903,233,1136
18,642,660
668,601,1269
994,971,1965
138,36,174
872,175,1047
854,265,1119
649,821,1470
269,322,591
736,688,1424
528,381,909
479,345,824
574,410,984
579,445,1024
896,248,1144
553,62,615
883,645,1528
679,240,919
140,634,774
393,158,551
16,537,553
650,137,787
753,771,1524
66,102,168
75,314,389
341,809,1150
950,384,1334
707,921,1628
81,729,810
214,950,1164
693,690,1383
219,75,294
75,20,95
117,660,777
582,705,1287
773,892,1665
941,87,1028
935,626,1561
894,134,1028
179,332,511
357,565,922
290,453,743
814,921,1735
505,585,1090
466,128,594
889,860,1749
842,252,1094
423,229,652
681,949,1630
934,327,1261
502,712,1214
407,843,1250
802,916,1718
505,578,1083
29,839,868
921,635,1556
595,730,1325
143,192,335
87,89,176
575,368,943
588,700,1288
119,872,991
971,478,1449
619,3,622
826,675,1501
290,5,295
599,452,1051
530,62,592
691,953,1644
262,736,998
848,865,1713
289,370,659
482,251,733
362,231,593
959,17,976
427,410,837
908,910,1818
743,53,796
381,563,944
792,630,1422
570,754,1324
993,286,1279
159,258,417
45,150,195
268,400,668
721,759,1480
258,506,764
867,987,1854
555,661,1216
321,536,857
920,645,1565
190,73,263
993,720,1713
805,392,1197
779,316,1095
111,816,927
740,508,1248
850,311,1161
490,468,958
895,725,1620
335,211,546
65,759,824
491,508,999
780,292,1072
782,34,816
854,934,1788
919,903,1822
415,212,627
230,800,1030
947,431,1378
367,164,531
697,702,1399
461,256,717
465,982,1447
439,181,620
617,110,727
115,982,1097
736,348,1084
765,165,930
265,413,678
41,842,883
210,187,397
828,586,1414
252,501,753
346,970,1316
819,941,1760
264,781,1045
267,741,1008
490,47,537
249,240,489
767,302,1069
729,72,801
40,127,167
700,40,740
15,413,428
140,227,367
726,558,1284
43,897,940
479,529,1008
516,134,650
53,439,492
269,619,888
758,521,1279
874,702,1576
763,190,953
13,610,623
285,886,1171
652,69,721
685,552,1237
680,227,907
598,997,1595
484,945,1429
566,504,1070
254,40,294
135,379,514
251,258,509
880,929,1809
970,157,1127
327,829,1156
92,841,933
76,931,1007
287,983,1270
293,834,1127
14,133,147
2,729,731
806,23,829
455,196,651
73,495,568
374,785,1159
414,695,1109
165,692,857
909,178,1087
427,531,958
197,813,1010
37,104,141
169,465,634
448,201,649
557,809,1366
425,203,628
135,47,182
403,915,1318
844,446,1290
490,381,871
672,69,741
853,703,1556
284,925,1209
792,992,1784
124,543,667
487,315,802
767,429,1196
931,730,1661
818,253,1071
596,265,861
404,809,1213
463,221,684
558,983,1541
855,193,1048
48,117,165
836,427,1263
992,310,1302
707,749,1456
206,111,317
122,115,237
959,489,1448
21,215,236
569,200,769
78,830,908
597,849,1446
940,905,1845
325,527,852
667,227,894
798,977,1775
318,531,849
817,423,1240
194,343,537
956,887,1843
964,832,1796
495,383,878
645,505,1150
8,58,66
972,562,1534
534,358,892
158,81,239
640,153,793
571,875,1446
601,809,1410
242,237,479
363,970,1333
580,661,1241
372,679,1051
743,986,1729
753,562,1315
360,668,1028
771,67,838
988,417,1405
683,956,1639
117,31,148
752,646,1398
501,566,1067
958,864,1822
978,581,1559
881,472,1353
223,644,867
566,966,1532
412,721,1133
771,112,883
464,88,552
91,226,317
525,88,613
983,93,1076
215,357,572
876,938,1814
83,28,111
398,737,1135
863,560,1423
314,732,1046
197,406,603
800,930,1730
725,711,1436
898,347,1245
288,24,312
284,513,797
327,398,725
831,267,1098
963,415,1378
74,580,654
575,744,1319
195,119,314
430,386,816
425,40,465
94,981,1075
225,135,360
17,175,192
380,610,990
599,400,999
171,73,244
884,218,1102
975,354,1329
237,965,1202
615,257,872
549,501,1050
813,615,1428
540,11,551
992,340,1332
860,521,1381
61,890,951
93,631,724
336,341,677
862,79,941
107,12,119
796,786,1582
255,296,551
495,413,908
232,284,516
809,246,1055
767,708,1475
583,675,1258
425,207,632
49,522,571
709,301,1010
378,795,1173
166,532,698
518,582,1100
697,3,700
583,475,1058
4,39,43
176,395,571
610,976,1586
911,525,1436
386,503,889
475,346,821
979,841,1820
702,63,765
560,912,1472
466,709,1175
285,219,504
80,370,450
394,992,1386
751,804,1555
562,712,1274
908,121,1029
339,709,1048
455,611,1066
78,838,916
514,57,571
415,632,1047
788,707,1495
354,722,1076
424,177,601
788,174,962
206,47,253
762,206,968
617,749,1366
300,857,1157
594,251,845
23,751,774
574,511,1085
641,990,1631
50,23,73
782,738,1520
633,52,685
491,720,1211
272,705,977
688,749,1437
545,97,642
958,931,1889
821,566,1387
780,254,1034
761,210,971
360,139,499
240,87,327
953,966,1919
835,744,1579
616,108,724
528,624,1152
264,334,598
948,319,1267
626,985,1611
634,966,1600
694,212,906
427,333,760
39,201,240
846,145,991
76,344,420
619,19,638
806,194,1000
425,753,1178
518,691,1209
707,394,1101
741,238,979
7,163,170
272,791,1063
221,241,462
552,535,1087
957,160,1117
358,421,779
165,962,1127
882,973,1855
436,419,855
560,231,791
550,977,1527
287,890,1177
450,103,553
36,427,463
59,730,789
642,102,744
481,813,1294
146,764,910
938,34,972
568,881,1449
428,635,1063
663,720,1383
926,992,1918
882,355,1237
6,233,239
641,370,1011
136,810,946
627,77,704
695,283,978
861,405,1266
131,972,1103
841,874,1715
561,474,1035
723,616,1339
81,582,663
524,103,627
405,350,755
829,217,1046
474,912,1386
485,352,837
983,409,1392
240,493,733
669,720,1389
717,6,723
726,265,991
720,995,1715
393,237,630
775,355,1130
546,767,1313
696,841,1537
471,770,1241
91,508,599
84,725,809
982,223,1205
411,189,600
478,788,1266
176,160,336
205,53,258
735,194,929
823,50,873
61,144,205
879,187,1066
805,724,1529
903,863,1766
151,68,219
721,479,1200
787,809,1596
353,290,643
208,8,216
587,793,1380
524,312,836
851,1000,1851
112,88,200
426,980,1406
758,911,1669
952,85,1037
100,735,835
168,370,538
468,434,902
454,108,562
342,56,398
208,955,1163
584,704,1288
879,924,1803
151,864,1015
647,805,1452
282,431,713
12,151,163
201,622,823
801,896,1697
548,210,758
631,219,850
280,577,857
69,89,158
28,901,929
923,502,1425
209,151,360
536,49,585
239,716,955
18,248,266
371,310,681
946,898,1844
811,553,1364
673,570,1243
738,799,1537
153,241,394
574,503,1077
217,965,1182
242,34,276
169,385,554
849,972,1821
482,686,1168
454,933,1387
692,715,1407
445,267,712
728,538,1266
443,620,1063
779,52,831
615,983,1598
890,20,910
290,810,1100
207,546,753
228,223,451
952,969,1921
355,806,1161
703,348,1051
542,683,1225
567,38,605
737,963,1700
886,268,1154
69,792,861
949,949,1898
687,53,740
429,400,829
15,574,589
893,446,1339
227,69,296
4,186,190
532,228,760
739,898,1637
479,362,841
44,985,1029
547,224,771
609,988,1597
51,575,626
585,907,1492
832,995,1827
346,355,701
613,617,1230
377,899,1276
371,528,899
354,425,779
72,456,528
702,437,1139
474,866,1340
740,69,809
889,813,1702
771,214,985
253,430,683
704,109,813
690,366,1056
753,608,1361
954,16,970
132,27,159
486,429,915
795,274,1069
108,429,537
324,34,358
540,642,1182
570,525,1095
133,626,759
299,83,382
261,475,736
272,640,912
306,663,969
80,889,969
839,131,970
168,738,906
291,440,731
996,683,1679
31,703,734
467,318,785
229,390,619
945,362,1307
252,463,715
688,850,1538
797,775,1572
622,104,726
135,432,567
444,356,800
982,186,1168
185,219,404
715,247,962
981,986,1967
720,667,1387
673,552,1225
643,422,1065
95,282,377
877,859,1736
859,970,1829
934,277,1211
731,907,1638
874,166,1040
272,249,521
5,367,372
992,530,1522
928,991,1919
811,489,1300
132,464,596
985,636,1621
651,233,884
593,150,743
426,762,1188
211,476,687
950,434,1384
818,867,1685
887,327,1214
511,759,1270
395,331,726
77,549,626
789,209,998
736,54,790
358,397,755
921,905,1826
136,452,588
690,529,1219
985,795,1780
697,536,1233
576,343,919
332,396,728
841,705,1546
108,713,821
11,565,576
486,879,1365
621,786,1407
116,724,840
228,260,488
96,683,779
552,721,1273
928,977,1905
981,583,1564
545,887,1432
413,55,468
143,340,483
220,760,980
294,945,1239
68,711,779
282,404,686
173,943,1116
75,58,133
9,905,914
982,404,1386
563,975,1538
163,714,877
420,819,1239
295,368,663
641,371,1012
890,346,1236
853,719,1572
589,315,904
793,592,1385
158,253,411
965,659,1624
559,785,1344
385,501,886
2,962,964
376,202,578
8,882,890
568,500,1068
698,388,1086
715,133,848
584,298,882
680,243,923
163,156,319
830,514,1344
331,119,450
613,839,1452
126,776,902
347,920,1267
520,167,687
104,684,788
828,847,1675
353,309,662
945,96,1041
657,103,760
96,35,131
608,399,1007
402,146,548
982,692,1674
489,315,804
12,760,772
658,610,1268
993,0,993
700,558,1258
69,607,676
591,143,734
616,683,1299
218,718,936
721,514,1235
171,716,887
416,616,1032
191,189,380
593,461,1054
168,745,913
315,311,626
327,860,1187
416,857,1273
453,409,862
692,355,1047
558,564,1122
736,404,1140
266,576,842
86,931,1017
277,506,783
579,787,1366
729,82,811
741,892,1633
345,204,549
839,892,1731
216,215,431
966,643,1609
879,854,1733
8,918,926
220,387,607
400,838,1238
211,422,633
651,319,970
256,515,771
115,15,130
124,188,312
718,916,1634
120,883,1003
567,276,843
825,153,978
320,783,1103
757,500,1257
291,515,806
201,88,289
720,251,971
555,781,1336
411,805,1216
31,358,389
794,221,1015
54,909,963
411,829,1240
233,131,364
473,242,715
97,85,182
285,964,1249
498,236,734
39,585,624
282,980,1262
785,186,971
262,645,907
922,419,1341
506,146,652
728,375,1103
310,198,508
593,871,1464
577,29,606
412,50,462
835,607,1442
414,834,1248
754,459,1213
714,287,1001
559,343,902
311,647,958
394,220,614
723,807,1530
744,854,1598
467,191,658
836,581,1417
17,65,82
911,756,1667
516,7,523
175,930,1105
668,771,1439
3,227,230
140,647,787
92,982,1074
419,980,1399
46,473,519
913,258,1171
848,903,1751
182,590,772
903,467,1370
935,733,1668
652,422,1074
204,240,444
905,730,1635
796,493,1289
524,666,1190
380,286,666
350,78,428
461,636,1097
150,482,632
849,941,1790
709,335,1044
388,448,836
9,800,809
524,992,1516
858,962,1820
707,439,1146
491,84,575
552,188,740
731,226,957
976,133,1109
822,459,1281
80,507,587
851,699,1550
153,14,167
577,897,1474
684,309,993
588,542,1130
689,184,873
295,105,400
301,731,1032
880,664,1544
937,181,1118
530,563,1093
582,712,1294
138,602,740
287,89,376
617,330,947
4,361,365
553,978,1531
266,516,782
80,234,314
138,296,434
374,667,1041
346,526,872
746,567,1313
69,148,217
880,395,1275
975,670,1645
92,964,1056
537,171,708
757,602,1359
217,115,332
971,119,1090
769,768,1537
324,533,857
527,462,989
107,757,864
745,554,1299
213,328,541
963,417,1380
832,858,1690
77,63,140
369,554,923
822,407,1229
933,265,1198
651,449,1100
336,158,494
895,51,946
670,300,970
864,254,1118
9,440,449
576,991,1567
444,312,756
889,619,1508
747,791,1538
723,65,788
537,85,622
24,564,588
408,889,1297
799,363,1162
504,141,645
996,72,1068
634,79,713
650,540,1190
260,65,325
512,863,1375
635,59,694
837,586,1423
480,292,772
776,992,1768
972,758,1730
792,187,979
120,866,986
305,689,994
813,455,1268
539,164,703
508,148,656
213,728,941
955,642,1597
45,640,685
980,655,1635
421,175,596
627,765,1392
4,474,478
635,663,1298
490,740,1230
454,976,1430
52,584,636
453,835,1288
822,512,1334
300,886,1186
796,433,1229
619,736,1355
298,902,1200
959,16,975
208,206,414
997,193,1190
156,243,399
295,1,296
898,267,1165
591,263,854
844,939,1783
806,8,814
392,897,1289
888,772,1660
714,635,1349
230,216,446
131,213,344
131,875,1006
680,77,757
531,316,847
29,678,707
490,149,639
904,516,1420
195,314,509
312,588,900
612,4,616
430,434,864
412,110,522
854,944,1798
175,850,1025
528,814,1342
397,160,557
524,577,1101
159,603,762
451,339,790
456,560,1016
717,202,919
777,340,1117
390,670,1060
422,166,588
161,173,334
35,971,1006
958,22,980
4,724,728
536,240,776
570,420,990
891,967,1858
668,748,1416
328,429,757
941,62,1003
1,519,520
336,1000,1336
841,721,1562
145,933,1078
3,229,232
804,533,1337
714,859,1573
751,418,1169
444,296,740
402,98,500
487,570,1057
734,689,1423
863,139,1002
301,166,467
210,435,645
208,994,1202
725,691,1416
84,879,963
120,557,677
622,931,1553
624,476,1100
623,316,939
943,155,1098
512,684,1196
44,188,232
592,174,766
26,242,268
947,378,1325
517,930,1447
362,374,736
82,115,197
924,640,1564
315,693,1008
592,786,1378
38,494,532
291,512,803
409,113,522
159,200,359
741,115,856
172,74,246
952,103,1055
961,525,1486
388,953,1341
259,693,952
87,554,641
958,187,1145
533,542,1075
860,588,1448
982,296,1278
544,517,1061
158,931,1089
101,332,433
257,570,827
382,34,416
516,506,1022
301,236,537
985,527,1512
302,724,1026
846,212,1058
666,855,1521
424,975,1399
41,454,495
715,674,1389
537,457,994
780,661,1441
500,463,963
937,245,1182
345,551,896
19,819,838
264,605,869
65,709,774
415,661,1076
981,429,1410
937,631,1568
106,676,782
68,229,297
0,749,749
347,257,604
206,465,671
858,537,1395
9,52,61
409,985,1394
419,419,838
532,605,1137
828,46,874
253,147,400
605,504,1109
574,39,613
742,696,1438
10,514,524
837,17,854
951,357,1308
199,652,851
146,412,558
322,572,894
424,549,973
548,754,1302
717,499,1216
737,806,1543
888,71,959
255,360,615
259,307,566
400,575,975
293,652,945
441,299,740
799,88,887
57,294,351
872,511,1383
232,304,536
216,898,1114
542,37,579
626,50,676
588,135,723
97,924,1021
485,216,701
358,3,361
830,178,1008
271,20,291
718,34,752
31,592,623
551,6,557
522,27,549
104,60,164
569,314,883
623,622,1245
478,666,1144
354,790,1144
240,305,545
613,599,1212
949,316,1265
658,321,979
62,876,938
665,150,815
648,412,1060
431,129,560
189,519,708
450,806,1256
841,415,1256
756,645,1401
997,334,1331
724,267,991
510,810,1320
156,422,578
918,385,1303
377,539,916
575,949,1524
161,258,419
870,171,1041
766,584,1350
451,293,744
920,194,1114
333,333,666
799,47,846
39,954,993
821,302,1123
468,697,1165
798,550,1348
586,240,826
782,639,1421
703,422,1125
534,453,987
41,485,526
256,997,1253
952,911,1863
452,604,1056
424,870,1294
806,40,846
950,100,1050
889,747,1636
182,819,1001
817,870,1687
882,756,1638
132,465,597
819,221,1040
198,554,752
852,76,928
754,16,770
389,700,1089
533,25,558
806,184,990
607,830,1437
303,975,1278
500,527,1027
982,504,1486
659,814,1473
402,486,888
473,589,1062
345,474,819
399,320,719
263,557,820
775,741,1516
940,297,1237
121,627,748
747,226,973
386,641,1027
938,91,1029
945,167,1112
188,338,526
381,26,407
613,282,895
876,750,1626
829,271,1100
624,37,661
921,690,1611
715,305,1020
876,46,922
678,132,810
386,906,1292
143,377,520
816,803,1619
535,969,1504
125,69,194
113,213,326
54,55,109
222,720,942
919,102,1021
224,147,371
2,271,273
540,841,1381
465,819,1284
975,690,1665
172,888,1060
151,933,1084
566,42,608
359,844,1203
398,623,1021
493,976,1469
749,276,1025
260,806,1066
268,759,1027
2,129,131
330,879,1209
603,302,905
49,714,763
369,544,913
541,683,1224
149,201,350
44,797,841
827,448,1275
875,330,1205
159,553,712
651,717,1368
622,35,657
958,92,1050
795,73,868
380,568,948
69,905,974
133,62,195
688,825,1513
654,653,1307
820,146,966
493,213,706
237,813,1050
159,219,378
333,83,416
332,753,1085
538,987,1525
855,545,1400
288,0,288
752,980,1732
506,187,693
385,607,992
416,725,1141
782,826,1608
516,492,1008
863,579,1442
834,437,1271
424,977,1401
614,360,974
681,624,1305
446,175,621
376,697,1073
982,533,1515
327,908,1235
492,883,1375
68,921,989
549,915,1464
157,656,813
291,476,767
575,249,824
462,67,529
276,440,716
153,486,639
361,372,733
784,877,1661
122,425,547
764,909,1673
572,118,690
769,102,871
669,780,1449
892,499,1391
34,599,633
641,386,1027
285,40,325
890,648,1538
134,620,754
261,682,943
606,70,676
913,35,948
533,483,1016
19,897,916
950,166,1116
198,502,700
504,641,1145
274,88,362
309,579,888
260,155,415
274,934,1208
251,476,727
762,358,1120
131,319,450
386,76,462
86,560,646
56,649,705
621,648,1269
109,990,1099
598,835,1433
220,614,834
514,861,1375
786,217,1003
600,4,604
49,552,601
673,591,1264
533,846,1379
262,441,703
828,302,1130
796,8,804
844,785,1629
579,657,1236
556,205,761
323,290,613
622,787,1409
674,105,779
909,282,1191
428,104,532
137,218,355
15,118,133
853,267,1120
326,41,367
793,369,1162
476,278,754
580,337,917
989,2,991
442,122,564
336,223,559
721,375,1096
114,371,485
622,871,1493
379,736,1115
147,535,682
418,615,1033
462,317,779
977,527,1504
337,230,567
139,576,715
144,749,893
813,179,992
832,293,1125
317,237,554
392,30,422
199,501,700
274,726,1000
625,724,1349
133,277,410
445,57,502
140,269,409
313,477,790
991,931,1922
909,393,1302
393,68,461
825,828,1653
881,599,1480
75,105,180
863,651,1514
623,9,632
351,125,476
948,340,1288
241,557,798
394,677,1071
142,467,609
436,355,791
28,231,259
668,973,1641
11,434,445
430,492,922
84,495,579
216,977,1193
159,441,600
163,376,539
548,917,1465
577,169,746
46,273,319
701,831,1532
760,142,902
434,51,485
489,158,647
959,871,1830
918,55,973
504,376,880
597,784,1381
792,58,850
534,103,637
298,707,1005
970,793,1763
644,341,985
953,437,1390
27,686,713
507,670,1177
454,244,698
164,227,391
169,838,1007
535,449,984
434,110,544
580,434,1014
49,170,219
833,81,914
16,701,717
536,206,742
651,419,1070
300,126,426
498,264,762
593,496,1089
153,55,208
574,729,1303
952,35,987
384,80,464
598,627,1225
484,585,1069
76,644,720
979,959,1938
483,590,1073
63,566,629
19,137,156
125,665,790
68,813,881
562,753,1315
870,666,1536
736,844,1580
326,71,397
451,673,1124
44,657,701
230,891,1121
700,1000,1700
634,820,1454
176,66,242
430,761,1191
53,182,235
772,124,896
950,483,1433
69,879,948
370,666,1036
802,398,1200
325,691,1016
85,895,980
133,356,489
658,804,1462
991,895,1886
703,840,1543
205,517,722
94,993,1087
658,949,1607
519,838,1357
139,309,448
674,465,1139
540,101,641
780,981,1761
411,115,526
996,105,1101
217,464,681
498,846,1344
654,453,1107
309,982,1291
966,272,1238
363,397,760
970,193,1163
143,806,949
994,300,1294
138,293,431
310,153,463
312,387,699
717,554,1271
503,124,627
682,15,697
933,518,1451
736,535,1271
495,382,877
902,753,1655
3,547,550
10,412,422
972,146,1118
939,93,1032
866,768,1634
460,985,1445
175,934,1109
82,486,568
831,629,1460
871,247,1118
143,76,219
735,641,1376
673,940,1613
950,137,1087
587,537,1124
185,72,257
305,280,585
304,954,1258
48,76,124
661,46,707
871,964,1835
630,674,1304
919,515,1434
676,83,759
368,485,853
73,14,87
270,634,904
153,110,263
109,422,531
642,637,1279
319,544,863
695,621,1316
458,416,874
690,898,1588
652,440,1092
129,794,923
287,285,572
897,156,1053
634,214,848
627,301,928
807,666,1473
750,911,1661
858,909,1767
987,379,1366
148,715,863
64,295,359
652,360,1012
836,89,925
114,722,836
122,107,229
732,701,1433
365,990,1355
912,427,1339
747,89,836
161,402,563
776,616,1392
677,515,1192
637,911,1548
463,769,1232
515,503,1018
43,384,427
666,799,1465
767,260,1027
37,848,885
417,38,455
907,426,1333
383,399,782
221,826,1047
263,958,1221
500,389,889
799,894,1693
163,641,804
438,252,690
389,113,502
551,462,1013
902,734,1636
626,235,861
239,39,278
152,118,270
170,962,1132
578,50,628
140,138,278
629,371,1000
228,343,571
638,133,771
891,50,941
218,274,492
636,65,701
763,375,1138
911,977,1888
404,103,507
116,56,172
232,514,746
547,876,1423
764,482,1246
827,380,1207
232,612,844
124,282,406
167,430,597
871,394,1265
166,617,783
388,601,989
869,962,1831
842,806,1648
133,895,1028
753,407,1160
259,882,1141
934,93,1027
825,133,958
556,449,1005
952,67,1019
270,809,1079
599,660,1259
265,332,597
547,348,895
884,632,1516
16,213,229
709,156,865
112,404,516
673,750,1423
79,813,892
4,323,327
486,436,922
168,389,557
392,158,550
192,893,1085
437,128,565
81,226,307
802,592,1394
483,605,1088
867,751,1618
186,464,650
198,257,455
389,586,975
491,934,1425
62,747,809
929,208,1137
423,41,464
895,294,1189
615,876,1491
556,648,1204
147,671,818
707,466,1173
983,936,1919
900,669,1569
58,728,786
156,428,584
568,694,1262
907,519,1426
788,465,1253
73,685,758
161,592,753
121,524,645
231,509,740
386,672,1058
526,430,956
723,104,827
765,654,1419
813,252,1065
722,300,1022
422,194,616
564,268,832
849,341,1190
87,121,208
990,227,1217
154,929,1083
837,353,1190
818,920,1738
348,860,1208
996,367,1363
340,579,919
675,373,1048
687,132,819
958,308,1266
902,554,1456
437,121,558
274,425,699
245,438,683
875,243,1118
518,327,845
715,865,1580
391,545,936
811,595,1406
287,269,556
587,461,1048
786,963,1749
452,332,784
999,509,1508
340,611,951
409,443,852
912,442,1354
537,380,917
367,859,1226
947,844,1791
225,59,284
544,921,1465
629,944,1573
683,255,938
608,259,867
419,494,913
321,77,398
518,902,1420
729,87,816
532,716,1248
993,176,1169
267,281,548
745,962,1707
502,264,766
346,344,690
716,444,1160
909,590,1499
507,267,774
86,803,889
735,312,1047
690,310,1000
581,231,812
515,482,997
939,173,1112
700,513,1213
830,270,1100
102,57,159
992,421,1413
935,855,1790
443,801,1244
605,147,752
654,39,693
677,7,684
627,160,787
880,148,1028
505,278,783
132,914,1046
842,718,1560
885,428,1313
262,254,516
521,518,1039
318,577,895
647,558,1205
490,483,973
426,552,978
35,739,774
722,600,1322
664,575,1239
453,694,1147
31,352,383
631,37,668
77,601,678
661,674,1335
898,288,1186
307,165,472
743,547,1290
898,568,1466
272,516,788
396,215,611
127,536,663
945,533,1478
803,765,1568
893,298,1191
940,887,1827
243,892,1135
599,126,725
382,427,809
493,257,750
265,240,505
230,22,252
540,556,1096
683,50,733
43,272,315
54,187,241
519,988,1507
4,899,903
624,747,1371
274,835,1109
676,29,705
683,190,873
590,564,1154
20,868,888
895,316,1211
647,242,889
697,487,1184
943,378,1321
101,90,191
596,235,831
673,890,1563
446,146,592
847,98,945
730,605,1335
395,739,1134
929,772,1701
489,899,1388
909,500,1409
818,130,948
131,806,937
223,535,758
349,122,471
70,970,1040
279,55,334
678,110,788
394,529,923
193,392,585
200,946,1146
984,807,1791
447,603,1050
478,421,899
209,178,387
133,640,773
87,400,487
386,540,926
618,461,1079
402,159,561
460,858,1318
455,688,1143
102,241,343
16,956,972
525,408,933
716,645,1361
912,217,1129
561,422,983
335,643,978
409,51,460
411,39,450
785,227,1012
94,954,1048
409,92,501
412,125,537
81,907,988
706,518,1224
337,317,654
29,29,58
711,691,1402
864,953,1817
935,960,1895
88,89,177
389,77,466
923,981,1904
997,525,1522
782,427,1209
267,397,664
672,518,1190
601,649,1250
153,375,528
520,192,712
471,919,1390
832,705,1537
705,698,1403
306,148,454
152,801,953
497,775,1272
330,820,1150
403,632,1035
695,325,1020
834,604,1438
80,812,892
289,907,1196
83,267,350
278,689,967
74,322,396
256,676,932
774,433,1207
207,11,218
72,156,228
567,223,790
45,424,469
529,652,1181
915,549,1464
255,250,505
995,601,1596
456,784,1240
712,399,1111
111,797,908
317,255,572
488,159,647
982,989,1971
359,928,1287
637,71,708
498,33,531
101,700,801
734,776,1510
579,976,1555
882,154,1036
637,307,944
327,444,771
208,390,598
711,107,818
8,568,576
198,602,800
168,798,966
545,591,1136
29,164,193
760,619,1379
147,443,590
701,24,725
549,247,796
138,199,337
990,989,1979
489,239,728
961,404,1365
965,441,1406
299,854,1153
752,457,1209
391,214,605
870,492,1362
191,606,797
675,558,1233
298,772,1070
311,295,606
421,832,1253
150,738,888
902,652,1554
739,323,1062
426,780,1206
182,614,796
355,972,1327
223,972,1195
8,881,889
421,368,789
383,668,1051
14,113,127
586,479,1065
862,178,1040
850,378,1228
630,109,739
108,214,322
186,144,330
931,646,1577
118,996,1114
157,54,211
838,544,1382
33,830,863
41,933,974
408,653,1061
844,31,875
760,802,1562
693,896,1589
501,420,921
50,151,201
494,308,802
251,462,713
51,346,397
57,50,107
177,831,1008
621,348,969
13,308,321
216,82,298
703,34,737
156,819,975
974,535,1509
988,486,1474
743,564,1307
981,731,1712
150,104,254
164,572,736
275,357,632
545,286,831
100,766,866
234,912,1146
800,88,888
352,474,826
545,789,1334
426,668,1094
643,130,773
39,634,673
271,428,699
135,28,163
808,635,1443
358,755,1113
326,644,970
935,99,1034
637,327,964
139,204,343
960,504,1464
66,831,897
600,361,961
892,75,967
497,121,618
311,866,1177
719,912,1631
689,801,1490
819,300,1119
924,279,1203
238,330,568
756,63,819
20,335,355
716,848,1564
770,672,1442
125,215,340
484,644,1128
206,471,677
362,841,1203
234,400,634
885,712,1597
975,418,1393
366,229,595
327,202,529
851,150,1001
418,825,1243
201,560,761
413,777,1190
676,688,1364
277,25,302
371,611,982
266,687,953
875,766,1641
834,86,920
131,520,651
523,93,616
774,227,1001
217,501,718
273,86,359
26,412,438
518,240,758
330,346,676
563,424,987
195,31,226
105,53,158
225,664,889
385,812,1197
200,122,322
198,143,341
770,828,1598
304,565,869
159,36,195
768,640,1408
155,229,384
53,656,709
174,444,618
56,1000,1056
459,200,659
561,910,1471
324,86,410
692,472,1164
181,200,381
791,121,912
916,765,1681
432,369,801
620,67,687
780,369,1149
893,44,937
200,719,919
568,360,928
345,785,1130
817,894,1711
653,388,1041
932,636,1568
600,797,1397
527,147,674
378,733,1111
934,31,965
562,312,874
192,953,1145
656,449,1105
659,873,1532
0,802,802
50,370,420
288,990,1278
27,787,814
721,996,1717
473,743,1216
17,699,716
882,716,1598
27,922,949
260,570,830
422,426,848
531,267,798
701,943,1644
17,185,202
39,674,713
519,362,881
698,722,1420
176,486,662
753,906,1659
197,903,1100
949,7,956
42,360,402
254,331,585
224,440,664
279,309,588
262,5,267
26,397,423
115,253,368
629,876,1505
322,549,871
439,880,1319
209,447,656
921,365,1286
625,120,745
619,436,1055
865,325,1190
597,272,869
287,773,1060
996,316,1312
623,162,785
794,221,1015
412,170,582
993,591,1584
901,630,1531
739,239,978
594,34,628
572,733,1305
540,419,959
221,473,694
785,212,997
491,674,1165
885,203,1088
499,94,593
954,93,1047
671,792,1463
768,580,1348
608,349,957
658,41,699
564,326,890
996,315,1311
672,304,976
944,345,1289
820,810,1630
128,130,258
923,432,1355
765,237,1002
460,281,741
628,120,748
950,412,1362
965,709,1674
380,996,1376
675,500,1175
133,394,527
479,242,721
717,481,1198
600,884,1484
693,96,789
99,967,1066
584,236,820
414,120,534
538,946,1484
677,538,1215
962,192,1154
515,848,1363
830,656,1486
254,626,880
29,267,296
573,788,1361
610,159,769
208,885,1093
283,317,600
302,230,532
802,68,870
440,897,1337
925,243,1168
171,816,987
996,126,1122
392,174,566
527,198,725
711,897,1608
740,299,1039
142,505,647
165,454,619
396,730,1126
424,194,618
292,965,1257
685,890,1575
749,341,1090
795,381,1176
107,674,781
596,537,1133
936,109,1045
746,789,1535
434,12,446
732,471,1203
77,838,915
108,787,895
12,408,420
514,543,1057
499,791,1290
849,294,1143
593,224,817
295,486,781
130,107,237
209,253,462
760,370,1130
792,971,1763
315,330,645
131,588,719
634,782,1416
471,775,1246
704,167,871
482,268,750
518,331,849
222,601,823
427,396,823
260,815,1075
723,882,1605
927,162,1089
490,427,917
717,281,998
588,586,1174
779,224,1003
748,456,1204
694,759,1453
455,504,959
366,957,1323
775,1000,1775
34,300,334
396,748,1144
655,707,1362
949,885,1834
679,567,1246
762,156,918
713,852,1565
884,793,1677
230,286,516
347,83,430
756,971,1727
95,467,562
656,973,1629
63,238,301
240,362,602
748,149,897
930,606,1536
175,956,1131
498,589,1087
358,274,632
750,276,1026
882,959,1841
736,356,1092
13,618,631
982,511,1493
286,238,524
105,631,736
763,130,893
786,327,1113
379,47,426
804,127,931
120,263,383
290,202,492
297,191,488
542,223,765
200,806,1006
132,212,344
757,911,1668
859,383,1242
65,110,175
790,531,1321
335,582,917
849,389,1238
312,672,984
907,784,1691
678,679,1357
360,548,908
446,707,1153
541,235,776
20,86,106
456,480,936
96,676,772
104,217,321
39,200,239
544,511,1055
227,320,547
621,356,977
410,467,877
5,543,548
608,603,1211
674,273,947
348,418,766
621,714,1335
521,923,1444
271,577,848
507,160,667
698,629,1327
101,267,368
232,757,989
380,848,1228
700,146,846
207,171,378
103,656,759
465,721,1186
292,247,539
922,743,1665
248,57,305
271,773,1044
748,970,1718
876,709,1585
464,691,1155
59,268,327
456,714,1170
849,778,1627
34,213,247
394,565,959
302,647,949
174,999,1173
444,505,949
22,79,101
696,382,1078
443,758,1201
872,545,1417
208,59,267
938,5,943
668,609,1277
846,400,1246
137,248,385
119,229,348
385,128,513
157,715,872
268,596,864
98,177,275
814,533,1347
683,173,856
608,520,1128
96,504,600
329,340,669
298,819,1117
212,949,1161
365,561,926
33,217,250
421,776,1197
371,760,1131
984,863,1847
779,375,1154
295,426,721
258,974,1232
318,347,665
945,389,1334
921,878,1799
70,979,1049
225,969,1194
231,614,845
742,47,789
281,354,635
712,574,1286
98,40,138
450,849,1299
699,230,929
452,426,878
320,997,1317
672,251,923
806,6,812
203,738,941
510,745,1255
246,226,472
965,889,1854
367,382,749
291,903,1194
254,708,962
383,81,464
336,326,662
503,682,1185
760,634,1394
598,306,904
77,215,292
652,174,826
53,971,1024
88,595,683
482,37,519
578,705,1283
132,133,265
910,903,1813
625,194,819
676,232,908
561,584,1145
390,619,1009
660,686,1346
431,799,1230
417,877,1294
305,982,1287
328,561,889
46,879,925
993,952,1945
764,923,1687
769,13,782
277,544,821
965,374,1339
886,521,1407
894,808,1702
504,890,1394
686,587,1273
171,207,378
676,23,699
483,883,1366
702,6,708
724,399,1123
33,343,376
699,440,1139
349,752,1101
864,1,865
97,337,434
52,818,870
901,195,1096
407,1,408
989,897,1886
49,246,295
113,631,744
742,490,1232
3,42,45
273,974,1247
151,675,826
424,659,1083
917,220,1137
35,775,810
289,371,660
556,71,627
330,594,924
732,199,931
651,125,776
761,787,1548
442,104,546
390,953,1343
630,204,834
754,432,1186
48,754,802
242,137,379
196,795,991
56,735,791
480,56,536
361,125,486
679,422,1101
813,340,1153
739,275,1014
731,777,1508
559,289,848
847,292,1139
355,643,998
551,140,691
747,239,986
972,929,1901
936,210,1146
495,229,724
459,321,780
590,42,632
598,652,1250
358,745,1103
984,471,1455
267,622,889
24,412,436
177,406,583
187,26,213
838,816,1654
66,971,1037
345,215,560
381,91,472
762,123,885
581,207,788
61,483,544
916,866,1782
929,403,1332
112,549,661
595,835,1430
504,827,1331
465,604,1069
896,632,1528
708,996,1704
762,14,776
69,684,753
671,443,1114
887,609,1496
452,656,1108
426,484,910
453,675,1128
525,337,862
532,462,994
788,94,882
172,767,939
389,282,671
844,667,1511
793,145,938
777,230,1007
205,843,1048
749,483,1232
484,6,490
70,35,105
11,633,644
633,317,950
731,481,1212
239,517,756
954,948,1902
409,482,891
360,483,843
125,929,1054
743,315,1058
606,221,827
287,370,657
618,414,1032
931,622,1553
791,462,1253
784,418,1202
68,473,541
366,134,500
255,720,975
4,93,97
726,851,1577
136,209,345
15,890,905
543,68,611
505,124,629
552,30,582
540,257,797
493,387,880
741,275,1016
463,312,775
28,770,798
791,75,866
784,562,1346
233,456,689
552,703,1255
288,105,393
444,796,1240
722,289,1011
744,652,1396
354,174,528
819,323,1142
325,859,1184
360,572,932
516,897,1413
403,735,1138
130,199,329
21,637,658
13,580,593
779,634,1413
238,77,315
64,606,670
979,116,1095
238,168,406
611,292,903
21,836,857
918,807,1725
275,87,362
445,770,1215
53,788,841
883,459,1342
725,739,1464
704,863,1567
621,757,1378
486,296,782
15,591,606
588,810,1398
559,190,749
782,33,815
645,896,1541
520,375,895
324,507,831
482,891,1373
678,511,1189
797,823,1620
926,309,1235
746,450,1196
183,547,730
681,794,1475
234,895,1129
219,460,679
208,491,699
16,956,972
378,990,1368
587,364,951
104,823,927
601,61,662
21,454,475
66,723,789
771,236,1007
469,994,1463
394,188,582
570,426,996
648,257,905
768,943,1711
375,57,432
73,826,899
290,11,301
657,304,961
673,86,759
964,747,1711
637,53,690
375,306,681
603,920,1523
279,964,1243
697,632,1329
409,94,503
477,289,766
162,362,524
749,844,1593
642,603,1245
920,545,1465
687,939,1626
876,962,1838
885,492,1377
289,134,423
955,659,1614
267,715,982
337,185,522
37,588,625
598,892,1490
179,112,291
942,812,1754
32,432,464
79,787,866
584,445,1029
854,793,1647
939,685,1624
939,504,1443
290,364,654
366,414,780
302,267,569
640,604,1244
402,373,775
592,200,792
512,372,884
764,554,1318
916,869,1785
557,71,628
481,443,924
409,223,632
399,417,816
263,910,1173
823,645,1468
610,549,1159
827,211,1038
457,947,1404
39,890,929
206,553,759
296,494,790
86,212,298
76,968,1044
665,628,1293
986,737,1723
829,964,1793
101,350,451
108,162,270
709,105,814
339,33,372
949,524,1473
289,782,1071
887,990,1877
469,160,629
693,614,1307
902,399,1301
298,543,841
894,292,1186
580,914,1494
464,251,715
387,226,613
322,124,446
415,354,769
659,180,839
324,810,1134
562,110,672
812,295,1107
883,400,1283
721,792,1513
317,987,1304
657,640,1297
389,86,475
429,700,1129
983,699,1682
875,138,1013
792,477,1269
559,540,1099
736,440,1176
828,363,1191
932,240,1172
322,687,1009
411,133,544
562,625,1187
269,168,437
286,902,1188
163,455,618
462,223,685
208,149,357
272,854,1126
954,422,1376
310,454,764
318,224,542
187,711,898
588,412,1000
57,356,413
579,50,629
863,365,1228
884,155,1039
278,371,649
111,15,126
53,174,227
558,417,975
884,528,1412
739,515,1254
247,787,1034
56,924,980
84,373,457
431,387,818
763,903,1666
39,861,900
699,874,1573
284,744,1028
751,685,1436
157,545,702
676,648,1324
7,814,821
27,705,732
890,546,1436
232,166,398
174,850,1024
900,883,1783
170,717,887
755,769,1524
591,763,1354
350,334,684
541,206,747
85,413,498
52,220,272
709,207,916
920,128,1048
266,31,297
426,493,919
25,53,78
873,482,1355
648,93,741
728,444,1172
727,293,1020
739,965,1704
400,770,1170
832,989,1821
655,568,1223
30,775,805
997,218,1215
71,627,698
629,455,1084
480,39,519
759,82,841
554,139,693
246,821,1067
776,484,1260
532,193,725
512,564,1076
615,348,963
907,989,1896
417,950,1367
558,217,775
213,122,335
853,115,968
725,764,1489
475,303,778
203,248,451
137,802,939
450,569,1019
885,942,1827
171,119,290
476,426,902
802,167,969
765,434,1199
590,669,1259
184,192,376
652,327,979
264,209,473
210,280,490
979,569,1548
698,986,1684
662,814,1476
869,524,1393
607,71,678
101,831,932
630,34,664
542,323,865
365,594,959
876,893,1769
14,498,512
1000,249,1249
653,70,723
976,356,1332
641,361,1002
383,288,671
531,237,768
214,249,463
671,864,1535
523,987,1510
334,856,1190
257,89,346
225,167,392
19,443,462
554,635,1189
188,273,461
760,424,1184
140,227,367
325,522,847
508,302,810
214,105,319
462,267,729
646,101,747
224,238,462
631,25,656
172,16,188
712,498,1210
457,792,1249
834,860,1694
809,595,1404
893,337,1230
754,453,1207
108,582,690
754,964,1718
893,925,1818
469,349,818
1000,758,1758
321,526,847
427,936,1363
204,25,229
893,411,1304
222,744,966
105,634,739
407,340,747
832,925,1757
695,379,1074
80,284,364
505,780,1285
980,142,1122
158,752,910
356,601,957
637,391,1028
151,112,263
514,854,1368
545,22,567
943,938,1881
549,441,990
22,300,322
318,545,863
592,414,1006
746,529,1275
996,730,1726
892,103,995
465,283,748
80,134,214
722,349,1071
964,731,1695
909,104,1013
664,200,864
18,283,301
433,697,1130
237,111,348
368,242,610
607,39,646
5,317,322
615,481,1096
862,667,1529
270,964,1234
652,615,1267
900,426,1326
224,240,464
587,172,759
905,260,1165
636,879,1515
28,802,830
426,741,1167
566,634,1200
778,862,1640
768,66,834
27,639,666
139,307,446
448,540,988
499,235,734
13,512,525
679,145,824
657,83,740
7,370,377
862,882,1744
916,33,949
217,748,965
100,367,467
879,864,1743
935,545,1480
894,693,1587
841,556,1397
80,159,239
906,537,1443
191,262,453
228,186,414
622,461,1083
142,705,847
336,633,969
276,377,653
470,631,1101
541,540,1081
43,354,397
252,165,417
994,298,1292
164,482,646
117,38,155
615,998,1613
539,878,1417
988,712,1700
721,877,1598
244,455,699
254,249,503
791,132,923
622,434,1056
268,57,325
370,731,1101
292,698,990
471,362,833
149,616,765
371,697,1068
706,482,1188
936,483,1419
854,742,1596
421,384,805
374,966,1340
438,156,594
87,578,665
969,282,1251
285,384,669
326,944,1270
914,45,959
93,315,408
349,960,1309
636,300,936
409,565,974
871,312,1183
537,358,895
93,68,161
690,181,871
35,844,879
363,642,1005
356,996,1352
297,28,325
85,894,979
688,626,1314
983,136,1119
67,429,496
660,22,682
326,90,416
562,504,1066
74,682,756
579,445,1024
926,530,1456
480,356,836
398,632,1030
417,130,547
637,715,1352
108,892,1000
459,636,1095
246,733,979
623,286,909
269,879,1148
827,951,1778
794,538,1332
908,28,936
381,4,385
469,226,695
549,936,1485
369,368,737
964,966,1930
895,450,1345
572,430,1002
518,96,614
773,905,1678
876,400,1276
187,671,858
245,984,1229
861,986,1847
427,282,709
940,281,1221
667,863,1530
395,18,413
109,131,240
411,62,473
916,782,1698
488,118,606
809,414,1223
782,975,1757
78,367,445
224,154,378
722,789,1511
39,366,405
187,714,901
150,463,613
943,685,1628
778,346,1124
219,794,1013
245,649,894
524,712,1236
542,324,866
1,846,847
270,665,935
86,692,778
443,577,1020
474,679,1153
49,436,485
440,624,1064
483,71,554
526,156,682
94,411,505
489,86,575
520,172,692
925,405,1330
707,422,1129
530,739,1269
631,571,1202
699,407,1106
630,761,1391
562,693,1255
233,212,445
429,562,991
658,591,1249
709,752,1461
799,362,1161
942,257,1199
977,953,1930
665,83,748
836,130,966
274,910,1184
165,708,873
30,740,770
179,100,279
371,847,1218
49,466,515
160,215,375
757,621,1378
268,583,851
880,860,1740
796,803,1599
836,346,1182
928,150,1078
262,286,548
895,134,1029
380,345,725
185,237,422
428,289,717
713,715,1428
647,152,799
338,911,1249
542,82,624
700,128,828
42,60,102
619,318,937
768,176,944
520,541,1061
796,808,1604
879,342,1221
334,308,642
808,490,1298
458,39,497
511,583,1094
898,344,1242
843,180,1023
419,208,627
167,38,205
94,125,219
680,675,1355
102,332,434
791,347,1138
280,118,398
721,700,1421
784,814,1598
89,464,553
272,511,783
29,418,447
979,466,1445
61,414,475
606,340,946
590,852,1442
949,203,1152
189,717,906
686,387,1073
127,99,226
182,696,878
70,302,372
540,502,1042
39,564,603
330,830,1160
63,155,218
134,862,996
654,40,694
163,410,573
171,457,628
809,25,834
136,222,358
857,487,1344
880,374,1254
655,18,673
949,104,1053
227,772,999
713,895,1608
465,887,1352
218,275,493
346,576,922
919,436,1355
81,70,151
158,303,461
434,592,1026
4,763,767
28,681,709
449,838,1287
680,290,970
220,318,538
513,798,1311
464,329,793
976,16,992
217,976,1193
220,857,1077
758,97,855
434,444,878
804,320,1124
407,215,622
914,466,1380
307,834,1141
923,199,1122
584,101,685
341,470,811
123,958,1081
517,286,803
392,498,890
304,849,1153
389,200,589
89,726,815
1000,869,1869
50,692,742
30,358,388
396,714,1110
29,35,64
724,344,1068
173,151,324
855,20,875
445,212,657
767,645,1412
54,575,629
337,805,1142
219,183,402
918,35,953
870,40,910
311,193,504
964,953,1917
861,366,1227
918,342,1260
45,800,845
974,786,1760
492,196,688
363,256,619
422,681,1103
294,339,633
830,624,1454
528,461,989
526,224,750
568,827,1395
633,575,1208
944,7,951
520,837,1357
492,164,656
53,862,915
156,21,177
430,727,1157
927,840,1767
119,142,261
946,270,1216
895,56,951
532,240,772
708,871,1579
835,8,843
340,446,786
69,286,355
647,365,1012
531,896,1427
811,334,1145
101,169,270
968,147,1115
634,154,788
470,527,997
962,611,1573
116,675,791
348,982,1330
473,79,552
291,145,436
597,534,1131
647,234,881
121,14,135
594,776,1370
419,41,460
590,1000,1590
61,941,1002
397,20,417
879,919,1798
509,900,1409
356,224,580
587,53,640
374,245,619
171,172,343
52,559,611
536,328,864
956,494,1450
606,986,1592
861,734,1595
570,281,851
557,909,1466
284,203,487
175,531,706
728,328,1056
981,511,1492
193,692,885
624,629,1253
831,798,1629
489,49,538
20,81,101
796,436,1232
791,747,1538
971,965,1936
456,352,808
793,353,1146
156,61,217
751,553,1304
522,171,693
645,547,1192
579,82,661
132,12,144
236,656,892
545,870,1415
75,860,935
365,540,905
222,709,931
780,644,1424
193,244,437
269,578,847
975,687,1662
968,693,1661
785,830,1615
980,536,1516
281,175,456
356,379,735
835,191,1026
908,497,1405
476,433,909
325,392,717
280,314,594
31,130,161
233,117,350
765,397,1162
676,801,1477
797,711,1508
310,484,794
329,185,514
46,132,178
515,722,1237
501,916,1417
297,988,1285
194,789,983
66,257,323
14,501,515
322,23,345
911,516,1427
630,19,649
123,911,1034
168,978,1146
955,818,1773
287,816,1103
87,192,279
429,831,1260
357,307,664
506,582,1088
514,464,978
747,488,1235
565,685,1250
959,246,1205
48,276,324
981,399,1380
138,187,325
134,160,294
850,995,1845
465,748,1213
151,471,622
623,289,912
637,152,789
344,711,1055
650,550,1200
583,48,631
120,256,376
876,218,1094
683,476,1159
218,976,1194
640,809,1449
465,297,762
121,325,446
391,225,616
281,555,836
792,640,1432
286,81,367
538,945,1483
817,684,1501
982,548,1530
152,362,514
516,749,1265
525,4,529
496,110,606
754,142,896
676,546,1222
189,562,751
867,157,1024
752,842,1594
215,739,954
231,884,1115
505,10,515
611,833,1444
303,68,371
670,717,1387
520,515,1035
906,723,1629
319,435,754
886,251,1137
220,113,333
300,386,686
311,842,1153
899,635,1534
948,830,1778
281,960,1241
1,634,635
395,51,446
942,216,1158
728,391,1119
856,672,1528
423,33,456
87,681,768
373,129,502
293,285,578
926,410,1336
470,301,771
887,575,1462
614,113,727
277,837,1114
236,734,970
323,43,366
476,784,1260
912,954,1866
84,939,1023
143,196,339
409,201,610
633,627,1260
738,267,1005
516,303,819
388,255,643
570,891,1461
922,905,1827
50,862,912
245,932,1177
692,166,858
372,402,774
826,860,1686
607,890,1497
236,757,993
287,133,420
592,663,1255
774,804,1578
104,406,510
639,700,1339
335,846,1181
208,733,941
777,159,936
331,237,568
548,359,907
261,566,827
673,100,773
964,676,1640
250,434,684
564,0,564
145,64,209
298,969,1267
159,671,830
774,608,1382
428,616,1044
286,214,500
299,487,786
218,358,576
795,147,942
227,809,1036
301,933,1234
174,138,312
251,959,1210
616,520,1136
205,350,555
899,594,1493
258,629,887
483,909,1392
524,432,956
485,333,818
417,492,909
57,195,252
7,62,69
957,502,1459
590,111,701
760,55,815
178,903,1081
698,595,1293
922,179,1101
526,457,983
841,872,1713
288,274,562
394,36,430
915,728,1643
684,322,1006
442,184,626
335,896,1231
908,894,1802
584,194,778
599,803,1402
129,514,643
243,456,699
247,767,1014
134,674,808
356,93,449
611,941,1552
157,979,1136
692,970,1662
547,291,838
133,896,1029
410,239,649
56,321,377
793,82,875
398,87,485
294,144,438
706,334,1040
883,54,937
456,576,1032
509,502,1011
883,241,1124
957,497,1454
837,39,876
307,780,1087
801,901,1702
456,304,760
226,233,459
83,37,120
797,711,1508
587,156,743
156,932,1088
466,253,719
13,934,947
201,510,711
444,890,1334
699,919,1618
364,912,1276
431,890,1321
689,10,699
27,324,351
126,496,622
362,624,986
33,389,422
424,156,580
51,358,409
595,710,1305
140,666,806
401,632,1033
136,350,486
722,364,1086
871,718,1589
756,982,1738
972,601,1573
562,47,609
429,337,766
320,325,645
37,627,664
330,317,647
63,696,759
823,891,1714
4,664,668
552,553,1105
381,28,409
339,916,1255
492,679,1171
554,934,1488
512,394,906
132,321,453
795,608,1403
664,757,1421
294,704,998
464,742,1206
518,430,948
242,223,465
105,70,175
173,723,896
725,498,1223
801,40,841
108,840,948
19,868,887
383,429,812
824,68,892
629,797,1426
340,765,1105
498,741,1239
640,753,1393
789,479,1268
604,985,1589
260,278,538
189,88,277
777,35,812
82,975,1057
550,968,1518
1,235,236
265,339,604
66,353,419
916,675,1591
198,832,1030
987,94,1081
706,62,768
313,972,1285
190,259,449
909,963,1872
96,767,863
159,51,210
482,520,1002
616,868,1484
850,658,1508
502,583,1085
782,844,1626
304,935,1239
468,51,519
286,978,1264
84,569,653
478,44,522
681,646,1327
281,725,1006
197,927,1124
284,691,975
760,0,760
498,936,1434
650,577,1227
237,795,1032
433,945,1378
159,775,934
203,566,769
150,930,1080
589,31,620
641,517,1158
263,337,600
846,608,1454
315,966,1281
501,620,1121
211,883,1094
84,774,858
217,181,398
259,564,823
310,793,1103
988,226,1214
150,931,1081
815,786,1601
479,275,754
688,619,1307
997,650,1647
774,968,1742
745,867,1612
899,719,1618
782,448,1230
25,596,621
585,351,936
755,851,1606
70,111,181
710,136,846
604,11,615
903,865,1768
86,927,1013
625,802,1427
605,957,1562
141,776,917
802,556,1358
826,570,1396
101,803,904
826,650,1476
577,357,934
222,958,1180
878,513,1391
99,165,264
467,468,935
256,669,925
325,972,1297
670,279,949
491,803,1294
108,52,160
619,864,1483
550,31,581
497,782,1279
189,811,1000
432,152,584
93,710,803
282,970,1252
437,232,669
321,577,898
901,309,1210
194,29,223
416,755,1171
513,98,611
463,446,909
264,683,947
508,374,882
132,271,403
703,679,1382
452,179,631
409,873,1282
147,434,581
752,55,807
600,142,742
986,319,1305
331,636,967
843,253,1096
16,459,475
880,118,998
461,344,805
730,811,1541
709,343,1052
518,923,1441
356,29,385
766,948,1714
870,929,1799
241,476,717
6,143,149
85,751,836
930,13,943
717,465,1182
28,616,644
674,332,1006
301,483,784
571,910,1481
9,482,491
15,963,978
832,592,1424
161,333,494
531,225,756
323,438,761
337,139,476
886,818,1704
339,984,1323
303,312,615
203,568,771
833,597,1430
839,28,867
525,434,959
366,298,664
712,382,1094
815,420,1235
40,707,747
895,706,1601
127,407,534
323,758,1081
129,382,511
729,231,960
904,6,910
851,371,1222
670,658,1328
171,521,692
542,734,1276
968,862,1830
762,835,1597
19,403,422
7,69,76
469,764,1233
670,681,1351
869,955,1824
39,572,611
576,969,1545
274,309,583
443,199,642
139,312,451
981,552,1533
617,300,917
740,917,1657
847,926,1773
675,366,1041
132,629,761
350,796,1146
401,243,644
175,668,843
498,579,1077
40,553,593
307,310,617
941,175,1116
737,215,952
844,36,880
980,474,1454
784,135,919
763,388,1151
951,270,1221
246,955,1201
330,547,877
797,361,1158
947,198,1145
948,818,1766
381,843,1224
460,848,1308
865,884,1749
154,563,717
822,765,1587
90,752,842
617,979,1596
395,584,979
145,300,445
712,244,956
715,458,1173
360,834,1194
73,561,634
515,481,996
80,797,877
513,489,1002
773,506,1279
251,641,892
483,292,775
374,586,960
971,493,1464
704,979,1683
817,845,1662
619,878,1497
907,856,1763
356,102,458
302,526,828
679,835,1514
853,318,1171
172,784,956
37,964,1001
591,521,1112
888,577,1465
915,928,1843
493,556,1049
949,661,1610
565,465,1030
941,623,1564
169,0,169
512,248,760
924,264,1188
785,954,1739
707,253,960
540,371,911
716,924,1640
859,375,1234
794,218,1012
193,110,303
437,692,1129
982,618,1600
298,146,444
240,240,480
442,956,1398
683,324,1007
930,234,1164
76,287,363
474,997,1471
464,831,1295
784,102,886
951,357,1308
719,132,851
602,481,1083
191,522,713
384,920,1304
687,706,1393
394,149,543
142,33,175
487,467,954
356,969,1325
963,407,1370
69,49,118
181,77,258
297,955,1252
983,961,1944
855,511,1366
207,49,256
764,833,1597
202,762,964
436,952,1388
36,590,626
983,647,1630
342,959,1301
766,77,843
736,168,904
323,488,811
658,626,1284
337,710,1047
739,318,1057
151,108,259
525,665,1190
349,527,876
599,101,700
353,347,700
599,542,1141
425,54,479
97,504,601
72,552,624
334,41,375
261,34,295
260,140,400
250,939,1189
121,930,1051
225,258,483
779,555,1334
514,997,1511
525,377,902
380,789,1169
983,962,1945
523,900,1423
83,108,191
711,806,1517
445,218,663
529,596,1125
203,30,233
33,63,96
398,751,1149
396,456,852
218,671,889
129,72,201
767,923,1690
49,998,1047
817,848,1665
68,382,450
139,32,171
946,346,1292
619,896,1515
889,735,1624
663,482,1145
818,784,1602
764,420,1184
11,124,135
109,367,476
759,725,1484
388,630,1018
630,183,813
116,98,214
153,18,171
945,957,1902
434,705,1139
325,828,1153
471,303,774
72,757,829
553,97,650
35,548,583
106,466,572
80,746,826
362,656,1018
257,720,977
954,807,1761
359,424,783
886,807,1693
696,766,1462
633,912,1545
508,213,721
850,60,910
78,488,566
421,60,481
348,582,930
354,565,919
110,781,891
13,604,617
757,967,1724
131,91,222
992,287,1279
961,47,1008
222,201,423
815,578,1393
581,386,967
996,611,1607
998,1000,1998
239,941,1180
793,313,1106
871,462,1333
417,984,1401
538,863,1401
128,686,814
37,629,666
271,146,417
230,72,302
973,665,1638
663,184,847
407,266,673
82,335,417
422,62,484
816,418,1234
62,1,63
683,949,1632
798,757,1555
165,739,904
251,676,927
122,312,434
84,241,325
982,14,996
239,618,857
547,906,1453
510,2,512
489,209,698
393,177,570
291,723,1014
552,370,922
147,760,907
574,441,1015
181,137,318
487,916,1403
906,768,1674
995,771,1766
197,956,1153
397,274,671
516,391,907
681,345,1026
291,949,1240
116,96,212
676,571,1247
761,652,1413
165,326,491
81,127,208
526,418,944
766,561,1327
725,660,1385
791,73,864
360,994,1354
340,443,783
350,98,448
837,70,907
717,225,942
430,955,1385
20,234,254
358,523,881
254,511,765
646,144,790
212,622,834
268,380,648
636,987,1623
361,643,1004
655,712,1367
408,491,899
188,503,691
727,267,994
344,973,1317
440,145,585
431,104,535
345,296,641
204,499,703
740,703,1443
671,777,1448
419,219,638
293,64,357
94,58,152
906,801,1707
274,319,593
697,46,743
784,153,937
381,946,1327
424,542,966
261,809,1070
432,39,471
762,330,1092
378,594,972
885,912,1797
971,171,1142
1000,870,1870
635,767,1402
237,371,608
132,948,1080
368,12,380
243,557,800
893,984,1877
537,936,1473
447,121,568
235,275,510
33,356,389
121,669,790
713,333,1046
347,862,1209
150,77,227
588,999,1587
781,772,1553
630,629,1259
771,552,1323
735,579,1314
803,457,1260
427,16,443
599,78,677
802,372,1174
413,834,1247
828,812,1640
4,15,19
403,944,1347
78,622,700
150,326,476
753,449,1202
730,871,1601
503,100,603
60,881,941
589,88,677
135,315,450
226,787,1013
892,393,1285
165,889,1054
661,296,957
323,707,1030
155,799,954
383,373,756
408,386,794
956,572,1528
746,639,1385
521,223,744
505,432,937
386,857,1243
65,908,973
367,106,473
281,568,849
994,214,1208
484,835,1319
921,182,1103
943,930,1873
743,946,1689
90,915,1005
618,826,1444
915,578,1493
128,863,991
206,582,788
112,507,619
436,226,662
334,334,668
717,995,1712
5,316,321
681,798,1479
18,664,682
511,392,903
678,563,1241
186,627,813
757,421,1178
655,779,1434
379,12,391
291,661,952
962,666,1628
565,648,1213
932,898,1830
342,89,431
701,887,1588
944,607,1551
468,703,1171
269,832,1101
320,377,697
310,872,1182
456,882,1338
956,162,1118
250,240,490
43,911,954
692,988,1680
513,13,526
221,715,936
350,251,601
276,955,1231
47,633,680
191,968,1159
357,843,1200
21,740,761
170,123,293
392,55,447
411,10,421
805,261,1066
374,762,1136
907,886,1793
186,599,785
42,271,313
780,403,1183
297,756,1053
185,566,751
92,748,840
514,864,1378
132,721,853
875,590,1465
992,945,1937
901,104,1005
215,917,1132
661,724,1385
92,251,343
169,281,450
502,978,1480
261,536,797
496,909,1405
97,629,726
480,615,1095
51,21,72
672,301,973
239,195,434
974,501,1475
452,739,1191
7,925,932
590,238,828
386,917,1303
141,49,190
923,516,1439
556,227,783
73,732,805
910,181,1091
642,641,1283
846,738,1584
28,741,769
418,576,994
942,200,1142
445,695,1140
131,970,1101
546,661,1207
971,135,1106
519,997,1516
799,685,1484
396,749,1145
672,285,957
699,360,1059
537,405,942
101,621,722
106,779,885
591,658,1249
161,128,289
356,362,718
631,550,1181
129,479,608
288,855,1143
272,429,701
286,437,723
612,694,1306
246,261,507
194,954,1148
549,439,988
397,322,719
148,886,1034
643,776,1419
476,86,562
179,172,351
2,695,697
273,671,944
367,555,922
397,555,952
330,171,501
819,101,920
676,638,1314
313,846,1159
450,708,1158
981,744,1725
120,79,199
248,979,1227
700,156,856
872,866,1738
422,330,752
308,401,709
159,234,393
133,727,860
575,483,1058
745,762,1507
685,902,1587
679,10,689
791,944,1735
317,856,1173
776,978,1754
552,297,849
374,346,720
978,563,1541
963,629,1592
415,204,619
666,353,1019
498,569,1067
432,734,1166
878,673,1551
683,74,757
454,719,1173
389,217,606
196,9,205
779,254,1033
680,578,1258
470,927,1397
484,336,820
120,992,1112
56,82,138
126,175,301
265,652,917
856,911,1767
90,580,670
597,752,1349
120,25,145
376,461,837
817,149,966
547,785,1332
529,212,741
964,885,1849
415,296,711
647,488,1135
678,731,1409
138,546,684
57,854,911
519,490,1009
337,375,712
535,178,713
596,206,802
944,252,1196
324,994,1318
415,131,546
293,927,1220
33,361,394
743,344,1087
726,421,1147
729,477,1206
987,176,1163
686,220,906
696,486,1182
519,686,1205
660,766,1426
798,890,1688
618,916,1534
810,811,1621
171,342,513
129,847,976
406,950,1356
630,602,1232
256,221,477
832,929,1761
348,238,586
577,948,1525
248,21,269
919,85,1004
81,99,180
951,519,1470
632,375,1007
516,46,562
494,981,1475
599,582,1181
463,57,520
169,162,331
23,758,781
812,673,1485
864,91,955
689,825,1514
818,233,1051
664,540,1204
905,787,1692
855,529,1384
999,965,1964
603,773,1376
131,49,180
637,395,1032
697,312,1009
430,663,1093
777,433,1210
538,816,1354
132,688,820
222,125,347
707,67,774
283,168,451
442,939,1381
326,154,480
953,778,1731
750,17,767
702,543,1245
623,312,935
414,51,465
792,685,1477
128,36,164
179,732,911
876,938,1814
148,72,220
948,459,1407
381,580,961
102,687,789
717,902,1619
389,375,764
340,657,997
173,910,1083
879,629,1508
601,251,852
785,663,1448
414,9,423
929,598,1527
625,120,745
506,483,989
15,136,151
720,814,1534
465,239,704
841,697,1538
479,826,1305
963,827,1790
883,361,1244
69,128,197
630,73,703
768,978,1746
918,480,1398
422,617,1039
748,755,1503
631,866,1497
619,512,1131
784,456,1240
286,256,542
26,310,336
653,958,1611
388,302,690
790,819,1609
709,876,1585
376,111,487
923,479,1402
857,835,1692
469,806,1275
121,50,171
906,776,1682
843,252,1095
966,748,1714
288,274,562
904,739,1643
95,488,583
38,629,667
614,375,989
240,344,584
873,897,1770
561,552,1113
666,859,1525
914,875,1789
864,24,888
221,569,790
107,179,286
506,136,642
144,435,579
445,958,1403
806,316,1122
372,107,479
853,894,1747
181,837,1018
507,804,1311
799,553,1352
464,846,1310
626,405,1031
814,389,1203
249,12,261
771,653,1424
545,649,1194
145,346,491
59,211,270
193,229,422
252,927,1179
508,247,755
925,323,1248
140,873,1013
738,760,1498
974,586,1560
924,151,1075
952,507,1459
585,75,660
895,555,1450
904,521,1425
154,940,1094
604,751,1355
547,305,852
44,179,223
467,889,1356
104,92,196
259,753,1012
145,842,987
337,407,744
330,177,507
92,380,472
214,33,247
158,447,605
734,44,778
713,587,1300
621,774,1395
416,991,1407
267,284,551
459,501,960
724,112,836
695,753,1448
168,368,536
200,299,499
262,461,723
458,541,999
594,624,1218
627,871,1498
687,915,1602
50,562,612
686,647,1333
90,266,356
511,523,1034
975,503,1478
422,889,1311
552,227,779
213,930,1143
267,400,667
948,690,1638
7,43,50
150,116,266
715,8,723
243,759,1002
634,214,848
730,844,1574
459,702,1161
509,511,1020
428,294,722
463,76,539
283,785,1068
216,522,738
845,950,1795
476,334,810
314,704,1018
644,775,1419
344,312,656
496,746,1242
658,328,986
256,802,1058
113,489,602
234,445,679
601,323,924
948,552,1500
119,483,602
93,965,1058
501,64,565
14,269,283
542,983,1525
735,906,1641
717,283,1000
425,342,767
134,482,616
692,923,1615
577,164,741
647,714,1361
884,590,1474
342,935,1277
435,222,657
538,887,1425
406,548,954
565,979,1544
938,642,1580
185,716,901
713,82,795
172,604,776
984,268,1252
313,323,636
335,56,391
146,853,999
34,166,200
896,961,1857
58,261,319
74,268,342
509,256,765
909,156,1065
553,309,862
980,380,1360
425,64,489
438,709,1147
937,444,1381
923,537,1460
549,982,1531
163,81,244
544,501,1045
636,226,862
615,303,918
655,196,851
890,342,1232
372,34,406
107,975,1082
608,968,1576
358,306,664
992,527,1519
273,80,353
971,62,1033
233,935,1168
672,819,1491
113,279,392
643,461,1104
585,456,1041
438,483,921
395,679,1074
406,490,896
587,717,1304
400,796,1196
817,472,1289
423,673,1096
331,272,603
920,771,1691
855,279,1134
565,298,863
120,645,765
491,285,776
869,781,1650
377,130,507
69,678,747
537,870,1407
382,924,1306
653,821,1474
853,195,1048
224,781,1005
202,604,806
622,37,659
333,514,847
544,943,1487
394,647,1041
710,151,861
261,316,577
151,681,832
885,192,1077
615,699,1314
671,84,755
925,179,1104
40,305,345
165,325,490
832,558,1390
806,516,1322
528,860,1388
822,509,1331
867,31,898
644,522,1166
868,594,1462
116,560,676
329,42,371
645,134,779
656,792,1448
730,7,737
331,303,634
902,789,1691
59,515,574
799,61,860
732,22,754
237,561,798
49,56,105
816,954,1770
679,553,1232
231,508,739
278,762,1040
14,532,546
846,191,1037
934,628,1562
642,333,975
621,317,938
89,573,662
459,410,869
583,700,1283
217,163,380
973,973,1946
134,702,836
706,819,1525
734,454,1188
862,313,1175
272,239,511
29,397,426
626,29,655
543,606,1149
205,700,905
246,20,266
844,968,1812
72,745,817
322,612,934
896,883,1779
393,18,411
777,791,1568
246,53,299
16,400,416
185,438,623
606,134,740
100,926,1026
398,846,1244
417,315,732
610,657,1267
684,844,1528
466,657,1123
592,523,1115
890,607,1497
185,341,526
135,527,662
756,361,1117
578,331,909
597,739,1336
514,437,951
334,897,1231
0,218,218
286,279,565
962,344,1306
342,36,378
659,419,1078
300,485,785
927,109,1036
536,944,1480
319,922,1241
681,161,842
445,731,1176
984,772,1756
78,157,235
671,787,1458
693,781,1474
739,182,921
448,500,948
4,748,752
114,944,1058
747,841,1588
143,164,307
359,94,453
613,6,619
428,329,757
961,764,1725
348,366,714
112,234,346
924,957,1881
698,265,963
598,76,674
739,617,1356
283,505,788
944,422,1366
256,838,1094
660,344,1004
812,751,1563
544,677,1221
140,459,599
194,438,632
325,608,933
838,726,1564
161,428,589
59,552,611
210,155,365
178,839,1017
894,581,1475
379,630,1009
168,218,386
81,489,570
989,507,1496
30,989,1019
49,355,404
204,209,413
892,417,1309
36,61,97
929,513,1442
141,628,769
595,836,1431
178,700,878
613,706,1319
343,777,1120
28,294,322
189,571,760
865,35,900
317,812,1129
782,923,1705
408,213,621
495,729,1224
584,833,1417
124,578,702
412,353,765
838,397,1235
333,917,1250
412,857,1269
58,994,1052
781,987,1768
517,944,1461
925,650,1575
524,137,661
689,893,1582
559,645,1204
135,448,583
302,926,1228
237,842,1079
66,171,237
357,975,1332
686,930,1616
230,835,1065
987,665,1652
844,782,1626
618,613,1231
846,606,1452
803,727,1530
289,239,528
793,231,1024
378,523,901
378,525,903
941,693,1634
481,204,685
595,56,651
332,806,1138
466,940,1406
102,455,557
624,982,1606
321,64,385
586,390,976
694,936,1630
99,792,891
57,183,240
674,661,1335
320,140,460
245,745,990
272,730,1002
464,774,1238
136,672,808
82,205,287
112,90,202
131,851,982
622,167,789
427,595,1022
485,830,1315
7,902,909
530,269,799
562,740,1302
666,352,1018
785,154,939
814,410,1224
875,287,1162
509,11,520
317,6,323
664,733,1397
703,529,1232
121,157,278
216,987,1203
586,749,1335
408,479,887
58,703,761
889,772,1661
392,784,1176
53,365,418
140,881,1021
437,211,648
240,0,240
96,389,485
904,826,1730
618,85,703
866,75,941
495,188,683
189,92,281
995,729,1724
417,638,1055
187,326,513
295,955,1250
160,109,269
950,215,1165
208,89,297
238,586,824
949,130,1079
42,960,1002
933,919,1852
306,178,484
655,224,879
920,972,1892
345,304,649
664,376,1040
793,36,829
506,985,1491
220,668,888
573,439,1012
994,126,1120
248,824,1072
188,325,513
896,694,1590
311,955,1266
863,155,1018
658,307,965
326,813,1139
140,220,360
332,261,593
991,287,1278
466,976,1442
665,514,1179
829,124,953
787,252,1039
80,526,606
786,843,1629
993,94,1087
929,108,1037
488,790,1278
982,912,1894
362,767,1129
858,804,1662
477,455,932
808,3,811
711,423,1134
820,841,1661
119,368,487
558,101,659
585,828,1413
224,995,1219
830,858,1688
497,762,1259
127,769,896
921,649,1570
56,663,719
853,327,1180
114,433,547
705,494,1199
833,211,1044
574,308,882
349,414,763
332,922,1254
2,500,502
453,381,834
29,797,826
771,119,890
863,3,866
121,286,407
79,133,212
73,733,806
819,74,893
589,699,1288
157,167,324
193,291,484
538,854,1392
139,840,979
693,152,845
109,279,388
563,843,1406
0,486,486
669,158,827
494,754,1248
889,965,1854
792,857,1649
601,337,938
630,638,1268
29,529,558
325,738,1063
793,457,1250
508,725,1233
817,1,818
259,993,1252
546,798,1344
623,774,1397
714,43,757
912,564,1476
467,251,718
683,105,788
209,628,837
250,611,861
969,796,1765
971,21,992
49,864,913
175,956,1131
482,645,1127
609,651,1260
222,485,707
24,788,812
663,419,1082
127,814,941
648,412,1060
53,667,720
363,474,837
776,343,1119
411,601,1012
166,273,439
361,899,1260
366,733,1099
560,30,590
653,155,808
141,366,507
590,652,1242
5,555,560
104,918,1022
341,442,783
914,229,1143
569,993,1562
802,689,1491
326,686,1012
214,672,886
295,268,563
648,780,1428
166,553,719
912,295,1207
87,793,880
496,340,836
741,371,1112
497,774,1271
736,590,1326
103,3,106
583,617,1200
128,891,1019
47,14,61
906,379,1285
383,557,940
983,118,1101
196,316,512
658,255,913
846,657,1503
732,65,797
233,513,746
396,388,784
322,870,1192
434,689,1123
333,877,1210
763,369,1132
892,786,1678
621,762,1383
774,591,1365
705,84,789
192,563,755
81,175,256
78,697,775
941,475,1416
810,279,1089
431,510,941
551,344,895
332,157,489
505,716,1221
751,31,782
49,286,335
15,645,660
986,452,1438
337,436,773
27,659,686
72,823,895
170,464,634
440,677,1117
421,291,712
84,500,584
880,683,1563
271,133,404
165,490,655
119,957,1076
443,125,568
288,895,1183
735,857,1592
682,743,1425
96,877,973
254,512,766
962,687,1649
278,197,475
816,150,966
796,83,879
536,896,1432
10,841,851
875,243,1118
992,546,1538
215,631,846
752,15,767
550,533,1083
805,767,1572
417,466,883
259,287,546
613,843,1456
602,826,1428
145,998,1143
927,98,1025
513,589,1102
103,141,244
949,242,1191
820,67,887
841,323,1164
686,315,1001
762,517,1279
297,614,911
552,942,1494
193,433,626
359,548,907
577,341,918
995,92,1087
749,375,1124
957,897,1854
621,961,1582
438,270,708
625,278,903
90,767,857
988,47,1035
272,846,1118
496,610,1106
950,888,1838
812,269,1081
979,7,986
702,668,1370
537,741,1278
258,43,301
891,308,1199
364,605,969
822,608,1430
49,548,597
977,128,1105
25,746,771
552,903,1455
105,888,993
178,108,286
490,119,609
81,264,345
643,202,845
95,337,432
254,568,822
233,448,681
761,930,1691
134,282,416
920,322,1242
563,596,1159
19,185,204
538,743,1281
542,724,1266
743,448,1191
739,120,859
127,696,823
554,887,1441
369,73,442
932,844,1776
596,57,653
102,430,532
641,510,1151
834,747,1581
523,318,841
775,629,1404
593,125,718
658,923,1581
9,118,127
959,426,1385
2,315,317
312,926,1238
726,171,897
302,488,790
941,756,1697
830,847,1677
759,301,1060
846,946,1792
26,829,855
969,264,1233
334,673,1007
565,891,1456
517,764,1281
754,760,1514
824,957,1781
268,685,953
949,86,1035
163,72,235
776,864,1640
650,414,1064
83,604,687
743,625,1368
201,332,533
394,768,1162
107,269,376
861,518,1379
34,697,731
699,333,1032
173,381,554
88,186,274
283,253,536
42,70,112
300,681,981
965,183,1148
552,73,625
856,231,1087
663,562,1225
773,106,879
263,114,377
169,894,1063
28,928,956
910,842,1752
370,242,612
472,426,898
380,97,477
273,225,498
604,958,1562
270,241,511
935,186,1121
600,794,1394
291,673,964
851,839,1690
826,960,1786
566,298,864
388,994,1382
869,77,946
761,921,1682
62,611,673
424,754,1178
792,703,1495
673,632,1305
999,527,1526
643,753,1396
475,292,767
603,601,1204
314,83,397
861,924,1785
26,188,214
950,378,1328
531,293,824
125,282,407
219,386,605
850,344,1194
399,977,1376
298,990,1288
884,474,1358
236,824,1060
637,868,1505
343,864,1207
519,840,1359
809,703,1512
50,230,280
7,875,882
441,243,684
381,577,958
269,363,632
327,531,858
808,841,1649
640,230,870
439,776,1215
533,968,1501
618,812,1430
331,251,582
590,116,706
421,555,976
403,130,533
365,430,795
631,868,1499
618,881,1499
627,899,1526
335,278,613
301,943,1244
77,342,419
579,981,1560
632,637,1269
875,390,1265
608,499,1107
112,970,1082
581,188,769
958,879,1837
568,153,721
372,547,919
811,149,960
374,197,571
161,633,794
699,309,1008
853,684,1537
908,372,1280
758,477,1235
539,55,594
378,386,764
955,437,1392
604,955,1559
462,49,511
350,390,740
556,667,1223
845,314,1159
807,222,1029
22,194,216
296,597,893
76,154,230
792,98,890
303,322,625
863,564,1427
293,177,470
356,578,934
191,205,396
298,296,594
236,737,973
968,587,1555
699,55,754
554,187,741
15,838,853
404,435,839
868,661,1529
233,222,455
508,131,639
533,214,747
393,353,746
652,684,1336
270,240,510
267,260,527
103,349,452
674,260,934
459,703,1162
832,55,887
802,625,1427
19,121,140
305,642,947
646,985,1631
495,665,1160
322,406,728
99,198,297
309,51,360
635,890,1525
550,640,1190
338,963,1301
634,458,1092
17,312,329
526,493,1019
92,951,1043
965,481,1446
770,205,975
686,832,1518
285,759,1044
823,169,992
983,567,1550
500,728,1228
386,351,737
480,772,1252
578,923,1501
650,719,1369
324,870,1194
713,940,1653
82,300,382
431,139,570
460,962,1422
685,643,1328
773,360,1133
260,994,1254
440,82,522
293,933,1226
639,102,741
828,792,1620
553,151,704
189,273,462
102,188,290
397,621,1018
483,11,494
803,965,1768
678,811,1489
589,786,1375
810,443,1253
858,433,1291
680,493,1173
969,104,1073
334,625,959
73,448,521
4,320,324
882,56,938
141,878,1019
664,509,1173
557,685,1242
434,325,759
227,173,400
297,537,834
809,356,1165
824,874,1698
96,130,226
247,933,1180
311,230,541
24,189,213
790,88,878
104,150,254
630,211,841
808,511,1319
818,371,1189
435,893,1328
202,652,854
81,698,779
265,571,836
991,84,1075
440,165,605
408,650,1058
722,898,1620
904,40,944
757,852,1609
472,253,725
738,977,1715
323,786,1109
866,521,1387
458,740,1198
470,821,1291
377,965,1342
766,766,1532
429,474,903
58,479,537
701,547,1248
853,527,1380
895,702,1597
889,756,1645
151,529,680
343,334,677
586,572,1158
155,958,1113
48,511,559
586,136,722
502,410,912
360,755,1115
446,520,966
321,619,940
325,311,636
679,904,1583
301,103,404
267,451,718
197,964,1161
597,277,874
722,383,1105
750,201,951
856,528,1384
597,474,1071
140,34,174
378,651,1029
345,298,643
874,862,1736
286,900,1186
779,468,1247
422,659,1081
311,750,1061
983,964,1947
361,481,842
612,262,874
118,869,987
72,832,904
532,114,646
172,968,1140
747,513,1260
442,101,543
363,631,994
438,292,730
167,893,1060
836,548,1384
980,569,1549
152,636,788
368,584,952
332,141,473
471,983,1454
745,701,1446
511,936,1447
347,716,1063
86,789,875
442,239,681
673,112,785
428,963,1391
595,998,1593
374,56,430
757,456,1213
44,670,714
668,883,1551
785,413,1198
380,188,568
324,930,1254
32,417,449
322,674,996
290,982,1272
79,141,220
415,798,1213
17,224,241
381,34,415
70,864,934
371,96,467
256,786,1042
484,973,1457
945,885,1830
617,112,729
515,876,1391
995,707,1702
460,684,1144
385,332,717
204,57,261
676,626,1302
506,805,1311
693,191,884
691,273,964
912,251,1163
705,143,848
385,816,1201
843,528,1371
120,420,540
50,296,346
262,380,642
861,871,1732
48,947,995
106,147,253
148,651,799
160,532,692
940,35,975
964,811,1775
194,298,492
67,809,876
291,349,640
23,610,633
142,45,187
571,830,1401
629,39,668
517,877,1394
490,983,1473
115,71,186
91,868,959
765,248,1013
619,791,1410
368,680,1048
346,407,753
423,246,669
493,716,1209
125,809,934
270,627,897
313,726,1039
840,813,1653
493,244,737
514,462,976
362,830,1192
676,24,700
152,800,952
271,567,838
251,885,1136
249,984,1233
114,145,259
657,799,1456
976,713,1689
358,17,375
900,409,1309
833,668,1501
845,42,887
710,336,1046
824,847,1671
243,376,619
908,32,940
968,372,1340
729,503,1232
645,376,1021
723,242,965
482,776,1258
508,53,561
711,744,1455
893,286,1179
860,883,1743
769,874,1643
797,613,1410
211,367,578
74,989,1063
302,202,504
936,97,1033
867,757,1624
166,464,630
168,143,311
684,55,739
907,541,1448
803,82,885
511,756,1267
983,572,1555
790,1,791
811,536,1347
904,107,1011
562,457,1019
788,408,1196
803,359,1162
453,633,1086
352,397,749
170,988,1158
537,208,745
168,764,932
491,638,1129
371,852,1223
508,121,629
531,131,662
255,393,648
419,163,582
653,517,1170
656,376,1032
201,216,417
45,908,953
636,782,1418
464,900,1364
512,588,1100
342,147,489
375,621,996
253,322,575
615,644,1259
665,720,1385
960,187,1147
271,509,780
982,123,1105
568,649,1217
263,26,289
515,384,899
56,565,621
175,143,318
100,121,221
769,591,1360
97,620,717
711,309,1020
24,115,139
43,69,112
277,371,648
347,226,573
454,286,740
581,17,598
356,841,1197
610,597,1207
129,965,1094
217,697,914
77,984,1061
77,720,797
237,269,506
148,778,926
193,905,1098
237,298,535
592,948,1540
691,297,988
537,143,680
417,940,1357
711,620,1331
523,0,523
797,142,939
991,727,1718
110,530,640
187,400,587
468,482,950
611,412,1023
661,649,1310
873,241,1114
227,4,231
580,158,738
361,600,961
180,606,786
525,156,681
667,780,1447
268,780,1048
564,326,890
795,651,1446
890,778,1668
95,557,652
940,438,1378
570,15,585
576,370,946
100,673,773
280,345,625
484,887,1371
687,145,832
665,122,787
408,404,812
279,881,1160
219,809,1028
392,138,530
68,232,300
562,988,1550
67,671,738
538,125,663
861,601,1462
726,152,878
237,102,339
133,846,979
668,821,1489
490,751,1241
310,461,771
519,161,680
400,945,1345
429,936,1365
246,835,1081
638,952,1590
222,867,1089
785,770,1555
506,401,907
392,764,1156
526,734,1260
369,164,533
831,63,894
777,558,1335
319,369,688
563,135,698
156,266,422
135,342,477
935,438,1373
448,473,921
95,477,572
201,493,694
533,72,605
38,759,797
58,779,837
17,929,946
876,857,1733
17,254,271
204,883,1087
70,260,330
408,308,716
873,297,1170
346,891,1237
622,168,790
913,325,1238
13,317,330
304,144,448
423,170,593
49,633,682
327,547,874
254,72,326
202,141,343
678,183,861
109,471,580
587,87,674
83,686,769
996,436,1432
906,473,1379
24,923,947
31,389,420
715,415,1130
644,876,1520
852,469,1321
333,203,536
93,697,790
657,1000,1657
771,615,1386
434,436,870
723,384,1107
965,6,971
97,975,1072
867,70,937
443,909,1352
299,557,856
283,750,1033
586,841,1427
611,844,1455
712,848,1560
120,164,284
908,986,1894
197,192,389
403,663,1066
583,906,1489
782,551,1333
869,258,1127
46,995,1041
538,342,880
347,439,786
101,652,753
335,846,1181
106,184,290
574,861,1435
490,462,952
553,968,1521
855,851,1706
156,959,1115
852,125,977
312,636,948
321,898,1219
465,201,666
86,883,969
200,1,201
188,624,812
9,892,901
728,662,1390
499,10,509
527,738,1265
663,693,1356
712,499,1211
205,962,1167
610,554,1164
582,992,1574
77,1,78
367,297,664
218,554,772
988,627,1615
360,922,1282
403,476,879
941,727,1668
793,864,1657
701,867,1568
689,844,1533
120,63,183
381,866,1247
504,363,867
823,619,1442
67,74,141
550,910,1460
638,800,1438
773,756,1529
924,589,1513
966,779,1745
807,168,975
98,139,237
528,72,600
547,815,1362
869,839,1708
440,192,632
1,76,77
74,514,588
984,332,1316
527,555,1082
557,745,1302
97,368,465
35,500,535
923,44,967
120,376,496
407,36,443
777,514,1291
507,247,754
970,802,1772
265,245,510
812,308,1120
805,752,1557
702,856,1558
444,576,1020
618,737,1355
983,338,1321
520,860,1380
394,285,679
969,733,1702
979,832,1811
354,1,355
26,581,607
657,824,1481
459,420,879
136,40,176
518,359,877
993,705,1698
582,371,953
932,674,1606
927,703,1630
784,819,1603
610,141,751
270,339,609
587,124,711
449,43,492
771,800,1571
936,589,1525
26,541,567
703,806,1509
464,771,1235
926,940,1866
600,363,963
549,865,1414
876,973,1849
230,944,1174
912,942,1854
247,475,722
437,296,733
933,140,1073
804,816,1620
370,67,437
594,483,1077
644,786,1430
797,432,1229
850,295,1145
232,817,1049
65,633,698
758,170,928
117,107,224
206,429,635
13,513,526
226,22,248
766,739,1505
417,70,487
11,909,920
263,592,855
85,329,414
308,903,1211
541,211,752
506,859,1365
771,55,826
311,718,1029
292,433,725
915,302,1217
83,856,939
31,460,491
226,921,1147
549,8,557
207,395,602
391,786,1177
156,946,1102
345,252,597
514,706,1220
731,48,779
552,885,1437
563,982,1545
354,432,786
144,992,1136
692,876,1568
262,748,1010
147,486,633
708,140,848
414,320,734
767,659,1426
922,76,998
868,879,1747
663,375,1038
744,223,967
902,123,1025
884,817,1701
438,842,1280
726,791,1517
119,844,963
11,418,429
366,360,726
456,423,879
96,391,487
974,658,1632
612,615,1227
98,345,443
149,623,772
824,842,1666
291,767,1058
350,198,548
805,278,1083
503,237,740
523,66,589
656,801,1457
180,482,662
482,166,648
937,711,1648
545,21,566
12,238,250
336,510,846
691,972,1663
502,232,734
812,510,1322
16,540,556
943,962,1905
756,347,1103
502,683,1185
859,133,992
567,110,677
535,456,991
744,774,1518
227,276,503
922,973,1895
579,851,1430
489,772,1261
589,599,1188
203,249,452
366,770,1136
506,592,1098
156,137,293
659,648,1307
52,53,105
683,96,779
168,413,581
355,677,1032
646,416,1062
502,941,1443
109,28,137
343,0,343
46,657,703
963,48,1011
571,678,1249
289,447,736
683,865,1548
663,246,909
441,314,755
631,222,853
62,456,518
131,248,379
737,386,1123
95,608,703
734,686,1420
848,556,1404
856,757,1613
499,661,1160
778,371,1149
939,275,1214
675,920,1595
856,576,1432
981,612,1593
828,210,1038
628,972,1600
848,663,1511
458,604,1062
299,472,771
793,355,1148
833,769,1602
304,987,1291
408,526,934
57,718,775
874,92,966
721,985,1706
775,755,1530
564,46,610
556,170,726
350,962,1312
38,102,140
402,291,693
902,751,1653
306,13,319
421,341,762
157,709,866
812,128,940
945,920,1865
674,268,942
686,447,1133
516,354,870
791,72,863
588,968,1556
268,731,999
50,140,190
344,823,1167
678,426,1104
829,795,1624
884,278,1162
583,142,725
806,563,1369
578,852,1430
695,494,1189
828,916,1744
751,69,820
694,66,760
806,37,843
819,934,1753
570,89,659
437,78,515
667,895,1562
730,434,1164
153,433,586
417,591,1008
366,422,788
463,95,558
165,845,1010
344,516,860
687,383,1070
105,962,1067
972,778,1750
923,536,1459
638,695,1333
86,850,936
625,616,1241
828,766,1594
233,247,480
603,547,1150
569,819,1388
744,558,1302
459,163,622
999,459,1458
837,454,1291
311,204,515
665,330,995
508,678,1186
867,369,1236
84,567,651
469,926,1395
495,146,641
181,943,1124
755,374,1129
569,887,1456
757,608,1365
49,602,651
79,226,305
200,180,380
586,782,1368
505,129,634
621,13,634
659,246,905
666,269,935
187,147,334
434,633,1067
997,72,1069
782,557,1339
39,408,447
666,588,1254
473,576,1049
396,372,768
451,311,762
118,765,883
852,476,1328
820,235,1055
42,98,140
838,44,882
355,568,923
84,459,543
925,926,1851
707,296,1003
581,494,1075
574,691,1265
974,880,1854
36,750,786
147,20,167
606,231,837
69,125,194
259,542,801
891,6,897
545,992,1537
241,260,501
182,498,680
414,112,526
329,150,479
530,139,669
611,419,1030
678,286,964
735,762,1497
931,412,1343
108,96,204
562,451,1013
779,888,1667
805,444,1249
32,673,705
308,719,1027
142,231,373
482,763,1245
172,67,239
527,562,1089
149,927,1076
8,845,853
57,333,390
422,450,872
648,231,879
215,949,1164
469,273,742
110,340,450
680,139,819
14,977,991
712,803,1515
431,497,928
380,281,661
33,578,611
138,124,262
404,236,640
527,695,1222
335,479,814
317,369,686
747,679,1426
40,662,702
432,210,642
311,461,772
856,181,1037
675,565,1240
927,838,1765
429,858,1287
778,330,1108
624,945,1569
777,454,1231
158,142,300
196,448,644
357,860,1217
375,424,799
624,137,761
468,733,1201
585,135,720
784,194,978
703,633,1336
822,265,1087
835,123,958
59,208,267
28,408,436
915,128,1043
259,369,628
712,59,771
211,790,1001
246,668,914
878,468,1346
712,61,773
11,826,837
854,418,1272
752,141,893
238,65,303
892,687,1579
300,175,475
906,908,1814
405,407,812
104,157,261
844,122,966
622,537,1159
680,489,1169
31,282,313
912,647,1559
683,551,1234
451,16,467
446,191,637
826,568,1394
925,953,1878
118,994,1112
920,509,1429
28,998,1026
573,744,1317
577,678,1255
504,992,1496
940,959,1899
119,238,357
692,124,816
444,307,751
383,920,1303
641,342,983
608,377,985
474,505,979
687,381,1068
959,498,1457
40,732,772
370,61,431
529,83,612
596,568,1164
913,169,1082
858,436,1294
30,959,989
102,699,801
953,9,962
577,137,714
982,738,1720
773,8,781
982,500,1482
42,641,683
738,725,1463
34,39,73
235,791,1026
558,623,1181
116,787,903
477,791,1268
401,635,1036
369,920,1289
314,234,548
522,865,1387
306,611,917
347,288,635
830,213,1043
191,986,1177
790,205,995
387,767,1154
486,727,1213
189,875,1064
777,156,933
446,344,790
807,270,1077
991,709,1700
210,973,1183
702,208,910
753,403,1156
375,883,1258
909,336,1245
573,364,937
381,117,498
644,292,936
465,999,1464
955,54,1009
923,532,1455
997,60,1057
169,215,384
378,152,530
838,34,872
201,98,299
250,935,1185
246,366,612
853,640,1493
819,100,919
91,408,499
198,493,691
471,40,511
159,742,901
425,995,1420
74,641,715
286,81,367
876,227,1103
130,628,758
464,473,937
258,40,298
898,972,1870
984,790,1774
334,247,581
492,546,1038
610,408,1018
769,76,845
329,978,1307
213,913,1126
857,781,1638
762,779,1541
332,588,920
146,673,819
89,64,153
626,463,1089
760,52,812
999,373,1372
630,187,817
384,859,1243
927,895,1822
438,931,1369
763,837,1600
509,249,758
12,837,849
659,107,766
915,894,1809
50,451,501
642,95,737
763,100,863
466,450,916
562,403,965
346,703,1049
264,636,900
579,617,1196
587,626,1213
413,717,1130
322,462,784
68,462,530
484,973,1457
920,895,1815
158,915,1073
319,757,1076
912,282,1194
832,654,1486
509,139,648
723,168,891
597,804,1401
360,67,427
979,357,1336
584,1000,1584
877,243,1120
483,782,1265
721,775,1496
548,540,1088
773,896,1669
479,48,527
845,425,1270
647,78,725
888,194,1082
157,352,509
251,164,415
456,530,986
504,1,505
425,974,1399
899,797,1696
475,80,555
216,161,377
657,291,948
329,588,917
102,666,768
865,998,1863
779,356,1135
196,60,256
389,395,784
80,266,346
427,783,1210
942,505,1447
206,123,329
101,544,645
372,5,377
441,211,652
170,687,857
200,526,726
306,76,382
646,435,1081
588,905,1493
147,394,541
107,611,718
230,40,270
895,123,1018
533,157,690
311,92,403
206,456,662
264,45,309
67,858,925
42,996,1038
717,341,1058
207,903,1110
811,941,1752
288,302,590
796,162,958
270,603,873
575,941,1516
822,775,1597
344,169,513
607,851,1458
495,543,1038
231,857,1088
713,38,751
541,257,798
201,913,1114
549,207,756
13,270,283
292,218,510
791,781,1572
240,895,1135
802,729,1531
45,780,825
87,507,594
906,222,1128
685,555,1240
381,288,669
232,539,771
550,877,1427
34,181,215
688,13,701
98,712,810
674,799,1473
409,985,1394
107,781,888
322,246,568
981,992,1973
504,836,1340
919,944,1863
815,261,1076
535,651,1186
563,195,758
959,190,1149
85,610,695
74,858,932
545,985,1530
786,158,944
149,688,837
845,391,1236
177,770,947
491,692,1183
1,630,631
305,47,352
135,843,978
264,951,1215
464,902,1366
384,408,792
569,599,1168
227,337,564
440,296,736
379,317,696
155,886,1041
137,574,711
328,955,1283
658,955,1613
640,345,985
52,989,1041
244,287,531
663,362,1025
363,160,523
75,868,943
243,883,1126
236,578,814
86,376,462
847,213,1060
612,978,1590
125,931,1056
169,422,591
148,258,406
303,405,708
986,272,1258
456,827,1283
955,190,1145
177,795,972
86,746,832
740,84,824
131,789,920
97,972,1069
481,655,1136
255,555,810
289,552,841
942,798,1740
673,550,1223
941,760,1701
959,216,1175
621,701,1322
412,761,1173
177,433,610
829,781,1610
964,343,1307
687,427,1114
554,104,658
781,822,1603
112,364,476
695,651,1346
908,317,1225
140,367,507
188,638,826
211,900,1111
64,134,198
40,428,468
713,898,1611
826,288,1114
801,511,1312
181,720,901
169,0,169
613,86,699
197,345,542
489,540,1029
314,783,1097
768,25,793
438,995,1433
316,832,1148
18,857,875
250,628,878
881,379,1260
272,687,959
326,571,897
968,135,1103
543,184,727
429,36,465
888,466,1354
228,420,648
443,253,696
377,70,447
765,78,843
522,841,1363
230,308,538
261,390,651
795,1,796
290,731,1021
909,407,1316
663,489,1152
467,646,1113
943,550,1493
812,680,1492
710,471,1181
281,114,395
396,450,846
602,545,1147
628,88,716
773,77,850
350,695,1045
844,518,1362
461,948,1409
504,917,1421
117,613,730
836,585,1421
305,421,726
556,769,1325
399,738,1137
443,449,892
820,345,1165
896,58,954
568,557,1125
659,66,725
605,349,954
258,937,1195
829,59,888
593,330,923
11,431,442
211,562,773
557,617,1174
936,36,972
269,737,1006
685,907,1592
242,517,759
91,828,919
589,567,1156
855,782,1637
995,696,1691
342,112,454
277,989,1266
859,294,1153
134,661,795
65,271,336
159,798,957
97,260,357
643,313,956
289,716,1005
870,238,1108
261,17,278
845,753,1598
308,626,934
94,355,449
539,171,710
76,986,1062
73,473,546
240,385,625
982,72,1054
870,664,1534
637,926,1563
165,838,1003
313,855,1168
816,297,1113
798,409,1207
444,830,1274
896,15,911
325,350,675
550,902,1452
14,788,802
885,225,1110
137,135,272
239,3,242
486,367,853
575,816,1391
209,806,1015
228,84,312
18,457,475
433,989,1422
542,313,855
27,393,420
136,554,690
300,58,358
814,174,988
685,475,1160
971,783,1754
604,925,1529
85,516,601
989,881,1870
784,0,784
798,485,1283
329,77,406
934,87,1021
101,916,1017
239,216,455
659,83,742
917,839,1756
805,969,1774
726,391,1117
289,497,786
500,949,1449
203,533,736
525,629,1154
264,359,623
151,516,667
79,87,166
901,386,1287
719,925,1644
644,905,1549
583,999,1582
937,367,1304
455,942,1397
661,993,1654
42,195,237
151,307,458
390,650,1040
45,119,164
146,2,148
326,793,1119
294,384,678
146,835,981
174,776,950
783,474,1257
821,670,1491
708,547,1255
41,274,315
447,906,1353
582,763,1345
149,257,406
856,854,1710
923,799,1722
929,144,1073
890,151,1041
248,880,1128
466,446,912
253,842,1095
231,757,988
785,495,1280
826,428,1254
870,252,1122
782,359,1141
913,914,1827
455,246,701
818,703,1521
859,708,1567
319,812,1131
13,593,606
529,553,1082
593,402,995
318,78,396
593,3,596
588,619,1207
376,688,1064
508,824,1332
163,376,539
900,849,1749
243,682,925
921,222,1143
601,8,609
975,483,1458
797,1,798
449,779,1228
923,658,1581
848,12,860
206,767,973
166,787,953
371,650,1021
170,950,1120
496,910,1406
969,943,1912
333,474,807
362,763,1125
690,218,908
279,274,553
61,590,651
715,884,1599
668,617,1285
929,69,998
72,454,526
924,74,998
257,258,515
527,933,1460
352,565,917
714,671,1385
936,936,1872
771,184,955
792,609,1401
969,937,1906
116,646,762
185,387,572
564,93,657
658,58,716
260,854,1114
645,26,671
745,128,873
401,895,1296
328,976,1304
590,969,1559
535,511,1046
265,302,567
991,267,1258
748,861,1609
685,412,1097
781,480,1261
386,746,1132
596,703,1299
729,818,1547
716,262,978
596,329,925
796,119,915
79,482,561
835,826,1661
443,964,1407
775,802,1577
199,715,914
914,737,1651
373,440,813
905,907,1812
868,387,1255
870,856,1726
187,858,1045
3,53,56
310,773,1083
678,973,1651
357,365,722
404,765,1169
825,941,1766
85,908,993
622,877,1499
961,245,1206
970,701,1671
155,627,782
31,522,553
4,642,646
279,209,488
74,426,500
664,738,1402
162,561,723
388,17,405
592,749,1341
798,900,1698
392,115,507
177,850,1027
677,449,1126
765,439,1204
550,742,1292
190,409,599
989,99,1088
851,617,1468
51,709,760
210,946,1156
449,623,1072
575,768,1343
361,250,611
251,111,362
255,15,270
52,718,770
419,765,1184
820,867,1687
902,474,1376
799,548,1347
961,649,1610
75,338,413
534,194,728
993,266,1259
934,665,1599
907,382,1289
132,923,1055
751,770,1521
567,488,1055
950,180,1130
807,301,1108
607,755,1362
908,154,1062
778,585,1363
279,712,991
529,359,888
247,858,1105
769,905,1674
915,850,1765
737,891,1628
754,530,1284
305,393,698
758,348,1106
14,237,251
451,499,950
585,321,906
336,397,733
376,546,922
841,98,939
592,539,1131
121,897,1018
68,946,1014
609,935,1544
262,14,276
226,308,534
367,344,711
650,718,1368
960,257,1217
225,391,616
220,134,354
183,410,593
935,45,980
246,250,496
340,37,377
316,954,1270
794,137,931
508,52,560
297,59,356
148,256,404
956,414,1370
598,916,1514
161,193,354
188,139,327
725,201,926
504,537,1041
299,89,388
5,527,532
925,500,1425
104,733,837
4,607,611
197,573,770
728,469,1197
580,776,1356
441,405,846
333,947,1280
794,965,1759
785,893,1678
955,732,1687
969,709,1678
785,42,827
656,7,663
762,630,1392
710,774,1484
677,254,931
997,473,1470
132,268,400
227,882,1109
411,514,925
702,725,1427
153,880,1033
632,786,1418
823,374,1197
674,674,1348
147,802,949
266,86,352
488,175,663
142,43,185
354,452,806
331,357,688
28,201,229
852,122,974
263,759,1022
891,520,1411
374,72,446
99,707,806
921,299,1220
702,47,749
684,548,1232
263,428,691
40,885,925
334,422,756
257,635,892
169,257,426
912,768,1680
550,660,1210
250,858,1108
933,7,940
390,564,954
931,676,1607
47,243,290
10,472,482
337,373,710
266,305,571
40,21,61
664,506,1170
773,400,1173
633,817,1450
13,490,503
427,440,867
226,684,910
71,958,1029
47,480,527
773,197,970
569,540,1109
770,178,948
145,763,908
511,250,761
454,64,518
975,752,1727
523,886,1409
50,13,63
986,370,1356
55,153,208
47,727,774
515,446,961
493,89,582
22,973,995
405,855,1260
169,407,576
324,590,914
978,210,1188
821,407,1228
650,346,996
257,949,1206
322,921,1243
878,827,1705
584,67,651
809,159,968
191,203,394
663,522,1185
978,986,1964
213,214,427
492,375,867
219,747,966
195,649,844
743,658,1401
459,334,793
946,341,1287
240,993,1233
872,711,1583
135,645,780
956,823,1779
863,12,875
856,720,1576
223,873,1096
37,669,706
191,779,970
513,892,1405
672,869,1541
175,533,708
482,173,655
167,95,262
8,823,831
682,226,908
435,299,734
456,331,787
343,133,476
543,880,1423
706,119,825
984,219,1203
878,246,1124
154,960,1114
206,902,1108
781,978,1759
390,27,417
184,52,236
872,625,1497
652,29,681
204,979,1183
550,911,1461
566,860,1426
170,545,715
904,843,1747
997,841,1838
923,815,1738
719,243,962
619,640,1259
642,266,908
955,141,1096
168,249,417
155,900,1055
987,309,1296
340,246,586
231,732,963
546,52,598
659,679,1338
219,905,1124
469,273,742
416,741,1157
54,434,488
923,502,1425
328,550,878
409,769,1178
846,736,1582
289,741,1030
759,281,1040
789,603,1392
770,561,1331
113,7,120
63,378,441
688,529,1217
577,137,714
105,252,357
689,284,973
452,256,708
367,502,869
902,554,1456
305,324,629
200,232,432
118,855,973
775,703,1478
713,405,1118
260,49,309
274,978,1252
827,548,1375
303,199,502
688,910,1598
834,926,1760
207,375,582
577,587,1164
211,288,499
944,290,1234
873,868,1741
610,942,1552
21,616,637
294,712,1006
238,130,368
45,645,690
990,27,1017
181,456,637
724,27,751
166,35,201
25,832,857
509,777,1286
375,550,925
729,966,1695
0,672,672
512,615,1127
680,921,1601
533,482,1015
64,986,1050
197,624,821
854,437,1291
513,10,523
300,575,875
35,945,980
747,373,1120
421,575,996
883,3,886
381,188,569
914,784,1698
967,416,1383
629,611,1240
156,991,1147
609,834,1443
255,896,1151
851,949,1800
880,902,1782
249,952,1201
154,617,771
931,587,1518
167,14,181
551,650,1201
907,59,966
895,790,1685
538,530,1068
690,995,1685
746,183,929
921,575,1496
76,849,925
4,467,471
388,815,1203
348,739,1087
88,467,555
179,373,552
891,749,1640
825,626,1451
852,154,1006
543,66,609
377,646,1023
83,850,933
18,320,338
120,654,774
142,887,1029
920,521,1441
90,510,600
747,332,1079
864,566,1430
884,98,982
767,130,897
142,582,724
614,93,707
542,237,779
498,931,1429
849,964,1813
646,3,649
808,558,1366
170,77,247
95,805,900
419,846,1265
343,767,1110
520,179,699
777,737,1514
613,148,761
698,599,1297
817,42,859
795,896,1691
500,223,723
869,32,901
648,971,1619
406,294,700
168,982,1150
833,889,1722
260,408,668
176,665,841
972,653,1625
694,663,1357
101,758,859
19,90,109
97,174,271
415,528,943
232,990,1222
310,272,582
706,166,872
232,522,754
987,318,1305
203,390,593
1000,37,1037
75,88,163
477,66,543
159,516,675
238,47,285
967,331,1298
792,54,846
968,285,1253
596,386,982
396,613,1009
685,170,855
313,783,1096
21,630,651
685,725,1410
954,596,1550
336,660,996
731,846,1577
990,29,1019
976,602,1578
138,956,1094
318,51,369
707,238,945
107,333,440
925,359,1284
113,837,950
833,379,1212
449,176,625
507,414,921
318,966,1284
600,567,1167
175,870,1045
892,889,1781
924,138,1062
953,434,1387
923,855,1778
904,111,1015
327,484,811
585,62,647
546,6,552
748,537,1285
7,456,463
475,883,1358
726,580,1306
485,572,1057
179,768,947
458,979,1437
557,705,1262
722,980,1702
750,211,961
656,854,1510
819,552,1371
499,467,966
91,505,596
484,201,685
865,347,1212
60,767,827
868,366,1234
672,162,834
159,888,1047
145,668,813
998,708,1706
782,747,1529
938,956,1894
300,806,1106
37,380,417
149,996,1145
811,453,1264
344,108,452
414,881,1295
308,135,443
144,247,391
194,483,677
131,492,623
454,64,518
370,446,816
776,444,1220
560,133,693
461,597,1058
786,942,1728
488,222,710
63,121,184
645,298,943
386,394,780
424,521,945
785,817,1602
142,851,993
438,474,912
845,175,1020
71,888,959
633,439,1072
156,725,881
452,909,1361
311,945,1256
312,858,1170
962,493,1455
968,520,1488
929,610,1539
554,449,1003
913,360,1273
528,355,883
444,604,1048
827,683,1510
666,289,955
223,852,1075
857,678,1535
875,950,1825
555,380,935
930,862,1792
158,82,240
853,871,1724
256,743,999
749,235,984
422,4,426
137,257,394
354,422,776
902,882,1784
787,946,1733
492,830,1322
669,535,1204
679,333,1012
977,947,1924
919,820,1739
636,16,652
743,674,1417
212,771,983
472,939,1411
351,572,923
721,155,876
498,808,1306
238,996,1234
453,200,653
240,457,697
364,186,550
940,66,1006
440,953,1393
66,794,860
916,316,1232
718,398,1116
396,22,418
798,626,1424
544,742,1286
586,585,1171
553,879,1432
185,707,892
897,297,1194
379,545,924
34,162,196
841,571,1412
285,988,1273
674,140,814
965,175,1140
298,235,533
780,45,825
524,436,960
955,771,1726
452,963,1415
246,373,619
436,119,555
95,767,862
555,487,1042
462,109,571
652,504,1156
558,913,1471
983,936,1919
268,386,654
925,674,1599
908,925,1833
499,284,783
784,688,1472
765,378,1143
476,165,641
914,655,1569
556,954,1510
984,729,1713
834,597,1431
818,746,1564
284,864,1148
326,544,870
801,482,1283
48,667,715
944,264,1208
112,613,725
1000,404,1404
658,80,738
161,728,889
585,663,1248
928,375,1303
221,699,920
84,443,527
502,10,512
730,737,1467
915,42,957
513,61,574
261,16,277
461,126,587
404,65,469
551,434,985
455,651,1106
909,241,1150
932,253,1185
573,340,913
200,841,1041
23,683,706
437,38,475
337,893,1230
492,613,1105
388,962,1350
119,584,703
656,117,773
909,164,1073
69,959,1028
458,935,1393
587,100,687
734,623,1357
233,137,370
198,603,801
159,306,465
664,493,1157
285,28,313
933,362,1295
616,295,911
814,669,1483
63,154,217
515,80,595
523,328,851
444,136,580
150,114,264
742,347,1089
906,284,1190
348,347,695
964,753,1717
644,647,1291
488,567,1055
275,96,371
259,655,914
606,394,1000
151,483,634
331,906,1237
894,882,1776
821,42,863
739,58,797
865,263,1128
826,348,1174
920,98,1018
359,218,577
222,430,652
80,203,283
822,190,1012
9,603,612
385,628,1013
515,221,736
519,310,829
156,414,570
786,214,1000
447,396,843
162,515,677
53,859,912
486,267,753
947,244,1191
673,755,1428
393,105,498
383,410,793
762,194,956
106,117,223
178,755,933
981,697,1678
129,309,438
693,163,856
913,123,1036
306,44,350
244,687,931
855,334,1189
712,778,1490
774,783,1557
505,423,928
859,968,1827
821,357,1178
909,108,1017
569,979,1548
591,482,1073
345,563,908
960,652,1612
19,997,1016
859,852,1711
953,617,1570
319,9,328
456,257,713
906,438,1344
165,187,352
987,474,1461
312,372,684
535,306,841
230,539,769
202,838,1040
172,944,1116
949,137,1086
350,856,1206
241,721,962
932,130,1062
818,895,1713
489,521,1010
659,125,784
731,357,1088
579,202,781
99,396,495
127,972,1099
612,6,618
23,626,649
98,590,688
420,415,835
372,454,826
938,457,1395
329,275,604
903,783,1686
605,986,1591
866,278,1144
542,494,1036
247,112,359
488,942,1430
69,865,934
885,196,1081
40,74,114
302,316,618
63,870,933
43,655,698
194,478,672
922,353,1275
88,838,926
20,186,206
475,727,1202
8,759,767
95,617,712
873,484,1357
657,880,1537
754,200,954
64,867,931
503,275,778
332,57,389
505,932,1437
496,298,794
470,403,873
844,560,1404
856,178,1034
837,756,1593
384,274,658
397,435,832
716,906,1622
95,991,1086
929,674,1603
123,663,786
116,606,722
982,610,1592
763,873,1636
238,823,1061
99,651,750
172,715,887
840,500,1340
552,737,1289
533,34,567
583,464,1047
606,519,1125
467,467,934
588,267,855
637,878,1515
385,635,1020
649,460,1109
547,300,847
115,394,509
430,741,1171
890,693,1583
763,538,1301
992,296,1288
553,476,1029
809,278,1087
169,736,905
519,668,1187
3,777,780
114,348,462
418,518,936
110,926,1036
960,834,1794
11,514,525
896,824,1720
498,591,1089
710,745,1455
448,994,1442
171,208,379
273,450,723
260,14,274
723,860,1583
157,779,936
979,870,1849
985,483,1468
891,824,1715
719,531,1250
234,547,781
523,670,1193
765,669,1434
622,740,1362
534,59,593
740,411,1151
723,107,830
1,59,60
505,555,1060
397,590,987
204,625,829
498,787,1285
353,647,1000
675,246,921
271,681,952
227,59,286
517,696,1213
164,451,615
908,32,940
136,693,829
785,715,1500
92,577,669
749,487,1236
856,971,1827
358,727,1085
789,109,898
219,854,1073
377,156,533
30,29,59
34,798,832
455,718,1173
545,122,667
208,450,658
712,931,1643
411,938,1349
396,394,790
89,757,846
426,562,988
903,867,1770
849,947,1796
491,618,1109
917,907,1824
196,642,838
97,27,124
606,682,1288
817,95,912
665,781,1446
390,180,570
55,782,837
724,519,1243
904,708,1612
873,490,1363
412,664,1076
805,195,1000
500,84,584
1,403,404
264,686,950
368,775,1143
667,492,1159
878,927,1805
693,344,1037
979,7,986
364,840,1204
741,376,1117
910,984,1894
151,372,523
608,206,814
234,165,399
176,978,1154
504,883,1387
896,916,1812
370,112,482
523,399,922
630,885,1515
962,412,1374
594,619,1213
568,185,753
514,36,550
21,424,445
63,214,277
793,105,898
813,973,1786
153,761,914
784,241,1025
838,323,1161
167,463,630
665,847,1512
204,924,1128
234,38,272
54,925,979
248,871,1119
391,386,777
946,604,1550
360,478,838
66,445,511
423,882,1305
86,152,238
574,82,656
220,393,613
714,85,799
573,245,818
849,482,1331
301,267,568
163,772,935
490,188,678
339,711,1050
248,117,365
50,385,435
342,726,1068
899,68,967
336,630,966
463,476,939
74,825,899
23,982,1005
646,393,1039
77,408,485
823,579,1402
849,748,1597
793,935,1728
15,943,958
664,222,886
416,883,1299
985,330,1315
701,341,1042
54,794,848
764,687,1451
148,561,709
376,750,1126
53,499,552
774,732,1506
959,207,1166
944,436,1380
611,914,1525
787,180,967
232,298,530
582,317,899
992,772,1764
678,44,722
208,643,851
663,644,1307
750,84,834
794,842,1636
775,768,1543
472,956,1428
201,152,353
889,530,1419
165,322,487
804,841,1645
48,133,181
29,728,757
334,541,875
961,404,1365
437,457,894
499,583,1082
755,577,1332
802,895,1697
339,160,499
467,162,629
129,236,365
453,185,638
593,360,953
142,571,713
215,438,653
259,327,586
706,91,797
0,500,500
487,63,550
868,940,1808
990,728,1718
900,372,1272
207,22,229
443,507,950
247,793,1040
182,907,1089
602,299,901
451,333,784
473,121,594
467,482,949
659,797,1456
821,399,1220
862,285,1147
387,500,887
973,202,1175
547,710,1257
318,992,1310
787,715,1502
515,242,757
933,396,1329
928,378,1306
426,439,865
197,606,803
30,643,673
608,618,1226
216,812,1028
795,772,1567
773,981,1754
770,357,1127
393,992,1385
444,574,1018
248,590,838
307,887,1194
151,133,284
407,688,1095
664,407,1071
190,544,734
142,960,1102
755,955,1710
342,240,582
406,656,1062
655,915,1570
333,694,1027
295,383,678
819,147,966
616,544,1160
883,438,1321
326,988,1314
65,201,266
155,993,1148
851,470,1321
994,713,1707
617,318,935
525,698,1223
378,697,1075
505,334,839
73,673,746
904,914,1818
628,556,1184
813,333,1146
194,365,559
207,244,451
887,695,1582
321,517,838
833,338,1171
86,318,404
389,722,1111
655,763,1418
886,148,1034
50,808,858
617,397,1014
942,965,1907
38,969,1007
739,629,1368
393,466,859
774,612,1386
33,368,401
909,914,1823
306,363,669
315,475,790
229,314,543
649,734,1383
442,745,1187
304,269,573
691,628,1319
307,217,524
987,623,1610
876,422,1298
947,401,1348
215,837,1052
756,688,1444
30,676,706
524,633,1157
173,669,842
587,716,1303
336,933,1269
703,115,818
47,879,926
628,104,732
621,800,1421
685,438,1123
242,43,285
45,77,122
798,716,1514
419,373,792
421,335,756
23,537,560
606,241,847
84,161,245
580,196,776
695,945,1640
824,378,1202
537,839,1376
689,129,818
692,641,1333
582,839,1421
588,94,682
389,926,1315
814,17,831
11,539,550
551,195,746
248,693,941
714,256,970
390,669,1059
191,740,931
90,17,107
566,667,1233
475,200,675
151,306,457
92,202,294
857,873,1730
765,139,904
340,910,1250
534,174,708
153,158,311
232,588,820
780,343,1123
981,308,1289
722,511,1233
418,729,1147
381,556,937
318,761,1079
975,694,1669
248,389,637
525,458,983
650,12,662
191,264,455
611,258,869
984,141,1125
433,638,1071
409,746,1155
300,630,930
78,889,967
518,558,1076
563,139,702
425,333,758
824,903,1727
490,560,1050
745,741,1486
456,228,684
276,25,301
503,587,1090
801,582,1383
663,901,1564
490,18,508
720,106,826
727,402,1129
2,530,532
649,428,1077
594,899,1493
255,878,1133
590,271,861
216,310,526
351,61,412
210,729,939
885,167,1052
848,350,1198
106,298,404
986,551,1537
653,670,1323
647,309,956
464,600,1064
72,339,411
707,289,996
636,214,850
253,89,342
190,760,950
316,236,552
682,360,1042
693,64,757
438,69,507
200,93,293
18,663,681
301,404,705
411,838,1249
310,695,1005
275,388,663
278,897,1175
793,90,883
73,258,331
908,925,1833
358,283,641
326,662,988
436,587,1023
763,303,1066
279,37,316
606,407,1013
874,176,1050
232,273,505
449,354,803
627,958,1585
205,750,955
220,569,789
953,714,1667
42,216,258
4,795,799
756,862,1618
367,639,1006
211,913,1124
836,234,1070
739,269,1008
687,596,1283
940,212,1152
173,951,1124
739,923,1662
639,918,1557
626,328,954
538,42,580
79,743,822
448,823,1271
374,304,678
548,47,595
783,931,1714
262,78,340
610,721,1331
13,322,335
275,229,504
689,961,1650
80,134,214
514,508,1022
683,417,1100
756,359,1115
81,328,409
112,452,564
937,305,1242
272,247,519
665,934,1599
744,864,1608
428,62,490
649,53,702
80,113,193
413,279,692
242,411,653
395,296,691
541,490,1031
558,81,639
687,361,1048
879,26,905
136,638,774
961,577,1538
667,95,762
77,901,978
169,861,1030
947,39,986
851,911,1762
227,588,815
909,605,1514
60,511,571
794,274,1068
191,911,1102
641,974,1615
244,77,321
371,503,874
155,53,208
408,396,804
523,645,1168
787,317,1104
919,582,1501
669,783,1452
12,921,933
139,155,294
204,656,860
796,528,1324
865,182,1047
800,712,1512
8,654,662
505,739,1244
937,630,1567
842,908,1750
323,248,571
289,705,994
205,479,684
947,960,1907
108,455,563
727,694,1421
392,436,828
665,538,1203
974,631,1605
692,26,718
462,182,644
677,294,971
639,784,1423
707,148,855
842,839,1681
132,388,520
606,382,988
9,108,117
497,530,1027
399,947,1346
490,300,790
160,237,397
512,333,845
545,16,561
441,49,490
605,287,892
215,180,395
80,105,185
976,36,1012
511,375,886
205,252,457
823,671,1494
127,90,217
395,635,1030
985,695,1680
735,222,957
647,31,678
809,583,1392
333,159,492
95,543,638
803,958,1761
863,811,1674
156,487,643
637,522,1159
285,948,1233
936,801,1737
751,204,955
844,521,1365
289,178,467
966,62,1028
829,694,1523
181,570,751
691,3,694
752,594,1346
877,904,1781
950,779,1729
127,882,1009
586,128,714
217,552,769
248,465,713
815,267,1082
821,231,1052
191,125,316
422,516,938
376,714,1090
979,358,1337
263,44,307
363,21,384
217,372,589
977,411,1388
948,166,1114
506,645,1151
324,629,953
958,19,977
150,615,765
958,247,1205
597,197,794
480,576,1056
644,135,779
739,419,1158
756,854,1610
632,572,1204
632,311,943
72,625,697
127,809,936
742,607,1349
322,835,1157
354,186,540
260,574,834
285,759,1044
992,132,1124
678,551,1229
955,409,1364
96,92,188
124,511,635
724,600,1324
875,251,1126
61,257,318
272,208,480
793,94,887
557,240,797
627,166,793
522,941,1463
737,902,1639
688,284,972
89,227,316
882,511,1393
66,192,258
713,950,1663
556,900,1456
969,551,1520
145,972,1117
963,171,1134
295,368,663
453,101,554
176,96,272
161,105,266
526,477,1003
568,489,1057
485,988,1473
510,132,642
867,983,1850
224,887,1111
483,38,521
339,223,562
318,675,993
697,443,1140
220,590,810
712,680,1392
549,790,1339
612,23,635
180,903,1083
474,966,1440
756,464,1220
22,582,604
651,447,1098
480,735,1215
91,155,246
229,911,1140
210,214,424
751,998,1749
530,29,559
592,539,1131
214,233,447
264,173,437
655,172,827
300,747,1047
668,601,1269
982,88,1070
399,834,1233
191,306,497
42,371,413
156,122,278
504,900,1404
805,989,1794
110,306,416
2,712,714
495,247,742
349,456,805
905,608,1513
453,332,785
748,731,1479
246,839,1085
279,339,618
590,157,747
209,375,584
534,916,1450
362,552,914
328,764,1092
214,346,560
986,467,1453
547,331,878
118,589,707
723,21,744
871,185,1056
740,477,1217
877,769,1646
996,314,1310
655,446,1101
824,71,895
647,310,957
922,171,1093
679,527,1206
943,462,1405
256,403,659
465,998,1463
409,314,723
456,460,916
819,777,1596
778,171,949
643,210,853
885,699,1584
408,21,429
891,300,1191
195,25,220
588,480,1068
664,290,954
535,564,1099
903,758,1661
188,12,200
71,502,573
438,358,796
17,173,190
976,623,1599
290,796,1086
207,208,415
822,49,871
60,379,439
586,945,1531
128,31,159
263,407,670
395,980,1375
926,41,967
255,531,786
348,720,1068
89,488,577
331,707,1038
161,844,1005
814,733,1547
125,177,302
841,19,860
544,27,571
527,942,1469
59,461,520
182,310,492
430,688,1118
628,659,1287
838,367,1205
961,46,1007
468,150,618
964,283,1247
764,521,1285
66,399,465
872,833,1705
48,791,839
709,716,1425
750,876,1626
691,764,1455
928,280,1208
602,908,1510
227,203,430
68,482,550
406,12,418
919,974,1893
844,890,1734
844,934,1778
950,330,1280
554,438,992
246,67,313
855,223,1078
64,12,76
258,128,386
679,765,1444
172,737,909
758,616,1374
134,600,734
19,278,297
343,351,694
711,107,818
500,571,1071
54,402,456
414,925,1339
477,679,1156
382,408,790
187,337,524
996,795,1791
950,332,1282
412,429,841
723,944,1667
371,936,1307
214,853,1067
980,567,1547
160,326,486
456,503,959
677,214,891
15,636,651
818,335,1153
474,378,852
572,256,828
936,989,1925
304,908,1212
24,190,214
473,948,1421
250,984,1234
957,984,1941
414,776,1190
166,459,625
797,322,1119
433,259,692
667,733,1400
668,729,1397
126,389,515
495,339,834
619,54,673
588,520,1108
619,554,1173
238,749,987
131,442,573
238,855,1093
741,439,1180
725,83,808
642,757,1399
700,653,1353
37,378,415
196,990,1186
548,239,787
154,394,548
10,627,637
598,864,1462
786,778,1564
38,114,152
573,52,625
44,47,91
396,574,970
969,109,1078
176,681,857
252,260,512
493,218,711
91,212,303
316,508,824
267,847,1114
26,731,757
174,4,178
226,94,320
13,379,392
61,846,907
31,146,177
794,188,982
518,510,1028
854,62,916
384,194,578
512,242,754
286,687,973
288,204,492
197,41,238
778,261,1039
245,904,1149
580,244,824
202,370,572
531,138,669
384,800,1184
931,596,1527
338,574,912
584,995,1579
498,141,639
768,75,843
964,937,1901
535,57,592
213,347,560
201,452,653
618,616,1234
697,563,1260
247,891,1138
522,224,746
721,981,1702
303,639,942
744,316,1060
481,270,751
356,18,374
835,831,1666
673,408,1081
996,725,1721
382,115,497
383,68,451
19,8,27
381,505,886
464,174,638
300,707,1007
795,18,813
933,790,1723
923,563,1486
124,761,885
614,230,844
968,700,1668
775,390,1165
595,874,1469
423,999,1422
270,845,1115
777,511,1288
414,547,961
583,272,855
871,268,1139
525,900,1425
517,872,1389
982,114,1096
710,97,807
960,797,1757
716,704,1420
338,456,794
599,919,1518
39,198,237
776,741,1517
289,151,440
98,750,848
739,777,1516
320,692,1012
992,673,1665
49,592,641
88,875,963
505,161,666
878,713,1591
85,329,414
987,996,1983
756,996,1752
454,937,1391
247,999,1246
735,773,1508
350,990,1340
901,158,1059
332,119,451
714,890,1604
532,160,692
600,481,1081
603,834,1437
335,518,853
225,561,786
788,153,941
843,213,1056
705,261,966
85,850,935
941,214,1155
232,967,1199
333,769,1102
672,956,1628
136,515,651
840,329,1169
848,89,937
911,75,986
394,234,628
172,909,1081
790,552,1342
819,188,1007
999,284,1283
751,349,1100
842,396,1238
699,240,939
355,55,410
664,676,1340
486,149,635
90,243,333
341,894,1235
848,438,1286
587,542,1129
584,844,1428
82,531,613
963,661,1624
446,149,595
730,565,1295
199,803,1002
632,821,1453
625,90,715
369,506,875
638,112,750
279,707,986
958,922,1880
417,415,832
453,337,790
147,366,513
796,117,913
379,112,491
571,77,648
345,420,765
610,469,1079
862,144,1006
940,223,1163
822,215,1037
233,3,236
269,226,495
942,878,1820
857,875,1732
551,325,876
780,681,1461
417,987,1404
177,100,277
498,712,1210
24,383,407
513,939,1452
835,67,902
918,497,1415
51,451,502
536,145,681
831,465,1296
921,487,1408
926,605,1531
721,418,1139
296,964,1260
504,849,1353
217,532,749
490,726,1216
596,165,761
460,620,1080
797,521,1318
744,378,1122
66,432,498
907,602,1509
140,481,621
769,165,934
820,514,1334
587,419,1006
273,600,873
161,812,973
610,769,1379
113,923,1036
476,26,502
255,483,738
527,150,677
817,683,1500
194,179,373
492,980,1472
970,950,1920
769,171,940
363,358,721
824,581,1405
745,736,1481
98,395,493
627,834,1461
791,802,1593
322,407,729
485,777,1262
684,906,1590
738,234,972
208,499,707
459,423,882
180,51,231
56,117,173
105,143,248
613,863,1476
847,192,1039
125,492,617
930,351,1281
76,331,407
415,905,1320
479,654,1133
6,777,783
574,28,602
58,804,862
952,802,1754
996,279,1275
533,939,1472
351,74,425
912,197,1109
857,86,943
906,53,959
900,571,1471
256,623,879
110,617,727
548,9,557
163,281,444
485,616,1101
149,604,753
38,13,51
232,917,1149
452,1000,1452
552,757,1309
844,929,1773
596,713,1309
436,93,529
872,701,1573
88,984,1072
532,429,961
296,468,764
469,351,820
66,805,871
590,14,604
120,988,1108
319,880,1199
565,126,691
266,883,1149
626,109,735
700,688,1388
879,390,1269
634,524,1158
162,650,812
75,304,379
278,132,410
233,739,972
814,229,1043
124,140,264
54,122,176
430,903,1333
547,368,915
737,604,1341
94,560,654
667,457,1124
884,144,1028
913,885,1798
366,295,661
389,565,954
177,56,233
284,963,1247
591,187,778
9,457,466
362,78,440
486,226,712
108,659,767
218,905,1123
857,504,1361
526,25,551
724,454,1178
735,652,1387
89,666,755
69,259,328
352,171,523
397,688,1085
797,521,1318
279,458,737
965,177,1142
851,793,1644
335,475,810
798,35,833
810,867,1677
305,208,513
481,194,675
7,522,529
676,588,1264
77,867,944
37,386,423
379,983,1362
777,576,1353
704,827,1531
810,782,1592
219,427,646
940,735,1675
923,528,1451
353,485,838
544,427,971
845,869,1714
694,953,1647
151,447,598
903,551,1454
209,12,221
835,666,1501
821,836,1657
237,621,858
678,9,687
936,15,951
574,626,1200
432,97,529
626,146,772
280,881,1161
285,448,733
969,123,1092
844,384,1228
420,449,869
338,89,427
815,907,1722
387,593,980
216,376,592
364,900,1264
330,895,1225
715,771,1486
201,514,715
567,921,1488
788,896,1684
36,168,204
558,294,852
345,716,1061
44,182,226
933,191,1124
648,756,1404
105,237,342
918,941,1859
552,28,580
434,0,434
614,170,784
786,386,1172
814,27,841
326,107,433
885,661,1546
206,746,952
434,452,886
969,91,1060
646,949,1595
485,619,1104
167,285,452
514,265,779
327,780,1107
433,637,1070
222,718,940
271,231,502
863,35,898
94,774,868
845,481,1326
189,0,189
646,860,1506
889,509,1398
52,56,108
373,195,568
871,623,1494
802,823,1625
500,843,1343
553,816,1369
695,866,1561
716,126,842
371,798,1169
289,404,693
289,944,1233
67,204,271
459,785,1244
571,839,1410
37,220,257
930,625,1555
690,621,1311
940,929,1869
590,36,626
667,787,1454
563,805,1368
241,192,433
817,861,1678
982,936,1918
74,843,917
724,785,1509
443,981,1424
942,519,1461
787,446,1233
527,529,1056
11,967,978
368,112,480
442,11,453
224,492,716
376,949,1325
644,329,973
440,749,1189
540,53,593
577,630,1207
101,353,454
368,868,1236
617,588,1205
322,522,844
970,688,1658
550,71,621
695,814,1509
301,858,1159
925,852,1777
440,854,1294
247,881,1128
264,55,319
254,839,1093
965,831,1796
626,521,1147
683,903,1586
957,436,1393
865,536,1401
462,685,1147
711,41,752
211,415,626
88,730,818
117,796,913
745,310,1055
119,138,257
11,545,556
110,185,295
61,943,1004
662,845,1507
483,220,703
141,683,824
336,448,784
755,305,1060
514,135,649
438,106,544
378,313,691
562,200,762
361,339,700
861,718,1579
128,952,1080
558,890,1448
462,496,958
823,120,943
844,559,1403
980,443,1423
463,347,810
514,750,1264
122,432,554
953,28,981
950,173,1123
195,480,675
749,680,1429
276,577,853
272,65,337
729,395,1124
54,383,437
487,302,789
900,409,1309
873,34,907
936,690,1626
590,125,715
864,98,962
503,595,1098
559,169,728
211,405,616
655,311,966
262,172,434
309,119,428
942,207,1149
203,871,1074
82,670,752
880,963,1843
348,737,1085
411,252,663
604,144,748
761,354,1115
391,270,661
628,429,1057
717,580,1297
864,790,1654
840,302,1142
929,986,1915
37,378,415
370,64,434
95,169,264
470,868,1338
545,497,1042
601,141,742
952,691,1643
22,665,687
95,397,492
549,423,972
996,34,1030
414,278,692
415,621,1036
69,188,257
328,304,632
947,908,1855
469,411,880
621,973,1594
4,36,40
445,298,743
381,217,598
227,69,296
616,356,972
125,510,635
308,5,313
418,409,827
845,523,1368
106,701,807
908,9,917
742,212,954
150,756,906
770,72,842
632,316,948
442,344,786
885,488,1373
754,468,1222
780,21,801
760,374,1134
182,149,331
815,404,1219
798,845,1643
561,56,617
67,869,936
861,660,1521
906,406,1312
318,433,751
612,812,1424
184,586,770
114,225,339
659,877,1536
751,335,1086
32,44,76
170,11,181
568,934,1502
718,528,1246
78,123,201
594,880,1474
0,833,833
663,476,1139
832,782,1614
35,474,509
217,137,354
402,515,917
629,164,793
520,397,917
993,787,1780
516,203,719
596,531,1127
18,877,895
245,952,1197
757,435,1192
640,202,842
35,994,1029
638,328,966
942,557,1499
805,815,1620
195,638,833
840,866,1706
332,670,1002
927,842,1769
157,738,895
739,136,875
963,21,984
305,386,691
609,921,1530
437,873,1310
816,100,916
806,123,929
176,106,282
880,655,1535
735,239,974
228,477,705
677,355,1032
458,362,820
661,110,771
323,335,658
562,399,961
159,733,892
862,589,1451
35,772,807
689,58,747
379,446,825
770,473,1243
231,426,657
247,327,574
544,997,1541
385,583,968
818,186,1004
233,102,335
800,907,1707
709,10,719
794,248,1042
503,624,1127
401,925,1326
244,725,969
954,891,1845
684,316,1000
335,149,484
14,72,86
853,816,1669
414,405,819
339,444,783
90,637,727
30,401,431
5,811,816
764,547,1311
29,442,471
334,647,981
92,922,1014
423,802,1225
448,816,1264
601,976,1577
899,114,1013
825,372,1197
183,573,756
344,211,555
341,47,388
764,278,1042
617,535,1152
804,719,1523
177,500,677
749,634,1383
700,212,912
229,527,756
957,981,1938
486,300,786
406,419,825
503,711,1214
573,654,1227
207,576,783
690,694,1384
488,430,918
252,608,860
188,801,989
860,206,1066
534,548,1082
99,787,886
555,37,592
623,673,1296
373,739,1112
347,636,983
182,454,636
969,215,1184
283,0,283
434,819,1253
429,375,804
947,834,1781
938,691,1629
348,84,432
206,688,894
119,367,486
774,832,1606
97,747,844
362,83,445
166,524,690
839,689,1528
919,194,1113
21,79,100
537,883,1420
571,601,1172
317,703,1020
440,167,607
930,800,1730
578,501,1079
826,84,910
683,144,827
321,982,1303
922,896,1818
310,633,943
825,944,1769
272,419,691
690,759,1449
789,356,1145
279,93,372
656,277,933
232,91,323
997,901,1898
435,128,563
743,23,766
562,997,1559
700,447,1147
625,941,1566
513,967,1480
309,490,799
546,801,1347
80,234,314
108,129,237
689,736,1425
762,977,1739
506,880,1386
223,95,318
720,96,816
375,215,590
303,171,474
337,890,1227
829,730,1559
762,529,1291
690,929,1619
844,452,1296
641,321,962
387,197,584
261,798,1059
497,169,666
518,874,1392
418,896,1314
109,837,946
442,656,1098
120,595,715
66,624,690
743,883,1626
750,151,901
304,193,497
559,928,1487
959,404,1363
80,805,885
305,717,1022
847,8,855
914,36,950
174,9,183
655,704,1359
698,620,1318
362,938,1300
97,542,639
731,133,864
915,686,1601
133,293,426
930,911,1841
202,790,992
888,836,1724
341,702,1043
307,965,1272
12,360,372
437,261,698
796,770,1566
283,249,532
514,751,1265
596,766,1362
811,472,1283
806,717,1523
761,224,985
875,58,933
96,216,312
39,107,146
879,71,950
640,939,1579
589,71,660
68,741,809
733,848,1581
902,496,1398
25,356,381
434,642,1076
943,580,1523
327,230,557
333,1000,1333
420,728,1148
491,346,837
936,202,1138
99,647,746
754,823,1577
805,763,1568
487,234,721
569,487,1056
687,344,1031
868,146,1014
338,326,664
618,510,1128
519,739,1258
571,982,1553
26,131,157
688,663,1351
611,495,1106
589,214,803
290,613,903
147,619,766
214,621,835
705,831,1536
131,607,738
875,604,1479
422,726,1148
130,112,242
522,105,627
45,525,570
284,622,906
199,447,646
262,844,1106
237,466,703
657,768,1425
698,836,1534
333,802,1135
938,138,1076
561,572,1133
244,968,1212
124,51,175
147,910,1057
349,126,475
352,32,384
644,752,1396
370,314,684
378,679,1057
687,197,884
119,871,990
712,58,770
504,445,949
725,770,1495
905,485,1390
483,101,584
543,103,646
28,204,232
326,361,687
206,319,525
424,701,1125
612,382,994
730,332,1062
519,284,803
16,292,308
717,95,812
80,20,100
793,401,1194
863,253,1116
838,872,1710
663,866,1529
542,9,551
736,475,1211
436,235,671
830,496,1326
863,643,1506
718,997,1715
98,177,275
650,639,1289
440,582,1022
368,55,423
816,556,1372
325,91,416
345,849,1194
324,873,1197
632,12,644
938,470,1408
235,276,511
310,927,1237
181,847,1028
75,764,839
139,811,950
614,363,977
274,215,489
585,97,682
789,8,797
384,5,389
356,629,985
262,522,784
559,897,1456
565,472,1037
883,986,1869
508,83,591
704,135,839
77,203,280
900,627,1527
778,397,1175
343,507,850
267,320,587
837,363,1200
795,656,1451
151,157,308
254,423,677
826,130,956
426,896,1322
843,216,1059
906,888,1794
562,809,1371
560,244,804
668,9,677
964,886,1850
976,842,1818
743,59,802
770,50,820
726,55,781
325,146,471
947,660,1607
623,750,1373
290,181,471
992,470,1462
609,547,1156
637,983,1620
195,295,490
942,580,1522
644,120,764
329,768,1097
150,275,425
752,618,1370
492,728,1220
869,851,1720
498,692,1190
958,138,1096
959,886,1845
308,460,768
13,239,252
151,287,438
317,797,1114
766,820,1586
705,418,1123
492,41,533
639,268,907
512,34,546
986,410,1396
152,628,780
221,366,587
732,16,748
840,970,1810
166,904,1070
444,746,1190
447,970,1417
57,561,618
711,650,1361
305,237,542
373,201,574
996,253,1249
677,223,900
878,324,1202
294,837,1131
477,594,1071
336,179,515
392,911,1303
142,938,1080
289,324,613
197,293,490
491,726,1217
243,198,441
585,920,1505
363,764,1127
318,607,925
932,884,1816
937,996,1933
512,756,1268
257,468,725
822,754,1576
247,874,1121
926,433,1359
836,444,1280
731,0,731
928,617,1545
460,407,867
544,850,1394
24,635,659
860,714,1574
469,134,603
797,867,1664
766,872,1638
689,744,1433
619,106,725
576,317,893
242,72,314
752,774,1526
377,525,902
106,146,252
547,11,558
947,85,1032
133,687,820
773,41,814
404,417,821
788,331,1119
508,92,600
586,608,1194
861,442,1303
825,110,935
589,963,1552
297,973,1270
334,696,1030
40,632,672
487,660,1147
88,324,412
847,291,1138
349,315,664
429,94,523
742,454,1196
42,575,617
316,461,777
464,146,610
166,36,202
656,545,1201
638,56,694
77,170,247
703,297,1000
893,404,1297
516,227,743
346,594,940
938,567,1505
512,104,616
10,572,582
271,211,482
175,526,701
153,352,505
422,913,1335
981,676,1657
578,235,813
200,286,486
981,804,1785
788,906,1694
950,274,1224
881,689,1570
474,695,1169
329,9,338
72,41,113
873,818,1691
647,17,664
640,569,1209
887,294,1181
423,798,1221
94,306,400
801,513,1314
68,755,823
310,90,400
826,566,1392
77,102,179
578,132,710
460,114,574
68,863,931
374,753,1127
408,795,1203
725,118,843
138,680,818
107,627,734
69,118,187
725,613,1338
882,369,1251
706,241,947
959,974,1933
355,889,1244
653,109,762
498,750,1248
131,16,147
449,941,1390
999,26,1025
913,838,1751
377,587,964
726,723,1449
327,556,883
517,586,1103
899,984,1883
449,826,1275
528,515,1043
404,19,423
633,458,1091
591,287,878
937,918,1855
110,748,858
679,441,1120
110,294,404
165,631,796
87,98,185
625,773,1398
62,693,755
696,940,1636
9,256,265
834,589,1423
727,869,1596
81,602,683
822,909,1731
771,52,823
145,746,891
488,234,722
441,428,869
897,244,1141
523,656,1179
662,459,1121
485,125,610
450,548,998
23,701,724
963,328,1291
333,56,389
694,916,1610
103,704,807
614,886,1500
551,358,909
795,832,1627
590,471,1061
957,237,1194
924,312,1236
382,257,639
489,726,1215
422,148,570
484,331,815
874,823,1697
130,3,133
372,882,1254
682,503,1185
505,900,1405
44,917,961
180,874,1054
716,212,928
213,212,425
997,269,1266
10,666,676
174,197,371
400,398,798
103,958,1061
130,328,458
307,251,558
268,417,685
552,773,1325
420,13,433
572,9,581
419,659,1078
664,881,1545
292,349,641
884,964,1848
226,929,1155
173,886,1059
36,372,408
615,132,747
640,72,712
575,930,1505
703,696,1399
829,705,1534
757,650,1407
527,497,1024
621,320,941
553,350,903
512,672,1184
181,102,283
69,771,840
555,479,1034
604,321,925
507,552,1059
393,510,903
213,686,899
196,73,269
349,577,926
153,580,733
733,850,1583
876,609,1485
465,757,1222
553,953,1506
172,653,825
750,280,1030
841,41,882
239,228,467
586,166,752
557,103,660
525,410,935
327,599,926
735,544,1279
69,207,276
772,216,988
334,138,472
55,985,1040
29,34,63
173,328,501
190,670,860
891,247,1138
968,637,1605
450,464,914
688,496,1184
87,543,630
329,124,453
634,593,1227
527,121,648
211,861,1072
386,490,876
902,171,1073
149,991,1140
824,848,1672
455,192,647
257,496,753
85,167,252
486,736,1222
162,373,535
73,812,885
372,991,1363
762,42,804
546,712,1258
622,799,1421
668,674,1342
62,863,925
835,504,1339
524,435,959
973,974,1947
177,457,634
392,143,535
576,770,1346
948,649,1597
542,638,1180
819,791,1610
700,259,959
9,34,43
961,179,1140
757,861,1618
349,748,1097
2,129,131
852,587,1439
81,647,728
444,957,1401
795,290,1085
70,739,809
651,532,1183
120,461,581
350,961,1311
902,751,1653
867,540,1407
37,277,314
582,656,1238
606,274,880
159,826,985
105,802,907
153,490,643
453,700,1153
541,677,1218
343,363,706
617,285,902
637,911,1548
180,717,897
834,539,1373
363,836,1199
656,863,1519
169,764,933
968,442,1410
349,229,578
341,812,1153
655,37,692
52,321,373
375,394,769
861,32,893
306,593,899
93,49,142
88,819,907
323,273,596
571,210,781
387,667,1054
618,857,1475
105,516,621
790,526,1316
761,668,1429
492,295,787
734,919,1653
697,583,1280
836,22,858
95,498,593
112,249,361
48,757,805
449,471,920
887,876,1763
948,281,1229
954,501,1455
759,74,833
83,916,999
390,278,668
221,945,1166
719,210,929
845,231,1076
214,437,651
578,713,1291
537,577,1114
766,457,1223
94,374,468
127,202,329
428,955,1383
385,770,1155
530,408,938
851,125,976
585,875,1460
804,192,996
663,176,839
191,578,769
741,938,1679
936,433,1369
952,199,1151
30,324,354
523,581,1104
303,701,1004
421,224,645
451,867,1318
494,245,739
431,911,1342
395,469,864
415,586,1001
489,645,1134
773,299,1072
680,919,1599
105,382,487
157,347,504
281,818,1099
683,450,1133
117,724,841
50,291,341
402,169,571
470,557,1027
167,788,955
988,988,1976
344,62,406
326,835,1161
281,312,593
375,631,1006
400,922,1322
200,784,984
326,302,628
768,565,1333
968,698,1666
831,140,971
122,523,645
24,833,857
605,388,993
942,729,1671
522,167,689
323,384,707
103,304,407
2,218,220
503,412,915
251,141,392
398,658,1056
35,464,499
252,834,1086
622,391,1013
736,160,896
380,161,541
553,854,1407
62,209,271
951,805,1756
597,914,1511
133,259,392
474,672,1146
789,817,1606
355,674,1029
979,305,1284
428,323,751
636,884,1520
76,977,1053
817,941,1758
772,534,1306
91,17,108
42,559,601
169,171,340
40,148,188
132,162,294
85,707,792
699,680,1379
884,43,927
811,739,1550
466,702,1168
86,283,369
471,508,979
86,910,996
652,377,1029
228,848,1076
792,58,850
58,589,647
975,799,1774
997,453,1450
109,64,173
271,277,548
931,297,1228
383,998,1381
762,400,1162
9,474,483
834,367,1201
881,794,1675
446,107,553
260,377,637
578,646,1224
424,658,1082
469,85,554
107,984,1091
337,721,1058
392,551,943
64,770,834
725,105,830
397,618,1015
92,662,754
210,35,245
663,318,981
400,196,596
337,274,611
371,199,570
915,535,1450
321,551,872
3,864,867
561,535,1096
528,676,1204
600,293,893
273,944,1217
745,225,970
817,616,1433
955,93,1048
133,672,805
90,905,995
236,775,1011
105,487,592
898,340,1238
863,106,969
915,807,1722
725,63,788
305,762,1067
160,660,820
345,46,391
732,955,1687
927,853,1780
270,986,1256
820,158,978
538,170,708
899,281,1180
222,92,314
407,947,1354
365,276,641
350,695,1045
511,374,885
494,871,1365
696,374,1070
348,56,404
991,413,1404
602,382,984
790,411,1201
375,982,1357
713,150,863
283,705,988
850,110,960
262,185,447
795,884,1679
480,231,711
1000,352,1352
550,54,604
620,662,1282
51,218,269
262,364,626
498,799,1297
901,928,1829
932,1,933
126,612,738
479,681,1160
806,82,888
298,667,965
214,30,244
835,178,1013
228,620,848
289,989,1278
40,872,912
348,216,564
464,90,554
399,78,477
790,627,1417
183,927,1110
61,269,330
676,516,1192
967,622,1589
588,330,918
857,368,1225
922,527,1449
945,417,1362
995,659,1654
919,256,1175
44,808,852
876,795,1671
199,373,572
77,465,542
837,927,1764
992,784,1776
971,359,1330
497,24,521
774,28,802
841,240,1081
318,673,991
37,381,418
965,916,1881
600,645,1245
32,833,865
526,404,930
660,69,729
357,749,1106
898,96,994
221,311,532
704,720,1424
843,342,1185
440,169,609
2,961,963
795,917,1712
88,502,590
76,933,1009
827,769,1596
348,441,789
460,738,1198
481,957,1438
443,48,491
820,649,1469
664,850,1514
907,136,1043
818,801,1619
480,220,700
828,994,1822
452,717,1169
561,915,1476
444,238,682
502,321,823
748,704,1452
417,241,658
6,689,695
467,155,622
299,646,945
351,811,1162
284,336,620
974,693,1667
910,403,1313
621,346,967
992,30,1022
284,883,1167
18,316,334
812,627,1439
75,61,136
628,434,1062
597,355,952
240,855,1095
275,127,402
84,262,346
693,601,1294
216,546,762
96,223,319
255,422,677
581,363,944
883,889,1772
793,338,1131
977,211,1188
238,147,385
60,998,1058
472,70,542
708,657,1365
622,311,933
435,96,531
152,79,231
184,312,496
497,528,1025
80,986,1066
516,201,717
887,101,988
674,22,696
692,891,1583
336,683,1019
673,280,953
447,97,544
395,105,500
985,583,1568
940,458,1398
278,935,1213
812,825,1637
210,789,999
265,484,749
238,929,1167
66,909,975
724,150,874
326,64,390
14,564,578
409,460,869
308,317,625
56,846,902
166,961,1127
468,840,1308
842,282,1124
157,663,820
998,350,1348
442,149,591
627,109,736
491,987,1478
372,74,446
830,1000,1830
696,885,1581
439,326,765
474,936,1410
497,584,1081
735,933,1668
315,987,1302
930,861,1791
252,584,836
253,823,1076
417,958,1375
775,451,1226
816,858,1674
755,412,1167
423,235,658
532,697,1229
819,475,1294
349,757,1106
35,755,790
454,739,1193
434,799,1233
173,482,655
166,306,472
553,839,1392
328,120,448
812,179,991
970,943,1913
198,486,684
50,691,741
868,932,1800
88,414,502
711,610,1321
747,87,834
261,902,1163
358,541,899
509,954,1463
773,314,1087
855,466,1321
959,131,1090
763,805,1568
915,180,1095
732,97,829
73,30,103
243,836,1079
730,332,1062
156,175,331
222,746,968
818,296,1114
737,680,1417
18,163,181
951,989,1940
742,518,1260
605,984,1589
733,203,936
68,57,125
616,705,1321
776,994,1770
85,449,534
600,379,979
345,806,1151
113,796,909
927,6,933
795,893,1688
588,947,1535
258,831,1089
872,102,974
544,355,899
398,270,668
898,364,1262
774,826,1600
176,985,1161
1,734,735
35,890,925
902,686,1588
266,84,350
616,149,765
662,425,1087
700,413,1113
730,478,1208
384,161,545
65,283,348
90,456,546
108,760,868
55,219,274
12,675,687
285,299,584
306,602,908
776,749,1525
133,127,260
881,216,1097
137,473,610
402,403,805
624,243,867
321,948,1269
58,26,84
963,542,1505
717,451,1168
67,777,844
697,136,833
251,610,861
576,398,974
212,821,1033
706,110,816
114,787,901
946,115,1061
335,896,1231
674,849,1523
261,512,773
224,460,684
314,789,1103
63,83,146
896,331,1227
86,824,910
864,864,1728
479,466,945
181,539,720
426,305,731
40,570,610
653,108,761
865,956,1821
241,252,493
42,112,154
103,875,978
288,923,1211
474,179,653
651,54,705
965,262,1227
393,471,864
390,677,1067
706,833,1539
201,274,475
175,418,593
803,242,1045
907,92,999
485,155,640
409,302,711
263,370,633
85,934,1019
788,895,1683
817,292,1109
753,616,1369
520,34,554
301,946,1247
853,674,1527
0,582,582
52,142,194
787,358,1145
179,923,1102
119,388,507
535,800,1335
980,579,1559
361,919,1280
302,67,369
902,81,983
65,868,933
508,703,1211
327,985,1312
871,314,1185
843,90,933
274,611,885
769,11,780
996,912,1908
848,871,1719
427,896,1323
30,448,478
355,353,708
978,439,1417
213,165,378
829,588,1417
645,578,1223
591,318,909
185,149,334
929,600,1529
430,283,713
376,479,855
766,981,1747
198,63,261
570,658,1228
787,246,1033
309,629,938
808,37,845
239,543,782
287,468,755
926,297,1223
675,372,1047
593,319,912
856,77,933
927,516,1443
240,11,251
972,122,1094
365,752,1117
106,490,596
494,38,532
84,724,808
420,230,650
95,107,202
306,230,536
297,81,378
504,245,749
898,477,1375
335,871,1206
683,968,1651
465,462,927
102,160,262
13,56,69
110,105,215
828,40,868
587,291,878
822,117,939
201,963,1164
48,27,75
722,644,1366
476,809,1285
223,256,479
276,56,332
724,711,1435
911,897,1808
430,164,594
730,752,1482
689,100,789
696,797,1493
184,384,568
498,764,1262
232,96,328
269,776,1045
683,866,1549
867,514,1381
149,359,508
274,715,989
170,378,548
245,731,976
82,302,384
367,368,735
539,833,1372
666,767,1433
336,504,840
136,211,347
315,891,1206
730,113,843
625,575,1200
57,125,182
752,527,1279
37,981,1018
141,195,336
210,137,347
314,747,1061
492,709,1201
888,158,1046
407,133,540
746,511,1257
855,871,1726
338,966,1304
838,669,1507
23,873,896
713,302,1015
337,345,682
675,628,1303
288,998,1286
66,765,831
694,802,1496
127,957,1084
254,735,989
921,482,1403
41,50,91
24,155,179
468,500,968
309,810,1119
676,462,1138
448,849,1297
701,285,986
308,217,525
952,231,1183
547,435,982
626,925,1551
589,859,1448
834,750,1584
591,143,734
203,881,1084
505,914,1419
71,987,1058
424,466,890
313,919,1232
851,691,1542
445,374,819
660,11,671
10,846,856
238,414,652
914,386,1300
350,496,846
735,83,818
33,965,998
503,317,820
265,711,976
700,903,1603
970,662,1632
987,361,1348
731,280,1011
511,765,1276
68,136,204
344,981,1325
4,285,289
826,268,1094
260,680,940
2,934,936
975,143,1118
392,657,1049
210,725,935
388,941,1329
113,311,424
682,147,829
96,993,1089
342,412,754
694,592,1286
710,841,1551
559,29,588
209,270,479
574,272,846
923,44,967
726,899,1625
102,389,491
577,334,911
216,284,500
555,285,840
867,750,1617
888,989,1877
539,997,1536
604,831,1435
267,246,513
922,34,956
244,740,984
386,598,984
550,283,833
355,360,715
907,586,1493
66,188,254
814,203,1017
919,157,1076
624,70,694
665,382,1047
141,451,592
589,731,1320
430,251,681
900,457,1357
802,16,818
820,411,1231
904,563,1467
7,526,533
390,617,1007
817,154,971
173,479,652
157,426,583
244,767,1011
77,419,496
930,667,1597
808,438,1246
981,301,1282
160,196,356
415,535,950
302,527,829
553,507,1060
579,291,870
229,494,723
670,76,746
559,295,854
724,207,931
353,848,1201
998,352,1350
512,476,988
387,869,1256
450,224,674
208,956,1164
690,164,854
531,970,1501
385,302,687
188,667,855
18,672,690
419,786,1205
161,867,1028
552,154,706
823,314,1137
525,152,677
736,737,1473
198,881,1079
883,763,1646
752,376,1128
259,911,1170
292,165,457
69,262,331
897,250,1147
119,299,418
92,485,577
342,436,778
673,581,1254
579,180,759
984,635,1619
556,835,1391
658,725,1383
449,787,1236
287,757,1044
207,994,1201
329,524,853
542,466,1008
242,228,470
883,538,1421
25,925,950
933,585,1518
358,751,1109
132,109,241
431,405,836
885,354,1239
70,772,842
142,311,453
426,159,585
430,111,541
121,305,426
388,824,1212
407,871,1278
572,716,1288
518,447,965
82,15,97
535,902,1437
267,424,691
49,436,485
369,189,558
212,379,591
135,115,250
145,615,760
808,913,1721
66,304,370
945,580,1525
964,363,1327
458,877,1335
749,10,759
102,102,204
635,511,1146
152,36,188
2,602,604
163,748,911
271,196,467
284,336,620
860,586,1446
915,65,980
710,372,1082
379,659,1038
131,146,277
508,317,825
94,443,537
155,910,1065
164,839,1003
105,331,436
115,303,418
200,46,246
99,880,979
48,36,84
911,463,1374
590,433,1023
331,745,1076
989,625,1614
929,264,1193
37,839,876
234,866,1100
976,669,1645
461,865,1326
808,413,1221
693,351,1044
987,286,1273
646,95,741
233,681,914
227,458,685
371,148,519
322,244,566
563,642,1205
696,844,1540
556,993,1549
180,351,531
401,979,1380
809,709,1518
913,209,1122
626,791,1417
856,714,1570
899,63,962
467,586,1053
486,618,1104
228,106,334
475,781,1256
454,876,1330
411,305,716
850,582,1432
497,193,690
49,473,522
222,370,592
36,917,953
586,702,1288
742,340,1082
317,75,392
842,801,1643
317,870,1187
473,145,618
674,731,1405
358,553,911
152,252,404
220,770,990
45,137,182
566,730,1296
990,608,1598
129,187,316
233,149,382
783,956,1739
778,82,860
529,329,858
401,288,689
858,887,1745
148,879,1027
668,843,1511
152,636,788
146,223,369
979,958,1937
212,700,912
973,301,1274
84,47,131
949,491,1440
851,159,1010
39,588,627
359,348,707
329,317,646
543,538,1081
550,480,1030
36,617,653
91,416,507
502,911,1413
182,647,829
801,417,1218
10,224,234
162,443,605
151,120,271
420,653,1073
443,576,1019
805,68,873
721,751,1472
128,929,1057
434,451,885
955,403,1358
509,273,782
556,92,648
156,899,1055
522,187,709
738,651,1389
529,541,1070
697,201,898
587,380,967
128,463,591
719,329,1048
941,806,1747
6,648,654
872,509,1381
392,545,937
750,842,1592
601,807,1408
361,582,943
372,288,660
840,428,1268
342,200,542
81,124,205
513,636,1149
830,533,1363
951,574,1525
347,793,1140
314,171,485
153,930,1083
454,679,1133
311,826,1137
311,787,1098
742,749,1491
356,272,628
792,719,1511
141,443,584
703,592,1295
663,113,776
482,239,721
977,896,1873
46,841,887
183,123,306
991,352,1343
305,236,541
323,985,1308
925,290,1215
956,955,1911
773,933,1706
400,986,1386
276,421,697
989,552,1541
613,792,1405
975,80,1055
996,162,1158
250,56,306
707,71,778
161,825,986
679,77,756
874,155,1029
251,526,777
667,675,1342
448,939,1387
558,416,974
782,822,1604
946,443,1389
428,49,477
60,601,661
706,831,1537
332,510,842
111,506,617
171,862,1033
893,407,1300
853,692,1545
538,447,985
731,882,1613
454,658,1112
768,224,992
620,287,907
138,890,1028
179,116,295
199,564,763
947,736,1683
882,379,1261
209,679,888
699,917,1616
549,307,856
6,876,882
775,416,1191
430,859,1289
69,620,689
160,768,928
691,808,1499
663,424,1087
803,13,816
647,27,674
846,284,1130
719,393,1112
757,744,1501
885,758,1643
185,504,689
800,723,1523
578,169,747
617,678,1295
207,821,1028
189,485,674
564,370,934
419,245,664
513,231,744
568,7,575
926,513,1439
895,10,905
319,79,398
664,729,1393
239,601,840
696,755,1451
397,301,698
649,217,866
806,546,1352
913,829,1742
483,106,589
217,132,349
639,14,653
649,67,716
1000,577,1577
429,710,1139
702,251,953
115,949,1064
11,741,752
102,642,744
733,454,1187
650,255,905
589,38,627
322,460,782
738,490,1228
265,914,1179
251,773,1024
392,555,947
801,99,900
619,78,697
66,901,967
891,461,1352
763,716,1479
872,946,1818
375,987,1362
653,936,1589
610,147,757
887,705,1592
0,205,205
312,999,1311
848,724,1572
223,803,1026
814,468,1282
760,173,933
860,598,1458
888,554,1442
617,969,1586
565,903,1468
414,931,1345
558,293,851
428,315,743
876,43,919
751,892,1643
621,12,633
617,552,1169
850,48,898
475,199,674
694,283,977
462,531,993
920,941,1861
249,643,892
652,662,1314
282,976,1258
906,661,1567
892,71,963
909,976,1885
420,919,1339
193,300,493
715,916,1631
406,433,839
192,805,997
30,519,549
436,452,888
296,326,622
776,892,1668
862,951,1813
533,859,1392
845,340,1185
475,152,627
843,133,976
149,266,415
540,937,1477
906,839,1745
21,3,24
476,258,734
464,92,556
825,618,1443
19,451,470
76,298,374
974,422,1396
136,566,702
404,375,779
760,9,769
703,257,960
89,720,809
282,161,443
697,826,1523
154,850,1004
299,310,609
313,632,945
348,20,368
134,656,790
311,614,925
511,75,586
363,507,870
242,644,886
382,963,1345
689,140,829
493,980,1473
241,242,483
962,71,1033
748,456,1204
473,27,500
911,679,1590
478,83,561
542,631,1173
142,620,762
332,726,1058
824,284,1108
884,428,1312
245,288,533
428,458,886
220,837,1057
668,25,693
495,728,1223
143,554,697
714,190,904
489,586,1075
585,455,1040
420,255,675
680,760,1440
324,555,879
560,524,1084
133,369,502
877,43,920
387,746,1133
952,7,959
790,72,862
65,298,363
413,207,620
600,29,629
118,998,1116
685,57,742
797,193,990
503,681,1184
180,219,399
672,556,1228
9,923,932
612,544,1156
51,710,761
550,456,1006
642,403,1045
375,876,1251
547,668,1215
162,866,1028
598,131,729
618,552,1170
378,745,1123
223,873,1096
16,221,237
868,799,1667
158,391,549
798,749,1547
475,267,742
394,980,1374
290,938,1228
112,198,310
979,113,1092
725,960,1685
793,571,1364
142,708,850
940,37,977
577,274,851
281,759,1040
370,215,585
453,434,887
142,584,726
426,626,1052
210,265,475
884,545,1429
832,493,1325
752,424,1176
461,190,651
189,863,1052
664,926,1590
894,458,1352
812,610,1422
696,147,843
156,477,633
903,693,1596
884,278,1162
61,963,1024
476,594,1070
156,470,626
147,17,164
863,345,1208
884,220,1104
631,853,1484
412,932,1344
741,608,1349
408,477,885
709,322,1031
303,137,440
556,793,1349
293,250,543
125,537,662
556,6,562
657,956,1613
490,318,808
890,11,901
291,790,1081
196,147,343
612,420,1032
163,505,668
556,188,744
650,443,1093
440,599,1039
369,201,570
63,49,112
281,381,662
784,0,784
395,706,1101
725,684,1409
755,712,1467
383,281,664
882,231,1113
149,403,552
300,163,463
287,865,1152
158,981,1139
87,269,356
883,555,1438
269,252,521
927,131,1058
26,123,149
942,75,1017
231,815,1046
823,428,1251
407,660,1067
649,628,1277
333,868,1201
869,546,1415
543,348,891
622,51,673
676,993,1669
208,669,877
900,364,1264
460,892,1352
790,482,1272
946,910,1856
707,481,1188
593,298,891
615,917,1532
154,684,838
79,31,110
965,311,1276
681,424,1105
968,707,1675
839,948,1787
674,385,1059
575,972,1547
690,227,917
299,931,1230
645,232,877
198,874,1072
215,863,1078
927,980,1907
680,606,1286
100,847,947
340,776,1116
122,677,799
192,885,1077
461,190,651
674,332,1006
568,864,1432
186,976,1162
306,459,765
440,559,999
848,966,1814
416,542,958
480,360,840
397,427,824
817,594,1411
1,410,411
720,262,982
727,525,1252
99,192,291
556,518,1074
393,403,796
986,748,1734
88,837,925
722,619,1341
769,343,1112
937,100,1037
853,918,1771
831,594,1425
70,204,274
381,857,1238
566,534,1100
348,290,638
838,228,1066
319,15,334
951,827,1778
419,695,1114
698,825,1523
211,994,1205
452,414,866
90,759,849
686,250,936
657,251,908
651,517,1168
433,337,770
408,504,912
513,790,1303
588,647,1235
503,609,1112
799,561,1360
850,177,1027
454,791,1245
498,136,634
959,663,1622
414,378,792
541,947,1488
289,839,1128
675,802,1477
349,968,1317
736,994,1730
591,374,965
737,55,792
617,667,1284
212,60,272
623,668,1291
659,414,1073
819,475,1294
711,675,1386
623,77,700
741,20,761
17,602,619
428,632,1060
176,428,604
384,58,442
563,437,1000
647,535,1182
24,0,24
295,1000,1295
779,612,1391
503,123,626
32,704,736
360,487,847
283,284,567
80,281,361
912,149,1061
260,577,837
207,319,526
177,564,741
380,29,409
982,33,1015
291,799,1090
452,419,871
495,381,876
235,714,949
756,128,884
352,132,484
763,843,1606
868,642,1510
720,202,922
745,479,1224
521,540,1061
703,585,1288
815,238,1053
254,425,679
355,341,696
397,182,579
312,539,851
580,376,956
731,378,1109
360,113,473
337,123,460
323,250,573
540,449,989
552,377,929
958,931,1889
817,355,1172
215,896,1111
870,134,1004
188,648,836
215,30,245
468,740,1208
946,999,1945
780,836,1616
455,274,729
395,589,984
321,668,989
205,321,526
899,221,1120
465,17,482
595,795,1390
514,716,1230
656,836,1492
605,852,1457
987,376,1363
404,326,730
804,368,1172
739,24,763
258,556,814
371,2,373
376,4,380
532,272,804
400,282,682
573,998,1571
797,791,1588
147,368,515
945,753,1698
851,516,1367
652,396,1048
308,146,454
38,929,967
616,764,1380
970,820,1790
892,530,1422
186,463,649
763,723,1486
26,915,941
800,192,992
10,537,547
391,316,707
604,322,926
758,14,772
774,8,782
319,601,920
327,949,1276
810,430,1240
613,362,975
28,523,551
244,745,989
704,197,901
752,77,829
836,671,1507
503,682,1185
296,365,661
845,666,1511
946,375,1321
708,637,1345
898,101,999
248,162,410
89,267,356
393,914,1307
450,359,809
796,386,1182
519,536,1055
177,837,1014
432,144,576
97,916,1013
94,683,777
843,511,1354
529,813,1342
181,175,356
394,267,661
165,785,950
725,28,753
944,628,1572
936,315,1251
99,882,981
685,743,1428
274,577,851
722,893,1615
111,889,1000
970,981,1951
976,761,1737
722,53,775
739,15,754
440,213,653
580,336,916
828,270,1098
487,247,734
426,188,614
664,306,970
196,645,841
243,544,787
194,374,568
531,22,553
317,202,519
729,931,1660
755,29,784
834,274,1108
175,665,840
343,910,1253
767,331,1098
662,322,984
664,392,1056
857,110,967
417,436,853
423,292,715
647,724,1371
41,104,145
944,614,1558
577,111,688
303,541,844
528,701,1229
666,982,1648
607,956,1563
625,460,1085
926,557,1483
256,801,1057
69,740,809
516,206,722
350,285,635
840,116,956
505,403,908
900,863,1763
653,194,847
859,793,1652
525,63,588
931,852,1783
885,486,1371
509,446,955
890,542,1432
347,258,605
102,787,889
961,375,1336
839,818,1657
726,46,772
536,664,1200
659,791,1450
794,520,1314
967,955,1922
466,892,1358
991,966,1957
723,270,993
996,761,1757
559,755,1314
440,654,1094
620,68,688
293,36,329
293,236,529
636,195,831
786,266,1052
887,46,933
2,70,72
392,625,1017
961,710,1671
747,125,872
973,961,1934
854,894,1748
693,81,774
260,356,616
414,357,771
9,566,575
900,179,1079
700,776,1476
182,153,335
695,758,1453
985,609,1594
314,270,584
441,309,750
918,988,1906
897,748,1645
138,624,762
741,630,1371
493,347,840
890,302,1192
930,960,1890
420,602,1022
690,394,1084
550,208,758
483,549,1032
886,425,1311
794,962,1756
874,650,1524
117,369,486
45,225,270
879,99,978
391,251,642
801,270,1071
198,279,477
191,543,734
143,719,862
862,726,1588
343,830,1173
835,341,1176
812,212,1024
549,290,839
287,873,1160
252,500,752
350,531,881
467,416,883
638,595,1233
544,246,790
492,465,957
807,182,989
565,849,1414
88,691,779
60,474,534
274,840,1114
696,61,757
161,560,721
395,520,915
162,70,232
238,952,1190
614,866,1480
707,810,1517
187,161,348
632,158,790
684,47,731
18,1000,1018
262,185,447
969,838,1807
871,879,1750
202,291,493
415,530,945
722,950,1672
317,759,1076
786,548,1334
575,39,614
775,827,1602
780,222,1002
896,890,1786
237,19,256
492,598,1090
348,977,1325
482,648,1130
959,212,1171
401,619,1020
924,169,1093
748,40,788
172,925,1097
298,546,844
244,348,592
430,82,512
174,244,418
900,472,1372
201,798,999
981,420,1401
919,168,1087
324,610,934
817,12,829
871,387,1258
242,718,960
664,866,1530
906,610,1516
152,418,570
982,535,1517
89,8,97
220,560,780
574,7,581
606,116,722
29,841,870
336,477,813
423,949,1372
103,474,577
683,477,1160
950,367,1317
132,157,289
533,941,1474
36,580,616
562,642,1204
877,394,1271
903,493,1396
351,971,1322
219,150,369
608,757,1365
851,614,1465
758,375,1133
417,741,1158
556,102,658
627,539,1166
49,822,871
165,623,788
467,835,1302
819,87,906
163,557,720
985,224,1209
0,564,564
366,31,397
993,962,1955
857,769,1626
436,0,436
686,249,935
215,230,445
892,759,1651
830,333,1163
587,148,735
697,63,760
838,735,1573
797,714,1511
806,703,1509
218,494,712
668,622,1290
354,610,964
700,786,1486
494,4,498
769,156,925
458,519,977
868,235,1103
156,763,919
495,745,1240
429,170,599
539,363,902
78,471,549
996,115,1111
594,759,1353
611,957,1568
117,369,486
373,40,413
758,616,1374
832,29,861
615,639,1254
627,22,649
252,37,289
497,182,679
563,189,752
134,484,618
282,285,567
845,910,1755
779,322,1101
409,100,509
872,624,1496
551,761,1312
341,833,1174
181,283,464
672,666,1338
582,838,1420
993,814,1807
895,205,1100
193,979,1172
545,547,1092
977,282,1259
816,2,818
145,952,1097
849,768,1617
992,509,1501
84,24,108
358,837,1195
618,475,1093
106,200,306
339,866,1205
679,666,1345
111,763,874
569,374,943
255,68,323
422,415,837
25,175,200
531,75,606
822,907,1729
249,558,807
291,941,1232
57,526,583
491,173,664
906,989,1895
795,759,1554
56,579,635
965,771,1736
711,534,1245
887,320,1207
643,903,1546
791,65,856
9,563,572
613,489,1102
312,297,609
904,108,1012
568,62,630
5,918,923
955,911,1866
732,923,1655
100,923,1023
899,897,1796
582,468,1050
297,394,691
241,14,255
876,435,1311
173,890,1063
709,960,1669
958,947,1905
735,842,1577
605,520,1125
784,337,1121
869,693,1562
867,895,1762
998,601,1599
196,578,774
139,6,145
422,323,745
673,981,1654
344,125,469
461,852,1313
410,533,943
442,464,906
223,342,565
624,935,1559
235,324,559
867,356,1223
85,266,351
178,992,1170
571,160,731
340,437,777
128,863,991
646,778,1424
751,985,1736
546,332,878
818,905,1723
157,596,753
744,587,1331
623,563,1186
616,944,1560
664,254,918
463,49,512
862,605,1467
685,239,924
107,364,471
969,18,987
277,971,1248
853,396,1249
566,355,921
639,882,1521
615,254,869
916,165,1081
991,297,1288
343,336,679
528,517,1045
967,474,1441
747,445,1192
373,210,583
708,334,1042
833,718,1551
789,96,885
544,323,867
619,465,1084
639,694,1333
870,274,1144
317,310,627
274,413,687
305,467,772
759,25,784
97,449,546
258,736,994
821,162,983
976,995,1971
109,857,966
464,403,867
311,807,1118
989,594,1583
119,694,813
772,429,1201
931,974,1905
93,118,211
464,831,1295
845,749,1594
309,869,1178
565,330,895
253,778,1031
414,376,790
680,532,1212
217,541,758
508,989,1497
55,480,535
699,198,897
25,243,268
861,155,1016
910,697,1607
861,250,1111
0,104,104
737,690,1427
0,220,220
700,890,1590
527,805,1332
416,685,1101
40,590,630
749,763,1512
585,108,693
202,823,1025
328,240,568
452,660,1112
141,476,617
82,862,944
251,369,620
142,213,355
155,954,1109
213,858,1071
165,769,934
936,679,1615
601,214,815
547,149,696
556,751,1307
125,210,335
487,892,1379
351,649,1000
829,849,1678
543,399,942
981,648,1629
452,603,1055
947,593,1540
920,434,1354
800,977,1777
979,262,1241
739,369,1108
926,135,1061
893,269,1162
55,415,470
59,164,223
173,878,1051
253,98,351
451,891,1342
507,489,996
990,530,1520
7,246,253
320,46,366
66,540,606
415,715,1130
839,764,1603
646,566,1212
164,785,949
441,202,643
206,858,1064
102,564,666
244,233,477
821,737,1558
382,145,527
376,451,827
976,312,1288
330,978,1308
446,178,624
282,560,842
518,402,920
216,416,632
18,395,413
170,420,590
980,818,1798
490,106,596
638,197,835
392,743,1135
399,707,1106
110,57,167
223,410,633
435,903,1338
655,306,961
408,413,821
653,732,1385
649,472,1121
12,545,557
268,220,488
832,374,1206
268,856,1124
321,123,444
31,166,197
611,831,1442
67,812,879
962,323,1285
189,212,401
346,597,943
58,766,824
902,958,1860
462,340,802
173,407,580
16,345,361
863,752,1615
796,590,1386
742,483,1225
836,720,1556
649,905,1554
927,708,1635
931,914,1845
582,706,1288
198,110,308
498,985,1483
414,874,1288
557,337,894
870,829,1699
256,288,544
24,961,985
244,614,858
286,27,313
918,834,1752
39,389,428
2,363,365
59,610,669
630,741,1371
293,92,385
251,839,1090
908,873,1781
103,801,904
676,350,1026
577,236,813
295,654,949
114,441,555
435,932,1367
632,546,1178
462,861,1323
700,338,1038
320,954,1274
172,19,191
626,866,1492
813,127,940
350,84,434
564,145,709
590,640,1230
600,789,1389
492,912,1404
975,715,1690
998,39,1037
367,995,1362
454,414,868
947,105,1052
330,124,454
261,263,524
296,221,517
40,678,718
67,18,85
776,671,1447
396,359,755
60,441,501
790,468,1258
426,382,808
570,932,1502
420,440,860
692,99,791
741,32,773
633,224,857
57,129,186
471,673,1144
265,531,796
933,976,1909
696,943,1639
918,198,1116
22,825,847
68,50,118
200,463,663
612,573,1185
388,80,468
410,767,1177
369,845,1214
688,577,1265
615,117,732
879,691,1570
288,512,800
84,914,998
466,993,1459
7,796,803
630,466,1096
638,873,1511
716,122,838
37,544,581
533,317,850
647,449,1096
285,46,331
924,400,1324
463,573,1036
514,249,763
4,60,64
743,801,1544
990,714,1704
346,223,569
56,209,265
376,271,647
804,338,1142
453,721,1174
330,653,983
945,609,1554
499,707,1206
201,231,432
943,833,1776
709,598,1307
81,471,552
302,535,837
570,334,904
772,463,1235
946,63,1009
246,542,788
369,248,617
168,582,750
527,328,855
77,656,733
318,811,1129
258,307,565
486,534,1020
825,22,847
448,502,950
586,303,889
612,745,1357
344,224,568
506,240,746
809,4,813
532,726,1258
417,917,1334
115,163,278
358,663,1021
739,48,787
622,828,1450
566,781,1347
482,324,806
247,348,595
787,140,927
894,554,1448
107,477,584
427,694,1121
165,513,678
462,950,1412
430,635,1065
134,917,1051
571,61,632
382,331,713
503,674,1177
1,153,154
591,974,1565
556,208,764
371,400,771
88,54,142
509,728,1237
432,700,1132
752,172,924
42,277,319
321,115,436
87,242,329
414,394,808
645,812,1457
914,734,1648
251,26,277
740,224,964
0,200,200
271,397,668
94,159,253
431,803,1234
135,133,268
160,820,980
470,968,1438
989,288,1277
959,255,1214
337,517,854
754,430,1184
843,13,856
947,936,1883
785,165,950
483,611,1094
33,173,206
538,492,1030
751,68,819
151,473,624
91,898,989
260,327,587
171,497,668
111,187,298
566,648,1214
133,61,194
587,655,1242
309,206,515
130,607,737
754,726,1480
375,779,1154
531,298,829
892,943,1835
671,950,1621
209,856,1065
232,84,316
933,959,1892
75,39,114
452,745,1197
556,212,768
882,109,991
427,543,970
9,297,306
112,281,393
733,174,907
97,802,899
45,331,376
790,946,1736
215,663,878
471,769,1240
220,483,703
889,474,1363
416,538,954
688,772,1460
924,938,1862
714,956,1670
192,133,325
386,745,1131
684,963,1647
409,961,1370
403,198,601
258,602,860
369,542,911
362,381,743
935,206,1141
886,626,1512
928,341,1269
664,999,1663
34,890,924
8,562,570
464,419,883
885,155,1040
229,208,437
350,748,1098
396,953,1349
956,268,1224
354,727,1081
826,468,1294
224,968,1192
65,443,508
539,108,647
763,922,1685
969,321,1290
579,94,673
249,562,811
647,952,1599
29,940,969
399,705,1104
204,936,1140
68,439,507
415,759,1174
878,447,1325
313,443,756
867,443,1310
719,82,801
302,397,699
726,543,1269
59,287,346
425,942,1367
908,137,1045
79,41,120
988,8,996
67,973,1040
194,344,538
332,451,783
419,697,1116
934,531,1465
903,996,1899
861,913,1774
980,283,1263
716,349,1065
478,190,668
812,957,1769
447,513,960
694,435,1129
280,2,282
226,338,564
583,834,1417
717,917,1634
396,912,1308
527,372,899
355,622,977
490,387,877
504,269,773
152,540,692
562,259,821
212,711,923
719,292,1011
707,173,880
625,833,1458
464,395,859
243,937,1180
540,831,1371
621,559,1180
435,737,1172
590,236,826
147,568,715
537,561,1098
717,744,1461
640,206,846
242,346,588
294,723,1017
593,393,986
802,522,1324
469,432,901
113,519,632
802,376,1178
340,696,1036
340,723,1063
593,341,934
475,129,604
207,303,510
451,519,970
504,564,1068
474,536,1010
616,717,1333
381,438,819
306,220,526
737,887,1624
453,138,591
237,466,703
549,772,1321
271,851,1122
757,276,1033
827,887,1714
234,779,1013
175,128,303
881,272,1153
221,955,1176
360,874,1234
969,272,1241
427,261,688
319,821,1140
128,118,246
55,927,982
0,279,279
956,206,1162
408,261,669
364,11,375
777,857,1634
20,33,53
549,758,1307
30,357,387
85,873,958
341,995,1336
990,56,1046
805,588,1393
530,377,907
700,50,750
930,482,1412
334,797,1131
940,336,1276
827,446,1273
376,613,989
927,142,1069
111,951,1062
580,680,1260
649,761,1410
920,598,1518
61,909,970
385,999,1384
867,390,1257
268,414,682
642,499,1141
51,462,513
952,262,1214
846,385,1231
615,691,1306
872,792,1664
254,731,985
514,116,630
926,458,1384
900,481,1381
804,800,1604
770,572,1342
899,171,1070
369,550,919
522,196,718
646,26,672
995,147,1142
64,531,595
344,953,1297
736,255,991
923,280,1203
282,783,1065
382,6,388
682,175,857
967,448,1415
391,477,868
913,691,1604
588,44,632
468,558,1026
405,877,1282
529,846,1375
492,956,1448
769,653,1422
505,780,1285
202,663,865
643,307,950
334,766,1100
973,789,1762
623,202,825
765,77,842
468,630,1098
281,351,632
82,392,474
380,187,567
712,779,1491
58,835,893
724,84,808
530,736,1266
466,736,1202
115,316,431
542,170,712
440,296,736
504,933,1437
948,185,1133
231,404,635
153,216,369
926,636,1562
241,273,514
48,919,967
220,378,598
288,653,941
424,22,446
79,141,220
639,91,730
563,650,1213
303,922,1225
390,765,1155
199,277,476
555,84,639
236,954,1190
832,998,1830
226,659,885
748,309,1057
741,698,1439
776,509,1285
63,968,1031
966,113,1079
172,70,242
139,77,216
615,112,727
797,419,1216
768,561,1329
214,25,239
461,267,728
695,150,845
783,892,1675
885,660,1545
50,650,700
884,570,1454
389,140,529
919,369,1288
663,516,1179
91,985,1076
737,342,1079
49,294,343
823,116,939
390,689,1079
672,166,838
484,216,700
715,569,1284
424,382,806
429,74,503
648,906,1554
50,739,789
802,329,1131
486,872,1358
629,930,1559
723,385,1108
902,106,1008
627,61,688
263,519,782
375,240,615
397,694,1091
709,115,824
961,453,1414
627,911,1538
25,227,252
49,200,249
526,282,808
410,141,551
687,991,1678
170,716,886
239,464,703
126,834,960
920,61,981
378,958,1336
317,233,550
296,335,631
827,778,1605
156,490,646
410,590,1000
746,867,1613
749,292,1041
673,696,1369
528,338,866
303,325,628
283,159,442
753,290,1043
487,672,1159
593,145,738
499,273,772
712,715,1427
974,190,1164
648,834,1482
416,767,1183
265,83,348
29,237,266
220,108,328
875,270,1145
889,98,987
602,864,1466
324,948,1272
434,842,1276
444,962,1406
500,920,1420
855,644,1499
16,163,179
69,400,469
442,498,940
504,3,507
909,79,988
600,711,1311
669,550,1219
475,912,1387
787,398,1185
869,873,1742
416,320,736
856,504,1360
474,285,759
838,258,1096
265,671,936
615,679,1294
776,459,1235
463,728,1191
746,875,1621
55,381,436
187,277,464
246,562,808
107,843,950
361,509,870
273,167,440
652,287,939
968,344,1312
757,676,1433
153,979,1132
715,521,1236
610,185,795
622,361,983
251,719,970
78,422,500
365,302,667
126,46,172
909,484,1393
589,702,1291
647,998,1645
282,437,719
815,737,1552
567,948,1515
723,540,1263
167,321,488
21,419,440
639,977,1616
724,384,1108
777,954,1731
383,914,1297
16,39,55
321,263,584
33,907,940
346,726,1072
196,697,893
449,217,666
573,616,1189
319,229,548
39,58,97
734,64,798
732,938,1670
124,103,227
216,328,544
385,209,594
959,191,1150
778,68,846
17,577,594
177,404,581
106,664,770
279,196,475
729,368,1097
625,575,1200
374,848,1222
153,216,369
632,806,1438
152,677,829
154,690,844
263,252,515
303,254,557
575,379,954
764,730,1494
294,470,764
306,350,656
775,162,937
924,776,1700
548,432,980
835,911,1746
67,896,963
905,201,1106
83,859,942
1000,856,1856
627,346,973
714,374,1088
262,183,445
661,800,1461
887,796,1683
984,323,1307
455,673,1128
777,225,1002
159,627,786
529,636,1165
477,791,1268
197,760,957
394,67,461
278,952,1230
941,571,1512
331,369,700
132,776,908
318,44,362
481,330,811
523,555,1078
209,835,1044
49,677,726
349,718,1067
619,320,939
747,539,1286
416,868,1284
281,909,1190
52,143,195
665,820,1485
565,207,772
313,640,953
67,843,910
276,108,384
451,947,1398
856,959,1815
880,551,1431
294,619,913
911,72,983
126,299,425
684,232,916
365,247,612
952,967,1919
439,283,722
686,258,944
287,761,1048
857,829,1686
704,97,801
913,258,1171
283,372,655
548,591,1139
770,811,1581
277,825,1102
474,225,699
516,378,894
552,847,1399
16,469,485
402,829,1231
613,557,1170
441,827,1268
967,134,1101
930,143,1073
390,922,1312
191,810,1001
167,526,693
846,529,1375
108,951,1059
500,158,658
459,814,1273
857,782,1639
161,272,433
581,516,1097
135,307,442
764,482,1246
402,398,800
232,727,959
537,977,1514
379,693,1072
855,994,1849
172,608,780
961,301,1262
180,64,244
52,352,404
799,468,1267
978,39,1017
957,905,1862
722,893,1615
39,422,461
323,940,1263
173,283,456
751,889,1640
97,409,506
175,942,1117
599,646,1245
951,772,1723
925,585,1510
420,326,746
814,716,1530
362,731,1093
422,356,778
351,239,590
179,719,898
601,90,691
750,297,1047
810,934,1744
976,941,1917
134,548,682
835,206,1041
670,701,1371
36,667,703
610,581,1191
815,287,1102
282,23,305
387,32,419
664,349,1013
866,194,1060
607,906,1513
585,124,709
894,401,1295
364,847,1211
719,121,840
894,557,1451
514,607,1121
231,698,929
421,967,1388
943,490,1433
866,426,1292
948,396,1344
970,485,1455
988,634,1622
68,901,969
323,447,770
39,917,956
854,912,1766
543,653,1196
937,580,1517
256,970,1226
439,306,745
33,924,957
201,56,257
1,636,637
543,627,1170
647,107,754
173,852,1025
288,360,648
730,261,991
375,931,1306
86,792,878
716,63,779
746,728,1474
674,107,781
131,671,802
619,358,977
344,215,559
76,245,321
936,530,1466
147,294,441
371,402,773
180,611,791
534,697,1231
548,206,754
63,148,211
219,526,745
83,865,948
837,425,1262
758,664,1422
575,241,816
528,0,528
432,387,819
677,404,1081
395,686,1081
985,157,1142
130,199,329
627,952,1579
52,999,1051
858,248,1106
720,387,1107
119,795,914
583,902,1485
567,45,612
512,711,1223
948,495,1443
808,822,1630
416,675,1091
159,393,552
151,943,1094
526,23,549
106,349,455
809,134,943
34,400,434
785,686,1471
326,532,858
39,647,686
407,517,924
370,728,1098
335,257,592
535,449,984
976,81,1057
826,462,1288
349,697,1046
39,226,265
592,551,1143
463,244,707
221,648,869
29,754,783
561,244,805
488,912,1400
253,629,882
543,594,1137
462,657,1119
762,184,946
940,61,1001
668,165,833
646,755,1401
862,981,1843
374,855,1229
733,386,1119
495,977,1472
308,273,581
429,234,663
880,114,994
437,773,1210
711,805,1516
174,94,268
815,865,1680
89,317,406
392,473,865
438,692,1130
838,512,1350
811,897,1708
534,353,887
745,806,1551
65,399,464
549,124,673
260,983,1243
480,34,514
107,207,314
526,352,878
350,982,1332
199,59,258
632,133,765
597,132,729
54,550,604
208,265,473
0,919,919
179,566,745
530,911,1441
230,482,712
912,986,1898
981,164,1145
444,803,1247
616,118,734
509,363,872
702,72,774
968,614,1582
75,474,549
15,618,633
821,171,992
136,837,973
251,899,1150
286,786,1072
881,429,1310
630,281,911
956,481,1437
563,693,1256
666,912,1578
718,182,900
663,73,736
755,135,890
881,360,1241
205,798,1003
964,259,1223
750,287,1037
222,354,576
989,591,1580
799,862,1661
763,674,1437
669,294,963
440,905,1345
732,2,734
274,532,806
862,872,1734
731,210,941
162,987,1149
666,942,1608
819,784,1603
113,453,566
778,444,1222
19,276,295
207,242,449
914,404,1318
985,834,1819
525,968,1493
922,954,1876
137,816,953
122,859,981
645,255,900
504,205,709
508,569,1077
371,311,682
960,888,1848
903,97,1000
226,150,376
931,588,1519
164,485,649
147,826,973
194,81,275
518,758,1276
882,15,897
364,150,514
320,735,1055
473,5,478
561,341,902
440,739,1179
399,125,524
330,347,677
145,209,354
221,222,443
432,584,1016
787,416,1203
605,844,1449
395,728,1123
374,798,1172
391,727,1118
57,528,585
746,688,1434
316,456,772
529,7,536
641,492,1133
162,477,639
25,330,355
621,654,1275
357,393,750
91,443,534
99,836,935
420,555,975
800,30,830
68,964,1032
746,437,1183
530,943,1473
300,736,1036
666,114,780
65,935,1000
503,531,1034
549,423,972
259,141,400
113,564,677
502,827,1329
509,445,954
151,411,562
729,990,1719
339,197,536
642,27,669
600,473,1073
684,808,1492
960,678,1638
588,621,1209
486,544,1030
878,929,1807
822,349,1171
35,657,692
671,632,1303
897,480,1377
415,218,633
187,592,779
547,366,913
773,88,861
21,980,1001
682,495,1177
983,612,1595
598,437,1035
684,301,985
823,944,1767
492,630,1122
515,854,1369
308,294,602
483,698,1181
943,762,1705
64,178,242
754,848,1602
426,853,1279
641,585,1226
915,649,1564
471,928,1399
446,643,1089
254,224,478
958,345,1303
878,997,1875
653,914,1567
784,653,1437
603,919,1522
132,307,439
723,279,1002
999,722,1721
684,841,1525
119,29,148
212,34,246
558,810,1368
179,286,465
545,721,1266
917,243,1160
187,149,336
331,742,1073
648,427,1075
281,911,1192
618,526,1144
719,596,1315
162,980,1142
689,783,1472
710,543,1253
121,727,848
659,272,931
511,779,1290
757,892,1649
527,647,1174
105,451,556
42,961,1003
404,534,938
786,24,810
869,950,1819
746,442,1188
565,948,1513
363,945,1308
249,181,430
957,291,1248
769,442,1211
166,616,782
577,881,1458
319,456,775
531,159,690
158,96,254
597,366,963
643,340,983
416,359,775
14,387,401
376,487,863
544,216,760
844,851,1695
158,916,1074
338,149,487
574,517,1091
858,315,1173
556,352,908
731,820,1551
224,869,1093
466,200,666
40,559,599
49,774,823
789,763,1552
579,504,1083
929,791,1720
664,370,1034
829,105,934
559,344,903
470,208,678
120,700,820
2,967,969
576,979,1555
437,544,981
332,456,788
623,627,1250
986,410,1396
908,660,1568
856,637,1493
145,493,638
150,272,422
927,106,1033
950,76,1026
168,528,696
443,409,852
969,776,1745
809,65,874
36,174,210
789,13,802
36,116,152
165,848,1013
161,752,913
537,295,832
157,270,427
341,839,1180
716,887,1603
160,588,748
300,470,770
129,77,206
926,460,1386
602,753,1355
845,261,1106
470,262,732
309,848,1157
30,891,921
599,822,1421
480,115,595
914,690,1604
585,13,598
123,497,620
958,276,1234
54,754,808
931,244,1175
905,773,1678
385,25,410
813,720,1533
479,338,817
724,593,1317
768,425,1193
704,19,723
301,969,1270
653,646,1299
852,539,1391
775,19,794
935,692,1627
243,289,532
848,273,1121
520,608,1128
400,86,486
635,861,1496
165,972,1137
474,786,1260
733,994,1727
649,5,654
70,764,834
522,681,1203
965,456,1421
211,419,630
968,499,1467
577,279,856
279,88,367
70,43,113
888,466,1354
756,879,1635
919,304,1223
931,885,1816
218,130,348
784,354,1138
697,401,1098
755,827,1582
66,741,807
721,194,915
719,959,1678
918,931,1849
373,618,991
859,0,859
764,563,1327
159,815,974
595,301,896
595,295,890
987,89,1076
169,793,962
45,130,175
367,851,1218
291,412,703
645,495,1140
726,414,1140
970,981,1951
935,909,1844
253,195,448
26,135,161
11,497,508
713,339,1052
518,368,886
652,172,824
6,583,589
897,886,1783
985,206,1191
457,997,1454
196,661,857
349,180,529
183,867,1050
850,40,890
115,787,902
688,368,1056
371,803,1174
829,315,1144
72,667,739
729,439,1168
314,703,1017
990,246,1236
833,163,996
320,321,641
195,899,1094
729,172,901
189,428,617
770,533,1303
700,402,1102
354,563,917
818,883,1701
92,754,846
155,576,731
854,489,1343
120,334,454
297,391,688
347,381,728
412,179,591
298,246,544
861,493,1354
259,813,1072
278,273,551
374,0,374
919,955,1874
348,95,443
460,130,590
80,172,252
851,353,1204
61,6,67
947,323,1270
529,452,981
78,104,182
99,341,440
692,86,778
258,365,623
281,598,879
526,728,1254
300,946,1246
500,377,877
457,534,991
41,715,756
540,117,657
825,838,1663
123,245,368
560,376,936
150,159,309
99,466,565
3,198,201
355,507,862
654,535,1189
112,25,137
971,552,1523
238,252,490
376,243,619
709,789,1498
974,612,1586
414,515,929
710,824,1534
92,371,463
450,902,1352
343,220,563
369,715,1084
579,363,942
595,127,722
741,907,1648
332,434,766
663,387,1050
878,752,1630
449,938,1387
473,314,787
278,646,924
805,390,1195
372,825,1197
543,528,1071
292,55,347
912,507,1419
22,889,911
581,127,708
360,605,965
420,568,988
522,146,668
994,96,1090
372,768,1140
463,72,535
474,431,905
662,25,687
742,842,1584
846,956,1802
254,158,412
548,52,600
742,674,1416
550,513,1063
321,425,746
589,253,842
320,364,684
613,408,1021
245,208,453
277,987,1264
0,196,196
648,56,704
181,785,966
365,156,521
870,591,1461
41,741,782
75,194,269
966,571,1537
640,478,1118
117,624,741
320,546,866
962,186,1148
566,338,904
808,457,1265
643,839,1482
631,812,1443
402,305,707
196,214,410
8,293,301
729,622,1351
837,132,969
911,316,1227
328,898,1226
843,21,864
537,714,1251
451,162,613
258,730,988
44,78,122
276,844,1120
562,926,1488
871,258,1129
670,760,1430
590,253,843
356,126,482
231,612,843
554,387,941
873,487,1360
157,877,1034
904,825,1729
435,505,940
842,111,953
64,149,213
924,71,995
33,224,257
128,957,1085
514,666,1180
46,215,261
413,185,598
877,109,986
376,201,577
233,43,276
784,205,989
763,995,1758
546,652,1198
262,200,462
94,533,627
824,111,935
974,716,1690
67,454,521
927,133,1060
530,878,1408
277,642,919
304,315,619
856,245,1101
703,140,843
428,161,589
876,998,1874
487,236,723
457,572,1029
9,395,404
221,227,448
4,90,94
984,582,1566
102,902,1004
796,412,1208
497,768,1265
612,64,676
236,242,478
478,243,721
620,519,1139
362,451,813
475,467,942
288,488,776
281,811,1092
575,993,1568
744,811,1555
766,489,1255
907,873,1780
122,429,551
492,803,1295
957,89,1046
668,971,1639
160,866,1026
15,975,990
617,974,1591
236,103,339
594,427,1021
509,870,1379
0,862,862
930,135,1065
119,222,341
853,628,1481
452,191,643
548,703,1251
424,14,438
273,867,1140
149,515,664
403,588,991
125,606,731
654,839,1493
596,377,973
671,444,1115
290,86,376
36,353,389
675,936,1611
272,232,504
662,520,1182
679,52,731
835,942,1777
433,108,541
672,380,1052
681,581,1262
299,326,625
100,669,769
277,622,899
877,278,1155
934,573,1507
884,183,1067
230,103,333
248,83,331
806,276,1082
832,840,1672
960,656,1616
79,371,450
865,68,933
241,308,549
411,88,499
865,988,1853
820,768,1588
404,969,1373
555,588,1143
245,922,1167
121,286,407
714,43,757
991,470,1461
469,31,500
780,274,1054
134,245,379
266,103,369
424,624,1048
786,93,879
256,402,658
870,210,1080
139,265,404
594,869,1463
63,639,702
100,259,359
163,320,483
33,679,712
719,750,1469
967,289,1256
793,155,948
562,219,781
205,238,443
982,343,1325
842,747,1589
83,394,477
434,98,532
348,661,1009
954,643,1597
111,179,290
997,80,1077
182,775,957
391,486,877
721,304,1025
310,534,844
686,838,1524
846,803,1649
374,844,1218
858,91,949
758,35,793
783,78,861
672,998,1670
420,658,1078
254,912,1166
149,435,584
143,886,1029
688,651,1339
500,146,646
665,687,1352
742,475,1217
775,952,1727
128,472,600
883,835,1718
620,963,1583
557,992,1549
42,574,616
60,145,205
71,2,73
366,737,1103
669,832,1501
937,469,1406
478,711,1189
251,317,568
873,376,1249
435,835,1270
378,835,1213
323,433,756
468,661,1129
714,703,1417
854,339,1193
113,546,659
317,727,1044
493,397,890
144,961,1105
62,361,423
104,478,582
742,859,1601
790,359,1149
2,528,530
62,137,199
11,744,755
695,275,970
978,353,1331
499,691,1190
555,486,1041
492,861,1353
317,585,902
901,324,1225
805,73,878
421,63,484
462,984,1446
843,279,1122
60,702,762
255,369,624
497,664,1161
736,458,1194
944,153,1097
33,39,72
239,900,1139
509,32,541
134,365,499
679,158,837
311,307,618
889,693,1582
138,986,1124
312,632,944
582,402,984
979,485,1464
739,825,1564
209,72,281
346,995,1341
410,64,474
327,748,1075
313,278,591
770,331,1101
421,952,1373
549,363,912
434,743,1177
318,771,1089
437,796,1233
84,737,821
104,886,990
678,839,1517
270,216,486
870,864,1734
364,706,1070
199,173,372
944,93,1037
250,175,425
727,878,1605
336,837,1173
925,655,1580
298,217,515
748,132,880
729,781,1510
711,850,1561
671,870,1541
633,628,1261
499,240,739
567,720,1287
291,540,831
600,594,1194
642,800,1442
697,666,1363
787,114,901
57,37,94
5,130,135
50,332,382
142,81,223
78,424,502
945,951,1896
682,130,812
626,113,739
561,727,1288
796,431,1227
502,786,1288
556,558,1114
144,181,325
470,203,673
337,528,865
161,916,1077
123,594,717
245,165,410
727,938,1665
364,368,732
777,805,1582
827,166,993
96,382,478
884,240,1124
978,914,1892
364,891,1255
696,241,937
584,250,834
845,477,1322
792,804,1596
135,318,453
867,927,1794
122,282,404
985,919,1904
289,537,826
303,150,453
349,515,864
870,922,1792
323,182,505
860,486,1346
332,532,864
161,723,884
910,287,1197
299,369,668
458,361,819
131,395,526
501,79,580
335,302,637
869,433,1302
291,429,720
397,35,432
776,678,1454
359,185,544
595,279,874
694,710,1404
820,105,925
297,799,1096
570,474,1044
786,380,1166
748,613,1361
65,440,505
336,331,667
507,958,1465
259,526,785
908,887,1795
144,558,702
262,768,1030
289,400,689
344,852,1196
655,40,695
312,171,483
550,240,790
926,798,1724
556,554,1110
134,475,609
595,983,1578
835,465,1300
901,937,1838
746,625,1371
206,547,753
26,821,847
224,963,1187
330,614,944
732,482,1214
925,213,1138
240,280,520
539,813,1352
850,161,1011
903,785,1688
948,505,1453
266,545,811
434,399,833
477,784,1261
385,659,1044
459,180,639
679,887,1566
384,274,658
765,22,787
602,330,932
782,634,1416
809,486,1295
346,791,1137
873,532,1405
500,339,839
169,816,985
163,853,1016
951,572,1523
175,693,868
395,82,477
88,267,355
480,871,1351
669,715,1384
100,705,805
381,179,560
71,396,467
636,511,1147
249,139,388
453,721,1174
670,443,1113
62,356,418
357,714,1071
430,622,1052
429,294,723
905,284,1189
193,243,436
860,58,918
207,314,521
406,231,637
761,672,1433
789,440,1229
77,737,814
710,875,1585
828,726,1554
929,747,1676
15,839,854
970,792,1762
489,910,1399
438,935,1373
686,42,728
892,694,1586
552,760,1312
382,29,411
984,633,1617
515,801,1316
229,77,306
716,569,1285
494,794,1288
738,0,738
981,832,1813
987,463,1450
666,39,705
301,965,1266
590,601,1191
903,155,1058
444,889,1333
813,299,1112
26,564,590
906,276,1182
369,642,1011
389,143,532
638,289,927
779,573,1352
576,307,883
185,751,936
387,573,960
416,855,1271
454,816,1270
736,200,936
662,966,1628
689,818,1507
56,267,323
141,999,1140
51,310,361
254,903,1157
673,129,802
309,670,979
131,861,992
638,67,705
139,102,241
25,644,669
390,269,659
959,37,996
371,694,1065
413,689,1102
472,299,771
143,896,1039
814,406,1220
204,879,1083
329,270,599
487,58,545
830,281,1111
267,779,1046
645,172,817
283,668,951
437,135,572
678,333,1011
572,429,1001
136,194,330
85,968,1053
476,820,1296
496,378,874
217,361,578
349,595,944
82,661,743
455,207,662
629,960,1589
307,143,450
11,160,171
401,327,728
225,318,543
960,644,1604
180,700,880
566,554,1120
404,709,1113
712,960,1672
146,957,1103
109,663,772
174,493,667
72,708,780
517,325,842
407,638,1045
293,248,541
943,241,1184
775,305,1080
914,254,1168
171,364,535
328,931,1259
157,290,447
931,554,1485
814,609,1423
378,839,1217
477,688,1165
55,880,935
611,647,1258
572,548,1120
592,860,1452
172,186,358
393,706,1099
137,473,610
291,85,376
595,645,1240
216,294,510
411,685,1096
582,251,833
413,903,1316
25,783,808
235,846,1081
752,832,1584
668,910,1578
256,639,895
635,808,1443
679,12,691
820,623,1443
453,991,1444
729,418,1147
336,262,598
206,728,934
984,573,1557
89,450,539
449,811,1260
495,459,954
263,170,433
294,999,1293
221,258,479
767,356,1123
504,990,1494
401,362,763
917,715,1632
649,307,956
967,162,1129
592,540,1132
547,94,641
642,488,1130
741,624,1365
473,280,753
685,997,1682
271,709,980
805,729,1534
342,607,949
189,721,910
47,346,393
288,817,1105
11,497,508
532,439,971
876,580,1456
867,179,1046
328,736,1064
33,19,52
621,1,622
501,988,1489
136,25,161
11,739,750
836,705,1541
236,260,496
36,661,697
769,439,1208
742,730,1472
284,776,1060
379,909,1288
455,185,640
650,55,705
60,243,303
807,689,1496
941,913,1854
941,84,1025
174,797,971
154,960,1114
374,821,1195
693,550,1243
844,697,1541
980,419,1399
136,773,909
559,425,984
698,443,1141
358,43,401
398,0,398
576,879,1455
373,470,843
200,69,269
545,920,1465
694,47,741
366,426,792
22,496,518
844,303,1147
125,632,757
200,79,279
596,348,944
129,496,625
483,614,1097
385,782,1167
68,50,118
923,40,963
180,59,239
535,396,931
116,268,384
39,440,479
942,971,1913
738,709,1447
369,889,1258
832,77,909
816,737,1553
602,913,1515
72,192,264
28,923,951
59,23,82
926,627,1553
111,96,207
869,750,1619
130,125,255
363,438,801
753,752,1505
246,116,362
993,963,1956
918,937,1855
588,947,1535
749,972,1721
634,27,661
635,421,1056
503,246,749
110,860,970
819,970,1789
961,836,1797
265,187,452
487,10,497
991,238,1229
240,937,1177
462,37,499
344,18,362
304,889,1193
706,23,729
794,716,1510
366,882,1248
573,203,776
679,102,781
10,907,917
113,125,238
900,799,1699
531,992,1523
847,522,1369
97,494,591
342,856,1198
909,155,1064
457,142,599
595,963,1558
868,49,917
930,324,1254
405,236,641
258,431,689
611,216,827
509,228,737
620,979,1599
695,860,1555
623,624,1247
285,298,583
685,782,1467
459,485,944
595,579,1174
18,26,44
114,600,714
623,707,1330
942,170,1112
261,744,1005
624,472,1096
324,214,538
203,974,1177
956,540,1496
809,888,1697
287,189,476
79,58,137
857,528,1385
727,792,1519
105,808,913
850,338,1188
674,551,1225
843,104,947
33,713,746
508,550,1058
448,360,808
840,247,1087
369,701,1070
320,634,954
513,116,629
277,627,904
616,374,990
870,943,1813
523,512,1035
921,802,1723
304,332,636
241,358,599
143,807,950
896,155,1051
741,737,1478
758,403,1161
516,182,698
93,491,584
610,416,1026
894,197,1091
525,948,1473
830,471,1301
881,579,1460
879,363,1242
706,721,1427
198,500,698
498,788,1286
811,122,933
261,994,1255
887,746,1633
475,709,1184
586,553,1139
109,3,112
998,613,1611
466,772,1238
69,575,644
597,147,744
414,950,1364
883,390,1273
782,922,1704
641,264,905
650,374,1024
939,360,1299
181,212,393
351,318,669
891,588,1479
104,696,800
349,17,366
686,552,1238
987,95,1082
895,711,1606
567,482,1049
281,698,979
275,926,1201
579,221,800
926,625,1551
556,102,658
826,991,1817
443,255,698
39,792,831
67,391,458
789,507,1296
228,416,644
583,937,1520
562,899,1461
2,811,813
309,777,1086
792,994,1786
358,472,830
622,627,1249
239,841,1080
58,947,1005
195,464,659
614,614,1228
880,322,1202
106,695,801
957,981,1938
609,918,1527
804,850,1654
130,428,558
763,376,1139
892,744,1636
666,649,1315
537,218,755
447,926,1373
75,356,431
55,2,57
793,499,1292
232,905,1137
514,545,1059
522,35,557
997,837,1834
723,866,1589
243,243,486
865,123,988
408,98,506
147,182,329
87,758,845
79,408,487
406,66,472
781,376,1157
485,356,841
326,118,444
970,781,1751
194,129,323
140,587,727
993,435,1428
44,753,797
839,372,1211
133,945,1078
959,704,1663
714,802,1516
287,956,1243
14,984,998
720,365,1085
799,523,1322
800,63,863
87,464,551
914,132,1046
642,153,795
154,373,527
36,315,351
475,186,661
976,882,1858
321,99,420
236,530,766
823,848,1671
813,259,1072
590,471,1061
518,964,1482
130,709,839
379,547,926
820,371,1191
67,934,1001
300,23,323
526,899,1425
459,45,504
939,800,1739
405,621,1026
413,91,504
579,695,1274
642,178,820
738,830,1568
218,307,525
872,214,1086
252,276,528
312,169,481
23,990,1013
52,796,848
938,857,1795
337,170,507
823,922,1745
56,75,131
229,422,651
299,799,1098
20,245,265
126,538,664
485,227,712
25,622,647
802,392,1194
297,465,762
644,290,934
220,987,1207
273,349,622
223,543,766
916,255,1171
333,540,873
908,315,1223
40,200,240
764,940,1704
760,448,1208
165,114,279
947,634,1581
685,95,780
317,856,1173
237,988,1225
513,711,1224
871,962,1833
528,674,1202
942,397,1339
514,145,659
945,540,1485
646,443,1089
8,847,855
28,566,594
885,722,1607
856,768,1624
285,898,1183
571,999,1570
920,35,955
853,657,1510
514,580,1094
900,791,1691
470,336,806
948,306,1254
171,757,928
891,852,1743
434,801,1235
103,794,897
515,803,1318
406,31,437
795,390,1185
182,875,1057
391,389,780
380,5,385
17,452,469
660,658,1318
680,427,1107
261,56,317
894,361,1255
285,705,990
286,402,688
76,938,1014
399,125,524
217,389,606
773,701,1474
924,52,976
223,75,298
944,313,1257
318,22,340
601,302,903
565,844,1409
39,603,642
220,746,966
678,54,732
767,784,1551
145,498,643
43,126,169
468,344,812
402,734,1136
875,120,995
101,869,970
145,662,807
140,565,705
385,286,671
240,17,257
861,58,919
288,714,1002
113,784,897
870,392,1262
941,425,1366
639,790,1429
964,382,1346
270,800,1070
325,515,840
390,539,929
209,967,1176
760,580,1340
603,105,708
497,730,1227
395,137,532
185,339,524
546,21,567
144,878,1022
64,524,588
185,835,1020
453,168,621
995,506,1501
201,272,473
359,666,1025
843,673,1516
456,861,1317
127,431,558
717,211,928
791,2,793
622,511,1133
766,935,1701
124,870,994
332,177,509
708,833,1541
149,823,972
166,526,692
771,957,1728
390,978,1368
802,111,913
204,962,1166
896,589,1485
204,17,221
660,429,1089
407,916,1323
303,207,510
324,596,920
529,445,974
958,133,1091
79,633,712
828,944,1772
272,638,910
208,298,506
185,608,793
125,932,1057
816,539,1355
831,930,1761
134,656,790
679,0,679
598,748,1346
486,716,1202
217,72,289
727,527,1254
582,228,810
181,464,645
807,310,1117
996,559,1555
133,754,887
640,285,925
899,9,908
327,624,951
956,405,1361
298,764,1062
714,744,1458
401,772,1173
848,847,1695
450,937,1387
11,327,338
822,404,1226
621,354,975
283,487,770
407,391,798
997,795,1792
53,190,243
577,693,1270
741,764,1505
700,194,894
513,157,670
693,367,1060
166,836,1002
996,501,1497
965,8,973
695,428,1123
731,567,1298
425,875,1300
769,811,1580
551,392,943
279,542,821
749,932,1681
430,587,1017
393,372,765
280,924,1204
195,662,857
801,181,982
734,223,957
288,483,771
142,575,717
237,582,819
933,388,1321
923,433,1356
35,96,131
985,438,1423
648,72,720
553,713,1266
441,600,1041
402,423,825
156,239,395
305,743,1048
174,519,693
698,729,1427
257,609,866
450,662,1112
139,635,774
858,168,1026
435,921,1356
2,156,158
768,851,1619
866,28,894
162,98,260
606,388,994
234,798,1032
871,205,1076
612,850,1462
794,413,1207
785,847,1632
622,289,911
438,430,868
462,341,803
571,433,1004
509,254,763
557,84,641
485,169,654
797,983,1780
914,163,1077
73,267,340
567,601,1168
869,135,1004
107,132,239
803,244,1047
880,894,1774
10,314,324
927,872,1799
202,790,992
246,348,594
486,601,1087
731,450,1181
548,278,826
526,755,1281
431,502,933
969,357,1326
531,266,797
507,346,853
388,434,822
589,338,927
19,131,150
134,449,583
535,165,700
631,558,1189
489,71,560
222,807,1029
902,755,1657
408,231,639
918,401,1319
282,215,497
224,450,674
196,357,553
257,54,311
5,226,231
103,652,755
169,166,335
370,768,1138
926,314,1240
78,159,237
51,550,601
465,448,913
988,18,1006
69,107,176
838,978,1816
125,301,426
855,469,1324
848,494,1342
634,529,1163
879,138,1017
366,798,1164
94,846,940
872,76,948
907,873,1780
670,704,1374
568,254,822
118,309,427
333,192,525
314,922,1236
748,406,1154
467,822,1289
630,208,838
642,108,750
820,336,1156
562,54,616
241,222,463
751,47,798
660,166,826
21,855,876
144,243,387
746,446,1192
848,272,1120
190,368,558
186,31,217
780,149,929
915,729,1644
608,586,1194
166,325,491
930,538,1468
609,598,1207
286,389,675
675,390,1065
955,582,1537
42,117,159
236,764,1000
217,885,1102
651,746,1397
353,118,471
848,479,1327
746,402,1148
786,307,1093
525,441,966
33,678,711
977,800,1777
673,234,907
470,871,1341
154,692,846
884,328,1212
907,61,968
568,820,1388
791,583,1374
679,195,874
352,13,365
827,354,1181
367,828,1195
272,169,441
826,441,1267
459,305,764
416,937,1353
631,744,1375
68,27,95
629,746,1375
841,653,1494
233,324,557
765,500,1265
241,246,487
696,477,1173
43,582,625
439,267,706
30,429,459
802,530,1332
976,874,1850
167,678,845
343,660,1003
225,786,1011
99,367,466
583,516,1099
33,55,88
3,717,720
365,848,1213
782,207,989
952,538,1490
53,64,117
932,861,1793
74,839,913
511,922,1433
722,631,1353
22,622,644
427,489,916
425,875,1300
65,505,570
282,280,562
131,68,199
923,709,1632
573,60,633
276,748,1024
221,355,576
55,264,319
788,568,1356
481,655,1136
153,988,1141
755,376,1131
744,542,1286
667,538,1205
541,400,941
854,876,1730
577,372,949
843,856,1699
25,291,316
515,426,941
381,311,692
892,88,980
686,819,1505
579,691,1270
945,953,1898
54,812,866
944,9,953
454,60,514
94,75,169
786,7,793
837,15,852
763,81,844
347,923,1270
718,128,846
129,581,710
269,307,576
447,770,1217
443,832,1275
420,538,958
144,688,832
274,431,705
692,601,1293
772,806,1578
993,963,1956
124,945,1069
90,128,218
850,543,1393
228,605,833
53,506,559
771,886,1657
727,774,1501
87,612,699
481,662,1143
461,544,1005
140,602,742
172,643,815
592,380,972
164,636,800
157,355,512
943,94,1037
538,48,586
120,190,310
392,389,781
160,646,806
153,894,1047
750,646,1396
125,600,725
499,853,1352
568,230,798
369,849,1218
21,314,335
158,80,238
305,608,913
972,114,1086
35,394,429
17,949,966
477,775,1252
175,848,1023
498,669,1167
820,495,1315
870,405,1275
205,235,440
231,490,721
131,501,632
332,736,1068
709,905,1614
995,548,1543
50,624,674
498,842,1340
458,586,1044
948,600,1548
703,393,1096
591,362,953
155,427,582
4,932,936
769,180,949
126,107,233
826,507,1333
700,509,1209
337,34,371
665,422,1087
301,511,812
68,53,121
81,774,855
629,382,1011
436,586,1022
660,262,922
581,973,1554
11,469,480
439,460,899
150,174,324
202,180,382
103,520,623
672,58,730
292,18,310
564,829,1393
465,421,886
638,949,1587
2,424,426
266,685,951
644,681,1325
821,437,1258
972,171,1143
792,978,1770
695,309,1004
616,761,1377
908,442,1350
460,30,490
201,251,452
1000,537,1537
919,741,1660
909,462,1371
61,915,976
261,276,537
382,151,533
490,374,864
520,955,1475
533,697,1230
906,51,957
469,691,1160
154,841,995
273,138,411
378,283,661
975,131,1106
47,460,507
145,603,748
638,993,1631
921,560,1481
352,640,992
28,62,90
175,842,1017
723,538,1261
40,832,872
488,578,1066
233,78,311
325,32,357
528,865,1393
955,357,1312
62,585,647
379,486,865
509,77,586
344,989,1333
453,958,1411
434,33,467
265,783,1048
485,267,752
105,571,676
371,307,678
702,800,1502
863,146,1009
262,1000,1262
875,419,1294
761,627,1388
189,63,252
544,110,654
409,410,819
949,219,1168
917,735,1652
608,199,807
681,809,1490
129,983,1112
901,369,1270
209,157,366
105,965,1070
768,999,1767
274,373,647
620,6,626
795,226,1021
923,121,1044
261,309,570
335,851,1186
253,55,308
609,902,1511
531,265,796
554,891,1445
377,96,473
496,241,737
18,904,922
236,170,406
807,591,1398
783,165,948
669,872,1541
282,957,1239
76,117,193
719,741,1460
444,895,1339
267,908,1175
772,561,1333
195,247,442
580,357,937
412,791,1203
308,747,1055
918,703,1621
411,720,1131
734,881,1615
554,986,1540
236,198,434
554,243,797
471,674,1145
200,718,918
651,150,801
463,107,570
447,603,1050
121,216,337
235,550,785
835,496,1331
35,506,541
61,237,298
607,801,1408
893,161,1054
618,14,632
541,713,1254
713,860,1573
985,521,1506
315,243,558
894,38,932
312,688,1000
484,370,854
314,298,612
832,773,1605
546,143,689
452,937,1389
575,697,1272
636,540,1176
523,686,1209
907,771,1678
661,674,1335
344,35,379
441,748,1189
597,347,944
309,602,911
798,142,940
999,893,1892
801,656,1457
660,223,883
147,422,569
663,772,1435
105,424,529
599,738,1337
163,354,517
140,45,185
953,588,1541
633,412,1045
655,867,1522
454,723,1177
615,719,1334
804,588,1392
156,744,900
219,663,882
111,371,482
562,636,1198
449,800,1249
953,128,1081
776,743,1519
638,329,967
681,271,952
732,577,1309
15,973,988
213,583,796
753,44,797
556,123,679
530,499,1029
600,999,1599
698,354,1052
154,924,1078
311,227,538
125,661,786
821,697,1518
501,436,937
539,256,795
285,296,581
5,635,640
462,322,784
756,976,1732
192,755,947
851,951,1802
170,140,310
988,992,1980
680,334,1014
732,289,1021
704,220,924
785,892,1677
69,66,135
175,996,1171
985,580,1565
491,908,1399
124,377,501
270,593,863
550,351,901
458,114,572
172,295,467
784,422,1206
622,221,843
586,295,881
660,521,1181
339,408,747
828,415,1243
997,192,1189
90,950,1040
190,768,958
439,162,601
41,604,645
465,862,1327
406,983,1389
653,254,907
574,785,1359
850,369,1219
605,27,632
695,297,992
828,839,1667
916,736,1652
136,481,617
962,482,1444
594,277,871
320,809,1129
988,185,1173
492,444,936
89,334,423
193,787,980
622,486,1108
430,19,449
334,379,713
143,610,753
55,144,199
306,878,1184
271,153,424
376,24,400
136,385,521
742,957,1699
472,711,1183
645,245,890
603,110,713
299,801,1100
290,14,304
18,514,532
161,803,964
305,481,786
408,599,1007
371,633,1004
112,227,339
652,799,1451
825,28,853
739,824,1563
977,944,1921
760,316,1076
110,970,1080
778,93,871
56,385,441
834,302,1136
731,866,1597
84,280,364
940,183,1123
88,590,678
89,29,118
895,295,1190
694,135,829
128,565,693
829,101,930
991,366,1357
302,581,883
258,121,379
954,795,1749
366,749,1115
731,119,850
214,997,1211
206,313,519
674,851,1525
329,147,476
992,61,1053
541,505,1046
542,546,1088
407,516,923
556,381,937
874,981,1855
274,114,388
506,936,1442
387,444,831
829,978,1807
775,143,918
51,220,271
225,510,735
611,782,1393
968,40,1008
827,688,1515
508,168,676
916,821,1737
123,379,502
949,569,1518
583,685,1268
181,384,565
694,388,1082
68,270,338
560,628,1188
626,152,778
530,585,1115
78,689,767
658,149,807
767,72,839
609,961,1570
758,781,1539
544,428,972
370,884,1254
838,554,1392
515,504,1019
643,884,1527
375,640,1015
893,711,1604
546,199,745
1000,675,1675
315,490,805
363,736,1099
40,980,1020
788,674,1462
864,331,1195
729,693,1422
458,823,1281
810,621,1431
349,522,871
695,560,1255
508,794,1302
720,213,933
109,46,155
685,451,1136
800,206,1006
745,149,894
879,348,1227
9,383,392
639,125,764
865,848,1713
510,520,1030
762,141,903
379,829,1208
587,817,1404
752,283,1035
387,109,496
970,359,1329
685,60,745
70,262,332
708,398,1106
706,604,1310
957,14,971
158,851,1009
188,684,872
540,271,811
250,113,363
39,908,947
382,265,647
62,501,563
970,780,1750
835,460,1295
421,655,1076
793,567,1360
287,28,315
2,311,313
890,101,991
159,599,758
267,500,767
870,116,986
331,983,1314
336,684,1020
49,667,716
810,90,900
177,775,952
183,489,672
193,644,837
331,476,807
459,106,565
521,696,1217
696,836,1532
471,404,875
165,266,431
155,310,465
203,704,907
545,746,1291
636,939,1575
983,866,1849
656,52,708
326,974,1300
188,382,570
49,791,840
216,475,691
809,37,846
860,513,1373
308,230,538
12,381,393
843,418,1261
266,188,454
886,640,1526
242,67,309
92,896,988
439,855,1294
720,664,1384
65,855,920
301,713,1014
181,846,1027
10,563,573
523,722,1245
724,185,909
32,939,971
105,344,449
629,345,974
764,676,1440
541,498,1039
509,821,1330
948,156,1104
676,264,940
271,315,586
258,950,1208
207,178,385
28,410,438
247,622,869
157,748,905
708,36,744
690,863,1553
881,244,1125
155,80,235
128,135,263
851,841,1692
79,17,96
149,490,639
171,942,1113
121,816,937
792,777,1569
138,548,686
259,461,720
119,211,330
125,1,126
854,982,1836
601,755,1356
69,275,344
775,95,870
772,708,1480
955,337,1292
109,67,176
519,692,1211
620,357,977
383,438,821
602,53,655
350,492,842
448,506,954
406,822,1228
665,223,888
581,57,638
536,198,734
428,752,1180
253,952,1205
546,781,1327
881,623,1504
417,62,479
107,326,433
595,670,1265
234,639,873
336,50,386
631,629,1260
5,664,669
733,36,769
734,467,1201
245,225,470
123,742,865
666,677,1343
506,513,1019
65,147,212
63,370,433
969,912,1881
311,987,1298
486,864,1350
175,716,891
182,224,406
305,651,956
11,30,41
268,445,713
213,949,1162
34,756,790
966,113,1079
30,273,303
310,452,762
56,590,646
231,336,567
72,509,581
930,366,1296
895,244,1139
275,984,1259
142,252,394
897,220,1117
637,829,1466
638,792,1430
423,32,455
750,253,1003
972,994,1966
54,805,859
596,704,1300
498,722,1220
138,942,1080
606,492,1098
456,409,865
615,36,651
966,719,1685
315,865,1180
555,720,1275
504,63,567
161,789,950
350,758,1108
806,662,1468
100,720,820
688,81,769
842,365,1207
369,333,702
811,336,1147
926,488,1414
932,93,1025
732,890,1622
59,314,373
270,129,399
406,472,878
19,749,768
734,945,1679
193,491,684
368,568,936
237,565,802
7,953,960
149,651,800
673,166,839
320,239,559
197,948,1145
840,566,1406
654,257,911
965,390,1355
563,204,767
947,643,1590
555,187,742
411,999,1410
154,247,401
662,993,1655
200,520,720
695,368,1063
256,94,350
419,887,1306
281,548,829
781,159,940
691,368,1059
847,765,1612
536,311,847
925,568,1493
489,883,1372
723,741,1464
134,96,230
897,923,1820
477,569,1046
975,253,1228
348,126,474
973,976,1949
170,814,984
43,583,626
233,911,1144
972,726,1698
608,540,1148
819,698,1517
794,936,1730
255,805,1060
364,716,1080
241,455,696
746,442,1188
121,969,1090
672,511,1183
609,743,1352
21,553,574
722,728,1450
877,15,892
263,901,1164
759,897,1656
83,916,999
655,729,1384
642,880,1522
850,302,1152
34,176,210
780,589,1369
998,995,1993
335,260,595
578,305,883
233,348,581
813,558,1371
342,802,1144
508,559,1067
72,314,386
718,141,859
956,298,1254
998,569,1567
874,305,1179
677,989,1666
50,29,79
885,455,1340
346,216,562
998,352,1350
988,135,1123
524,133,657
800,702,1502
5,412,417
178,143,321
363,552,915
687,569,1256
418,183,601
666,721,1387
908,458,1366
568,238,806
400,978,1378
264,577,841
973,233,1206
736,334,1070
646,538,1184
526,870,1396
325,18,343
905,90,995
924,913,1837
546,920,1466
445,898,1343
753,572,1325
434,416,850
551,103,654
566,905,1471
613,301,914
173,418,591
376,94,470
59,667,726
713,248,961
10,89,99
624,57,681
234,1000,1234
744,24,768
324,876,1200
756,369,1125
924,651,1575
865,419,1284
771,452,1223
357,561,918
830,422,1252
244,186,430
392,327,719
390,375,765
301,344,645
596,815,1411
200,54,254
731,898,1629
143,774,917
415,750,1165
550,158,708
972,405,1377
339,73,412
165,962,1127
72,902,974
534,711,1245
358,94,452
787,166,953
584,297,881
446,785,1231
822,909,1731
557,570,1127
199,191,390
16,875,891
180,52,232
305,159,464
851,90,941
757,449,1206
763,762,1525
316,866,1182
571,978,1549
408,390,798
881,876,1757
516,138,654
705,71,776
774,922,1696
822,74,896
139,645,784
684,284,968
191,319,510
1,38,39
950,106,1056
952,63,1015
933,894,1827
248,774,1022
450,430,880
303,817,1120
850,580,1430
935,6,941
124,435,559
985,609,1594
280,394,674
357,219,576
238,16,254
580,169,749
372,332,704
116,348,464
538,766,1304
573,718,1291
915,290,1205
765,659,1424
576,184,760
204,4,208
214,978,1192
874,331,1205
679,248,927
334,463,797
576,573,1149
426,614,1040
838,956,1794
988,499,1487
177,440,617
28,732,760
280,247,527
351,268,619
309,561,870
929,115,1044
269,968,1237
810,126,936
165,865,1030
621,944,1565
458,207,665
690,485,1175
584,963,1547
688,378,1066
75,120,195
985,396,1381
434,154,588
922,413,1335
862,687,1549
162,135,297
776,335,1111
498,10,508
343,60,403
56,561,617
371,811,1182
269,818,1087
717,691,1408
859,702,1561
661,301,962
572,139,711
902,55,957
909,359,1268
71,704,775
2,881,883
3,979,982
554,645,1199
164,178,342
305,687,992
687,432,1119
940,16,956
963,491,1454
48,786,834
795,210,1005
371,371,742
226,28,254
722,151,873
657,343,1000
659,662,1321
832,969,1801
22,16,38
548,757,1305
919,439,1358
279,571,850
764,519,1283
631,158,789
897,728,1625
511,317,828
837,444,1281
888,942,1830
125,463,588
638,828,1466
767,207,974
776,505,1281
640,457,1097
954,778,1732
658,762,1420
721,550,1271
454,149,603
417,302,719
164,14,178
724,944,1668
307,771,1078
577,850,1427
528,920,1448
966,467,1433
418,885,1303
733,812,1545
670,52,722
111,150,261
701,338,1039
652,831,1483
22,70,92
18,148,166
343,78,421
911,241,1152
567,349,916
622,76,698
501,657,1158
358,701,1059
977,213,1190
91,233,324
65,615,680
117,667,784
897,936,1833
825,929,1754
545,900,1445
785,718,1503
14,574,588
765,199,964
989,582,1571
705,140,845
965,326,1291
830,750,1580
76,491,567
879,930,1809
345,926,1271
848,691,1539
235,175,410
302,323,625
798,463,1261
219,834,1053
11,986,997
774,603,1377
987,789,1776
144,505,649
522,700,1222
442,494,936
443,981,1424
861,610,1471
564,599,1163
470,200,670
620,526,1146
82,450,532
573,315,888
279,529,808
338,200,538
449,946,1395
125,84,209
99,568,667
831,214,1045
539,489,1028
154,903,1057
879,328,1207
51,762,813
983,410,1393
207,180,387
543,533,1076
169,272,441
91,865,956
127,415,542
663,131,794
419,961,1380
917,461,1378
689,460,1149
193,609,802
972,119,1091
686,184,870
527,391,918
113,365,478
195,808,1003
528,419,947
114,36,150
341,398,739
150,309,459
872,341,1213
921,372,1293
736,60,796
41,938,979
456,284,740
38,725,763
422,268,690
60,313,373
478,82,560
797,761,1558
213,673,886
402,672,1074
102,892,994
761,795,1556
336,418,754
786,412,1198
817,730,1547
702,668,1370
991,843,1834
113,161,274
148,999,1147
644,479,1123
178,11,189
272,913,1185
75,420,495
241,226,467
809,935,1744
66,573,639
61,991,1052
288,499,787
655,68,723
391,171,562
343,606,949
28,738,766
449,512,961
444,887,1331
991,254,1245
163,344,507
227,676,903
344,400,744
150,902,1052
387,914,1301
267,814,1081
683,521,1204
586,816,1402
670,915,1585
622,450,1072
473,462,935
828,536,1364
602,324,926
686,238,924
872,548,1420
998,628,1626
992,540,1532
294,680,974
733,248,981
203,349,552
734,983,1717
609,932,1541
432,537,969
75,939,1014
926,43,969
809,817,1626
493,414,907
441,75,516
9,359,368
713,280,993
872,308,1180
959,534,1493
471,818,1289
364,645,1009
804,940,1744
27,392,419
858,779,1637
844,546,1390
951,608,1559
526,620,1146
994,844,1838
944,822,1766
589,463,1052
13,954,967
22,211,233
36,586,622
927,552,1479
50,798,848
403,681,1084
271,827,1098
330,500,830
304,567,871
981,371,1352
700,420,1120
750,232,982
553,664,1217
60,820,880
84,28,112
929,731,1660
18,473,491
174,626,800
282,486,768
192,433,625
243,502,745
206,898,1104
553,634,1187
677,395,1072
813,820,1633
500,5,505
19,828,847
915,87,1002
715,547,1262
391,792,1183
16,217,233
661,970,1631
927,422,1349
526,162,688
48,132,180
789,992,1781
842,945,1787
128,21,149
302,599,901
453,267,720
536,168,704
854,850,1704
273,862,1135
917,172,1089
580,803,1383
311,792,1103
741,361,1102
503,326,829
227,565,792
572,723,1295
83,240,323
632,312,944
835,212,1047
216,358,574
721,852,1573
207,943,1150
649,5,654
683,776,1459
96,840,936
44,513,557
389,816,1205
873,260,1133
159,704,863
75,783,858
28,777,805
687,485,1172
889,450,1339
599,51,650
414,49,463
589,866,1455
898,711,1609
70,767,837
421,575,996
47,391,438
268,427,695
856,140,996
874,741,1615
195,775,970
26,188,214
30,948,978
382,144,526
478,84,562
917,301,1218
957,111,1068
310,943,1253
469,594,1063
479,331,810
199,12,211
595,485,1080
894,549,1443
938,418,1356
800,218,1018
413,685,1098
5,84,89
264,947,1211
238,790,1028
470,748,1218
159,986,1145
774,80,854
406,549,955
344,305,649
655,820,1475
247,908,1155
97,113,210
527,547,1074
907,829,1736
641,83,724
598,233,831
803,251,1054
662,265,927
286,828,1114
749,868,1617
191,542,733
68,285,353
194,51,245
264,113,377
978,160,1138
373,441,814
571,676,1247
585,397,982
796,820,1616
808,778,1586
57,320,377
957,173,1130
721,425,1146
405,771,1176
394,850,1244
930,519,1449
669,527,1196
408,530,938
45,368,413
446,944,1390
37,91,128
555,551,1106
564,847,1411
762,824,1586
497,542,1039
927,758,1685
656,47,703
319,228,547
749,493,1242
283,383,666
690,543,1233
91,413,504
161,452,613
345,903,1248
644,23,667
957,875,1832
811,663,1474
286,346,632
588,229,817
4,649,653
599,935,1534
434,914,1348
317,7,324
68,521,589
968,536,1504
842,750,1592
466,156,622
619,493,1112
816,687,1503
416,50,466
226,479,705
571,614,1185
505,435,940
743,748,1491
103,361,464
319,107,426
897,805,1702
359,55,414
524,936,1460
650,507,1157
509,309,818
815,439,1254
420,791,1211
959,750,1709
420,793,1213
810,265,1075
996,559,1555
82,31,113
930,214,1144
715,415,1130
372,712,1084
59,848,907
598,653,1251
482,753,1235
938,409,1347
266,287,553
999,580,1579
762,91,853
515,942,1457
661,163,824
480,600,1080
838,145,983
927,983,1910
780,156,936
987,635,1622
937,558,1495
711,708,1419
137,999,1136
428,736,1164
392,630,1022
568,818,1386
237,973,1210
753,608,1361
572,620,1192
651,323,974
658,902,1560
64,542,606
681,598,1279
127,136,263
890,179,1069
748,47,795
267,22,289
482,955,1437
457,844,1301
616,267,883
644,725,1369
499,80,579
913,99,1012
840,403,1243
343,841,1184
578,557,1135
921,453,1374
152,22,174
708,545,1253
473,56,529
1000,866,1866
635,850,1485
986,992,1978
434,564,998
827,715,1542
750,33,783
469,639,1108
783,406,1189
285,40,325
35,969,1004
400,57,457
762,943,1705
653,736,1389
125,543,668
681,389,1070
54,334,388
249,165,414
195,48,243
984,470,1454
347,552,899
850,660,1510
784,971,1755
89,205,294
570,131,701
348,124,472
606,817,1423
782,264,1046
746,339,1085
273,653,926
516,355,871
602,503,1105
969,149,1118
25,132,157
832,55,887
394,610,1004
206,555,761
995,919,1914
927,749,1676
672,400,1072
753,313,1066
24,784,808
594,991,1585
289,712,1001
577,674,1251
920,60,980
364,987,1351
426,147,573
372,384,756
175,220,395
679,120,799
782,530,1312
451,763,1214
271,894,1165
7,478,485
406,444,850
822,425,1247
179,651,830
4,773,777
496,676,1172
489,224,713
703,5,708
688,197,885
702,825,1527
177,253,430
715,139,854
934,436,1370
830,912,1742
66,398,464
137,287,424
89,734,823
84,998,1082
267,111,378
859,0,859
197,984,1181
176,449,625
803,861,1664
422,344,766
315,455,770
830,767,1597
870,683,1553
6,145,151
602,508,1110
498,612,1110
584,614,1198
657,342,999
522,870,1392
471,62,533
983,493,1476
220,275,495
314,324,638
595,57,652
52,870,922
621,833,1454
914,108,1022
984,381,1365
437,152,589
84,755,839
645,181,826
436,942,1378
321,58,379
593,562,1155
119,312,431
42,459,501
507,447,954
838,507,1345
247,410,657
750,761,1511
334,974,1308
679,766,1445
105,105,210
628,482,1110
535,547,1082
789,554,1343
22,896,918
253,981,1234
500,321,821
144,464,608
287,32,319
914,588,1502
92,678,770
704,148,852
532,626,1158
648,979,1627
159,788,947
731,526,1257
468,150,618
272,932,1204
841,684,1525
233,538,771
554,915,1469
493,339,832
16,983,999
242,417,659
415,562,977
267,521,788
826,686,1512
993,339,1332
377,52,429
123,453,576
149,260,409
585,251,836
701,0,701
76,620,696
142,147,289
223,950,1173
844,642,1486
308,512,820
552,391,943
910,840,1750
932,329,1261
802,224,1026
471,655,1126
416,72,488
841,387,1228
745,521,1266
271,879,1150
196,724,920
789,277,1066
764,518,1282
442,305,747
628,695,1323
603,314,917
291,445,736
511,851,1362
328,459,787
551,956,1507
846,929,1775
380,214,594
996,913,1909
341,395,736
202,974,1176
512,23,535
95,352,447
639,301,940
926,599,1525
434,553,987
49,857,906
986,166,1152
64,30,94
280,795,1075
888,352,1240
870,46,916
324,79,403
407,905,1312
181,88,269
594,685,1279
427,456,883
589,992,1581
397,789,1186
311,282,593
419,75,494
789,303,1092
896,169,1065
778,79,857
942,724,1666
710,870,1580
1,79,80
6,213,219
833,858,1691
677,185,862
177,456,633
538,669,1207
815,608,1423
218,992,1210
985,682,1667
354,292,646
565,72,637
273,455,728
841,576,1417
633,294,927
905,523,1428
382,851,1233
640,302,942
797,16,813
161,144,305
516,795,1311
821,389,1210
449,807,1256
662,35,697
353,3,356
856,122,978
527,636,1163
160,156,316
497,731,1228
767,548,1315
172,360,532
358,364,722
823,121,944
277,246,523
715,327,1042
468,347,815
69,865,934
129,741,870
743,827,1570
304,171,475
322,344,666
153,923,1076
390,588,978
841,942,1783
616,600,1216
400,764,1164
917,347,1264
633,305,938
831,779,1610
129,115,244
468,47,515
388,680,1068
115,179,294
861,88,949
886,339,1225
298,410,708
944,77,1021
434,468,902
679,601,1280
649,623,1272
420,528,948
154,752,906
892,648,1540
934,217,1151
78,958,1036
433,774,1207
4,434,438
530,32,562
878,234,1112
394,509,903
536,736,1272
26,49,75
601,90,691
250,324,574
678,486,1164
818,905,1723
486,13,499
454,842,1296
835,595,1430
975,760,1735
450,985,1435
95,134,229
66,65,131
584,947,1531
511,514,1025
839,678,1517
366,804,1170
82,978,1060
681,742,1423
862,282,1144
970,995,1965
188,950,1138
367,347,714
702,604,1306
744,102,846
924,396,1320
454,451,905
478,532,1010
380,181,561
781,10,791
121,328,449
173,603,776
583,454,1037
229,991,1220
979,167,1146
918,499,1417
103,871,974
373,812,1185
456,485,941
773,108,881
509,908,1417
374,673,1047
306,774,1080
877,868,1745
828,139,967
990,126,1116
661,37,698
17,936,953
622,991,1613
642,42,684
1,700,701
1000,956,1956
509,984,1493
41,811,852
391,484,875
848,300,1148
50,432,482
83,992,1075
965,955,1920
989,955,1944
503,869,1372
927,492,1419
551,764,1315
218,940,1158
780,981,1761
986,266,1252
15,394,409
288,9,297
394,708,1102
807,162,969
560,946,1506
274,14,288
751,784,1535
154,567,721
728,807,1535
681,273,954
980,833,1813
602,598,1200
62,528,590
271,270,541
125,468,593
417,159,576
631,276,907
498,873,1371
328,325,653
746,83,829
375,125,500
600,168,768
869,733,1602
15,331,346
964,424,1388
487,690,1177
414,709,1123
919,332,1251
194,704,898
706,236,942
445,554,999
366,151,517
273,520,793
407,792,1199
360,769,1129
98,456,554
253,947,1200
233,405,638
647,566,1213
601,800,1401
128,922,1050
690,116,806
231,243,474
489,783,1272
261,155,416
844,19,863
779,951,1730
287,69,356
731,920,1651
55,228,283
603,950,1553
596,403,999
625,76,701
631,901,1532
723,368,1091
292,37,329
193,768,961
530,466,996
363,511,874
502,189,691
846,447,1293
891,742,1633
294,893,1187
610,500,1110
368,893,1261
938,274,1212
174,148,322
843,400,1243
503,60,563
222,209,431
86,771,857
240,629,869
292,29,321
167,619,786
998,615,1613
408,623,1031
627,817,1444
524,416,940
509,706,1215
801,587,1388
271,497,768
568,710,1278
951,648,1599
393,792,1185
26,901,927
67,130,197
722,372,1094
979,307,1286
818,778,1596
494,387,881
233,156,389
637,589,1226
569,448,1017
480,774,1254
583,50,633
107,129,236
815,562,1377
950,767,1717
578,55,633
407,21,428
710,197,907
861,499,1360
448,621,1069
7,895,902
61,399,460
84,676,760
611,681,1292
678,575,1253
788,968,1756
907,354,1261
193,980,1173
54,180,234
957,566,1523
102,127,229
875,165,1040
852,240,1092
209,884,1093
847,966,1813
323,263,586
288,959,1247
704,279,983
72,110,182
175,595,770
412,345,757
84,399,483
841,984,1825
622,370,992
659,0,659
685,67,752
613,519,1132
230,578,808
847,216,1063
358,864,1222
885,935,1820
97,135,232
660,477,1137
165,16,181
428,256,684
13,639,652
208,576,784
162,839,1001
920,643,1563
818,18,836
910,642,1552
38,813,851
985,348,1333
635,533,1168
775,992,1767
620,190,810
902,51,953
462,404,866
781,493,1274
505,752,1257
854,265,1119
539,765,1304
177,386,563
262,893,1155
145,722,867
326,1000,1326
242,102,344
487,450,937
165,948,1113
797,751,1548
347,793,1140
305,229,534
782,60,842
88,473,561
190,844,1034
874,746,1620
316,532,848
138,735,873
378,664,1042
12,236,248
738,211,949
593,99,692
727,137,864
296,654,950
547,706,1253
427,600,1027
409,961,1370
424,775,1199
912,157,1069
179,933,1112
331,427,758
52,801,853
913,38,951
361,259,620
961,654,1615
723,18,741
893,513,1406
201,711,912
23,109,132
366,524,890
143,333,476
177,954,1131
9,247,256
677,826,1503
322,733,1055
89,180,269
855,79,934
968,88,1056
145,407,552
733,819,1552
502,369,871
481,817,1298
713,908,1621
986,888,1874
599,870,1469
752,146,898
879,443,1322
857,415,1272
406,654,1060
77,875,952
266,605,871
833,285,1118
410,140,550
925,17,942
131,138,269
484,560,1044
655,159,814
764,839,1603
235,628,863
436,828,1264
704,615,1319
949,304,1253
991,933,1924
849,564,1413
579,393,972
489,487,976
8,284,292
322,596,918
654,630,1284
494,39,533
431,79,510
977,920,1897
720,589,1309
416,961,1377
389,792,1181
868,963,1831
134,484,618
620,261,881
456,168,624
328,964,1292
79,551,630
372,747,1119
209,146,355
340,459,799
542,95,637
649,701,1350
137,457,594
180,701,881
196,226,422
932,896,1828
236,953,1189
652,724,1376
789,281,1070
972,381,1353
121,264,385
646,757,1403
881,356,1237
98,6,104
896,959,1855
574,167,741
35,888,923
740,970,1710
322,267,589
943,21,964
538,823,1361
511,299,810
604,572,1176
164,44,208
344,387,731
729,226,955
55,48,103
800,212,1012
225,534,759
406,722,1128
359,919,1278
183,868,1051
307,259,566
160,255,415
874,670,1544
429,148,577
11,368,379
283,571,854
911,138,1049
577,665,1242
498,77,575
398,933,1331
37,861,898
523,400,923
997,72,1069
895,200,1095
378,622,1000
250,270,520
818,773,1591
254,76,330
265,475,740
910,876,1786
948,236,1184
129,329,458
274,927,1201
853,854,1707
891,153,1044
564,990,1554
481,679,1160
634,744,1378
409,580,989
946,518,1464
880,981,1861
8,759,767
529,948,1477
993,386,1379
902,102,1004
751,308,1059
738,34,772
109,651,760
546,124,670
697,749,1446
896,510,1406
804,692,1496
319,49,368
780,381,1161
521,813,1334
168,187,355
803,365,1168
470,874,1344
169,772,941
267,852,1119
659,133,792
956,397,1353
552,868,1420
730,165,895
442,583,1025
762,365,1127
353,991,1344
525,930,1455
965,311,1276
605,885,1490
859,147,1006
732,608,1340
959,705,1664
158,400,558
419,30,449
620,417,1037
541,244,785
172,883,1055
392,68,460
626,227,853
344,510,854
181,323,504
7,109,116
91,510,601
478,288,766
455,243,698
568,125,693
304,682,986
549,806,1355
439,552,991
958,160,1118
686,401,1087
605,251,856
95,705,800
249,325,574
531,841,1372
552,535,1087
943,186,1129
392,879,1271
160,413,573
633,716,1349
883,283,1166
357,32,389
828,577,1405
754,565,1319
226,775,1001
3,100,103
599,690,1289
452,582,1034
165,299,464
574,134,708
859,911,1770
965,626,1591
549,629,1178
432,82,514
973,624,1597
523,981,1504
938,177,1115
328,221,549
547,963,1510
869,432,1301
369,303,672
537,677,1214
747,672,1419
839,104,943
795,95,890
222,753,975
350,269,619
517,489,1006
765,63,828
197,293,490
110,302,412
430,526,956
670,775,1445
853,182,1035
500,34,534
322,800,1122
296,320,616
293,94,387
511,667,1178
60,83,143
57,705,762
866,490,1356
435,631,1066
891,147,1038
210,893,1103
340,923,1263
619,611,1230
861,598,1459
122,272,394
901,112,1013
539,52,591
572,701,1273
228,818,1046
438,977,1415
372,575,947
861,638,1499
218,860,1078
266,995,1261
275,940,1215
247,815,1062
72,395,467
579,927,1506
102,355,457
720,75,795
743,466,1209
204,802,1006
356,753,1109
447,998,1445
771,150,921
334,137,471
892,634,1526
35,307,342
981,473,1454
96,365,461
91,105,196
764,112,876
231,445,676
301,902,1203
199,106,305
575,979,1554
771,989,1760
590,760,1350
511,852,1363
557,572,1129
144,145,289
730,562,1292
536,253,789
589,517,1106
443,461,904
809,112,921
332,386,718
149,231,380
840,324,1164
246,471,717
392,776,1168
875,647,1522
147,784,931
334,958,1292
109,34,143
571,301,872
760,161,921
428,817,1245
340,612,952
277,117,394
53,485,538
851,722,1573
866,681,1547
954,269,1223
126,981,1107
282,295,577
72,160,232
960,262,1222
445,318,763
613,565,1178
490,121,611
798,780,1578
80,425,505
893,231,1124
598,345,943
989,230,1219
586,44,630
450,603,1053
186,158,344
284,502,786
980,761,1741
961,247,1208
884,507,1391
650,336,986
345,623,968
198,403,601
275,2,277
948,836,1784
342,856,1198
599,99,698
338,919,1257
932,515,1447
826,178,1004
863,11,874
631,47,678
507,253,760
549,985,1534
454,817,1271
615,223,838
117,432,549
638,388,1026
650,453,1103
688,672,1360
708,824,1532
868,426,1294
137,22,159
550,11,561
922,950,1872
865,659,1524
584,157,741
537,269,806
699,902,1601
984,832,1816
894,794,1688
551,307,858
535,995,1530
851,842,1693
480,296,776
259,435,694
26,416,442
426,984,1410
438,836,1274
406,644,1050
321,662,983
350,750,1100
478,554,1032
953,253,1206
599,663,1262
477,368,845
735,49,784
184,577,761
753,288,1041
545,476,1021
253,976,1229
642,412,1054
890,103,993
444,846,1290
190,323,513
404,467,871
154,754,908
669,846,1515
620,468,1088
962,32,994
816,396,1212
624,770,1394
281,879,1160
601,538,1139
691,465,1156
160,679,839
800,344,1144
857,769,1626
568,900,1468
450,198,648
967,347,1314
0,881,881
500,846,1346
792,432,1224
486,605,1091
324,835,1159
735,878,1613
569,593,1162
959,423,1382
81,444,525
469,73,542
475,347,822
90,326,416
892,43,935
451,324,775
568,733,1301
299,722,1021
675,533,1208
709,384,1093
730,115,845
921,171,1092
258,464,722
10,981,991
486,321,807
65,237,302
121,767,888
426,680,1106
610,597,1207
788,584,1372
71,593,664
451,308,759
752,242,994
464,165,629
843,881,1724
573,176,749
82,452,534
731,851,1582
981,180,1161
84,354,438
616,738,1354
858,544,1402
70,982,1052
708,832,1540
14,511,525
570,504,1074
434,11,445
429,568,997
500,960,1460
340,721,1061
837,975,1812
409,496,905
423,322,745
637,413,1050
524,428,952
68,788,856
621,398,1019
545,463,1008
412,545,957
996,885,1881
831,934,1765
266,788,1054
144,922,1066
922,831,1753
835,287,1122
306,729,1035
745,379,1124
626,871,1497
683,511,1194
488,183,671
627,145,772
354,41,395
196,646,842
105,643,748
839,441,1280
8,571,579
784,495,1279
924,160,1084
584,570,1154
309,658,967
78,264,342
181,100,281
595,872,1467
964,152,1116
629,853,1482
437,643,1080
921,989,1910
921,435,1356
800,196,996
784,783,1567
456,325,781
721,800,1521
570,473,1043
120,915,1035
702,134,836
334,31,365
3,984,987
516,45,561
722,975,1697
887,652,1539
399,377,776
663,651,1314
211,454,665
1,474,475
736,513,1249
719,241,960
761,160,921
227,314,541
184,483,667
606,453,1059
464,295,759
364,173,537
701,582,1283
751,644,1395
376,763,1139
98,873,971
317,77,394
123,373,496
458,757,1215
552,212,764
263,866,1129
667,785,1452
55,548,603
140,228,368
255,461,716
755,91,846
138,89,227
999,416,1415
605,788,1393
638,372,1010
33,332,365
372,750,1122
460,850,1310
202,205,407
852,185,1037
776,667,1443
458,206,664
214,761,975
681,172,853
642,129,771
554,746,1300
933,883,1816
185,674,859
151,726,877
438,955,1393
64,133,197
113,336,449
818,775,1593
149,421,570
165,442,607
756,424,1180
928,345,1273
230,415,645
663,630,1293
910,838,1748
830,808,1638
783,790,1573
639,794,1433
988,350,1338
187,558,745
501,63,564
30,148,178
476,24,500
168,394,562
717,67,784
662,846,1508
518,240,758
809,499,1308
494,831,1325
687,88,775
758,608,1366
807,286,1093
808,181,989
61,141,202
553,291,844
19,262,281
64,266,330
567,762,1329
536,724,1260
172,620,792
360,370,730
138,15,153
44,631,675
486,241,727
335,498,833
439,534,973
564,339,903
658,639,1297
72,337,409
612,471,1083
607,748,1355
6,276,282
839,826,1665
916,990,1906
49,315,364
93,171,264
974,611,1585
417,387,804
321,743,1064
33,429,462
37,879,916
667,211,878
694,229,923
418,492,910
136,175,311
559,560,1119
962,721,1683
599,237,836
82,427,509
689,616,1305
980,997,1977
532,170,702
399,716,1115
929,691,1620
663,964,1627
511,870,1381
293,264,557
947,150,1097
751,266,1017
147,252,399
494,325,819
702,544,1246
575,631,1206
982,328,1310
958,634,1592
169,279,448
587,460,1047
155,548,703
438,729,1167
992,517,1509
573,177,750
998,319,1317
953,444,1397
869,221,1090
472,997,1469
647,430,1077
224,767,991
860,740,1600
666,315,981
294,668,962
711,417,1128
838,690,1528
187,994,1181
864,14,878
390,844,1234
539,514,1053
965,48,1013
196,484,680
254,339,593
643,415,1058
150,133,283
318,271,589
190,801,991
776,870,1646
184,213,397
327,438,765
403,296,699
720,702,1422
226,176,402
228,139,367
49,332,381
72,465,537
674,870,1544
885,240,1125
755,657,1412
257,78,335
489,355,844
665,531,1196
977,386,1363
264,290,554
417,822,1239
243,683,926
122,637,759
744,400,1144
922,813,1735
320,957,1277
777,187,964
416,746,1162
820,750,1570
215,741,956
586,911,1497
785,195,980
374,50,424
911,367,1278
482,874,1356
645,898,1543
731,662,1393
11,799,810
219,678,897
498,670,1168
443,817,1260
584,524,1108
438,54,492
140,496,636
153,797,950
429,673,1102
9,929,938
233,350,583
588,29,617
762,959,1721
56,612,668
618,882,1500
833,369,1202
709,685,1394
626,948,1574
550,143,693
423,156,579
899,514,1413
134,593,727
541,217,758
55,450,505
876,142,1018
293,969,1262
396,935,1331
124,950,1074
879,363,1242
721,768,1489
485,954,1439
114,180,294
509,797,1306
729,371,1100
859,574,1433
657,614,1271
688,545,1233
747,959,1706
434,823,1257
31,607,638
966,234,1200
25,896,921
415,809,1224
482,563,1045
580,633,1213
646,132,778
643,831,1474
927,926,1853
927,11,938
580,345,925
87,859,946
697,674,1371
806,314,1120
393,348,741
507,981,1488
765,755,1520
490,65,555
975,514,1489
284,139,423
308,782,1090
756,677,1433
715,934,1649
664,343,1007
972,865,1837
782,597,1379
628,337,965
679,884,1563
633,247,880
619,922,1541
19,289,308
857,505,1362
980,958,1938
554,558,1112
749,44,793
771,84,855
263,869,1132
979,621,1600
939,877,1816
966,77,1043
341,766,1107
354,828,1182
109,733,842
595,570,1165
441,496,937
764,53,817
709,620,1329
851,994,1845
912,961,1873
304,236,540
191,843,1034
183,683,866
173,444,617
619,317,936
3,601,604
839,138,977
658,738,1396
202,712,914
418,749,1167
157,50,207
574,673,1247
569,710,1279
148,314,462
94,837,931
21,363,384
361,748,1109
990,462,1452
390,961,1351
448,323,771
749,471,1220
415,378,793
765,660,1425
384,894,1278
826,763,1589
50,221,271
461,281,742
957,443,1400
930,52,982
514,198,712
194,730,924
950,480,1430
324,35,359
621,135,756
616,146,762
490,617,1107
447,381,828
929,151,1080
472,331,803
550,706,1256
512,524,1036
118,624,742
460,629,1089
499,507,1006
538,876,1414
454,991,1445
213,336,549
679,675,1354
290,411,701
911,118,1029
355,201,556
821,271,1092
496,292,788
745,607,1352
432,875,1307
672,704,1376
686,103,789
706,172,878
62,225,287
673,496,1169
988,779,1767
292,746,1038
663,434,1097
443,492,935
146,661,807
945,196,1141
932,564,1496
154,738,892
916,318,1234
793,327,1120
285,113,398
126,335,461
12,240,252
973,484,1457
575,923,1498
620,906,1526
931,78,1009
52,245,297
58,938,996
726,995,1721
529,779,1308
933,367,1300
201,696,897
403,874,1277
191,778,969
986,361,1347
983,563,1546
411,843,1254
811,587,1398
197,113,310
846,370,1216
278,87,365
419,410,829
99,115,214
643,42,685
410,730,1140
422,0,422
930,932,1862
31,927,958
430,136,566
23,969,992
70,658,728
722,989,1711
713,679,1392
595,838,1433
394,290,684
24,143,167
113,167,280
608,803,1411
914,896,1810
747,339,1086
234,208,442
543,45,588
310,528,838
603,172,775
856,989,1845
21,372,393
71,510,581
934,347,1281
372,225,597
492,32,524
11,476,487
931,182,1113
300,64,364
696,11,707
869,700,1569
16,194,210
997,938,1935
646,678,1324
69,706,775
13,702,715
301,644,945
687,537,1224
316,496,812
384,221,605
989,619,1608
796,631,1427
956,684,1640
570,746,1316
860,424,1284
986,185,1171
515,655,1170
263,924,1187
540,718,1258
250,620,870
469,668,1137
833,67,900
634,662,1296
364,358,722
373,676,1049
118,665,783
517,255,772
435,381,816
710,654,1364
381,713,1094
88,373,461
717,747,1464
393,888,1281
25,820,845
150,621,771
176,801,977
74,545,619
333,734,1067
765,870,1635
246,775,1021
398,699,1097
257,618,875
679,313,992
183,509,692
784,522,1306
920,384,1304
836,601,1437
471,706,1177
23,811,834
952,650,1602
701,270,971
375,593,968
203,256,459
504,290,794
279,559,838
684,525,1209
701,182,883
831,321,1152
479,622,1101
156,309,465
38,838,876
920,65,985
375,713,1088
56,517,573
537,311,848
235,449,684
575,714,1289
268,122,390
180,371,551
495,31,526
355,129,484
433,714,1147
257,509,766
137,58,195
845,780,1625
710,378,1088
474,898,1372
82,950,1032
772,982,1754
405,552,957
897,633,1530
607,136,743
994,508,1502
780,120,900
707,903,1610
654,994,1648
609,676,1285
388,228,616
704,434,1138
75,586,661
100,661,761
522,712,1234
998,651,1649
601,91,692
152,374,526
836,481,1317
170,724,894
445,100,545
681,757,1438
611,315,926
991,449,1440
931,329,1260
730,90,820
637,244,881
435,314,749
686,653,1339
222,528,750
857,359,1216
478,211,689
611,656,1267
529,231,760
497,284,781
248,604,852
999,600,1599
316,748,1064
309,709,1018
580,706,1286
413,623,1036
472,66,538
301,560,861
15,986,1001
460,126,586
275,603,878
830,220,1050
779,100,879
366,234,600
891,860,1751
511,349,860
536,4,540
437,785,1222
688,179,867
883,539,1422
679,647,1326
86,13,99
300,59,359
317,746,1063
888,876,1764
926,944,1870
280,751,1031
568,341,909
735,365,1100
621,901,1522
286,293,579
101,841,942
559,544,1103
680,742,1422
141,634,775
373,21,394
803,906,1709
833,412,1245
229,445,674
568,41,609
158,518,676
98,962,1060
109,274,383
551,88,639
222,598,820
30,307,337
82,630,712
889,326,1215
553,917,1470
320,323,643
200,401,601
457,748,1205
335,270,605
253,775,1028
156,245,401
198,989,1187
74,323,397
776,309,1085
294,598,892
991,918,1909
547,519,1066
88,911,999
235,904,1139
816,147,963
550,219,769
200,241,441
769,636,1405
737,881,1618
327,361,688
974,866,1840
152,762,914
941,704,1645
249,331,580
21,647,668
921,115,1036
252,92,344
132,388,520
674,942,1616
437,620,1057
362,102,464
562,259,821
226,32,258
949,792,1741
360,376,736
922,673,1595
665,398,1063
311,713,1024
721,780,1501
185,160,345
523,652,1175
165,169,334
961,573,1534
492,609,1101
317,128,445
61,606,667
683,527,1210
643,460,1103
103,735,838
127,242,369
754,204,958
460,173,633
595,467,1062
808,108,916
348,724,1072
839,678,1517
455,683,1138
814,889,1703
587,304,891
485,156,641
883,817,1700
927,75,1002
369,25,394
735,863,1598
8,556,564
859,641,1500
828,293,1121
447,585,1032
639,950,1589
887,863,1750
281,650,931
917,710,1627
812,790,1602
943,326,1269
439,660,1099
903,251,1154
600,433,1033
742,963,1705
257,598,855
660,680,1340
367,90,457
834,149,983
716,624,1340
8,466,474
132,387,519
638,145,783
461,958,1419
409,465,874
474,770,1244
761,892,1653
445,481,926
768,966,1734
160,348,508
504,281,785
833,215,1048
220,426,646
212,855,1067
684,741,1425
425,730,1155
392,350,742
359,810,1169
754,263,1017
821,484,1305
64,205,269
338,299,637
983,128,1111
140,530,670
260,122,382
702,37,739
938,820,1758
917,787,1704
238,53,291
510,599,1109
620,57,677
540,729,1269
532,47,579
604,398,1002
645,712,1357
180,250,430
167,986,1153
603,501,1104
872,535,1407
50,653,703
283,765,1048
751,254,1005
215,731,946
573,524,1097
684,583,1267
561,204,765
549,758,1307
76,706,782
631,985,1616
99,416,515
144,310,454
769,991,1760
126,874,1000
10,673,683
210,719,929
112,558,670
908,551,1459
6,905,911
216,485,701
986,223,1209
681,374,1055
875,90,965
267,558,825
660,678,1338
756,396,1152
330,740,1070
26,87,113
560,358,918
631,491,1122
570,785,1355
350,315,665
202,534,736
469,967,1436
960,926,1886
53,600,653
466,363,829
345,146,491
605,80,685
782,554,1336
356,26,382
259,437,696
441,85,526
746,905,1651
962,106,1068
589,526,1115
856,822,1678
77,923,1000
598,589,1187
45,181,226
195,565,760
525,404,929
514,48,562
527,495,1022
98,524,622
708,793,1501
151,339,490
765,533,1298
218,728,946
937,116,1053
834,822,1656
930,927,1857
859,866,1725
852,754,1606
84,783,867
727,510,1237
837,807,1644
719,801,1520
128,408,536
892,25,917
220,753,973
830,976,1806
475,243,718
869,967,1836
680,317,997
444,653,1097
489,966,1455
556,424,980
656,674,1330
911,355,1266
481,449,930
826,644,1470
455,647,1102
295,829,1124
52,737,789
450,2,452
780,440,1220
49,450,499
446,73,519
611,600,1211
135,551,686
668,153,821
99,725,824
169,896,1065
283,372,655
964,282,1246
353,305,658
755,681,1436
418,205,623
674,95,769
666,942,1608
59,460,519
7,341,348
575,266,841
459,155,614
63,193,256
886,487,1373
730,346,1076
2,930,932
488,496,984
421,414,835
389,586,975
192,41,233
182,730,912
591,477,1068
960,997,1957
914,977,1891
392,78,470
413,457,870
218,474,692
452,755,1207
556,961,1517
731,393,1124
74,377,451
87,848,935
333,722,1055
260,724,984
749,320,1069
47,303,350
532,780,1312
873,350,1223
276,578,854
327,737,1064
131,190,321
348,621,969
514,86,600
855,234,1089
268,582,850
944,770,1714
988,794,1782
453,944,1397
543,913,1456
988,964,1952
816,562,1378
962,701,1663
758,991,1749
773,594,1367
55,420,475
42,252,294
248,462,710
753,11,764
987,529,1516
482,637,1119
61,709,770
898,290,1188
354,188,542
656,255,911
815,996,1811
898,536,1434
367,853,1220
206,124,330
482,114,596
993,907,1900
433,756,1189
704,705,1409
403,547,950
971,485,1456
376,743,1119
146,353,499
674,631,1305
604,917,1521
636,24,660
344,1,345
550,124,674
284,600,884
511,810,1321
55,379,434
649,887,1536
147,396,543
476,703,1179
542,609,1151
898,214,1112
904,116,1020
866,874,1740
278,673,951
549,926,1475
665,582,1247
877,206,1083
493,545,1038
992,107,1099
429,935,1364
876,297,1173
71,840,911
57,376,433
533,13,546
60,768,828
477,730,1207
599,349,948
107,845,952
643,337,980
905,931,1836
329,927,1256
501,220,721
822,613,1435
881,618,1499
715,379,1094
287,105,392
192,483,675
428,846,1274
62,936,998
480,800,1280
529,431,960
227,332,559
125,462,587
108,908,1016
597,745,1342
117,971,1088
851,696,1547
169,476,645
141,167,308
27,254,281
542,307,849
216,907,1123
517,105,622
582,655,1237
721,676,1397
47,353,400
874,861,1735
712,378,1090
13,33,46
734,491,1225
702,460,1162
866,846,1712
476,772,1248
669,712,1381
233,608,841
545,680,1225
347,218,565
906,233,1139
142,812,954
546,776,1322
531,218,749
23,433,456
874,997,1871
311,72,383
553,490,1043
296,736,1032
475,884,1359
725,258,983
326,919,1245
861,894,1755
390,762,1152
929,88,1017
624,178,802
431,253,684
107,381,488
778,884,1662
626,63,689
601,532,1133
1,169,170
623,91,714
833,775,1608
756,692,1448
43,548,591
561,529,1090
403,285,688
356,334,690
14,442,456
293,150,443
740,655,1395
138,519,657
481,92,573
624,760,1384
235,702,937
410,19,429
980,356,1336
406,147,553
394,448,842
413,226,639
91,76,167
355,504,859
541,317,858
895,371,1266
119,656,775
582,471,1053
53,681,734
433,780,1213
455,266,721
418,53,471
416,844,1260
714,312,1026
509,66,575
982,10,992
237,772,1009
468,233,701
285,983,1268
67,839,906
362,78,440
44,608,652
523,786,1309
649,165,814
67,190,257
991,661,1652
826,740,1566
410,142,552
885,720,1605
332,765,1097
547,627,1174
614,74,688
561,836,1397
868,404,1272
987,219,1206
78,618,696
587,465,1052
256,705,961
589,302,891
282,55,337
363,812,1175
955,993,1948
364,462,826
382,717,1099
924,895,1819
598,650,1248
119,501,620
491,427,918
981,12,993
912,125,1037
711,985,1696
109,547,656
912,587,1499
719,975,1694
573,133,706
69,315,384
749,780,1529
132,710,842
324,20,344
260,251,511
665,306,971
719,960,1679
305,178,483
352,701,1053
417,792,1209
631,919,1550
892,466,1358
383,530,913
319,891,1210
915,437,1352
846,532,1378
359,98,457
638,679,1317
80,263,343
481,136,617
795,398,1193
527,441,968
294,522,816
562,704,1266
866,932,1798
1000,769,1769
808,311,1119
47,840,887
663,866,1529
408,107,515
80,648,728
409,636,1045
327,273,600
769,733,1502
472,971,1443
900,448,1348
647,430,1077
807,22,829
928,517,1445
498,441,939
184,565,749
694,64,758
771,892,1663
555,646,1201
345,987,1332
564,362,926
250,179,429
586,652,1238
801,22,823
497,357,854
24,499,523
630,6,636
1000,567,1567
76,668,744
344,290,634
566,648,1214
925,491,1416
36,24,60
516,545,1061
757,28,785
911,6,917
357,9,366
762,239,1001
19,197,216
240,633,873
489,106,595
845,252,1097
691,962,1653
656,917,1573
677,101,778
267,280,547
418,500,918
524,239,763
283,188,471
829,221,1050
389,823,1212
954,105,1059
103,983,1086
978,210,1188
869,229,1098
861,828,1689
212,590,802
982,682,1664
481,438,919
950,185,1135
521,566,1087
244,347,591
422,669,1091
693,26,719
402,704,1106
84,348,432
56,205,261
490,175,665
186,838,1024
743,706,1449
926,249,1175
828,333,1161
172,926,1098
92,292,384
314,224,538
913,977,1890
934,351,1285
67,66,133
411,712,1123
359,825,1184
534,411,945
808,269,1077
507,336,843
206,910,1116
396,698,1094
659,99,758
818,490,1308
695,163,858
675,99,774
627,506,1133
679,33,712
991,435,1426
651,97,748
763,913,1676
390,88,478
582,973,1555
858,801,1659
107,727,834
582,327,909
8,608,616
550,129,679
261,712,973
131,651,782
369,466,835
755,2,757
807,949,1756
88,205,293
853,954,1807
596,603,1199
442,483,925
227,271,498
21,218,239
774,338,1112
357,124,481
967,148,1115
186,151,337
654,415,1069
725,674,1399
283,169,452
133,858,991
13,988,1001
327,534,861
846,137,983
976,214,1190
426,316,742
963,94,1057
664,580,1244
898,95,993
520,194,714
565,722,1287
696,252,948
415,384,799
567,711,1278
73,637,710
553,228,781
728,931,1659
912,934,1846
727,790,1517
664,47,711
972,356,1328
217,554,771
881,635,1516
930,956,1886
304,780,1084
625,154,779
757,49,806
340,588,928
590,932,1522
796,627,1423
222,722,944
404,897,1301
328,279,607
148,112,260
854,221,1075
858,308,1166
257,221,478
810,61,871
669,689,1358
737,920,1657
351,457,808
908,636,1544
594,777,1371
246,839,1085
802,125,927
958,284,1242
86,299,385
10,742,752
942,535,1477
950,128,1078
766,337,1103
86,52,138
68,90,158
798,382,1180
970,4,974
564,474,1038
590,676,1266
726,465,1191
635,651,1286
427,486,913
407,598,1005
55,548,603
244,595,839
173,726,899
421,917,1338
713,39,752
715,139,854
814,62,876
3,515,518
845,185,1030
266,827,1093
976,900,1876
625,167,792
389,787,1176
707,483,1190
395,338,733
864,766,1630
411,366,777
685,679,1364
433,961,1394
991,661,1652
475,933,1408
883,487,1370
262,871,1133
9,43,52
293,764,1057
635,820,1455
742,934,1676
347,937,1284
739,401,1140
700,133,833
901,669,1570
989,478,1467
561,629,1190
609,24,633
970,583,1553
574,890,1464
419,421,840
732,847,1579
312,945,1257
780,349,1129
49,974,1023
388,506,894
585,412,997
609,779,1388
683,263,946
910,101,1011
382,410,792
798,765,1563
652,489,1141
413,685,1098
506,523,1029
424,0,424
773,33,806
30,163,193
806,852,1658
446,266,712
260,488,748
573,79,652
764,497,1261
490,442,932
486,641,1127
77,17,94
970,330,1300
901,5,906
649,556,1205
514,973,1487
167,306,473
524,563,1087
988,20,1008
391,819,1210
613,848,1461
968,174,1142
738,351,1089
261,12,273
418,968,1386
82,175,257
77,924,1001
777,644,1421
2,822,824
763,445,1208
75,183,258
32,858,890
228,890,1118
669,23,692
673,657,1330
819,236,1055
912,474,1386
144,249,393
187,685,872
625,340,965
775,112,887
1000,283,1283
341,279,620
72,995,1067
594,120,714
670,749,1419
998,570,1568
709,189,898
330,885,1215
727,518,1245
311,922,1233
518,510,1028
97,940,1037
639,145,784
358,961,1319
56,972,1028
298,716,1014
165,220,385
462,800,1262
194,122,316
425,600,1025
658,507,1165
59,90,149
679,951,1630
975,648,1623
836,232,1068
620,462,1082
223,946,1169
842,81,923
47,584,631
670,158,828
981,334,1315
787,497,1284
202,793,995
210,831,1041
514,628,1142
427,221,648
918,951,1869
763,639,1402
949,579,1528
657,186,843
139,229,368
941,714,1655
271,582,853
409,325,734
459,807,1266
970,854,1824
841,544,1385
687,285,972
53,511,564
651,153,804
220,806,1026
62,472,534
731,202,933
919,782,1701
435,702,1137
219,600,819
59,637,696
171,794,965
940,263,1203
754,830,1584
435,328,763
742,89,831
738,577,1315
586,86,672
241,634,875
406,379,785
208,792,1000
493,176,669
920,500,1420
750,699,1449
703,19,722
746,478,1224
696,475,1171
93,187,280
925,498,1423
500,96,596
593,924,1517
474,624,1098
681,312,993
764,927,1691
242,315,557
965,705,1670
578,289,867
758,503,1261
983,286,1269
861,901,1762
510,455,965
12,725,737
704,823,1527
372,321,693
165,74,239
874,291,1165
837,800,1637
179,160,339
130,745,875
207,250,457
428,952,1380
697,198,895
531,338,869
180,836,1016
366,600,966
226,549,775
791,521,1312
722,638,1360
229,630,859
774,973,1747
629,745,1374
947,323,1270
137,513,650
630,222,852
660,539,1199
897,496,1393
299,50,349
115,182,297
979,742,1721
487,680,1167
264,945,1209
877,267,1144
586,168,754
215,207,422
572,214,786
221,308,529
803,854,1657
488,534,1022
99,899,998
708,945,1653
128,766,894
32,12,44
61,694,755
339,173,512
960,991,1951
179,437,616
539,100,639
579,736,1315
84,38,122
418,228,646
309,988,1297
807,286,1093
633,792,1425
543,953,1496
26,693,719
674,694,1368
432,447,879
296,273,569
340,902,1242
431,84,515
721,292,1013
300,102,402
589,466,1055
867,16,883
463,534,997
735,267,1002
226,34,260
371,40,411
521,458,979
754,544,1298
579,328,907
434,682,1116
500,25,525
239,705,944
681,883,1564
661,617,1278
637,277,914
640,56,696
301,63,364
20,955,975
846,690,1536
592,490,1082
420,802,1222
807,322,1129
630,204,834
490,253,743
84,764,848
307,192,499
15,812,827
589,837,1426
407,938,1345
779,780,1559
869,171,1040
863,364,1227
441,649,1090
381,506,887
634,623,1257
112,950,1062
410,601,1011
490,34,524
615,106,721
521,478,999
976,47,1023
121,224,345
339,946,1285
197,570,767
229,38,267
124,336,460
214,243,457
699,255,954
318,868,1186
645,434,1079
595,503,1098
754,950,1704
665,92,757
207,475,682
564,161,725
338,370,708
529,31,560
700,293,993
57,921,978
493,710,1203
920,781,1701
906,856,1762
248,836,1084
530,551,1081
870,823,1693
610,775,1385
134,876,1010
156,79,235
175,648,823
69,232,301
111,539,650
364,911,1275
456,495,951
476,647,1123
111,498,609
695,302,997
231,690,921
295,711,1006
4,291,295
766,31,797
438,102,540
880,771,1651
517,7,524
750,1000,1750
231,183,414
248,803,1051
265,359,624
574,695,1269
408,836,1244
555,258,813
510,292,802
642,473,1115
193,203,396
807,631,1438
355,161,516
444,666,1110
124,806,930
519,170,689
537,574,1111
511,344,855
324,847,1171
619,471,1090
650,91,741
118,981,1099
158,744,902
557,128,685
334,694,1028
850,473,1323
381,55,436
705,689,1394
564,203,767
625,528,1153
529,767,1296
242,956,1198
567,341,908
59,461,520
943,601,1544
18,632,650
9,111,120
931,20,951
757,266,1023
97,859,956
413,432,845
896,466,1362
346,97,443
761,441,1202
225,930,1155
606,812,1418
443,1,444
765,760,1525
763,832,1595
952,583,1535
230,610,840
197,709,906
412,226,638
898,581,1479
815,550,1365
232,857,1089
58,824,882
552,902,1454
844,951,1795
701,660,1361
325,17,342
593,97,690
6,115,121
743,265,1008
256,607,863
449,806,1255
368,269,637
177,409,586
26,355,381
614,841,1455
43,124,167
155,472,627
772,552,1324
499,539,1038
916,460,1376
114,489,603
623,70,693
691,81,772
736,351,1087
928,138,1066
529,174,703
642,541,1183
706,639,1345
945,417,1362
48,639,687
245,95,340
842,578,1420
940,589,1529
282,683,965
806,596,1402
484,421,905
635,700,1335
921,93,1014
209,6,215
152,925,1077
267,602,869
467,772,1239
469,20,489
356,927,1283
383,809,1192
674,548,1222
524,760,1284
678,822,1500
384,232,616
29,144,173
802,883,1685
511,201,712
160,689,849
429,422,851
343,973,1316
271,484,755
755,778,1533
783,778,1561
373,203,576
374,374,748
820,841,1661
549,687,1236
775,871,1646
430,204,634
611,637,1248
594,371,965
667,302,969
62,424,486
266,239,505
556,757,1313
96,33,129
897,954,1851
936,515,1451
203,733,936
709,354,1063
205,762,967
782,551,1333
601,542,1143
434,626,1060
897,372,1269
797,627,1424
466,522,988
296,562,858
479,470,949
147,476,623
959,834,1793
615,29,644
688,470,1158
790,729,1519
567,299,866
981,708,1689
782,949,1731
945,886,1831
384,129,513
740,110,850
757,981,1738
96,152,248
119,342,461
284,604,888
495,177,672
388,702,1090
214,417,631
126,341,467
332,847,1179
681,621,1302
835,347,1182
407,511,918
275,617,892
280,738,1018
459,15,474
938,776,1714
553,566,1119
814,346,1160
132,261,393
692,801,1493
680,535,1215
992,108,1100
966,499,1465
40,504,544
823,724,1547
197,127,324
991,504,1495
100,968,1068
844,880,1724
796,322,1118
70,432,502
332,365,697
570,986,1556
998,265,1263
328,271,599
183,564,747
191,764,955
102,221,323
17,938,955
675,224,899
615,129,744
18,192,210
541,729,1270
838,800,1638
791,876,1667
648,872,1520
142,471,613
591,202,793
142,216,358
710,287,997
747,87,834
730,459,1189
634,484,1118
594,895,1489
830,724,1554
681,903,1584
180,732,912
850,469,1319
396,147,543
638,208,846
720,860,1580
963,728,1691
403,330,733
105,269,374
77,878,955
605,307,912
904,43,947
308,982,1290
370,708,1078
162,595,757
221,910,1131
592,658,1250
824,921,1745
732,425,1157
301,914,1215
676,55,731
902,917,1819
627,430,1057
409,576,985
319,168,487
12,843,855
34,449,483
591,410,1001
350,17,367
564,316,880
123,678,801
503,146,649
624,941,1565
650,116,766
499,163,662
383,650,1033
551,25,576
902,11,913
232,818,1050
286,155,441
588,68,656
783,554,1337
678,263,941
547,883,1430
932,716,1648
697,686,1383
672,906,1578
756,331,1087
232,50,282
849,935,1784
69,996,1065
449,161,610
835,813,1648
62,985,1047
934,303,1237
838,387,1225
230,271,501
89,484,573
398,664,1062
363,640,1003
445,882,1327
421,859,1280
809,439,1248
663,866,1529
596,133,729
92,785,877
957,793,1750
276,645,921
163,815,978
748,346,1094
624,794,1418
433,355,788
560,151,711
544,509,1053
309,886,1195
223,291,514
285,560,845
950,709,1659
991,845,1836
301,312,613
778,492,1270
496,293,789
409,120,529
15,201,216
368,256,624
336,181,517
241,952,1193
210,39,249
740,953,1693
27,592,619
53,23,76
867,792,1659
255,443,698
671,744,1415
649,791,1440
352,780,1132
470,186,656
427,411,838
856,360,1216
146,297,443
68,249,317
812,38,850
221,339,560
223,786,1009
252,95,347
682,415,1097
508,124,632
180,365,545
35,95,130
395,555,950
125,559,684
753,746,1499
994,918,1912
303,439,742
286,491,777
580,795,1375
832,924,1756
633,915,1548
264,717,981
623,322,945
363,963,1326
635,551,1186
345,36,381
151,933,1084
891,577,1468
786,763,1549
120,609,729
23,436,459
222,561,783
647,98,745
355,255,610
892,11,903
889,561,1450
174,377,551
203,165,368
582,161,743
753,569,1322
195,881,1076
662,965,1627
163,214,377
507,921,1428
874,255,1129
497,517,1014
972,271,1243
8,423,431
812,785,1597
144,873,1017
12,247,259
176,237,413
378,555,933
653,184,837
106,39,145
967,409,1376
523,45,568
945,665,1610
317,648,965
186,65,251
873,927,1800
491,791,1282
706,870,1576
322,556,878
550,0,550
145,179,324
772,136,908
803,509,1312
475,72,547
570,66,636
38,901,939
542,811,1353
795,615,1410
293,166,459
621,491,1112
76,596,672
218,265,483
46,361,407
38,22,60
309,118,427
468,397,865
312,257,569
484,655,1139
964,429,1393
898,745,1643
392,25,417
422,670,1092
814,681,1495
921,112,1033
709,379,1088
411,660,1071
375,602,977
590,842,1432
196,791,987
373,506,879
326,423,749
45,185,230
664,958,1622
149,785,934
52,595,647
458,283,741
211,320,531
409,423,832
331,106,437
229,324,553
706,885,1591
989,801,1790
682,88,770
776,472,1248
314,966,1280
834,256,1090
411,908,1319
651,719,1370
324,41,365
152,600,752
463,974,1437
551,864,1415
888,498,1386
801,662,1463
546,142,688
563,316,879
868,696,1564
926,151,1077
199,58,257
582,17,599
373,571,944
872,906,1778
797,19,816
441,64,505
212,704,916
840,43,883
699,565,1264
980,221,1201
506,719,1225
714,408,1122
804,449,1253
934,58,992
699,339,1038
397,716,1113
177,744,921
798,216,1014
677,229,906
710,332,1042
479,999,1478
924,19,943
36,962,998
977,46,1023
894,190,1084
979,619,1598
421,298,719
438,598,1036
45,16,61
359,278,637
330,401,731
426,129,555
460,811,1271
396,851,1247
516,15,531
111,706,817
223,575,798
500,33,533
81,162,243
311,790,1101
982,672,1654
672,362,1034
211,605,816
167,545,712
771,195,966
241,786,1027
127,531,658
577,402,979
579,941,1520
921,204,1125
414,98,512
749,675,1424
599,386,985
0,640,640
364,139,503
354,550,904
969,930,1899
381,353,734
598,589,1187
57,162,219
153,655,808
884,161,1045
99,280,379
883,453,1336
275,491,766
916,824,1740
783,555,1338
137,919,1056
475,461,936
72,891,963
324,419,743
737,335,1072
475,861,1336
386,386,772
966,822,1788
67,587,654
357,999,1356
118,915,1033
662,70,732
850,170,1020
202,334,536
96,441,537
180,528,708
610,59,669
572,395,967
590,279,869
387,75,462
20,898,918
303,543,846
161,843,1004
821,908,1729
216,116,332
504,988,1492
123,865,988
294,292,586
927,560,1487
16,866,882
938,436,1374
56,375,431
610,867,1477
290,33,323
342,883,1225
766,56,822
865,736,1601
249,384,633
838,173,1011
976,296,1272
814,842,1656
375,661,1036
884,494,1378
137,306,443
671,824,1495
682,54,736
224,301,525
147,227,374
45,205,250
399,413,812
274,553,827
711,644,1355
512,125,637
957,201,1158
989,518,1507
476,712,1188
886,516,1402
909,1,910
152,614,766
470,335,805
268,453,721
289,899,1188
292,67,359
350,35,385
688,184,872
51,970,1021
299,16,315
689,991,1680
607,686,1293
780,556,1336
739,494,1233
721,858,1579
472,107,579
490,407,897
364,301,665
442,379,821
208,197,405
883,548,1431
429,710,1139
196,178,374
72,520,592
18,786,804
782,499,1281
243,269,512
768,344,1112
667,139,806
48,428,476
434,639,1073
972,264,1236
508,895,1403
474,575,1049
474,946,1420
285,917,1202
732,691,1423
977,770,1747
369,428,797
87,486,573
567,629,1196
561,836,1397
523,112,635
614,899,1513
635,912,1547
210,336,546
333,557,890
337,397,734
188,745,933
895,298,1193
158,230,388
301,527,828
150,98,248
604,268,872
54,861,915
569,46,615
534,975,1509
227,666,893
324,105,429
397,471,868
308,254,562
917,722,1639
828,635,1463
731,707,1438
964,823,1787
836,280,1116
651,209,860
623,374,997
488,978,1466
346,871,1217
83,799,882
165,61,226
583,636,1219
44,463,507
246,205,451
819,86,905
436,92,528
28,730,758
718,366,1084
590,713,1303
740,805,1545
261,794,1055
745,150,895
31,63,94
960,700,1660
777,121,898
36,353,389
163,237,400
924,456,1380
377,170,547
601,547,1148
193,42,235
662,96,758
407,789,1196
292,707,999
232,94,326
983,948,1931
576,406,982
292,584,876
430,328,758
494,974,1468
264,462,726
251,244,495
354,296,650
104,383,487
654,753,1407
749,186,935
343,799,1142
381,83,464
353,413,766
901,437,1338
150,167,317
628,841,1469
787,658,1445
961,516,1477
845,172,1017
391,259,650
748,712,1460
812,33,845
154,460,614
269,600,869
305,684,989
853,716,1569
98,341,439
69,250,319
827,63,890
683,204,887
291,200,491
652,90,742
978,113,1091
694,504,1198
847,993,1840
798,865,1663
349,462,811
596,774,1370
700,838,1538
588,470,1058
651,589,1240
825,29,854
369,818,1187
73,635,708
583,301,884
817,845,1662
747,287,1034
724,163,887
725,514,1239
665,530,1195
922,966,1888
969,896,1865
854,168,1022
865,70,935
202,964,1166
9,990,999
476,533,1009
883,64,947
591,221,812
58,441,499
539,221,760
641,611,1252
957,574,1531
529,656,1185
288,185,473
593,348,941
752,839,1591
51,950,1001
213,355,568
286,723,1009
520,613,1133
332,106,438
813,92,905
635,0,635
616,213,829
343,920,1263
361,121,482
489,107,596
336,97,433
350,153,503
891,326,1217
345,988,1333
75,157,232
900,523,1423
935,923,1858
650,81,731
578,330,908
871,5,876
163,957,1120
720,996,1716
371,719,1090
205,842,1047
319,231,550
473,686,1159
770,567,1337
425,496,921
837,800,1637
386,552,938
768,668,1436
398,668,1066
397,234,631
585,798,1383
888,176,1064
930,22,952
343,639,982
121,212,333
160,121,281
240,24,264
572,679,1251
863,403,1266
343,306,649
481,50,531
642,208,850
177,151,328
7,121,128
84,467,551
865,177,1042
482,300,782
555,289,844
13,493,506
1000,77,1077
566,751,1317
994,289,1283
188,434,622
156,808,964
931,687,1618
993,284,1277
796,338,1134
402,883,1285
447,560,1007
225,934,1159
255,807,1062
902,729,1631
816,732,1548
737,965,1702
237,810,1047
651,292,943
798,278,1076
929,800,1729
113,878,991
934,598,1532
774,948,1722
104,902,1006
387,130,517
384,762,1146
844,286,1130
309,415,724
675,962,1637
86,461,547
456,562,1018
75,710,785
452,346,798
507,396,903
581,380,961
537,260,797
115,777,892
339,956,1295
952,186,1138
912,581,1493
519,773,1292
239,957,1196
828,335,1163
875,341,1216
192,554,746
501,645,1146
200,168,368
557,42,599
541,531,1072
900,956,1856
918,40,958
827,871,1698
253,896,1149
238,557,795
987,892,1879
607,290,897
250,451,701
698,56,754
594,513,1107
564,835,1399
972,573,1545
902,290,1192
501,515,1016
685,528,1213
917,16,933
731,907,1638
381,894,1275
313,885,1198
164,613,777
789,951,1740
260,40,300
713,743,1456
365,123,488
232,155,387
586,786,1372
183,542,725
882,425,1307
878,502,1380
803,947,1750
797,592,1389
756,353,1109
345,503,848
388,157,545
347,25,372
79,992,1071
921,93,1014
841,805,1646
989,130,1119
788,317,1105
832,288,1120
844,55,899
168,774,942
988,892,1880
738,117,855
813,581,1394
104,909,1013
351,672,1023
785,773,1558
204,715,919
168,484,652
256,463,719
957,313,1270
169,317,486
457,846,1303
38,737,775
710,381,1091
289,497,786
84,390,474
639,328,967
239,212,451
524,826,1350
100,296,396
757,241,998
939,344,1283
605,19,624
903,155,1058
529,970,1499
694,142,836
543,506,1049
577,588,1165
735,175,910
236,774,1010
17,102,119
319,898,1217
69,395,464
323,128,451
473,140,613
983,695,1678
268,591,859
348,371,719
624,424,1048
755,906,1661
309,65,374
655,414,1069
668,152,820
771,69,840
438,354,792
935,272,1207
705,879,1584
802,119,921
798,717,1515
843,714,1557
860,946,1806
80,989,1069
991,17,1008
295,953,1248
6,674,680
37,14,51
729,91,820
502,663,1165
261,518,779
562,665,1227
4,411,415
226,271,497
644,674,1318
362,205,567
779,439,1218
692,941,1633
81,678,759
895,539,1434
615,623,1238
531,853,1384
801,772,1573
943,946,1889
864,601,1465
408,973,1381
506,169,675
26,26,52
117,156,273
660,194,854
786,430,1216
392,306,698
768,687,1455
964,651,1615
87,976,1063
456,901,1357
357,801,1158
842,319,1161
311,186,497
321,483,804
223,612,835
494,147,641
437,544,981
722,169,891
452,403,855
352,824,1176
482,394,876
558,984,1542
76,193,269
141,873,1014
697,195,892
818,898,1716
63,489,552
935,11,946
231,381,612
230,211,441
266,555,821
1000,450,1450
286,732,1018
730,190,920
846,358,1204
980,309,1289
755,5,760
741,784,1525
690,667,1357
722,803,1525
698,252,950
413,873,1286
306,385,691
505,489,994
640,102,742
997,646,1643
945,372,1317
321,640,961
126,889,1015
175,987,1162
953,808,1761
494,585,1079
633,205,838
822,169,991
778,912,1690
575,858,1433
769,303,1072
792,901,1693
660,733,1393
485,143,628
827,294,1121
434,625,1059
893,138,1031
39,330,369
101,21,122
619,460,1079
600,580,1180
705,607,1312
505,311,816
945,382,1327
193,200,393
919,527,1446
952,54,1006
912,385,1297
883,704,1587
221,111,332
431,485,916
265,97,362
153,852,1005
122,859,981
98,92,190
292,454,746
891,809,1700
712,710,1422
636,203,839
53,599,652
342,309,651
805,545,1350
292,423,715
51,222,273
208,359,567
744,296,1040
62,945,1007
570,225,795
709,809,1518
786,607,1393
761,967,1728
680,945,1625
517,649,1166
460,994,1454
806,349,1155
832,410,1242
656,316,972
317,134,451
503,579,1082
955,901,1856
891,638,1529
700,535,1235
61,96,157
217,718,935
702,899,1601
905,907,1812
248,902,1150
957,233,1190
58,185,243
505,692,1197
992,614,1606
467,694,1161
502,677,1179
128,641,769
170,153,323
190,258,448
639,277,916
970,550,1520
34,168,202
659,9,668
806,321,1127
8,578,586
116,996,1112
913,695,1608
236,910,1146
457,950,1407
516,600,1116
116,181,297
360,984,1344
436,566,1002
640,647,1287
986,805,1791
610,240,850
388,701,1089
253,705,958
30,183,213
291,480,771
175,246,421
927,945,1872
623,183,806
449,116,565
6,712,718
604,272,876
209,565,774
656,892,1548
435,642,1077
931,638,1569
345,872,1217
39,746,785
734,404,1138
304,415,719
252,999,1251
424,978,1402
402,575,977
650,173,823
394,660,1054
551,826,1377
902,911,1813
140,795,935
877,943,1820
662,933,1595
980,367,1347
200,414,614
460,304,764
522,910,1432
293,359,652
453,966,1419
558,554,1112
767,289,1056
265,224,489
54,962,1016
895,220,1115
619,438,1057
90,184,274
356,993,1349
552,935,1487
273,5,278
691,726,1417
815,419,1234
110,77,187
416,801,1217
954,399,1353
178,585,763
844,377,1221
116,201,317
2,820,822
820,647,1467
842,459,1301
601,419,1020
345,755,1100
656,582,1238
271,998,1269
141,910,1051
111,724,835
355,174,529
534,137,671
362,970,1332
233,278,511
406,199,605
73,298,371
511,765,1276
511,549,1060
258,950,1208
383,739,1122
711,607,1318
771,452,1223
14,800,814
394,50,444
310,459,769
172,175,347
849,888,1737
994,692,1686
588,845,1433
787,648,1435
708,937,1645
875,172,1047
830,292,1122
49,631,680
399,832,1231
869,548,1417
331,71,402
415,2,417
866,466,1332
457,121,578
661,741,1402
480,234,714
880,365,1245
224,326,550
588,258,846
722,850,1572
593,942,1535
989,563,1552
192,457,649
536,881,1417
333,1000,1333
834,38,872
964,138,1102
282,64,346
102,522,624
926,336,1262
431,680,1111
966,400,1366
835,467,1302
91,517,608
583,519,1102
757,822,1579
161,773,934
734,737,1471
917,566,1483
198,966,1164
60,535,595
340,908,1248
369,550,919
613,570,1183
226,138,364
277,649,926
895,763,1658
833,605,1438
210,475,685
993,280,1273
542,148,690
606,264,870
764,518,1282
788,687,1475
959,512,1471
197,576,773
590,361,951
204,351,555
359,791,1150
47,166,213
708,649,1357
391,299,690
397,500,897
605,102,707
204,472,676
253,747,1000
857,958,1815
316,295,611
300,451,751
255,100,355
111,232,343
111,863,974
295,459,754
479,667,1146
601,334,935
993,515,1508
186,179,365
381,835,1216
302,667,969
827,325,1152
165,391,556
442,941,1383
382,18,400
553,126,679
160,623,783
994,995,1989
284,79,363
771,728,1499
435,15,450
174,35,209
964,530,1494
252,999,1251
717,823,1540
692,465,1157
558,46,604
809,62,871
92,795,887
756,449,1205
26,232,258
519,359,878
987,563,1550
160,381,541
93,372,465
932,791,1723
73,285,358
995,368,1363
365,609,974
0,635,635
261,642,903
206,352,558
651,838,1489
65,18,83
651,207,858
623,151,774
465,432,897
313,207,520
684,592,1276
316,702,1018
468,178,646
331,283,614
701,478,1179
248,0,248
294,485,779
151,643,794
500,772,1272
678,506,1184
344,322,666
504,351,855
750,789,1539
239,299,538
598,828,1426
721,79,800
290,597,887
916,104,1020
39,808,847
19,534,553
885,608,1493
857,195,1052
741,286,1027
784,127,911
577,762,1339
510,339,849
340,199,539
920,245,1165
659,666,1325
277,156,433
758,331,1089
224,690,914
674,609,1283
89,905,994
432,419,851
758,877,1635
78,866,944
195,646,841
803,999,1802
389,780,1169
384,75,459
658,923,1581
570,793,1363
608,450,1058
62,433,495
68,242,310
983,403,1386
144,750,894
568,428,996
234,386,620
834,825,1659
242,623,865
794,26,820
435,884,1319
818,266,1084
214,128,342
961,818,1779
960,372,1332
582,503,1085
641,900,1541
125,334,459
918,655,1573
358,421,779
547,530,1077
287,777,1064
219,474,693
780,323,1103
369,555,924
879,471,1350
544,475,1019
902,227,1129
715,316,1031
300,599,899
908,469,1377
63,39,102
811,233,1044
931,948,1879
446,456,902
995,201,1196
548,812,1360
896,692,1588
854,669,1523
920,205,1125
746,339,1085
671,567,1238
861,880,1741
285,921,1206
194,105,299
68,652,720
701,41,742
708,517,1225
327,846,1173
785,108,893
933,54,987
911,214,1125
11,519,530
333,617,950
615,290,905
226,874,1100
902,401,1303
716,76,792
578,897,1475
232,528,760
513,156,669
156,471,627
89,253,342
347,213,560
372,77,449
233,35,268
785,138,923
794,710,1504
135,269,404
729,768,1497
199,963,1162
175,749,924
189,144,333
576,708,1284
119,866,985
310,584,894
632,531,1163
868,159,1027
255,197,452
69,892,961
361,593,954
114,85,199
900,821,1721
376,330,706
894,184,1078
846,291,1137
819,702,1521
660,672,1332
111,719,830
571,977,1548
332,794,1126
836,261,1097
119,50,169
745,834,1579
771,356,1127
2,934,936
979,268,1247
609,294,903
407,791,1198
585,354,939
751,769,1520
255,196,451
99,836,935
696,697,1393
460,761,1221
491,846,1337
582,894,1476
563,18,581
960,868,1828
441,581,1022
241,894,1135
406,410,816
209,668,877
430,193,623
217,401,618
582,504,1086
415,976,1391
582,466,1048
20,315,335
680,706,1386
626,545,1171
868,685,1553
160,988,1148
150,135,285
967,126,1093
519,811,1330
673,774,1447
98,977,1075
375,970,1345
632,460,1092
431,793,1224
451,369,820
114,397,511
672,648,1320
468,348,816
705,220,925
146,818,964
402,968,1370
86,718,804
569,266,835
341,700,1041
621,388,1009
442,347,789
962,913,1875
414,971,1385
369,571,940
900,904,1804
700,352,1052
547,182,729
973,539,1512
63,345,408
888,374,1262
948,626,1574
105,990,1095
881,207,1088
734,283,1017
845,976,1821
127,798,925
192,545,737
321,467,788
302,664,966
901,751,1652
603,231,834
465,299,764
346,181,527
816,347,1163
686,43,729
568,548,1116
822,296,1118
228,817,1045
96,2,98
315,938,1253
422,91,513
385,292,677
816,901,1717
544,744,1288
422,75,497
965,745,1710
259,833,1092
920,768,1688
838,190,1028
381,497,878
523,295,818
179,31,210
507,349,856
498,425,923
449,852,1301
352,563,915
549,284,833
899,517,1416
827,883,1710
648,188,836
741,506,1247
504,910,1414
189,465,654
949,23,972
52,186,238
506,731,1237
130,127,257
272,624,896
849,951,1800
851,204,1055
329,652,981
487,257,744
903,388,1291
901,344,1245
709,818,1527
173,832,1005
5,880,885
195,712,907
71,663,734
89,776,865
980,719,1699
636,853,1489
866,610,1476
595,364,959
627,338,965
81,748,829
130,38,168
461,559,1020
881,223,1104
271,427,698
123,39,162
353,449,802
965,790,1755
531,898,1429
974,983,1957
186,867,1053
235,679,914
875,724,1599
790,34,824
998,416,1414
460,774,1234
87,604,691
478,193,671
67,955,1022
180,535,715
490,257,747
566,262,828
922,831,1753
813,732,1545
558,190,748
190,131,321
192,993,1185
641,242,883
607,590,1197
835,371,1206
891,340,1231
678,791,1469
101,790,891
989,340,1329
981,925,1906
100,511,611
811,45,856
400,562,962
172,252,424
94,294,388
566,672,1238
297,561,858
510,633,1143
108,501,609
226,68,294
532,894,1426
539,260,799
112,435,547
264,912,1176
308,191,499
17,811,828
95,249,344
522,785,1307
434,335,769
169,813,982
634,133,767
583,981,1564
398,47,445
785,796,1581
19,876,895
10,241,251
440,235,675
461,610,1071
337,745,1082
944,588,1532
98,212,310
684,351,1035
288,227,515
717,632,1349
871,917,1788
490,819,1309
13,716,729
332,359,691
200,166,366
931,546,1477
462,589,1051
863,91,954
861,398,1259
704,962,1666
370,905,1275
810,904,1714
738,865,1603
339,888,1227
731,105,836
694,604,1298
176,550,726
437,123,560
718,85,803
858,492,1350
582,588,1170
890,918,1808
52,781,833
257,773,1030
282,734,1016
309,306,615
786,137,923
727,993,1720
73,790,863
817,746,1563
580,429,1009
656,191,847
359,700,1059
107,127,234
704,541,1245
906,812,1718
909,285,1194
498,938,1436
210,395,605
360,543,903
319,527,846
866,865,1731
712,368,1080
219,935,1154
432,952,1384
778,576,1354
245,992,1237
652,588,1240
53,46,99
667,244,911
894,915,1809
998,607,1605
975,145,1120
878,961,1839
220,1,221
939,289,1228
436,366,802
481,43,524
266,556,822
635,926,1561
928,606,1534
551,355,906
857,339,1196
950,82,1032
906,641,1547
893,158,1051
93,53,146
109,263,372
111,671,782
385,477,862
461,321,782
219,54,273
948,848,1796
621,407,1028
163,976,1139
711,473,1184
672,164,836
709,491,1200
63,551,614
56,611,667
864,433,1297
27,307,334
323,118,441
265,823,1088
11,119,130
653,163,816
795,163,958
905,760,1665
574,283,857
733,809,1542
989,204,1193
87,441,528
167,161,328
405,579,984
155,234,389
426,137,563
661,917,1578
191,187,378
576,896,1472
501,886,1387
195,154,349
939,269,1208
705,849,1554
559,978,1537
499,82,581
676,496,1172
355,703,1058
140,92,232
901,315,1216
554,891,1445
92,253,345
561,858,1419
241,536,777
130,121,251
817,609,1426
903,436,1339
26,195,221
881,149,1030
280,945,1225
898,624,1522
770,969,1739
456,151,607
8,394,402
546,435,981
598,23,621
547,167,714
124,855,979
391,532,923
785,649,1434
22,250,272
194,687,881
470,987,1457
200,197,397
95,387,482
147,233,380
756,506,1262
470,504,974
682,408,1090
133,649,782
149,899,1048
668,449,1117
159,641,800
841,378,1219
199,748,947
594,937,1531
451,131,582
21,461,482
716,419,1135
58,619,677
871,916,1787
974,119,1093
385,783,1168
622,228,850
458,700,1158
895,141,1036
809,306,1115
957,674,1631
716,263,979
523,763,1286
660,480,1140
751,346,1097
577,81,658
808,19,827
895,796,1691
502,954,1456
57,487,544
914,510,1424
69,1,70
397,291,688
433,106,539
602,286,888
895,791,1686
304,970,1274
539,454,993
364,302,666
979,143,1122
823,214,1037
810,112,922
901,596,1497
67,518,585
621,759,1380
523,882,1405
751,944,1695
429,473,902
927,100,1027
920,362,1282
957,341,1298
526,352,878
60,920,980
408,42,450
305,961,1266
40,119,159
226,258,484
510,91,601
143,859,1002
210,434,644
76,244,320
70,320,390
724,733,1457
320,898,1218
89,974,1063
778,864,1642
486,286,772
130,814,944
350,984,1334
246,207,453
576,665,1241
776,147,923
551,515,1066
397,179,576
988,1,989
207,378,585
223,492,715
742,605,1347
258,127,385
785,757,1542
270,449,719
675,965,1640
789,942,1731
325,334,659
954,838,1792
172,594,766
221,221,442
454,932,1386
581,114,695
689,389,1078
786,242,1028
54,560,614
329,67,396
450,316,766
945,947,1892
851,933,1784
516,762,1278
508,279,787
946,523,1469
342,7,349
483,185,668
573,91,664
814,307,1121
699,714,1413
742,529,1271
445,274,719
411,148,559
929,965,1894
900,342,1242
215,198,413
412,213,625
243,864,1107
119,120,239
722,63,785
798,987,1785
901,495,1396
906,489,1395
347,144,491
865,195,1060
235,779,1014
947,75,1022
380,375,755
716,801,1517
533,139,672
260,136,396
516,869,1385
901,887,1788
694,806,1500
470,15,485
924,176,1100
835,53,888
964,932,1896
395,19,414
893,220,1113
684,321,1005
803,372,1175
143,381,524
770,338,1108
624,843,1467
776,833,1609
688,580,1268
366,939,1305
448,901,1349
4,128,132
800,737,1537
507,480,987
858,139,997
686,645,1331
187,257,444
400,612,1012
349,959,1308
747,174,921
759,487,1246
958,4,962
612,592,1204
301,618,919
408,444,852
984,34,1018
96,961,1057
714,433,1147
753,285,1038
760,521,1281
248,701,949
452,916,1368
837,333,1170
251,439,690
103,528,631
238,606,844
946,178,1124
597,239,836
451,298,749
472,115,587
847,519,1366
666,893,1559
353,816,1169
989,542,1531
280,626,906
761,411,1172
20,769,789
917,289,1206
0,426,426
125,626,751
837,877,1714
364,925,1289
656,493,1149
87,191,278
916,810,1726
440,92,532
195,122,317
360,755,1115
268,890,1158
60,836,896
291,737,1028
620,735,1355
329,507,836
729,174,903
840,752,1592
742,534,1276
241,161,402
837,311,1148
350,141,491
115,524,639
567,584,1151
945,593,1538
83,906,989
140,623,763
135,251,386
580,50,630
322,587,909
339,681,1020
324,177,501
11,769,780
637,722,1359
390,582,972
590,231,821
750,780,1530
947,791,1738
320,16,336
460,448,908
81,471,552
893,218,1111
368,171,539
311,171,482
569,706,1275
188,10,198
63,940,1003
714,358,1072
9,823,832
572,33,605
687,688,1375
95,537,632
529,213,742
899,993,1892
249,450,699
869,658,1527
174,757,931
984,658,1642
652,1,653
849,376,1225
283,234,517
960,280,1240
705,24,729
210,169,379
352,120,472
369,647,1016
555,759,1314
639,712,1351
521,952,1473
605,918,1523
852,867,1719
26,392,418
590,413,1003
50,214,264
551,951,1502
869,611,1480
220,980,1200
338,600,938
886,712,1598
991,851,1842
784,0,784
234,747,981
858,712,1570
785,923,1708
880,402,1282
270,9,279
527,470,997
464,195,659
507,513,1020
894,997,1891
472,315,787
686,991,1677
307,479,786
365,408,773
313,426,739
702,170,872
5,642,647
570,294,864
230,688,918
658,944,1602
742,862,1604
36,720,756
641,443,1084
230,280,510
654,381,1035
485,692,1177
704,308,1012
109,390,499
774,905,1679
40,257,297
59,379,438
248,48,296
252,11,263
957,517,1474
320,275,595
658,401,1059
730,558,1288
681,804,1485
485,65,550
881,412,1293
830,910,1740
595,462,1057
401,5,406
782,657,1439
649,902,1551
457,216,673
134,512,646
147,111,258
506,915,1421
210,764,974
878,400,1278
447,75,522
780,490,1270
340,710,1050
415,627,1042
453,980,1433
481,623,1104
298,66,364
496,447,943
209,734,943
501,351,852
324,835,1159
500,8,508
507,737,1244
506,498,1004
155,489,644
4,567,571
481,521,1002
797,654,1451
739,482,1221
674,83,757
652,184,836
352,208,560
927,184,1111
776,853,1629
65,159,224
577,217,794
687,34,721
133,819,952
171,481,652
202,204,406
354,980,1334
375,487,862
792,70,862
313,870,1183
380,750,1130
555,321,876
917,835,1752
572,147,719
359,403,762
738,575,1313
636,500,1136
43,275,318
252,879,1131
541,965,1506
502,985,1487
472,682,1154
244,382,626
134,416,550
482,83,565
390,107,497
274,990,1264
230,3,233
816,195,1011
775,616,1391
676,577,1253
248,807,1055
593,915,1508
930,316,1246
225,219,444
389,98,487
309,937,1246
198,289,487
175,446,621
313,205,518
289,564,853
190,451,641
562,643,1205
825,64,889
357,646,1003
696,574,1270
826,298,1124
111,476,587
523,360,883
66,180,246
410,197,607
34,951,985
247,945,1192
2,859,861
81,870,951
184,893,1077
702,984,1686
975,722,1697
888,318,1206
322,240,562
861,363,1224
668,228,896
132,956,1088
944,911,1855
797,507,1304
394,884,1278
162,88,250
509,775,1284
776,633,1409
995,967,1962
42,130,172
627,704,1331
193,758,951
626,762,1388
964,592,1556
724,729,1453
916,173,1089
788,422,1210
749,550,1299
660,19,679
9,443,452
625,405,1030
422,341,763
892,206,1098
14,573,587
92,817,909
843,242,1085
895,324,1219
628,404,1032
491,219,710
325,515,840
283,41,324
463,104,567
163,652,815
236,468,704
457,925,1382
168,300,468
173,316,489
987,867,1854
352,49,401
203,161,364
915,921,1836
983,567,1550
168,353,521
604,371,975
753,728,1481
116,427,543
29,655,684
380,676,1056
83,427,510
982,7,989
445,901,1346
249,543,792
433,114,547
964,992,1956
526,805,1331
612,118,730
22,803,825
111,26,137
466,860,1326
38,594,632
526,741,1267
223,15,238
323,752,1075
160,466,626
188,457,645
229,173,402
655,908,1563
287,569,856
589,8,597
670,135,805
23,635,658
851,121,972
69,587,656
813,176,989
248,367,615
79,517,596
520,875,1395
654,308,962
702,615,1317
19,70,89
754,231,985
631,757,1388
817,983,1800
128,357,485
869,447,1316
818,298,1116
682,196,878
957,237,1194
297,899,1196
754,238,992
644,741,1385
814,284,1098
215,600,815
268,299,567
456,93,549
523,916,1439
226,747,973
680,352,1032
851,251,1102
156,601,757
418,476,894
371,563,934
885,129,1014
251,436,687
866,295,1161
219,374,593
662,582,1244
36,735,771
99,29,128
132,65,197
183,797,980
886,713,1599
921,245,1166
492,265,757
694,235,929
777,793,1570
891,775,1666
731,425,1156
170,483,653
219,643,862
707,577,1284
220,284,504
466,414,880
75,787,862
683,994,1677
334,864,1198
45,308,353
281,608,889
889,127,1016
265,73,338
558,679,1237
457,486,943
28,767,795
509,446,955
401,523,924
19,85,104
20,723,743
804,464,1268
523,254,777
748,753,1501
771,612,1383
888,550,1438
838,613,1451
820,243,1063
980,214,1194
85,791,876
599,36,635
788,886,1674
473,871,1344
543,210,753
912,103,1015
800,547,1347
804,876,1680
367,78,445
582,663,1245
78,692,770
964,868,1832
580,722,1302
956,575,1531
971,744,1715
969,632,1601
408,149,557
475,744,1219
455,997,1452
89,499,588
969,704,1673
486,665,1151
954,733,1687
618,471,1089
178,555,733
833,13,846
728,491,1219
52,330,382
462,299,761
422,582,1004
43,964,1007
737,806,1543
626,713,1339
245,591,836
283,995,1278
278,166,444
329,230,559
928,271,1199
233,797,1030
357,34,391
22,256,278
930,454,1384
572,128,700
881,357,1238
45,357,402
664,675,1339
159,222,381
753,697,1450
900,809,1709
415,848,1263
752,668,1420
793,998,1791
633,355,988
47,716,763
686,234,920
36,287,323
801,439,1240
506,303,809
407,258,665
83,168,251
812,88,900
596,346,942
257,333,590
758,88,846
301,197,498
960,427,1387
617,114,731
844,762,1606
619,443,1062
440,123,563
156,191,347
282,736,1018
860,927,1787
312,436,748
774,96,870
95,441,536
303,81,384
151,775,926
227,863,1090
912,218,1130
982,475,1457
525,101,626
32,900,932
612,660,1272
526,872,1398
933,82,1015
168,462,630
429,538,967
238,932,1170
60,34,94
633,229,862
511,636,1147
761,372,1133
267,405,672
847,912,1759
176,992,1168
991,488,1479
738,917,1655
659,794,1453
243,901,1144
576,18,594
415,696,1111
907,445,1352
740,175,915
794,312,1106
526,789,1315
818,325,1143
41,632,673
329,526,855
417,990,1407
83,966,1049
870,571,1441
937,393,1330
54,276,330
258,654,912
252,196,448
968,131,1099
792,974,1766
321,954,1275
660,627,1287
73,762,835
767,395,1162
823,824,1647
520,412,932
902,15,917
885,785,1670
873,659,1532
492,557,1049
777,302,1079
574,653,1227
218,543,761
88,279,367
620,145,765
17,502,519
212,506,718
981,248,1229
171,470,641
988,502,1490
626,802,1428
475,441,916
863,926,1789
972,450,1422
623,258,881
441,892,1333
362,591,953
995,293,1288
791,685,1476
309,125,434
315,72,387
701,866,1567
665,733,1398
983,219,1202
808,902,1710
239,915,1154
324,108,432
89,217,306
980,631,1611
855,908,1763
690,221,911
412,259,671
872,78,950
676,410,1086
589,633,1222
263,604,867
649,844,1493
929,764,1693
735,118,853
134,544,678
463,218,681
302,898,1200
206,313,519
306,971,1277
610,90,700
627,113,740
580,816,1396
285,493,778
87,446,533
627,871,1498
621,907,1528
935,74,1009
854,685,1539
340,579,919
911,399,1310
394,503,897
43,147,190
648,677,1325
523,282,805
484,536,1020
106,366,472
995,527,1522
80,145,225
520,857,1377
13,895,908
64,656,720
258,115,373
489,260,749
965,674,1639
687,923,1610
612,322,934
124,359,483
887,264,1151
809,244,1053
297,519,816
444,1,445
539,314,853
530,729,1259
858,818,1676
774,640,1414
472,123,595
674,99,773
178,58,236
111,509,620
178,195,373
323,842,1165
315,570,885
35,597,632
313,543,856
787,628,1415
171,456,627
291,731,1022
718,638,1356
658,497,1155
792,763,1555
436,113,549
529,41,570
135,263,398
365,297,662
539,799,1338
548,940,1488
448,897,1345
685,704,1389
371,230,601
867,906,1773
717,699,1416
849,55,904
417,295,712
901,289,1190
712,485,1197
630,457,1087
517,390,907
939,925,1864
152,516,668
986,602,1588
736,432,1168
534,43,577
750,810,1560
423,704,1127
615,687,1302
230,986,1216
942,918,1860
846,410,1256
805,551,1356
397,617,1014
662,391,1053
95,401,496
324,121,445
493,747,1240
95,125,220
647,95,742
924,229,1153
486,132,618
77,448,525
885,429,1314
964,533,1497
536,880,1416
282,14,296
651,197,848
135,673,808
705,615,1320
189,431,620
899,283,1182
596,648,1244
317,377,694
55,856,911
568,712,1280
458,257,715
697,184,881
749,310,1059
782,75,857
724,54,778
673,308,981
217,626,843
934,195,1129
217,193,410
364,641,1005
322,732,1054
641,54,695
647,45,692
516,136,652
713,534,1247
702,874,1576
341,587,928
517,992,1509
230,280,510
39,512,551
921,814,1735
322,156,478
819,361,1180
948,962,1910
903,283,1186
240,554,794
283,996,1279
952,94,1046
471,228,699
747,831,1578
737,583,1320
148,639,787
174,743,917
704,198,902
708,356,1064
334,15,349
313,117,430
907,928,1835
61,25,86
900,849,1749
253,74,327
322,348,670
48,480,528
742,333,1075
588,574,1162
227,549,776
768,979,1747
185,230,415
899,287,1186
445,278,723
834,465,1299
940,17,957
38,578,616
982,339,1321
574,286,860
500,24,524
109,573,682
391,388,779
891,249,1140
166,218,384
468,443,911
223,306,529
571,384,955
221,994,1215
36,487,523
729,472,1201
57,664,721
307,971,1278
626,357,983
569,437,1006
239,212,451
274,147,421
310,863,1173
88,81,169
2,311,313
651,876,1527
19,379,398
811,632,1443
145,534,679
355,751,1106
246,870,1116
57,111,168
979,704,1683
361,499,860
585,724,1309
521,871,1392
430,170,600
949,251,1200
314,887,1201
292,312,604
448,456,904
284,933,1217
451,380,831
872,112,984
471,785,1256
566,97,663
433,412,845
434,563,997
405,478,883
527,156,683
432,528,960
794,837,1631
383,899,1282
464,870,1334
396,760,1156
484,310,794
954,600,1554
312,607,919
387,898,1285
232,333,565
888,185,1073
886,571,1457
381,643,1024
297,729,1026
258,646,904
174,121,295
177,412,589
80,487,567
44,378,422
171,984,1155
441,772,1213
842,350,1192
681,151,832
383,470,853
941,704,1645
757,508,1265
667,984,1651
716,834,1550
512,694,1206
478,133,611
711,785,1496
835,926,1761
76,525,601
659,605,1264
183,696,879
357,944,1301
545,436,981
600,204,804
954,203,1157
658,415,1073
998,44,1042
364,763,1127
395,870,1265
45,846,891
832,402,1234
168,842,1010
692,346,1038
27,572,599
848,176,1024
808,186,994
187,677,864
921,718,1639
23,219,242
208,246,454
865,417,1282
597,228,825
333,922,1255
908,524,1432
206,464,670
328,869,1197
9,296,305
804,791,1595
104,629,733
537,439,976
865,940,1805
786,213,999
65,657,722
382,632,1014
7,446,453
697,141,838
681,166,847
876,100,976
276,347,623
210,641,851
605,424,1029
57,933,990
617,292,909
992,215,1207
793,540,1333
993,840,1833
502,607,1109
863,638,1501
371,893,1264
7,76,83
137,619,756
116,619,735
46,792,838
622,923,1545
767,307,1074
623,522,1145
898,779,1677
497,571,1068
27,950,977
605,295,900
539,888,1427
990,123,1113
673,264,937
492,292,784
325,400,725
517,176,693
35,507,542
532,471,1003
737,88,825
390,65,455
818,209,1027
813,87,900
782,84,866
905,725,1630
437,575,1012
939,283,1222
501,64,565
643,871,1514
497,862,1359
453,909,1362
852,248,1100
445,534,979
427,110,537
948,770,1718
21,71,92
508,246,754
828,344,1172
698,452,1150
537,884,1421
49,622,671
526,127,653
592,48,640
346,478,824
483,940,1423
54,276,330
241,232,473
506,913,1419
191,324,515
744,8,752
911,241,1152
9,379,388
139,151,290
753,839,1592
553,588,1141
445,41,486
306,199,505
999,710,1709
881,612,1493
113,753,866
423,565,988
625,557,1182
330,378,708
4,362,366
574,295,869
830,11,841
297,793,1090
48,573,621
724,673,1397
686,553,1239
482,694,1176
189,474,663
287,426,713
707,301,1008
80,978,1058
745,428,1173
615,620,1235
888,536,1424
463,661,1124
809,349,1158
632,199,831
27,86,113
879,64,943
860,28,888
560,705,1265
0,980,980
675,811,1486
31,441,472
530,813,1343
421,297,718
287,185,472
410,910,1320
973,994,1967
966,362,1328
946,185,1131
929,901,1830
446,823,1269
207,940,1147
548,266,814
355,373,728
132,196,328
548,733,1281
622,968,1590
196,665,861
351,482,833
887,299,1186
704,517,1221
347,854,1201
798,19,817
155,928,1083
143,423,566
919,785,1704
468,301,769
910,211,1121
634,414,1048
373,586,959
168,983,1151
874,367,1241
576,693,1269
835,604,1439
732,288,1020
160,146,306
252,135,387
386,335,721
172,422,594
121,842,963
726,36,762
490,497,987
941,835,1776
107,586,693
984,520,1504
715,725,1440
390,722,1112
50,349,399
320,744,1064
769,90,859
962,675,1637
943,702,1645
338,856,1194
736,417,1153
117,447,564
775,826,1601
348,344,692
262,599,861
411,15,426
174,881,1055
462,246,708
138,757,895
0,821,821
825,923,1748
888,559,1447
847,223,1070
252,911,1163
902,620,1522
289,327,616
34,328,362
994,472,1466
142,905,1047
956,982,1938
228,792,1020
15,304,319
131,839,970
905,242,1147
841,842,1683
763,283,1046
692,287,979
732,357,1089
162,703,865
750,640,1390
130,179,309
801,54,855
716,56,772
310,946,1256
122,970,1092
280,730,1010
957,4,961
49,650,699
868,355,1223
209,894,1103
697,525,1222
906,943,1849
28,884,912
693,596,1289
354,740,1094
110,58,168
445,257,702
102,972,1074
677,414,1091
74,873,947
287,542,829
144,104,248
345,951,1296
683,49,732
382,43,425
227,529,756
461,704,1165
631,317,948
55,895,950
623,767,1390
533,821,1354
831,772,1603
191,627,818
1000,757,1757
682,395,1077
953,707,1660
963,229,1192
103,131,234
372,970,1342
638,64,702
572,496,1068
620,728,1348
998,239,1237
230,247,477
279,270,549
142,645,787
485,936,1421
954,810,1764
593,266,859
889,342,1231
629,271,900
763,471,1234
300,531,831
994,981,1975
874,545,1419
631,265,896
375,783,1158
866,632,1498
387,16,403
608,715,1323
830,45,875
579,79,658
662,787,1449
543,116,659
948,642,1590
109,488,597
193,967,1160
675,265,940
760,318,1078
854,809,1663
248,485,733
606,579,1185
219,795,1014
89,93,182
175,483,658
250,812,1062
245,476,721
994,249,1243
720,378,1098
77,802,879
924,580,1504
117,173,290
388,881,1269
362,431,793
741,42,783
660,40,700
27,59,86
139,366,505
257,860,1117
329,871,1200
760,406,1166
911,556,1467
477,183,660
643,95,738
918,15,933
302,704,1006
353,730,1083
985,972,1957
695,452,1147
378,686,1064
735,57,792
963,429,1392
828,32,860
600,13,613
299,120,419
571,427,998
161,414,575
72,364,436
236,261,497
236,147,383
827,504,1331
337,596,933
70,783,853
917,29,946
788,640,1428
316,133,449
575,726,1301
446,175,621
26,463,489
132,91,223
568,202,770
737,309,1046
838,400,1238
420,155,575
535,251,786
644,999,1643
586,106,692
395,328,723
450,921,1371
371,867,1238
205,430,635
368,717,1085
579,484,1063
674,793,1467
341,682,1023
358,371,729
889,229,1118
580,702,1282
158,316,474
84,72,156
570,174,744
838,970,1808
32,888,920
413,700,1113
393,274,667
308,683,991
845,989,1834
126,804,930
23,755,778
46,562,608
999,554,1553
661,933,1594
927,136,1063
432,916,1348
901,839,1740
12,811,823
855,154,1009
698,205,903
770,422,1192
90,777,867
358,495,853
678,46,724
253,997,1250
771,448,1219
946,574,1520
424,62,486
377,773,1150
43,407,450
538,457,995
436,987,1423
444,796,1240
817,904,1721
287,519,806
242,74,316
550,42,592
128,240,368
661,584,1245
845,160,1005
439,836,1275
127,955,1082
769,74,843
755,218,973
190,477,667
721,905,1626
425,628,1053
494,614,1108
15,169,184
901,236,1137
820,365,1185
950,512,1462
120,572,692
351,861,1212
39,59,98
88,451,539
84,755,839
333,25,358
427,425,852
488,462,950
915,598,1513
910,356,1266
839,223,1062
54,665,719
187,764,951
98,719,817
904,885,1789
687,197,884
355,204,559
755,440,1195
649,923,1572
560,758,1318
113,278,391
324,677,1001
745,118,863
692,111,803
205,412,617
174,285,459
655,544,1199
343,946,1289
807,637,1444
539,683,1222
623,858,1481
743,672,1415
522,932,1454
942,156,1098
889,99,988
273,357,630
263,515,778
970,297,1267
698,914,1612
196,529,725
474,737,1211
896,119,1015
633,281,914
744,255,999
206,993,1199
689,301,990
702,108,810
182,321,503
101,975,1076
972,718,1690
655,341,996
115,332,447
881,0,881
700,109,809
25,943,968
891,345,1236
243,22,265
616,195,811
777,166,943
751,164,915
320,511,831
606,470,1076
579,691,1270
529,152,681
997,717,1714
455,589,1044
82,304,386
189,506,695
370,594,964
557,448,1005
697,885,1582
711,384,1095
403,109,512
848,130,978
775,554,1329
924,740,1664
356,887,1243
518,710,1228
646,256,902
782,648,1430
32,510,542
838,318,1156
45,592,637
866,907,1773
0,348,348
89,243,332
963,520,1483
119,396,515
206,632,838
262,1000,1262
273,590,863
820,10,830
275,677,952
835,131,966
706,329,1035
8,344,352
914,441,1355
658,994,1652
187,406,593
793,609,1402
22,160,182
442,433,875
286,18,304
885,4,889
437,585,1022
604,769,1373
517,328,845
918,518,1436
170,828,998
158,986,1144
651,595,1246
868,572,1440
713,494,1207
669,250,919
407,854,1261
410,840,1250
66,681,747
764,986,1750
78,128,206
742,806,1548
363,84,447
523,285,808
702,399,1101
961,57,1018
791,667,1458
941,19,960
921,888,1809
296,149,445
847,284,1131
273,245,518
389,58,447
973,228,1201
465,219,684
298,214,512
950,131,1081
152,897,1049
705,360,1065
69,620,689
28,692,720
106,598,704
282,888,1170
161,609,770
315,883,1198
983,731,1714
180,222,402
493,591,1084
957,264,1221
14,451,465
866,942,1808
32,329,361
859,748,1607
705,568,1273
948,951,1899
63,926,989
149,989,1138
474,599,1073
191,450,641
53,245,298
230,565,795
563,319,882
133,94,227
298,184,482
546,608,1154
685,666,1351
405,942,1347
177,668,845
925,396,1321
491,67,558
218,892,1110
192,71,263
736,231,967
328,341,669
768,594,1362
167,973,1140
787,883,1670
453,441,894
21,968,989
386,117,503
39,685,724
2,6,8
692,505,1197
362,332,694
164,638,802
487,532,1019
298,424,722
486,572,1058
714,848,1562
912,293,1205
925,435,1360
418,149,567
454,403,857
698,415,1113
771,397,1168
776,819,1595
498,544,1042
135,767,902
212,815,1027
282,131,413
488,663,1151
320,523,843
385,93,478
480,385,865
934,926,1860
757,237,994
401,99,500
280,59,339
515,57,572
294,522,816
143,541,684
860,20,880
499,13,512
50,595,645
760,398,1158
623,814,1437
248,125,373
362,808,1170
55,638,693
725,481,1206
104,678,782
267,21,288
590,140,730
116,663,779
883,178,1061
577,888,1465
339,392,731
884,630,1514
656,682,1338
854,798,1652
500,63,563
827,953,1780
999,177,1176
148,43,191
513,738,1251
223,332,555
973,532,1505
338,134,472
309,643,952
796,359,1155
394,995,1389
936,727,1663
357,228,585
834,738,1572
927,339,1266
270,405,675
726,785,1511
728,363,1091
136,957,1093
413,996,1409
593,78,671
919,161,1080
357,649,1006
949,220,1169
57,161,218
63,194,257
895,360,1255
585,216,801
378,388,766
825,951,1776
569,953,1522
823,393,1216
342,57,399
258,478,736
97,117,214
686,811,1497
893,993,1886
794,1000,1794
809,612,1421
727,752,1479
852,222,1074
611,537,1148
940,37,977
428,337,765
433,364,797
428,697,1125
369,880,1249
743,163,906
702,439,1141
346,293,639
670,105,775
44,383,427
736,704,1440
933,532,1465
346,634,980
957,573,1530
54,49,103
716,341,1057
729,147,876
4,496,500
131,845,976
652,699,1351
226,332,558
281,321,602
429,4,433
557,908,1465
808,840,1648
614,819,1433
922,936,1858
787,708,1495
903,916,1819
192,135,327
675,261,936
357,575,932
644,866,1510
535,299,834
633,134,767
613,645,1258
432,238,670
528,275,803
920,495,1415
630,874,1504
351,734,1085
620,580,1200
326,614,940
495,858,1353
56,285,341
123,351,474
554,713,1267
24,181,205
133,369,502
16,841,857
792,207,999
159,109,268
365,188,553
237,435,672
423,641,1064
359,508,867
15,113,128
115,673,788
814,738,1552
683,778,1461
162,259,421
838,925,1763
706,266,972
290,819,1109
746,609,1355
446,550,996
827,927,1754
316,5,321
451,43,494
5,745,750
91,748,839
974,577,1551
305,682,987
701,238,939
26,287,313
925,132,1057
583,153,736
671,916,1587
104,475,579
211,674,885
229,413,642
476,152,628
629,720,1349
873,738,1611
82,777,859
252,161,413
336,543,879
394,349,743
737,24,761
754,107,861
613,588,1201
431,283,714
904,247,1151
72,306,378
537,680,1217
536,114,650
407,869,1276
644,197,841
751,817,1568
501,838,1339
276,233,509
187,554,741
84,741,825
368,992,1360
90,892,982
522,322,844
213,322,535
381,30,411
300,743,1043
560,805,1365
656,444,1100
575,698,1273
265,966,1231
88,92,180
409,304,713
707,10,717
617,758,1375
200,750,950
874,296,1170
543,596,1139
475,876,1351
786,771,1557
845,425,1270
307,89,396
722,407,1129
707,675,1382
470,661,1131
364,233,597
152,920,1072
903,813,1716
340,37,377
792,777,1569
0,720,720
537,816,1353
718,445,1163
219,941,1160
826,875,1701
816,489,1305
778,337,1115
177,570,747
631,339,970
59,835,894
464,173,637
696,59,755
343,376,719
143,738,881
276,535,811
944,309,1253
726,987,1713
527,167,694
967,755,1722
85,552,637
556,630,1186
992,967,1959
513,832,1345
959,943,1902
542,84,626
108,6,114
731,979,1710
538,64,602
371,380,751
827,643,1470
514,794,1308
455,233,688
106,39,145
761,11,772
103,819,922
822,799,1621
971,20,991
665,351,1016
74,545,619
200,484,684
853,758,1611
742,869,1611
749,663,1412
273,136,409
396,870,1266
184,650,834
753,813,1566
289,292,581
562,123,685
891,811,1702
532,37,569
404,65,469
316,404,720
509,327,836
527,958,1485
873,782,1655
987,398,1385
399,452,851
94,747,841
102,72,174
912,593,1505
566,996,1562
691,864,1555
157,797,954
799,750,1549
445,48,493
32,524,556
372,916,1288
409,324,733
177,701,878
191,424,615
169,303,472
588,729,1317
473,888,1361
954,429,1383
417,622,1039
744,997,1741
12,630,642
328,836,1164
95,184,279
564,18,582
135,437,572
76,154,230
851,323,1174
831,688,1519
674,683,1357
177,537,714
683,522,1205
185,976,1161
777,352,1129
850,217,1067
23,967,990
783,432,1215
682,110,792
120,531,651
797,990,1787
239,525,764
496,317,813
587,931,1518
136,525,661
40,463,503
398,222,620
251,623,874
535,465,1000
358,116,474
623,818,1441
247,590,837
963,18,981
630,138,768
70,748,818
92,870,962
324,370,694
508,670,1178
262,860,1122
115,300,415
955,442,1397
311,385,696
495,535,1030
641,20,661
798,329,1127
296,325,621
273,984,1257
235,909,1144
280,968,1248
878,571,1449
329,60,389
769,892,1661
180,946,1126
282,721,1003
938,490,1428
207,416,623
757,443,1200
502,793,1295
882,432,1314
951,268,1219
540,509,1049
698,708,1406
951,957,1908
360,131,491
696,319,1015
693,573,1266
323,113,436
251,517,768
965,849,1814
8,840,848
143,346,489
496,371,867
776,187,963
12,812,824
699,34,733
992,0,992
374,957,1331
731,429,1160
62,770,832
128,365,493
452,5,457
730,606,1336
577,144,721
639,510,1149
294,667,961
308,59,367
558,117,675
12,734,746
763,150,913
358,752,1110
286,312,598
801,432,1233
748,419,1167
601,880,1481
721,641,1362
999,267,1266
91,789,880
232,50,282
243,358,601
821,244,1065
262,698,960
0,297,297
641,322,963
83,951,1034
1,54,55
607,27,634
421,45,466
910,277,1187
291,973,1264
905,110,1015
941,688,1629
757,183,940
764,868,1632
374,367,741
18,302,320
515,581,1096
619,967,1586
205,104,309
53,330,383
297,373,670
809,169,978
436,700,1136
487,113,600
817,787,1604
594,357,951
289,235,524
388,205,593
7,273,280
909,108,1017
975,188,1163
36,57,93
667,56,723
273,528,801
33,964,997
667,773,1440
227,244,471
276,843,1119
367,367,734
213,4,217
440,712,1152
365,169,534
720,897,1617
960,144,1104
606,251,857
694,170,864
627,417,1044
695,622,1317
865,388,1253
36,183,219
79,298,377
986,48,1034
679,558,1237
641,62,703
367,294,661
16,566,582
646,186,832
907,894,1801
288,700,988
948,884,1832
955,812,1767
588,185,773
287,247,534
974,544,1518
83,712,795
341,249,590
681,937,1618
346,412,758
760,944,1704
971,227,1198
125,436,561
827,204,1031
231,472,703
965,838,1803
827,248,1075
548,79,627
440,1000,1440
637,889,1526
609,449,1058
404,709,1113
228,884,1112
436,813,1249
133,647,780
16,54,70
694,932,1626
921,969,1890
375,841,1216
979,740,1719
362,318,680
856,124,980
919,570,1489
256,300,556
127,597,724
250,401,651
520,454,974
109,626,735
650,868,1518
82,857,939
192,474,666
351,961,1312
641,575,1216
227,752,979
972,216,1188
814,748,1562
272,569,841
699,525,1224
715,726,1441
166,631,797
968,941,1909
521,999,1520
941,921,1862
27,813,840
142,345,487
5,427,432
145,287,432
106,461,567
838,721,1559
907,937,1844
581,703,1284
965,259,1224
155,947,1102
216,91,307
663,225,888
393,288,681
52,789,841
22,251,273
307,857,1164
566,297,863
701,796,1497
843,851,1694
797,610,1407
617,138,755
754,68,822
184,419,603
290,699,989
93,179,272
929,627,1556
421,233,654
246,379,625
329,732,1061
785,222,1007
252,137,389
500,801,1301
716,573,1289
428,733,1161
225,997,1222
856,942,1798
373,74,447
707,669,1376
71,289,360
236,809,1045
579,50,629
512,612,1124
727,173,900
979,605,1584
119,510,629
664,563,1227
849,758,1607
538,124,662
226,539,765
26,879,905
916,198,1114
141,218,359
272,808,1080
207,228,435
738,198,936
338,417,755
285,260,545
665,613,1278
404,137,541
236,324,560
827,175,1002
220,308,528
121,643,764
15,14,29
808,211,1019
371,328,699
35,980,1015
837,77,914
743,488,1231
759,100,859
877,465,1342
783,761,1544
818,20,838
695,963,1658
594,55,649
618,931,1549
483,135,618
153,285,438
981,404,1385
322,984,1306
121,924,1045
466,573,1039
574,460,1034
943,787,1730
137,28,165
146,356,502
696,986,1682
246,516,762
240,161,401
726,995,1721
988,364,1352
264,193,457
52,398,450
242,366,608
3,614,617
616,18,634
375,582,957
620,538,1158
761,942,1703
931,890,1821
757,369,1126
848,73,921
138,806,944
568,18,586
676,190,866
102,376,478
649,204,853
829,492,1321
647,506,1153
768,385,1153
600,656,1256
549,769,1318
562,738,1300
354,213,567
977,358,1335
455,591,1046
20,166,186
113,381,494
584,131,715
577,482,1059
805,272,1077
429,338,767
403,796,1199
598,239,837
263,279,542
795,769,1564
29,134,163
56,465,521
458,555,1013
561,290,851
834,604,1438
285,403,688
155,129,284
881,908,1789
4,490,494
902,640,1542
39,620,659
672,815,1487
404,73,477
861,264,1125
974,459,1433
285,940,1225
969,726,1695
279,823,1102
863,300,1163
674,103,777
799,476,1275
200,974,1174
733,1,734
15,15,30
748,282,1030
437,568,1005
153,787,940
657,566,1223
155,759,914
954,546,1500
749,209,958
960,391,1351
422,264,686
712,186,898
193,522,715
435,988,1423
834,752,1586
11,927,938
472,311,783
565,240,805
332,675,1007
260,689,949
113,138,251
821,593,1414
293,715,1008
924,128,1052
32,367,399
759,956,1715
35,329,364
745,840,1585
818,475,1293
824,862,1686
502,973,1475
282,379,661
628,849,1477
284,592,876
777,442,1219
828,200,1028
353,70,423
396,811,1207
51,141,192
176,808,984
471,57,528
422,233,655
830,363,1193
802,671,1473
642,827,1469
564,769,1333
49,516,565
62,948,1010
991,539,1530
364,942,1306
335,26,361
235,6,241
76,222,298
328,790,1118
508,842,1350
884,218,1102
581,635,1216
734,180,914
678,700,1378
197,151,348
979,545,1524
591,742,1333
967,942,1909
94,931,1025
695,584,1279
339,659,998
981,590,1571
332,887,1219
972,686,1658
942,808,1750
518,558,1076
560,50,610
606,631,1237
874,929,1803
491,279,770
32,31,63
88,930,1018
298,970,1268
962,268,1230
456,998,1454
255,511,766
308,390,698
124,131,255
176,186,362
690,568,1258
119,74,193
221,602,823
245,924,1169
389,415,804
492,667,1159
223,877,1100
477,325,802
87,994,1081
705,777,1482
230,236,466
201,355,556
457,97,554
573,176,749
818,193,1011
498,711,1209
54,808,862
691,134,825
326,288,614
21,354,375
191,629,820
174,47,221
53,651,704
486,344,830
753,816,1569
980,487,1467
786,63,849
547,118,665
6,823,829
811,433,1244
825,772,1597
57,149,206
752,874,1626
305,84,389
56,931,987
152,855,1007
428,889,1317
863,804,1667
897,172,1069
327,545,872
771,759,1530
139,651,790
889,857,1746
443,786,1229
207,554,761
541,566,1107
380,902,1282
400,576,976
997,870,1867
926,83,1009
194,842,1036
922,274,1196
43,455,498
878,939,1817
25,206,231
538,890,1428
538,819,1357
310,161,471
107,329,436
535,67,602
457,39,496
194,487,681
770,497,1267
184,582,766
259,846,1105
526,748,1274
36,27,63
471,97,568
604,621,1225
771,488,1259
920,77,997
718,471,1189
311,611,922
393,884,1277
899,278,1177
688,950,1638
729,956,1685
176,775,951
913,695,1608
73,406,479
872,646,1518
769,269,1038
981,67,1048
637,968,1605
610,782,1392
961,132,1093
857,840,1697
1,302,303
25,339,364
403,562,965
495,121,616
359,243,602
673,716,1389
83,33,116
95,185,280
556,912,1468
520,280,800
976,102,1078
20,467,487
667,757,1424
656,400,1056
612,712,1324
99,56,155
155,794,949
355,747,1102
943,108,1051
833,111,944
819,529,1348
406,125,531
386,95,481
741,385,1126
668,716,1384
659,395,1054
605,439,1044
85,327,412
338,502,840
87,592,679
65,60,125
638,167,805
867,828,1695
906,737,1643
587,916,1503
990,183,1173
934,32,966
731,488,1219
644,21,665
17,799,816
117,580,697
111,350,461
617,36,653
234,668,902
591,487,1078
357,178,535
264,472,736
296,592,888
209,179,388
272,971,1243
544,947,1491
250,317,567
101,320,421
789,601,1390
510,597,1107
32,955,987
393,461,854
145,797,942
688,892,1580
608,184,792
458,451,909
432,127,559
765,177,942
792,567,1359
265,688,953
244,582,826
876,519,1395
880,877,1757
363,287,650
367,966,1333
34,652,686
914,763,1677
745,302,1047
535,149,684
642,999,1641
546,412,958
865,533,1398
350,882,1232
821,43,864
128,242,370
781,836,1617
671,404,1075
166,586,752
448,852,1300
452,619,1071
86,595,681
474,429,903
524,928,1452
959,681,1640
749,534,1283
91,497,588
632,379,1011
203,261,464
644,753,1397
111,530,641
472,546,1018
227,167,394
978,251,1229
394,223,617
16,688,704
12,419,431
141,143,284
130,992,1122
87,587,674
88,494,582
596,494,1090
654,577,1231
409,631,1040
169,36,205
829,755,1584
540,626,1166
724,458,1182
841,900,1741
564,571,1135
892,699,1591
282,705,987
46,718,764
326,79,405
939,973,1912
267,811,1078
703,8,711
707,47,754
556,356,912
907,310,1217
681,459,1140
111,948,1059
567,979,1546
391,832,1223
641,111,752
184,728,912
53,769,822
970,43,1013
118,76,194
25,812,837
156,502,658
509,150,659
313,147,460
59,737,796
432,363,795
590,975,1565
540,973,1513
749,390,1139
555,540,1095
587,179,766
524,244,768
234,267,501
751,521,1272
68,635,703
579,154,733
605,813,1418
560,105,665
201,696,897
221,772,993
970,865,1835
832,892,1724
672,971,1643
66,92,158
990,475,1465
62,319,381
298,508,806
647,13,660
57,399,456
184,278,462
898,443,1341
653,557,1210
68,291,359
35,363,398
589,753,1342
110,855,965
127,884,1011
817,934,1751
576,937,1513
37,8,45
381,863,1244
576,804,1380
595,809,1404
14,714,728
454,978,1432
22,195,217
563,455,1018
955,879,1834
358,67,425
747,628,1375
183,525,708
268,713,981
709,194,903
906,590,1496
342,39,381
834,282,1116
906,755,1661
76,394,470
620,393,1013
68,76,144
265,628,893
967,810,1777
623,343,966
866,561,1427
897,396,1293
246,120,366
311,971,1282
391,602,993
873,339,1212
439,366,805
10,9,19
463,272,735
120,272,392
297,561,858
170,6,176
912,708,1620
701,23,724
396,835,1231
503,692,1195
301,293,594
766,269,1035
709,766,1475
274,265,539
392,942,1334
483,514,997
544,834,1378
662,537,1199
292,8,300
467,361,828
33,491,524
187,173,360
567,399,966
719,399,1118
801,85,886
151,630,781
537,717,1254
744,364,1108
35,366,401
354,135,489
481,406,887
25,508,533
459,308,767
804,613,1417
970,689,1659
108,107,215
69,792,861
996,943,1939
555,364,919
80,609,689
227,707,934
395,731,1126
761,492,1253
126,289,415
816,680,1496
864,620,1484
589,530,1119
500,148,648
631,478,1109
266,196,462
532,357,889
847,667,1514
24,579,603
515,248,763
751,48,799
533,682,1215
750,775,1525
36,948,984
434,561,995
274,451,725
453,551,1004
680,581,1261
11,468,479
371,512,883
773,595,1368
631,422,1053
41,197,238
814,461,1275
927,609,1536
8,143,151
407,604,1011
475,510,985
281,135,416
657,795,1452
98,310,408
830,498,1328
791,661,1452
667,344,1011
418,100,518
678,86,764
231,566,797
635,128,763
802,902,1704
434,746,1180
198,236,434
256,144,400
861,196,1057
795,287,1082
786,407,1193
908,727,1635
862,178,1040
755,606,1361
224,582,806
791,160,951
961,60,1021
800,687,1487
52,746,798
826,260,1086
540,889,1429
915,509,1424
124,430,554
599,266,865
28,577,605
822,74,896
505,351,856
436,997,1433
447,203,650
658,329,987
818,694,1512
313,246,559
916,858,1774
780,24,804
110,271,381
89,90,179
506,222,728
930,452,1382
42,246,288
177,699,876
872,400,1272
44,379,423
862,460,1322
844,376,1220
305,945,1250
890,820,1710
840,746,1586
580,552,1132
428,185,613
955,69,1024
175,458,633
69,922,991
906,715,1621
665,953,1618
2,591,593
669,809,1478
377,125,502
466,967,1433
470,822,1292
29,469,498
681,749,1430
838,259,1097
326,331,657
679,216,895
165,623,788
718,83,801
700,441,1141
908,369,1277
515,564,1079
303,219,522
725,753,1478
317,846,1163
529,922,1451
165,222,387
214,180,394
609,581,1190
400,755,1155
176,3,179
433,858,1291
483,422,905
218,217,435
921,95,1016
90,330,420
832,598,1430
215,203,418
72,816,888
786,55,841
935,361,1296
649,509,1158
886,548,1434
404,983,1387
285,838,1123
257,644,901
430,448,878
866,918,1784
787,147,934
530,918,1448
285,611,896
61,815,876
992,980,1972
753,95,848
613,432,1045
904,573,1477
605,10,615
230,631,861
843,418,1261
93,540,633
852,699,1551
538,264,802
859,259,1118
886,466,1352
94,616,710
965,395,1360
625,687,1312
602,54,656
921,72,993
607,764,1371
814,42,856
877,951,1828
76,816,892
507,55,562
141,257,398
418,486,904
859,826,1685
366,261,627
563,437,1000
188,886,1074
235,974,1209
897,497,1394
365,972,1337
538,584,1122
145,549,694
952,324,1276
53,19,72
595,834,1429
89,111,200
355,679,1034
803,984,1787
845,870,1715
661,682,1343
643,518,1161
927,403,1330
708,670,1378
36,19,55
37,608,645
757,682,1439
492,157,649
917,749,1666
912,931,1843
626,163,789
354,924,1278
714,391,1105
478,255,733
877,989,1866
557,572,1129
198,536,734
738,826,1564
40,474,514
432,395,827
327,116,443
10,676,686
183,569,752
28,6,34
650,196,846
297,960,1257
166,710,876
416,827,1243
140,899,1039
55,426,481
103,432,535
891,306,1197
968,492,1460
925,780,1705
673,750,1423
165,983,1148
895,436,1331
769,55,824
511,753,1264
907,727,1634
962,266,1228
160,209,369
92,942,1034
582,513,1095
915,453,1368
273,484,757
171,507,678
533,222,755
115,506,621
571,556,1127
712,974,1686
540,296,836
350,596,946
792,843,1635
780,744,1524
149,832,981
367,985,1352
553,987,1540
184,346,530
539,485,1024
645,713,1358
442,479,921
751,474,1225
610,250,860
987,109,1096
584,967,1551
88,889,977
431,272,703
856,917,1773
215,701,916
270,845,1115
427,758,1185
711,68,779
185,714,899
590,566,1156
354,31,385
958,709,1667
665,168,833
677,437,1114
129,87,216
488,432,920
79,802,881
87,865,952
304,351,655
357,277,634
768,399,1167
239,990,1229
719,665,1384
700,375,1075
611,878,1489
964,631,1595
87,236,323
296,342,638
611,950,1561
107,97,204
793,540,1333
774,577,1351
433,862,1295
690,487,1177
101,572,673
315,733,1048
611,80,691
532,746,1278
799,10,809
660,754,1414
683,469,1152
204,789,993
160,426,586
408,584,992
743,860,1603
857,128,985
120,990,1110
771,23,794
850,526,1376
484,897,1381
965,561,1526
412,223,635
139,510,649
242,53,295
907,896,1803
765,275,1040
245,482,727
723,601,1324
432,763,1195
109,18,127
664,442,1106
645,785,1430
242,637,879
195,26,221
723,985,1708
222,890,1112
684,987,1671
176,862,1038
146,589,735
712,800,1512
89,351,440
258,171,429
734,507,1241
173,954,1127
363,405,768
909,932,1841
968,619,1587
801,757,1558
409,225,634
325,766,1091
6,270,276
196,46,242
55,94,149
959,175,1134
827,817,1644
947,587,1534
325,266,591
48,633,681
683,74,757
517,801,1318
227,836,1063
340,385,725
123,260,383
489,563,1052
943,583,1526
210,965,1175
506,533,1039
23,730,753
363,164,527
483,562,1045
491,598,1089
857,409,1266
232,192,424
208,79,287
635,507,1142
443,552,995
29,576,605
949,792,1741
81,370,451
728,261,989
276,20,296
63,829,892
892,873,1765
219,686,905
547,578,1125
779,778,1557
569,821,1390
539,578,1117
628,228,856
848,974,1822
934,723,1657
164,568,732
417,399,816
346,252,598
960,24,984
248,56,304
84,316,400
828,108,936
98,736,834
542,347,889
346,426,772
424,613,1037
404,806,1210
856,148,1004
415,126,541
629,817,1446
690,615,1305
462,514,976
934,681,1615
456,376,832
509,667,1176
997,995,1992
88,698,786
833,60,893
797,930,1727
865,839,1704
150,220,370
60,137,197
903,415,1318
675,905,1580
676,774,1450
649,936,1585
445,768,1213
795,27,822
737,270,1007
932,824,1756
194,28,222
1000,121,1121
338,187,525
386,366,752
913,804,1717
143,624,767
390,777,1167
862,376,1238
978,971,1949
223,894,1117
28,401,429
558,433,991
653,287,940
854,365,1219
596,627,1223
727,921,1648
737,229,966
453,289,742
190,658,848
803,683,1486
423,807,1230
432,123,555
598,543,1141
865,813,1678
319,32,351
650,179,829
962,284,1246
943,670,1613
832,51,883
873,14,887
670,484,1154
465,363,828
883,115,998
265,560,825
97,101,198
295,121,416
343,223,566
197,457,654
370,224,594
522,812,1334
187,251,438
722,0,722
406,561,967
541,627,1168
439,369,808
961,114,1075
375,849,1224
469,312,781
899,246,1145
620,519,1139
575,42,617
681,154,835
148,689,837
574,111,685
580,350,930
898,466,1364
637,246,883
732,515,1247
641,445,1086
279,432,711
94,791,885
937,297,1234
714,97,811
358,929,1287
367,394,761
493,469,962
761,570,1331
195,614,809
585,560,1145
876,947,1823
49,433,482
504,725,1229
677,862,1539
964,740,1704
23,67,90
910,194,1104
134,974,1108
639,69,708
144,322,466
841,409,1250
427,201,628
709,408,1117
781,697,1478
392,775,1167
57,706,763
327,920,1247
607,334,941
652,151,803
853,368,1221
159,333,492
188,687,875
834,165,999
416,197,613
528,550,1078
780,181,961
608,437,1045
762,12,774
698,193,891
784,233,1017
56,305,361
664,964,1628
725,850,1575
594,928,1522
529,385,914
306,694,1000
729,644,1373
801,314,1115
742,106,848
253,11,264
440,38,478
883,885,1768
41,807,848
643,441,1084
592,647,1239
218,542,760
512,651,1163
671,569,1240
565,320,885
866,545,1411
270,851,1121
429,499,928
26,935,961
95,641,736
594,52,646
499,367,866
317,181,498
102,757,859
995,946,1941
592,615,1207
145,20,165
668,123,791
976,807,1783
465,665,1130
620,517,1137
415,422,837
1000,817,1817
921,278,1199
154,676,830
171,754,925
511,734,1245
725,884,1609
708,605,1313
449,867,1316
635,634,1269
587,578,1165
500,569,1069
910,197,1107
758,234,992
802,324,1126
661,111,772
101,672,773
539,509,1048
679,958,1637
92,47,139
301,236,537
872,702,1574
904,626,1530
205,439,644
534,318,852
163,310,473
886,233,1119
733,448,1181
633,236,869
251,412,663
533,147,680
845,745,1590
312,232,544
376,293,669
527,831,1358
450,167,617
89,189,278
70,651,721
666,823,1489
591,678,1269
23,714,737
942,405,1347
133,497,630
300,545,845
840,59,899
735,197,932
938,731,1669
516,463,979
424,173,597
138,140,278
368,217,585
959,479,1438
315,539,854
97,94,191
50,376,426
942,156,1098
167,49,216
866,874,1740
926,166,1092
728,430,1158
65,712,777
956,945,1901
560,530,1090
125,418,543
285,653,938
779,137,916
411,173,584
454,707,1161
255,660,915
860,97,957
465,67,532
257,472,729
856,724,1580
394,97,491
217,278,495
440,467,907
188,720,908
309,90,399
817,637,1454
902,439,1341
930,982,1912
984,357,1341
702,528,1230
354,534,888
57,70,127
877,787,1664
460,579,1039
165,422,587
427,73,500
810,220,1030
266,937,1203
733,13,746
259,625,884
602,374,976
321,12,333
794,796,1590
15,216,231
142,589,731
516,985,1501
462,569,1031
964,247,1211
466,155,621
418,883,1301
924,221,1145
50,974,1024
470,509,979
736,727,1463
186,16,202
155,14,169
620,245,865
192,993,1185
994,982,1976
781,833,1614
335,654,989
791,142,933
558,26,584
300,784,1084
588,326,914
630,938,1568
132,409,541
615,49,664
932,424,1356
774,411,1185
648,542,1190
890,252,1142
944,362,1306
472,327,799
332,557,889
22,890,912
74,632,706
489,551,1040
415,658,1073
418,920,1338
265,567,832
699,781,1480
778,577,1355
731,306,1037
228,793,1021
82,916,998
67,904,971
20,923,943
406,687,1093
829,339,1168
345,402,747
582,389,971
858,701,1559
628,631,1259
731,145,876
639,487,1126
113,853,966
180,798,978
195,936,1131
766,724,1490
644,487,1131
905,15,920
852,380,1232
905,807,1712
660,542,1202
627,724,1351
115,452,567
610,758,1368
200,741,941
627,354,981
282,105,387
16,850,866
422,983,1405
527,705,1232
840,658,1498
611,867,1478
827,76,903
306,581,887
262,642,904
196,809,1005
202,74,276
260,970,1230
789,1,790
581,368,949
604,158,762
485,141,626
593,97,690
343,618,961
771,164,935
175,13,188
278,835,1113
161,173,334
308,969,1277
847,725,1572
161,167,328
572,624,1196
152,987,1139
973,451,1424
970,661,1631
805,20,825
587,845,1432
2,806,808
267,223,490
680,873,1553
67,858,925
755,640,1395
463,835,1298
493,455,948
203,93,296
782,63,845
194,306,500
412,797,1209
75,822,897
932,9,941
764,375,1139
724,60,784
389,345,734
976,114,1090
883,824,1707
745,3,748
530,125,655
502,679,1181
328,503,831
101,587,688
439,212,651
821,267,1088
311,984,1295
117,197,314
255,109,364
660,164,824
208,415,623
377,135,512
32,130,162
973,775,1748
348,792,1140
843,417,1260
772,323,1095
33,246,279
239,721,960
109,466,575
800,98,898
718,338,1056
578,741,1319
95,188,283
875,688,1563
878,722,1600
702,529,1231
595,574,1169
509,513,1022
648,454,1102
765,537,1302
125,719,844
777,344,1121
309,193,502
893,277,1170
565,247,812
4,593,597
558,37,595
431,232,663
463,305,768
375,84,459
233,68,301
918,502,1420
781,436,1217
165,293,458
484,118,602
476,116,592
989,613,1602
897,217,1114
902,963,1865
196,829,1025
345,680,1025
79,827,906
831,99,930
94,864,958
415,49,464
475,189,664
89,779,868
499,747,1246
118,21,139
534,509,1043
660,456,1116
226,359,585
363,477,840
858,573,1431
135,255,390
288,549,837
920,0,920
237,758,995
728,921,1649
149,970,1119
594,748,1342
632,710,1342
820,749,1569
212,531,743
89,923,1012
992,14,1006
734,148,882
444,984,1428
710,368,1078
499,813,1312
405,697,1102
580,765,1345
478,871,1349
191,309,500
321,891,1212
42,897,939
988,563,1551
485,145,630
876,979,1855
261,807,1068
669,770,1439
584,421,1005
25,157,182
447,502,949
157,641,798
241,518,759
690,877,1567
252,187,439
352,884,1236
960,397,1357
618,892,1510
554,373,927
402,470,872
780,400,1180
761,434,1195
430,722,1152
194,653,847
681,322,1003
283,943,1226
172,390,562
177,463,640
497,927,1424
980,311,1291
528,876,1404
390,677,1067
380,456,836
768,493,1261
463,452,915
45,49,94
406,896,1302
985,248,1233
872,366,1238
181,569,750
50,289,339
527,468,995
956,721,1677
566,130,696
341,696,1037
160,878,1038
549,290,839
825,615,1440
24,686,710
642,260,902
115,636,751
102,343,445
825,546,1371
79,68,147
595,399,994
10,175,185
944,930,1874
914,17,931
514,438,952
98,645,743
515,781,1296
604,661,1265
382,559,941
707,835,1542
4,634,638
101,879,980
709,541,1250
611,616,1227
238,244,482
802,739,1541
315,882,1197
950,97,1047
479,40,519
993,344,1337
709,749,1458
847,920,1767
579,886,1465
121,601,722
490,111,601
496,501,997
822,286,1108
865,432,1297
298,476,774
326,728,1054
339,62,401
435,8,443
456,51,507
377,512,889
204,90,294
872,290,1162
143,299,442
53,692,745
308,824,1132
160,772,932
496,649,1145
318,714,1032
807,96,903
681,4,685
946,740,1686
974,739,1713
845,521,1366
62,39,101
592,776,1368
242,536,778
240,894,1134
630,647,1277
480,723,1203
996,332,1328
808,524,1332
650,662,1312
562,758,1320
336,791,1127
59,918,977
801,81,882
852,315,1167
669,413,1082
488,947,1435
809,437,1246
548,518,1066
830,400,1230
897,177,1074
94,443,537
365,95,460
964,758,1722
429,692,1121
83,552,635
365,203,568
644,687,1331
572,311,883
494,408,902
938,926,1864
909,125,1034
300,645,945
522,10,532
665,431,1096
997,8,1005
159,901,1060
831,376,1207
954,581,1535
434,988,1422
507,51,558
64,347,411
770,989,1759
106,890,996
614,433,1047
911,524,1435
117,676,793
989,915,1904
123,892,1015
800,513,1313
424,169,593
370,519,889
72,805,877
252,789,1041
591,155,746
75,843,918
956,904,1860
661,29,690
792,466,1258
109,994,1103
1,497,498
572,66,638
535,32,567
562,21,583
355,359,714
925,86,1011
759,457,1216
275,774,1049
372,876,1248
336,597,933
130,432,562
852,636,1488
471,522,993
170,178,348
652,955,1607
357,195,552
878,275,1153
522,324,846
178,277,455
671,540,1211
815,152,967
347,717,1064
421,848,1269
672,188,860
406,543,949
872,317,1189
705,756,1461
344,202,546
735,894,1629
967,602,1569
571,716,1287
993,476,1469
204,142,346
272,223,495
18,42,60
245,677,922
194,121,315
68,754,822
608,568,1176
749,715,1464
902,758,1660
64,471,535
358,182,540
914,554,1468
598,39,637
901,750,1651
595,792,1387
900,402,1302
671,14,685
211,619,830
953,188,1141
133,691,824
142,582,724
325,709,1034
391,111,502
495,145,640
934,668,1602
846,279,1125
610,143,753
320,69,389
227,451,678
241,898,1139
744,893,1637
413,415,828
901,241,1142
375,273,648
267,34,301
780,961,1741
363,770,1133
465,696,1161
171,989,1160
944,76,1020
967,51,1018
208,359,567
545,837,1382
593,416,1009
0,982,982
647,662,1309
335,100,435
455,394,849
11,195,206
968,822,1790
539,719,1258
588,82,670
714,448,1162
862,278,1140
71,613,684
761,458,1219
834,532,1366
571,269,840
308,194,502
122,965,1087
435,119,554
888,356,1244
584,355,939
322,296,618
90,585,675
84,429,513
183,655,838
670,694,1364
143,93,236
989,679,1668
985,95,1080
866,305,1171
862,548,1410
147,172,319
19,244,263
318,785,1103
997,809,1806
771,76,847
864,406,1270
697,194,891
876,558,1434
263,424,687
700,978,1678
963,809,1772
456,676,1132
638,55,693
869,299,1168
39,955,994
240,245,485
875,893,1768
841,445,1286
678,679,1357
704,943,1647
511,190,701
83,409,492
59,519,578
229,565,794
862,145,1007
206,481,687
52,831,883
36,361,397
442,315,757
119,947,1066
397,850,1247
255,524,779
726,758,1484
116,826,942
144,988,1132
910,412,1322
323,643,966
478,460,938
419,427,846
953,626,1579
279,261,540
212,46,258
896,441,1337
590,432,1022
451,721,1172
439,576,1015
482,525,1007
950,522,1472
43,764,807
121,531,652
997,572,1569
217,289,506
563,85,648
808,447,1255
474,610,1084
141,879,1020
623,705,1328
521,118,639
906,728,1634
250,901,1151
765,743,1508
609,248,857
305,862,1167
562,51,613
785,456,1241
338,732,1070
268,395,663
255,793,1048
67,900,967
305,85,390
468,994,1462
304,554,858
756,429,1185
433,351,784
411,685,1096
762,330,1092
699,198,897
555,29,584
817,972,1789
319,703,1022
683,172,855
316,240,556
272,766,1038
131,625,756
220,259,479
820,564,1384
30,539,569
0,274,274
473,155,628
274,77,351
33,126,159
955,476,1431
968,635,1603
299,781,1080
991,454,1445
252,705,957
590,19,609
994,736,1730
37,631,668
862,290,1152
494,159,653
229,237,466
504,811,1315
985,980,1965
113,90,203
80,949,1029
121,469,590
778,295,1073
298,526,824
400,102,502
338,442,780
265,569,834
299,606,905
811,360,1171
786,735,1521
212,661,873
368,807,1175
950,540,1490
441,48,489
389,538,927
58,991,1049
608,274,882
619,541,1160
43,202,245
817,46,863
315,649,964
567,342,909
360,617,977
79,428,507
862,221,1083
157,104,261
828,583,1411
328,981,1309
291,474,765
447,649,1096
428,737,1165
425,49,474
280,749,1029
972,35,1007
604,325,929
147,740,887
640,203,843
681,933,1614
686,510,1196
821,76,897
176,611,787
849,997,1846
785,343,1128
387,773,1160
224,221,445
729,133,862
58,122,180
222,696,918
994,165,1159
160,751,911
840,280,1120
942,773,1715
990,617,1607
242,22,264
305,155,460
673,41,714
575,777,1352
817,114,931
900,439,1339
66,39,105
498,242,740
164,740,904
969,409,1378
386,816,1202
735,323,1058
736,917,1653
718,166,884
856,13,869
220,48,268
631,504,1135
388,816,1204
875,876,1751
644,924,1568
159,897,1056
836,548,1384
570,136,706
265,136,401
33,489,522
88,776,864
458,297,755
734,478,1212
528,85,613
489,45,534
697,7,704
869,762,1631
639,275,914
4,831,835
463,398,861
931,993,1924
997,667,1664
573,932,1505
830,147,977
642,122,764
736,679,1415
45,198,243
26,759,785
909,497,1406
89,24,113
678,904,1582
317,321,638
507,920,1427
36,79,115
229,984,1213
748,119,867
610,768,1378
839,791,1630
856,28,884
159,127,286
808,754,1562
364,278,642
838,849,1687
68,638,706
617,918,1535
649,399,1048
606,683,1289
164,511,675
361,235,596
579,921,1500
52,224,276
506,376,882
377,217,594
801,273,1074
811,583,1394
826,664,1490
824,155,979
191,705,896
289,217,506
815,14,829
546,643,1189
344,681,1025
833,152,985
334,407,741
347,338,685
61,635,696
145,561,706
753,286,1039
146,592,738
65,867,932
231,336,567
174,586,760
843,426,1269
877,746,1623
416,232,648
543,185,728
710,696,1406
796,515,1311
327,994,1321
482,50,532
927,383,1310
268,343,611
396,241,637
61,395,456
28,34,62
769,779,1548
600,168,768
882,687,1569
156,626,782
48,109,157
740,221,961
722,396,1118
28,301,329
899,514,1413
900,729,1629
327,497,824
90,760,850
866,748,1614
970,427,1397
565,395,960
718,276,994
851,741,1592
102,140,242
451,701,1152
402,520,922
969,896,1865
394,35,429
713,429,1142
490,877,1367
817,370,1187
686,755,1441
724,601,1325
487,483,970
20,24,44
493,871,1364
714,439,1153
649,303,952
343,182,525
746,290,1036
778,806,1584
1000,302,1302
101,899,1000
301,804,1105
645,33,678
817,550,1367
787,843,1630
244,306,550
250,690,940
74,738,812
484,504,988
871,387,1258
867,241,1108
140,608,748
364,690,1054
901,582,1483
220,21,241
18,618,636
820,535,1355
271,863,1134
880,86,966
742,265,1007
673,568,1241
96,774,870
977,319,1296
880,665,1545
663,468,1131
960,175,1135
769,780,1549
548,601,1149
711,654,1365
12,905,917
8,351,359
469,951,1420
692,486,1178
400,844,1244
144,741,885
42,432,474
326,182,508
701,709,1410
877,828,1705
294,623,917
919,370,1289
478,689,1167
603,235,838
416,395,811
335,922,1257
541,905,1446
815,599,1414
236,396,632
632,10,642
874,71,945
229,476,705
595,914,1509
415,517,932
307,522,829
249,349,598
121,802,923
329,328,657
190,880,1070
450,273,723
237,11,248
995,653,1648
209,680,889
553,213,766
290,419,709
157,926,1083
685,587,1272
955,404,1359
80,278,358
292,850,1142
925,859,1784
511,457,968
702,747,1449
299,953,1252
776,392,1168
173,387,560
998,372,1370
36,539,575
56,217,273
952,48,1000
629,663,1292
542,860,1402
267,316,583
826,673,1499
291,175,466
532,103,635
138,326,464
58,453,511
728,996,1724
438,690,1128
688,33,721
852,12,864
418,908,1326
566,288,854
341,101,442
638,911,1549
582,196,778
488,840,1328
247,77,324
608,654,1262
907,231,1138
199,358,557
295,443,738
901,769,1670
745,736,1481
864,397,1261
721,306,1027
693,785,1478
844,266,1110
661,670,1331
278,711,989
57,304,361
638,500,1138
794,844,1638
191,406,597
242,237,479
423,81,504
334,276,610
292,725,1017
585,569,1154
72,444,516
172,105,277
648,392,1040
973,8,981
668,156,824
354,449,803
608,157,765
988,866,1854
794,549,1343
971,549,1520
543,562,1105
214,497,711
644,975,1619
757,669,1426
114,746,860
937,146,1083
969,209,1178
272,293,565
255,598,853
458,104,562
44,25,69
32,796,828
97,587,684
430,899,1329
413,334,747
194,668,862
585,169,754
201,658,859
373,245,618
882,541,1423
185,114,299
684,526,1210
903,228,1131
801,227,1028
377,184,561
875,503,1378
778,49,827
873,870,1743
372,672,1044
791,687,1478
559,676,1235
455,995,1450
920,676,1596
751,766,1517
693,805,1498
941,152,1093
7,81,88
399,677,1076
651,193,844
205,44,249
556,301,857
235,909,1144
283,848,1131
643,768,1411
636,95,731
797,853,1650
108,848,956
294,626,920
306,953,1259
540,898,1438
713,34,747
254,861,1115
558,545,1103
218,564,782
918,835,1753
903,773,1676
601,381,982
164,778,942
910,201,1111
329,718,1047
507,697,1204
298,792,1090
97,843,940
648,166,814
470,367,837
505,296,801
52,184,236
132,330,462
714,365,1079
55,485,540
812,42,854
415,912,1327
371,211,582
428,439,867
604,435,1039
657,752,1409
863,589,1452
189,163,352
82,514,596
660,132,792
153,811,964
993,260,1253
551,261,812
986,823,1809
807,924,1731
180,523,703
47,947,994
724,253,977
919,126,1045
562,150,712
779,233,1012
499,166,665
615,179,794
240,197,437
606,328,934
726,482,1208
777,695,1472
100,618,718
624,661,1285
592,557,1149
679,616,1295
188,689,877
128,476,604
806,521,1327
315,871,1186
445,964,1409
2,13,15
462,218,680
287,123,410
884,453,1337
687,101,788
81,334,415
831,790,1621
921,277,1198
250,988,1238
473,80,553
171,128,299
561,886,1447
509,693,1202
390,840,1230
291,600,891
712,410,1122
261,687,948
796,69,865
131,489,620
155,470,625
857,439,1296
590,637,1227
378,994,1372
775,855,1630
405,129,534
906,898,1804
462,946,1408
987,335,1322
473,913,1386
771,616,1387
598,493,1091
498,428,926
961,316,1277
300,462,762
604,340,944
375,220,595
989,488,1477
462,844,1306
927,176,1103
728,357,1085
556,77,633
530,356,886
165,91,256
262,509,771
28,351,379
946,385,1331
796,714,1510
99,361,460
592,267,859
895,859,1754
908,718,1626
489,871,1360
923,800,1723
30,678,708
167,182,349
107,770,877
671,770,1441
481,209,690
242,400,642
996,53,1049
128,548,676
894,820,1714
597,236,833
231,785,1016
568,255,823
871,202,1073
903,330,1233
791,138,929
100,892,992
459,174,633
820,652,1472
381,444,825
676,268,944
49,523,572
677,282,959
63,198,261
960,377,1337
118,890,1008
429,424,853
400,623,1023
866,483,1349
419,101,520
127,813,940
681,522,1203
238,896,1134
693,834,1527
641,368,1009
979,397,1376
168,588,756
945,383,1328
840,104,944
980,31,1011
384,658,1042
659,829,1488
298,476,774
293,318,611
723,152,875
213,664,877
884,61,945
153,739,892
934,979,1913
986,677,1663
93,816,909
77,893,970
173,393,566
536,549,1085
60,146,206
824,576,1400
258,640,898
831,0,831
611,302,913
786,154,940
225,260,485
64,6,70
622,125,747
340,825,1165
386,595,981
938,358,1296
873,449,1322
996,357,1353
35,132,167
395,288,683
662,676,1338
491,510,1001
386,832,1218
806,319,1125
651,590,1241
84,625,709
708,197,905
331,105,436
555,260,815
82,980,1062
459,144,603
661,401,1062
903,600,1503
666,695,1361
491,766,1257
877,409,1286
179,939,1118
116,886,1002
460,197,657
883,860,1743
176,706,882
538,948,1486
334,848,1182
144,749,893
422,11,433
694,733,1427
517,511,1028
977,744,1721
802,204,1006
253,581,834
928,231,1159
571,248,819
694,153,847
354,368,722
539,66,605
984,796,1780
126,481,607
216,293,509
396,84,480
461,208,669
721,286,1007
272,45,317
682,13,695
780,246,1026
489,270,759
483,883,1366
423,19,442
706,434,1140
185,302,487
122,992,1114
500,206,706
191,957,1148
811,146,957
485,438,923
334,467,801
315,821,1136
921,100,1021
556,823,1379
386,813,1199
220,261,481
968,509,1477
818,130,948
837,954,1791
307,319,626
327,791,1118
276,33,309
580,815,1395
609,394,1003
104,722,826
745,714,1459
349,783,1132
764,643,1407
586,9,595
75,730,805
736,543,1279
623,485,1108
170,397,567
387,79,466
284,824,1108
405,788,1193
990,829,1819
439,973,1412
656,484,1140
134,280,414
798,787,1585
758,66,824
324,530,854
260,20,280
147,353,500
40,131,171
508,106,614
695,912,1607
706,1000,1706
104,379,483
883,73,956
77,582,659
256,159,415
375,294,669
630,446,1076
991,841,1832
306,7,313
142,244,386
749,630,1379
880,920,1800
279,66,345
737,565,1302
171,804,975
306,139,445
496,828,1324
897,613,1510
324,354,678
433,601,1034
852,146,998
685,168,853
670,921,1591
618,843,1461
775,18,793
667,597,1264
39,566,605
25,330,355
578,321,899
307,212,519
781,59,840
615,643,1258
910,17,927
412,421,833
828,830,1658
910,119,1029
553,79,632
649,505,1154
659,776,1435
387,528,915
449,897,1346
126,989,1115
862,121,983
290,686,976
361,190,551
557,712,1269
750,165,915
762,820,1582
562,46,608
76,881,957
392,33,425
325,847,1172
897,751,1648
24,193,217
209,609,818
492,475,967
727,646,1373
964,595,1559
403,100,503
487,849,1336
552,834,1386
817,241,1058
740,960,1700
497,401,898
676,974,1650
914,612,1526
138,803,941
778,145,923
907,173,1080
35,625,660
681,578,1259
782,17,799
984,445,1429
400,118,518
929,212,1141
237,8,245
159,112,271
301,437,738
631,556,1187
696,974,1670
363,262,625
539,121,660
459,955,1414
0,683,683
368,210,578
688,870,1558
580,294,874
663,381,1044
766,357,1123
740,112,852
590,795,1385
380,901,1281
101,62,163
883,45,928
932,859,1791
610,54,664
209,158,367
762,816,1578
844,437,1281
761,672,1433
705,821,1526
416,159,575
995,102,1097
432,658,1090
969,758,1727
258,559,817
44,326,370
572,190,762
215,980,1195
359,138,497
892,234,1126
794,35,829
911,25,936
524,57,581
945,456,1401
370,5,375
984,58,1042
865,502,1367
119,923,1042
779,895,1674
375,544,919
264,138,402
626,145,771
847,72,919
151,851,1002
475,457,932
2,766,768
53,67,120
837,738,1575
44,142,186
74,443,517
542,156,698
336,461,797
588,5,593
265,632,897
464,420,884
605,735,1340
39,581,620
146,758,904
414,480,894
400,132,532
544,236,780
457,186,643
729,983,1712
520,326,846
447,238,685
859,146,1005
450,955,1405
170,619,789
282,401,683
427,24,451
566,92,658
117,382,499
993,504,1497
324,436,760
426,370,796
566,538,1104
897,613,1510
805,813,1618
657,434,1091
649,85,734
237,54,291
55,697,752
776,400,1176
5,817,822
291,743,1034
384,527,911
712,592,1304
738,579,1317
631,579,1210
53,283,336
518,245,763
438,453,891
977,190,1167
679,843,1522
973,825,1798
854,183,1037
649,149,798
708,227,935
216,831,1047
123,904,1027
760,653,1413
118,910,1028
173,468,641
840,86,926
914,991,1905
507,380,887
966,384,1350
290,989,1279
410,929,1339
415,930,1345
938,332,1270
868,216,1084
265,7,272
108,938,1046
430,635,1065
162,271,433
249,887,1136
261,71,332
365,947,1312
486,239,725
138,251,389
157,112,269
322,309,631
172,877,1049
576,538,1114
40,218,258
583,834,1417
701,312,1013
65,966,1031
130,289,419
341,838,1179
865,745,1610
926,462,1388
807,950,1757
838,947,1785
548,886,1434
393,844,1237
822,682,1504
689,165,854
256,100,356
447,188,635
44,900,944
862,290,1152
713,93,806
97,335,432
314,158,472
534,306,840
196,368,564
872,324,1196
499,228,727
389,406,795
547,768,1315
435,169,604
713,807,1520
70,511,581
934,969,1903
505,980,1485
885,634,1519
801,40,841
51,999,1050
127,956,1083
641,321,962
649,673,1322
774,399,1173
382,888,1270
141,228,369
206,949,1155
538,506,1044
564,36,600
337,451,788
630,262,892
730,896,1626
439,884,1323
420,71,491
941,534,1475
360,86,446
466,83,549
565,972,1537
441,600,1041
426,668,1094
462,661,1123
366,129,495
239,799,1038
601,309,910
473,55,528
949,90,1039
700,625,1325
424,864,1288
695,295,990
753,509,1262
678,490,1168
583,175,758
846,565,1411
253,83,336
539,451,990
283,788,1071
613,856,1469
22,16,38
212,381,593
32,746,778
165,481,646
382,121,503
889,161,1050
620,526,1146
328,185,513
887,336,1223
218,637,855
46,208,254
485,795,1280
605,816,1421
247,527,774
535,196,731
47,660,707
692,432,1124
654,477,1131
308,674,982
145,434,579
520,353,873
251,266,517
707,668,1375
176,120,296
153,374,527
255,441,696
402,343,745
162,177,339
942,440,1382
825,239,1064
864,904,1768
135,394,529
464,703,1167
849,383,1232
869,643,1512
187,268,455
964,561,1525
544,437,981
170,616,786
500,419,919
205,677,882
865,219,1084
683,971,1654
873,789,1662
680,313,993
486,49,535
460,78,538
108,55,163
816,294,1110
398,260,658
473,61,534
428,217,645
934,17,951
170,83,253
309,331,640
17,799,816
426,841,1267
772,716,1488
78,411,489
470,482,952
486,729,1215
139,727,866
593,293,886
279,972,1251
253,843,1096
61,213,274
165,617,782
924,46,970
724,588,1312
291,888,1179
249,573,822
176,798,974
104,463,567
71,936,1007
128,148,276
379,511,890
464,996,1460
66,532,598
844,619,1463
974,919,1893
226,207,433
189,51,240
482,881,1363
767,37,804
607,764,1371
203,365,568
567,503,1070
667,152,819
428,612,1040
179,848,1027
984,264,1248
325,960,1285
804,789,1593
753,435,1188
523,894,1417
736,987,1723
417,260,677
23,120,143
642,508,1150
829,456,1285
48,817,865
653,84,737
7,905,912
218,935,1153
615,305,920
685,941,1626
133,963,1096
959,921,1880
884,483,1367
59,216,275
509,501,1010
124,193,317
181,509,690
31,801,832
968,604,1572
86,84,170
138,774,912
58,820,878
198,375,573
481,69,550
472,915,1387
192,505,697
368,691,1059
23,729,752
411,604,1015
757,212,969
977,973,1950
752,647,1399
411,608,1019
558,423,981
329,433,762
616,104,720
885,379,1264
423,533,956
457,949,1406
107,500,607
520,800,1320
520,581,1101
105,760,865
511,693,1204
112,650,762
635,828,1463
4,941,945
381,155,536
447,923,1370
162,474,636
558,701,1259
318,166,484
211,50,261
771,177,948
881,82,963
958,439,1397
853,249,1102
973,45,1018
210,592,802
486,723,1209
447,759,1206
327,741,1068
839,699,1538
781,806,1587
151,267,418
713,58,771
214,65,279
152,558,710
76,3,79
917,31,948
135,968,1103
443,87,530
75,165,240
698,484,1182
844,552,1396
429,460,889
487,793,1280
535,58,593
357,435,792
71,166,237
287,113,400
628,507,1135
260,532,792
601,176,777
49,661,710
481,827,1308
209,776,985
390,710,1100
733,643,1376
249,317,566
996,937,1933
442,287,729
264,283,547
922,925,1847
196,201,397
528,399,927
774,451,1225
780,204,984
74,392,466
938,7,945
570,117,687
550,429,979
213,150,363
835,948,1783
576,678,1254
814,54,868
160,586,746
284,989,1273
955,700,1655
243,737,980
981,157,1138
480,653,1133
92,676,768
800,735,1535
553,545,1098
554,311,865
300,7,307
288,69,357
9,67,76
301,181,482
451,453,904
623,471,1094
453,634,1087
546,680,1226
552,420,972
293,416,709
607,427,1034
806,507,1313
426,154,580
783,195,978
32,230,262
164,469,633
34,245,279
608,127,735
361,16,377
932,526,1458
178,699,877
213,921,1134
197,22,219
611,928,1539
883,611,1494
740,144,884
195,561,756
575,368,943
509,240,749
798,243,1041
594,564,1158
747,180,927
645,313,958
730,787,1517
409,663,1072
946,902,1848
929,934,1863
668,659,1327
27,588,615
391,11,402
550,401,951
764,770,1534
231,899,1130
140,9,149
122,316,438
178,149,327
52,741,793
247,777,1024
584,141,725
101,290,391
396,523,919
550,529,1079
54,74,128
399,546,945
906,528,1434
485,640,1125
898,241,1139
801,440,1241
125,539,664
685,176,861
869,154,1023
630,360,990
333,155,488
44,306,350
214,531,745
159,267,426
843,226,1069
280,468,748
401,268,669
56,982,1038
720,397,1117
202,578,780
506,158,664
73,902,975
197,153,350
246,146,392
879,106,985
26,23,49
955,552,1507
750,29,779
463,258,721
507,584,1091
49,909,958
839,260,1099
659,101,760
52,25,77
721,660,1381
787,161,948
834,145,979
289,277,566
4,358,362
1000,804,1804
913,511,1424
868,781,1649
190,225,415
858,882,1740
17,218,235
501,624,1125
524,282,806
931,647,1578
944,165,1109
186,32,218
70,301,371
943,815,1758
197,147,344
384,93,477
505,232,737
501,994,1495
587,46,633
133,63,196
534,745,1279
223,161,384
33,298,331
256,930,1186
10,876,886
641,780,1421
720,724,1444
427,473,900
741,276,1017
129,197,326
33,605,638
838,139,977
133,744,877
429,73,502
360,243,603
341,814,1155
316,627,943
389,696,1085
684,715,1399
141,798,939
637,86,723
335,57,392
965,245,1210
128,937,1065
32,717,749
705,809,1514
796,605,1401
349,20,369
309,755,1064
620,453,1073
995,698,1693
897,603,1500
573,137,710
35,570,605
874,491,1365
259,497,756
91,111,202
423,384,807
897,552,1449
196,521,717
859,184,1043
229,720,949
817,385,1202
282,441,723
655,311,966
460,151,611
227,432,659
415,262,677
155,13,168
924,950,1874
136,181,317
741,245,986
41,776,817
952,645,1597
983,945,1928
413,232,645
207,515,722
722,720,1442
494,223,717
72,20,92
229,260,489
622,494,1116
586,338,924
767,551,1318
667,99,766
370,268,638
350,391,741
183,728,911
192,202,394
283,707,990
591,558,1149
47,157,204
70,943,1013
45,48,93
772,42,814
443,624,1067
724,705,1429
297,736,1033
664,34,698
564,74,638
748,63,811
580,604,1184
244,201,445
647,722,1369
373,991,1364
211,810,1021
617,163,780
446,864,1310
458,80,538
729,74,803
379,263,642
526,369,895
448,30,478
311,599,910
204,632,836
726,80,806
426,837,1263
547,274,821
343,26,369
971,334,1305
561,642,1203
357,94,451
723,314,1037
408,752,1160
94,240,334
988,313,1301
956,977,1933
934,673,1607
140,935,1075
616,511,1127
960,852,1812
352,844,1196
924,45,969
337,832,1169
144,55,199
750,694,1444
303,139,442
620,103,723
496,369,865
173,737,910
887,494,1381
393,148,541
576,113,689
608,900,1508
451,624,1075
97,424,521
676,266,942
90,295,385
592,269,861
137,723,860
184,948,1132
810,935,1745
956,208,1164
928,650,1578
842,681,1523
827,328,1155
687,165,852
983,942,1925
180,434,614
361,112,473
710,56,766
677,820,1497
881,715,1596
819,161,980
508,755,1263
973,929,1902
520,156,676
553,359,912
72,328,400
953,553,1506
739,781,1520
574,179,753
500,105,605
272,175,447
942,468,1410
520,603,1123
694,915,1609
342,303,645
969,341,1310
432,848,1280
8,67,75
40,285,325
645,847,1492
823,550,1373
940,500,1440
432,65,497
166,206,372
209,15,224
744,811,1555
769,128,897
570,592,1162
160,748,908
200,254,454
947,124,1071
998,839,1837
647,269,916
858,920,1778
116,9,125
938,77,1015
638,289,927
764,345,1109
204,701,905
330,503,833
340,892,1232
940,955,1895
77,377,454
662,416,1078
864,495,1359
716,592,1308
668,349,1017
113,709,822
383,732,1115
204,843,1047
406,528,934
870,734,1604
162,661,823
923,987,1910
523,47,570
617,582,1199
373,810,1183
207,402,609
554,440,994
918,881,1799
429,719,1148
302,613,915
814,808,1622
121,622,743
897,526,1423
982,763,1745
534,529,1063
517,715,1232
712,751,1463
605,899,1504
776,944,1720
416,410,826
684,172,856
881,363,1244
850,54,904
112,178,290
957,265,1222
351,154,505
340,566,906
173,307,480
852,692,1544
927,344,1271
916,959,1875
403,686,1089
261,851,1112
695,42,737
869,134,1003
474,865,1339
185,449,634
373,429,802
763,689,1452
277,207,484
278,879,1157
242,462,704
396,581,977
204,360,564
145,582,727
463,855,1318
446,92,538
318,170,488
296,705,1001
732,884,1616
224,861,1085
368,80,448
25,137,162
880,750,1630
360,558,918
706,665,1371
896,944,1840
577,478,1055
63,217,280
849,697,1546
398,434,832
493,924,1417
995,966,1961
964,821,1785
220,363,583
394,398,792
571,948,1519
199,471,670
686,716,1402
924,508,1432
411,372,783
627,576,1203
943,972,1915
480,116,596
22,779,801
714,49,763
473,745,1218
910,840,1750
96,975,1071
527,578,1105
392,785,1177
577,981,1558
987,519,1506
6,847,853
87,564,651
905,820,1725
85,775,860
424,253,677
416,449,865
360,43,403
256,868,1124
748,697,1445
151,105,256
76,579,655
461,869,1330
542,861,1403
717,884,1601
439,42,481
153,115,268
112,746,858
238,630,868
976,516,1492
666,274,940
376,783,1159
450,476,926
170,804,974
511,123,634
121,219,340
871,482,1353
708,17,725
666,299,965
591,984,1575
400,113,513
542,354,896
212,925,1137
23,609,632
526,331,857
743,596,1339
108,160,268
255,800,1055
108,497,605
741,330,1071
547,834,1381
457,701,1158
423,125,548
483,471,954
468,880,1348
28,785,813
629,932,1561
505,652,1157
47,506,553
743,178,921
698,60,758
328,334,662
786,662,1448
0,634,634
438,791,1229
801,559,1360
861,984,1845
351,204,555
335,158,493
91,629,720
674,134,808
293,214,507
274,733,1007
345,22,367
796,530,1326
186,382,568
535,192,727
153,20,173
946,450,1396
280,920,1200
533,767,1300
732,175,907
369,608,977
142,626,768
554,76,630
360,13,373
466,194,660
868,961,1829
130,54,184
618,101,719
861,376,1237
393,237,630
14,618,632
185,946,1131
506,815,1321
984,703,1687
951,774,1725
287,798,1085
444,640,1084
321,692,1013
530,976,1506
105,965,1070
524,57,581
379,624,1003
410,792,1202
36,917,953
138,700,838
179,508,687
261,910,1171
366,607,973
238,850,1088
616,779,1395
46,284,330
717,906,1623
725,439,1164
516,171,687
350,369,719
899,343,1242
316,137,453
113,817,930
883,168,1051
173,849,1022
225,815,1040
597,668,1265
732,209,941
569,886,1455
995,699,1694
366,120,486
193,617,810
670,907,1577
227,256,483
849,690,1539
534,764,1298
509,652,1161
204,768,972
893,353,1246
824,209,1033
21,463,484
583,397,980
420,955,1375
396,630,1026
790,683,1473
739,448,1187
696,774,1470
876,310,1186
314,697,1011
15,892,907
662,352,1014
360,199,559
259,327,586
247,105,352
399,11,410
593,828,1421
280,579,859
330,568,898
55,597,652
771,589,1360
992,544,1536
150,143,293
809,481,1290
578,272,850
479,846,1325
962,785,1747
401,614,1015
985,423,1408
735,928,1663
178,212,390
44,769,813
631,952,1583
834,881,1715
101,61,162
354,862,1216
612,956,1568
379,245,624
694,133,827
680,475,1155
805,666,1471
939,141,1080
231,578,809
510,525,1035
751,720,1471
907,951,1858
591,308,899
703,695,1398
628,810,1438
906,822,1728
560,423,983
400,294,694
484,230,714
634,7,641
368,824,1192
987,68,1055
903,243,1146
74,966,1040
890,476,1366
504,665,1169
513,961,1474
891,154,1045
977,751,1728
334,234,568
116,84,200
148,229,377
669,526,1195
484,430,914
572,546,1118
1,366,367
137,568,705
639,193,832
264,329,593
423,82,505
702,425,1127
684,778,1462
967,17,984
160,683,843
243,648,891
528,101,629
619,648,1267
227,120,347
801,300,1101
523,449,972
288,550,838
419,759,1178
416,691,1107
603,4,607
433,70,503
124,564,688
881,753,1634
63,211,274
809,339,1148
302,811,1113
437,672,1109
492,230,722
709,710,1419
557,53,610
96,200,296
480,195,675
204,572,776
926,17,943
988,548,1536
647,568,1215
741,85,826
250,44,294
383,841,1224
530,632,1162
775,579,1354
0,163,163
380,576,956
330,105,435
558,319,877
935,783,1718
320,894,1214
441,702,1143
201,217,418
705,354,1059
816,12,828
976,205,1181
979,418,1397
132,797,929
8,684,692
337,918,1255
677,292,969
667,810,1477
279,162,441
16,244,260
821,507,1328
855,26,881
881,735,1616
297,466,763
584,180,764
497,800,1297
468,396,864
738,656,1394
742,801,1543
337,334,671
970,455,1425
688,268,956
501,135,636
661,480,1141
279,270,549
748,743,1491
94,140,234
247,851,1098
700,390,1090
906,673,1579
822,187,1009
235,152,387
216,540,756
387,399,786
855,182,1037
877,126,1003
559,321,880
899,674,1573
828,779,1607
533,632,1165
132,875,1007
981,144,1125
89,347,436
207,549,756
491,43,534
596,823,1419
719,743,1462
510,908,1418
48,161,209
475,69,544
205,982,1187
245,338,583
909,677,1586
35,740,775
147,775,922
61,882,943
485,646,1131
630,785,1415
148,732,880
391,703,1094
860,344,1204
74,40,114
640,86,726
659,177,836
337,225,562
851,609,1460
61,888,949
374,935,1309
591,516,1107
924,933,1857
107,307,414
943,454,1397
862,248,1110
585,841,1426
384,621,1005
550,68,618
350,969,1319
562,876,1438
716,464,1180
903,566,1469
745,75,820
646,884,1530
900,629,1529
376,178,554
634,680,1314
425,789,1214
915,762,1677
20,211,231
928,529,1457
323,995,1318
601,419,1020
745,827,1572
833,382,1215
258,106,364
544,501,1045
507,784,1291
160,190,350
537,234,771
350,482,832
311,800,1111
485,156,641
821,99,920
424,825,1249
986,573,1559
556,373,929
313,15,328
359,65,424
282,370,652
404,649,1053
543,359,902
737,699,1436
393,916,1309
216,921,1137
905,218,1123
301,623,924
921,159,1080
638,271,909
583,806,1389
354,32,386
117,164,281
718,865,1583
595,429,1024
871,326,1197
577,989,1566
789,288,1077
808,231,1039
456,379,835
525,865,1390
33,34,67
376,992,1368
494,944,1438
868,233,1101
17,182,199
178,696,874
452,544,996
641,325,966
711,769,1480
900,190,1090
37,215,252
875,109,984
95,432,527
807,229,1036
909,268,1177
54,28,82
509,91,600
616,833,1449
838,292,1130
451,913,1364
867,823,1690
753,428,1181
609,115,724
445,105,550
137,161,298
852,275,1127
46,411,457
465,293,758
966,767,1733
711,208,919
297,666,963
932,433,1365
955,63,1018
582,251,833
411,162,573
556,662,1218
167,642,809
84,753,837
701,423,1124
369,60,429
170,648,818
290,924,1214
601,733,1334
26,941,967
556,306,862
976,789,1765
635,753,1388
132,618,750
515,121,636
299,715,1014
651,90,741
914,829,1743
619,252,871
596,510,1106
855,575,1430
609,876,1485
405,48,453
699,960,1659
871,749,1620
354,916,1270
517,791,1308
65,875,940
883,934,1817
780,183,963
70,322,392
838,235,1073
195,10,205
161,684,845
659,190,849
140,842,982
378,779,1157
218,284,502
560,498,1058
806,358,1164
705,633,1338
712,218,930
429,866,1295
775,538,1313
718,473,1191
768,182,950
733,48,781
373,86,459
131,88,219
321,797,1118
870,225,1095
357,29,386
201,102,303
147,906,1053
949,435,1384
504,115,619
302,626,928
211,385,596
741,912,1653
769,834,1603
946,310,1256
481,750,1231
85,104,189
455,520,975
964,17,981
141,783,924
804,368,1172
154,394,548
659,858,1517
666,114,780
690,535,1225
651,891,1542
621,819,1440
741,876,1617
462,497,959
731,942,1673
82,626,708
787,933,1720
175,413,588
757,790,1547
101,247,348
218,308,526
866,249,1115
170,872,1042
749,585,1334
697,352,1049
473,988,1461
604,764,1368
989,204,1193
985,35,1020
405,682,1087
944,963,1907
843,70,913
11,612,623
335,909,1244
340,172,512
557,791,1348
766,772,1538
508,135,643
811,902,1713
440,67,507
144,162,306
327,694,1021
559,495,1054
597,690,1287
165,499,664
847,644,1491
554,964,1518
711,67,778
584,573,1157
432,61,493
50,252,302
701,552,1253
552,119,671
170,773,943
907,53,960
523,242,765
261,838,1099
167,400,567
640,747,1387
227,197,424
347,679,1026
907,120,1027
592,910,1502
755,384,1139
244,14,258
944,153,1097
753,816,1569
1000,101,1101
188,287,475
544,908,1452
317,182,499
69,381,450
554,224,778
808,703,1511
656,236,892
384,820,1204
468,710,1178
917,661,1578
658,674,1332
959,700,1659
87,569,656
984,549,1533
473,493,966
256,223,479
383,621,1004
559,665,1224
553,761,1314
228,920,1148
773,874,1647
999,441,1440
730,402,1132
966,190,1156
601,118,719
558,708,1266
902,479,1381
368,817,1185
451,791,1242
435,179,614
736,524,1260
885,303,1188
200,632,832
136,701,837
85,549,634
900,180,1080
32,36,68
921,379,1300
711,943,1654
615,782,1397
222,69,291
776,419,1195
284,427,711
232,545,777
200,365,565
785,320,1105
78,782,860
19,915,934
657,122,779
245,506,751
688,5,693
645,243,888
930,195,1125
116,742,858
880,612,1492
414,763,1177
996,202,1198
684,713,1397
569,576,1145
497,392,889
157,440,597
633,170,803
300,379,679
963,564,1527
43,857,900
810,864,1674
431,469,900
623,947,1570
500,768,1268
142,432,574
505,176,681
359,235,594
84,366,450
417,188,605
276,210,486
11,990,1001
868,961,1829
501,680,1181
450,571,1021
286,630,916
429,555,984
311,176,487
550,209,759
996,840,1836
413,215,628
532,450,982
913,390,1303
240,958,1198
953,149,1102
807,908,1715
734,862,1596
518,562,1080
178,830,1008
576,59,635
215,7,222
962,510,1472
378,948,1326
382,285,667
57,822,879
520,657,1177
52,364,416
104,189,293
130,83,213
232,678,910
685,41,726
64,175,239
634,474,1108
391,446,837
863,324,1187
59,97,156
441,414,855
645,111,756
609,918,1527
825,71,896
48,69,117
329,919,1248
463,852,1315
664,152,816
722,954,1676
9,88,97
545,395,940
102,27,129
575,382,957
689,732,1421
922,844,1766
205,354,559
6,938,944
680,147,827
432,554,986
426,438,864
785,551,1336
548,544,1092
253,649,902
363,525,888
199,887,1086
414,158,572
374,131,505
45,481,526
252,841,1093
223,414,637
207,594,801
322,648,970
715,861,1576
719,332,1051
891,739,1630
240,561,801
640,232,872
551,512,1063
23,127,150
899,9,908
780,145,925
924,564,1488
937,455,1392
569,297,866
133,269,402
110,522,632
523,387,910
424,242,666
20,528,548
178,679,857
821,200,1021
413,366,779
87,332,419
991,622,1613
980,714,1694
72,520,592
94,486,580
994,333,1327
242,528,770
188,195,383
223,472,695
651,335,986
935,761,1696
790,814,1604
477,563,1040
87,857,944
864,434,1298
78,113,191
626,868,1494
925,976,1901
806,112,918
131,588,719
109,565,674
651,442,1093
449,959,1408
383,213,596
89,218,307
888,460,1348
726,805,1531
609,965,1574
585,499,1084
404,889,1293
439,884,1323
852,323,1175
226,244,470
48,227,275
308,631,939
545,476,1021
508,144,652
260,301,561
215,245,460
401,318,719
589,896,1485
758,207,965
619,694,1313
226,472,698
996,485,1481
888,4,892
36,927,963
982,801,1783
442,666,1108
784,236,1020
802,490,1292
526,937,1463
391,453,844
620,979,1599
151,341,492
924,508,1432
619,239,858
27,623,650
222,801,1023
166,599,765
471,693,1164
846,40,886
504,602,1106
878,23,901
761,133,894
994,524,1518
253,80,333
64,649,713
293,940,1233
470,832,1302
85,232,317
545,842,1387
489,732,1221
904,208,1112
862,752,1614
964,535,1499
414,355,769
692,575,1267
355,102,457
805,891,1696
946,675,1621
391,614,1005
814,227,1041
313,747,1060
390,593,983
174,308,482
362,807,1169
552,462,1014
0,3,3
51,997,1048
826,389,1215
5,18,23
369,199,568
758,796,1554
670,430,1100
554,857,1411
374,428,802
73,655,728
829,120,949
668,23,691
456,629,1085
344,551,895
586,24,610
811,736,1547
588,165,753
835,80,915
970,483,1453
341,792,1133
750,866,1616
174,516,690
878,680,1558
324,647,971
170,532,702
2,651,653
101,861,962
455,174,629
932,183,1115
474,861,1335
271,83,354
459,805,1264
621,803,1424
159,438,597
902,430,1332
681,626,1307
432,742,1174
211,662,873
360,249,609
992,576,1568
568,641,1209
68,209,277
483,140,623
198,46,244
117,869,986
684,523,1207
8,440,448
217,103,320
167,544,711
411,290,701
702,936,1638
189,185,374
814,434,1248
895,305,1200
276,731,1007
11,409,420
555,727,1282
633,664,1297
885,321,1206
588,449,1037
505,329,834
282,137,419
357,328,685
332,657,989
555,534,1089
862,22,884
910,377,1287
865,256,1121
155,258,413
4,929,933
115,933,1048
14,943,957
4,674,678
124,912,1036
77,219,296
151,767,918
237,353,590
369,425,794
148,482,630
548,413,961
296,107,403
258,674,932
813,25,838
643,340,983
807,834,1641
416,140,556
446,477,923
654,848,1502
271,293,564
19,290,309
13,261,274
909,976,1885
812,424,1236
905,303,1208
772,18,790
161,730,891
979,954,1933
807,62,869
969,893,1862
489,160,649
639,781,1420
63,415,478
904,441,1345
133,474,607
77,346,423
228,220,448
735,535,1270
248,222,470
321,792,1113
70,763,833
676,56,732
457,460,917
312,501,813
784,932,1716
141,401,542
619,881,1500
917,793,1710
526,970,1496
892,33,925
430,644,1074
209,377,586
10,546,556
673,2,675
351,844,1195
852,792,1644
159,938,1097
698,86,784
311,275,586
779,92,871
788,44,832
642,785,1427
459,222,681
108,364,472
253,361,614
361,424,785
881,851,1732
119,334,453
717,2,719
779,885,1664
444,669,1113
136,631,767
369,822,1191
910,344,1254
660,843,1503
721,442,1163
431,561,992
828,375,1203
652,256,908
927,726,1653
323,453,776
89,304,393
826,337,1163
961,197,1158
882,181,1063
541,449,990
664,634,1298
747,761,1508
819,736,1555
905,362,1267
569,624,1193
311,652,963
621,48,669
508,197,705
181,982,1163
135,546,681
169,501,670
771,359,1130
764,336,1100
176,585,761
923,591,1514
480,358,838
194,768,962
834,548,1382
233,365,598
179,541,720
433,106,539
348,573,921
55,317,372
582,854,1436
162,226,388
500,355,855
26,29,55
681,789,1470
542,376,918
726,478,1204
237,521,758
144,328,472
596,384,980
632,712,1344
854,548,1402
176,677,853
335,963,1298
497,802,1299
934,888,1822
971,24,995
480,883,1363
155,47,202
289,786,1075
432,523,955
447,983,1430
117,198,315
605,547,1152
704,117,821
344,485,829
431,311,742
935,773,1708
325,49,374
506,121,627
727,555,1282
912,689,1601
400,256,656
663,868,1531
27,829,856
595,881,1476
631,160,791
160,442,602
228,848,1076
66,259,325
693,903,1596
349,640,989
266,474,740
626,883,1509
250,11,261
71,204,275
308,672,980
134,623,757
260,21,281
501,920,1421
897,490,1387
638,606,1244
453,94,547
861,920,1781
852,384,1236
216,334,550
860,264,1124
363,311,674
626,462,1088
547,89,636
648,154,802
59,69,128
830,870,1700
559,137,696
373,252,625
996,413,1409
689,21,710
786,536,1322
286,256,542
871,877,1748
749,967,1716
178,938,1116
54,990,1044
283,982,1265
718,378,1096
803,831,1634
583,689,1272
481,510,991
945,269,1214
637,966,1603
308,97,405
743,882,1625
9,234,243
204,523,727
393,214,607
544,77,621
70,837,907
555,806,1361
520,566,1086
881,573,1454
127,791,918
143,622,765
919,76,995
201,86,287
273,406,679
973,786,1759
919,210,1129
462,758,1220
437,890,1327
165,593,758
679,564,1243
772,826,1598
430,743,1173
796,413,1209
480,201,681
870,18,888
918,248,1166
682,285,967
973,161,1134
34,697,731
67,576,643
201,743,944
339,665,1004
79,719,798
651,490,1141
853,801,1654
589,165,754
189,326,515
697,894,1591
749,29,778
102,168,270
422,102,524
506,550,1056
607,687,1294
68,484,552
781,620,1401
160,571,731
565,910,1475
517,129,646
939,235,1174
195,399,594
844,184,1028
779,692,1471
88,584,672
970,786,1756
69,127,196
17,12,29
883,869,1752
591,884,1475
327,248,575
820,132,952
760,800,1560
142,823,965
557,237,794
246,947,1193
124,444,568
357,759,1116
754,812,1566
920,956,1876
112,806,918
239,681,920
849,18,867
364,597,961
961,462,1423
144,281,425
34,942,976
254,895,1149
742,266,1008
600,965,1565
485,759,1244
903,347,1250
248,156,404
214,648,862
834,465,1299
501,515,1016
277,380,657
220,642,862
261,331,592
983,656,1639
975,524,1499
151,788,939
125,392,517
574,547,1121
681,724,1405
387,588,975
443,251,694
857,130,987
989,957,1946
857,155,1012
192,149,341
841,965,1806
375,961,1336
252,23,275
477,669,1146
249,670,919
389,711,1100
541,227,768
578,916,1494
272,492,764
365,491,856
351,202,553
162,675,837
842,137,979
538,648,1186
892,177,1069
188,871,1059
181,756,937
475,738,1213
596,485,1081
82,142,224
104,282,386
461,530,991
555,247,802
561,943,1504
902,526,1428
391,406,797
135,987,1122
969,490,1459
678,847,1525
354,322,676
297,921,1218
369,211,580
264,119,383
157,101,258
591,869,1460
260,634,894
199,313,512
607,60,667
951,475,1426
167,95,262
429,887,1316
504,150,654
770,965,1735
900,482,1382
332,264,596
952,168,1120
405,879,1284
413,204,617
913,719,1632
341,343,684
20,532,552
85,163,248
926,279,1205
372,972,1344
831,953,1784
944,494,1438
801,253,1054
403,296,699
54,151,205
12,688,700
203,220,423
826,918,1744
216,342,558
339,119,458
412,222,634
774,807,1581
853,793,1646
21,143,164
522,489,1011
914,122,1036
23,744,767
480,649,1129
624,697,1321
458,233,691
970,301,1271
79,917,996
269,264,533
95,594,689
580,55,635
901,791,1692
263,60,323
843,493,1336
104,490,594
726,185,911
913,446,1359
769,481,1250
799,562,1361
74,110,184
662,663,1325
454,124,578
403,134,537
542,443,985
339,768,1107
283,456,739
882,840,1722
176,658,834
293,551,844
474,415,889
276,303,579
741,257,998
424,640,1064
318,958,1276
292,504,796
892,773,1665
140,326,466
333,332,665
934,276,1210
289,565,854
937,819,1756
344,645,989
797,848,1645
579,833,1412
905,127,1032
414,934,1348
318,2,320
180,792,972
28,893,921
238,736,974
743,736,1479
141,244,385
309,575,884
595,111,706
680,243,923
719,290,1009
709,472,1181
248,312,560
840,931,1771
958,607,1565
736,550,1286
446,705,1151
959,727,1686
9,692,701
446,718,1164
415,673,1088
927,811,1738
787,863,1650
950,636,1586
311,651,962
612,998,1610
671,463,1134
1,736,737
170,775,945
267,509,776
54,738,792
612,625,1237
516,198,714
303,282,585
134,868,1002
947,68,1015
793,245,1038
327,560,887
318,832,1150
454,241,695
26,115,141
970,615,1585
371,222,593
18,828,846
9,347,356
266,258,524
566,160,726
290,358,648
809,59,868
319,924,1243
61,849,910
129,249,378
771,539,1310
119,663,782
600,789,1389
774,661,1435
937,302,1239
365,274,639
906,110,1016
822,482,1304
132,784,916
787,363,1150
216,727,943
615,625,1240
90,33,123
883,416,1299
809,201,1010
302,169,471
307,109,416
167,90,257
817,328,1145
887,961,1848
697,418,1115
169,975,1144
14,953,967
431,326,757
365,461,826
66,885,951
581,811,1392
875,108,983
14,75,89
587,81,668
693,977,1670
721,453,1174
112,127,239
200,570,770
799,738,1537
729,633,1362
163,339,502
638,850,1488
280,50,330
172,691,863
391,659,1050
568,903,1471
113,984,1097
511,820,1331
653,354,1007
829,62,891
923,354,1277
955,341,1296
503,409,912
555,52,607
733,469,1202
451,946,1397
993,684,1677
456,278,734
798,760,1558
669,368,1037
799,951,1750
666,712,1378
347,170,517
553,743,1296
537,600,1137
688,653,1341
46,347,393
393,880,1273
866,415,1281
705,39,744
621,544,1165
535,942,1477
992,222,1214
459,91,550
758,156,914
878,489,1367
695,90,785
452,959,1411
800,862,1662
88,713,801
347,957,1304
908,730,1638
174,643,817
782,454,1236
345,159,504
97,237,334
61,962,1023
641,479,1120
62,444,506
284,395,679
255,177,432
508,246,754
47,655,702
60,850,910
584,189,773
808,157,965
33,800,833
504,837,1341
89,579,668
701,406,1107
679,905,1584
717,90,807
110,155,265
720,72,792
497,968,1465
597,651,1248
282,874,1156
890,973,1863
403,442,845
218,273,491
222,147,369
247,995,1242
25,447,472
810,555,1365
283,795,1078
505,434,939
265,102,367
233,137,370
518,601,1119
659,562,1221
268,358,626
797,290,1087
957,762,1719
805,282,1087
502,261,763
529,237,766
461,88,549
700,765,1465
212,638,850
852,563,1415
753,323,1076
97,672,769
321,498,819
783,72,855
434,14,448
77,538,615
387,871,1258
643,363,1006
110,782,892
230,994,1224
974,986,1960
11,490,501
980,708,1688
552,856,1408
465,798,1263
771,237,1008
191,959,1150
186,542,728
837,189,1026
860,831,1691
976,997,1973
755,518,1273
321,602,923
967,851,1818
518,874,1392
426,144,570
176,517,693
12,182,194
528,793,1321
471,469,940
136,351,487
979,287,1266
295,601,896
817,988,1805
656,348,1004
222,974,1196
728,889,1617
395,850,1245
360,909,1269
731,13,744
538,805,1343
697,989,1686
779,600,1379
773,734,1507
683,15,698
610,222,832
562,836,1398
562,27,589
889,186,1075
269,603,872
239,70,309
400,195,595
343,896,1239
937,798,1735
462,533,995
271,43,314
171,849,1020
561,97,658
749,696,1445
851,145,996
336,596,932
235,82,317
477,78,555
392,683,1075
764,487,1251
828,731,1559
880,177,1057
632,65,697
19,257,276
203,926,1129
556,643,1199
507,593,1100
317,418,735
694,81,775
230,866,1096
370,164,534
529,951,1480
258,42,300
825,871,1696
109,671,780
759,772,1531
443,43,486
540,805,1345
521,273,794
760,15,775
471,897,1368
807,635,1442
631,928,1559
263,817,1080
427,128,555
147,194,341
911,985,1896
216,388,604
192,754,946
257,303,560
190,754,944
773,308,1081
12,335,347
323,572,895
489,277,766
502,704,1206
936,987,1923
350,864,1214
80,47,127
415,451,866
714,614,1328
581,68,649
900,177,1077
174,826,1000
780,359,1139
25,719,744
410,833,1243
272,894,1166
620,212,832
668,72,740
829,664,1493
547,418,965
735,943,1678
452,783,1235
863,284,1147
617,6,623
291,482,773
821,658,1479
501,114,615
557,679,1236
62,679,741
435,993,1428
282,348,630
209,88,297
592,759,1351
304,371,675
536,588,1124
229,722,951
747,737,1484
611,297,908
313,640,953
347,126,473
465,798,1263
389,734,1123
545,420,965
661,112,773
341,804,1145
865,360,1225
834,874,1708
753,564,1317
369,5,374
53,548,601
914,163,1077
104,72,176
696,789,1485
115,218,333
146,432,578
261,651,912
782,772,1554
529,209,738
744,542,1286
515,302,817
434,304,738
22,285,307
97,988,1085
373,880,1253
132,883,1015
763,215,978
204,587,791
629,368,997
182,169,351
257,857,1114
407,118,525
671,808,1479
404,286,690
207,667,874
774,621,1395
83,307,390
738,357,1095
161,889,1050
706,715,1421
110,878,988
558,349,907
155,93,248
276,384,660
945,124,1069
155,863,1018
951,54,1005
15,198,213
801,373,1174
94,913,1007
977,282,1259
161,680,841
892,198,1090
677,644,1321
805,584,1389
283,430,713
644,616,1260
138,325,463
336,399,735
723,983,1706
737,957,1694
384,681,1065
820,347,1167
34,583,617
141,732,873
125,527,652
223,979,1202
586,70,656
33,664,697
213,927,1140
106,218,324
988,935,1923
459,626,1085
822,455,1277
827,851,1678
623,720,1343
836,899,1735
938,74,1012
92,441,533
659,249,908
664,733,1397
951,105,1056
378,774,1152
732,201,933
343,104,447
469,883,1352
471,802,1273
910,991,1901
609,651,1260
290,511,801
50,989,1039
514,881,1395
91,282,373
772,338,1110
635,61,696
8,342,350
311,885,1196
650,550,1200
325,452,777
759,245,1004
361,877,1238
599,414,1013
438,122,560
479,852,1331
798,548,1346
809,833,1642
505,606,1111
792,562,1354
267,230,497
939,853,1792
942,416,1358
954,164,1118
439,950,1389
545,323,868
182,419,601
723,963,1686
352,268,620
983,816,1799
491,647,1138
832,339,1171
547,418,965
288,495,783
232,384,616
817,140,957
397,344,741
725,454,1179
59,830,889
607,135,742
402,67,469
96,562,658
131,273,404
831,859,1690
660,12,672
846,326,1172
714,649,1363
132,529,661
432,520,952
271,165,436
83,603,686
672,348,1020
197,74,271
548,648,1196
103,953,1056
435,276,711
473,938,1411
382,325,707
30,925,955
633,325,958
909,327,1236
315,747,1062
716,495,1211
817,134,951
626,142,768
255,873,1128
105,303,408
208,392,600
193,631,824
306,889,1195
86,84,170
253,233,486
707,376,1083
427,558,985
931,244,1175
219,969,1188
992,392,1384
35,400,435
353,406,759
982,705,1687
565,940,1505
398,323,721
760,791,1551
180,89,269
497,179,676
969,953,1922
134,12,146
959,82,1041
728,36,764
803,898,1701
424,857,1281
362,466,828
595,458,1053
376,572,948
329,717,1046
925,73,998
33,345,378
353,296,649
573,263,836
159,573,732
970,486,1456
851,826,1677
889,402,1291
248,557,805
35,83,118
217,511,728
606,741,1347
25,643,668
982,951,1933
76,97,173
707,590,1297
3,712,715
674,792,1466
994,980,1974
964,947,1911
221,505,726
959,969,1928
764,597,1361
517,953,1470
499,755,1254
513,240,753
40,932,972
659,737,1396
215,180,395
222,854,1076
837,754,1591
768,788,1556
805,577,1382
612,235,847
777,702,1479
392,747,1139
421,701,1122
270,915,1185
574,470,1044
523,779,1302
463,677,1140
859,14,873
903,190,1093
945,483,1428
602,378,980
102,773,875
839,55,894
859,533,1392
679,944,1623
446,427,873
360,923,1283
607,365,972
346,449,795
357,452,809
261,866,1127
368,791,1159
982,730,1712
226,782,1008
652,643,1295
40,786,826
933,580,1513
390,139,529
219,11,230
62,249,311
749,564,1313
643,906,1549
350,83,433
486,246,732
797,328,1125
315,479,794
73,708,781
419,248,667
398,227,625
725,274,999
976,213,1189
930,606,1536
202,187,389
645,101,746
495,799,1294
805,256,1061
955,528,1483
542,518,1060
440,611,1051
421,585,1006
395,94,489
670,703,1373
308,559,867
567,990,1557
886,183,1069
819,31,850
162,918,1080
775,701,1476
683,852,1535
807,979,1786
749,818,1567
401,953,1354
261,375,636
343,477,820
655,323,978
65,68,133
273,593,866
586,241,827
962,932,1894
207,640,847
33,87,120
46,939,985
984,335,1319
166,594,760
697,634,1331
968,589,1557
754,474,1228
862,963,1825
267,324,591
566,796,1362
6,624,630
742,415,1157
174,339,513
724,37,761
42,320,362
52,492,544
379,467,846
970,139,1109
907,863,1770
606,408,1014
908,852,1760
965,651,1616
624,357,981
93,789,882
605,497,1102
482,579,1061
399,182,581
669,222,891
595,706,1301
687,981,1668
328,867,1195
585,326,911
459,86,545
135,267,402
571,877,1448
274,542,816
482,490,972
724,92,816
668,198,866
661,102,763
198,616,814
275,101,376
778,558,1336
203,58,261
533,780,1313
821,685,1506
887,129,1016
699,4,703
362,50,412
183,208,391
21,397,418
306,450,756
925,123,1048
60,103,163
733,626,1359
588,575,1163
796,349,1145
714,158,872
990,198,1188
533,85,618
179,500,679
860,921,1781
197,313,510
929,916,1845
217,761,978
861,659,1520
737,517,1254
57,727,784
490,758,1248
16,8,24
475,787,1262
628,117,745
583,627,1210
699,101,800
147,559,706
89,869,958
724,562,1286
578,939,1517
866,838,1704
808,230,1038
532,116,648
611,389,1000
332,144,476
679,298,977
242,283,525
6,748,754
565,350,915
616,125,741
635,418,1053
791,124,915
71,238,309
176,923,1099
260,872,1132
564,236,800
982,135,1117
560,611,1171
680,109,789
6,372,378
473,909,1382
847,678,1525
121,960,1081
895,234,1129
235,914,1149
170,442,612
280,942,1222
814,328,1142
908,781,1689
445,883,1328
943,357,1300
432,522,954
511,160,671
147,969,1116
532,375,907
564,195,759
894,45,939
789,304,1093
897,829,1726
34,618,652
43,599,642
497,751,1248
365,879,1244
60,975,1035
945,434,1379
667,100,767
119,780,899
625,42,667
545,377,922
802,549,1351
191,513,704
330,102,432
87,956,1043
115,994,1109
834,364,1198
659,553,1212
482,225,707
287,922,1209
971,662,1633
822,198,1020
561,560,1121
593,311,904
152,296,448
833,937,1770
471,237,708
424,801,1225
571,720,1291
170,787,957
254,932,1186
570,58,628
784,195,979
886,675,1561
833,404,1237
21,220,241
880,433,1313
42,534,576
855,741,1596
358,905,1263
523,927,1450
857,679,1536
740,133,873
763,871,1634
920,937,1857
807,74,881
121,699,820
231,886,1117
161,131,292
116,239,355
205,255,460
488,918,1406
760,124,884
21,480,501
84,382,466
632,620,1252
915,337,1252
210,752,962
73,398,471
463,897,1360
18,787,805
384,82,466
519,845,1364
371,126,497
352,199,551
387,871,1258
489,223,712
768,104,872
14,720,734
73,693,766
607,3,610
505,33,538
286,492,778
734,900,1634
412,292,704
581,431,1012
15,622,637
127,906,1033
864,625,1489
845,247,1092
924,946,1870
911,608,1519
869,50,919
265,0,265
748,177,925
347,274,621
872,334,1206
328,708,1036
509,358,867
837,332,1169
728,339,1067
681,393,1074
285,499,784
885,499,1384
163,463,626
447,231,678
577,646,1223
429,309,738
52,867,919
164,2,166
842,658,1500
990,829,1819
173,279,452
348,543,891
423,373,796
68,959,1027
253,959,1212
712,67,779
871,116,987
501,698,1199
3,95,98
205,41,246
261,358,619
802,627,1429
794,609,1403
488,293,781
227,300,527
556,503,1059
328,682,1010
978,825,1803
14,222,236
994,77,1071
227,138,365
396,593,989
316,71,387
730,981,1711
312,141,453
856,408,1264
663,419,1082
438,185,623
480,114,594
841,235,1076
560,855,1415
593,675,1268
965,478,1443
463,442,905
94,275,369
299,369,668
480,474,954
573,481,1054
469,455,924
466,37,503
571,201,772
415,278,693
45,566,611
957,355,1312
509,942,1451
893,964,1857
346,119,465
701,437,1138
986,21,1007
281,457,738
94,780,874
17,646,663
569,89,658
576,738,1314
366,149,515
504,562,1066
996,67,1063
173,398,571
683,108,791
281,514,795
174,990,1164
811,710,1521
347,654,1001
114,731,845
435,4,439
638,524,1162
916,600,1516
386,11,397
990,478,1468
873,738,1611
533,579,1112
698,366,1064
643,913,1556
474,98,572
744,514,1258
124,955,1079
391,871,1262
810,199,1009
581,800,1381
557,320,877
989,115,1104
15,348,363
254,926,1180
27,59,86
554,635,1189
264,422,686
911,473,1384
692,550,1242
762,56,818
279,770,1049
817,115,932
618,324,942
246,614,860
168,585,753
583,582,1165
19,94,113
365,107,472
274,317,591
305,45,350
651,35,686
910,364,1274
346,636,982
715,723,1438
386,858,1244
322,768,1090
2,78,80
147,487,634
274,491,765
167,852,1019
153,972,1125
143,789,932
320,825,1145
282,94,376
758,997,1755
772,621,1393
947,549,1496
151,724,875
897,671,1568
651,368,1019
325,772,1097
17,378,395
333,691,1024
311,622,933
609,971,1580
479,529,1008
290,131,421
171,360,531
196,696,892
347,909,1256
95,208,303
487,834,1321
602,200,802
741,770,1511
709,829,1538
231,931,1162
956,117,1073
94,249,343
820,862,1682
900,648,1548
583,124,707
323,272,595
440,46,486
914,395,1309
780,233,1013
230,663,893
813,889,1702
874,371,1245
940,627,1567
182,640,822
791,718,1509
906,567,1473
899,956,1855
204,250,454
261,70,331
441,557,998
915,714,1629
780,42,822
171,569,740
561,593,1154
693,40,733
963,922,1885
200,280,480
185,881,1066
944,264,1208
453,402,855
479,315,794
291,657,948
410,478,888
959,494,1453
211,25,236
129,793,922
203,850,1053
451,90,541
661,198,859
972,340,1312
487,905,1392
808,461,1269
208,101,309
867,660,1527
822,390,1212
712,421,1133
345,484,829
616,965,1581
869,45,914
0,705,705
817,266,1083
299,555,854
755,7,762
426,508,934
1,367,368
658,381,1039
473,337,810
654,504,1158
112,451,563
936,331,1267
87,997,1084
608,231,839
302,847,1149
390,315,705
960,834,1794
560,196,756
282,16,298
167,851,1018
120,55,175
755,101,856
936,696,1632
343,572,915
748,906,1654
978,993,1971
112,796,908
794,892,1686
760,476,1236
751,743,1494
380,313,693
633,94,727
428,214,642
490,557,1047
985,256,1241
568,345,913
631,212,843
655,647,1302
137,990,1127
702,525,1227
976,471,1447
386,253,639
880,800,1680
472,46,518
483,784,1267
352,820,1172
765,589,1354
356,848,1204
244,805,1049
229,165,394
219,451,670
664,660,1324
931,204,1135
148,743,891
363,822,1185
226,162,388
157,567,724
84,542,626
968,234,1202
40,844,884
850,768,1618
524,907,1431
307,298,605
171,930,1101
422,729,1151
918,931,1849
605,927,1532
291,769,1060
953,60,1013
792,772,1564
969,802,1771
155,902,1057
144,445,589
504,956,1460
589,495,1084
48,169,217
28,18,46
276,986,1262
364,438,802
247,899,1146
451,443,894
128,497,625
888,979,1867
134,591,725
689,854,1543
190,906,1096
170,903,1073
909,796,1705
11,142,153
687,209,896
754,658,1412
534,187,721
371,498,869
579,408,987
953,480,1433
374,711,1085
26,580,606
205,496,701
530,374,904
309,193,502
690,925,1615
859,49,908
117,329,446
911,242,1153
485,913,1398
677,333,1010
65,335,400
575,923,1498
38,95,133
240,439,679
415,637,1052
840,214,1054
526,488,1014
617,402,1019
907,760,1667
629,362,991
487,725,1212
633,883,1516
836,667,1503
425,866,1291
790,679,1469
824,569,1393
242,656,898
834,257,1091
938,728,1666
950,440,1390
529,158,687
570,684,1254
641,587,1228
196,580,776
160,297,457
513,733,1246
839,413,1252
376,426,802
74,528,602
107,902,1009
183,919,1102
589,254,843
248,648,896
704,320,1024
467,541,1008
742,282,1024
333,565,898
24,330,354
141,341,482
817,334,1151
364,701,1065
393,944,1337
862,416,1278
950,650,1600
632,501,1133
882,76,958
583,256,839
944,925,1869
812,291,1103
308,346,654
715,608,1323
458,983,1441
360,216,576
122,902,1024
288,661,949
380,287,667
97,704,801
760,34,794
926,615,1541
36,933,969
878,751,1629
255,962,1217
334,836,1170
58,813,871
970,234,1204
361,963,1324
844,844,1688
330,677,1007
486,425,911
71,952,1023
990,652,1642
142,29,171
434,904,1338
608,124,732
485,352,837
817,597,1414
555,449,1004
829,844,1673
873,479,1352
849,133,982
430,162,592
492,581,1073
267,717,984
338,520,858
330,111,441
77,743,820
50,218,268
125,228,353
69,771,840
243,360,603
889,571,1460
103,445,548
820,320,1140
282,580,862
366,454,820
52,465,517
351,900,1251
70,633,703
332,737,1069
941,298,1239
951,436,1387
69,3,72
266,919,1185
885,616,1501
180,504,684
138,956,1094
694,496,1190
465,241,706
735,34,769
297,575,872
745,467,1212
531,893,1424
293,581,874
810,749,1559
457,505,962
984,59,1043
22,703,725
312,920,1232
221,740,961
159,310,469
223,889,1112
650,858,1508
811,965,1776
319,376,695
223,25,248
387,450,837
410,806,1216
527,305,832
790,284,1074
508,638,1146
834,91,925
643,456,1099
403,481,884
904,264,1168
702,898,1600
79,902,981
800,97,897
653,462,1115
795,396,1191
999,448,1447
372,627,999
948,52,1000
111,475,586
549,672,1221
51,251,302
893,735,1628
648,100,748
492,313,805
890,129,1019
538,608,1146
780,698,1478
333,971,1304
298,608,906
886,580,1466
882,808,1690
864,925,1789
269,443,712
31,260,291
460,79,539
99,624,723
674,239,913
453,573,1026
981,56,1037
673,228,901
704,200,904
734,932,1666
234,944,1178
336,362,698
8,859,867
564,365,929
889,845,1734
280,341,621
380,253,633
883,56,939
552,603,1155
95,471,566
423,706,1129
995,579,1574
101,956,1057
340,938,1278
749,385,1134
308,529,837
944,733,1677
184,162,346
501,15,516
975,200,1175
844,829,1673
541,565,1106
9,715,724
289,693,982
434,321,755
14,154,168
437,454,891
243,891,1134
150,327,477
406,136,542
82,506,588
268,587,855
328,153,481
656,953,1609
749,374,1123
874,377,1251
599,478,1077
24,148,172
760,831,1591
781,219,1000
706,722,1428
655,111,766
989,482,1471
871,659,1530
246,35,281
820,283,1103
966,121,1087
144,422,566
800,624,1424
80,592,672
502,192,694
19,951,970
910,44,954
72,561,633
930,453,1383
568,48,616
449,778,1227
573,905,1478
665,450,1115
509,56,565
905,911,1816
473,913,1386
978,428,1406
665,574,1239
238,527,765
490,110,600
189,145,334
840,733,1573
73,752,825
854,240,1094
310,439,749
229,215,444
577,81,658
779,734,1513
755,613,1368
192,975,1167
820,682,1502
978,211,1189
365,730,1095
383,703,1086
432,379,811
987,26,1013
201,446,647
183,111,294
678,89,767
972,531,1503
627,769,1396
786,922,1708
905,298,1203
381,316,697
575,332,907
154,796,950
219,748,967
660,801,1461
783,150,933
372,695,1067
725,475,1200
756,784,1540
227,780,1007
143,75,218
410,623,1033
575,978,1553
794,121,915
211,671,882
408,161,569
322,567,889
966,158,1124
171,452,623
401,531,932
497,349,846
156,791,947
260,932,1192
389,251,640
571,807,1378
360,296,656
221,824,1045
786,424,1210
299,438,737
647,146,793
578,231,809
192,838,1030
927,255,1182
318,901,1219
19,871,890
505,782,1287
471,119,590
15,493,508
110,609,719
190,809,999
425,128,553
642,646,1288
764,425,1189
67,793,860
362,744,1106
720,445,1165
218,212,430
898,917,1815
919,168,1087
213,775,988
871,801,1672
780,335,1115
822,187,1009
117,462,579
91,225,316
468,741,1209
192,547,739
380,447,827
488,447,935
982,671,1653
273,85,358
845,681,1526
157,698,855
415,868,1283
539,993,1532
465,76,541
554,156,710
566,629,1195
374,813,1187
875,677,1552
555,246,801
62,984,1046
366,163,529
11,419,430
789,297,1086
838,199,1037
110,31,141
699,168,867
332,386,718
608,143,751
698,416,1114
525,197,722
282,424,706
191,236,427
574,610,1184
85,880,965
648,644,1292
37,252,289
681,410,1091
270,1,271
866,459,1325
476,430,906
762,721,1483
349,966,1315
552,421,973
742,560,1302
908,181,1089
877,641,1518
449,84,533
866,569,1435
670,293,963
225,72,297
389,736,1125
864,241,1105
997,950,1947
948,862,1810
291,797,1088
402,113,515
894,215,1109
571,385,956
938,74,1012
360,301,661
668,108,776
425,657,1082
502,458,960
499,878,1377
545,283,828
753,531,1284
518,989,1507
767,906,1673
564,335,899
840,187,1027
720,870,1590
541,385,926
284,926,1210
208,79,287
934,386,1320
606,461,1067
693,265,958
783,665,1448
365,118,483
716,709,1425
658,323,981
109,856,965
16,811,827
635,223,858
869,668,1537
200,117,317
864,38,902
317,825,1142
940,831,1771
274,507,781
456,349,805
491,764,1255
879,241,1120
884,426,1310
48,855,903
30,428,458
332,771,1103
633,199,832
606,171,777
634,983,1617
288,764,1052
116,493,609
25,837,862
770,961,1731
707,708,1415
651,375,1026
771,942,1713
405,698,1103
499,451,950
454,153,607
373,616,989
737,840,1577
333,69,402
571,532,1103
284,490,774
792,397,1189
606,16,622
692,682,1374
771,419,1190
777,827,1604
9,480,489
566,160,726
880,133,1013
661,490,1151
124,741,865
719,467,1186
388,494,882
205,649,854
274,232,506
63,670,733
963,808,1771
192,760,952
145,510,655
480,307,787
436,986,1422
68,701,769
462,351,813
978,544,1522
709,81,790
895,238,1133
61,516,577
26,202,228
707,942,1649
464,507,971
733,237,970
620,882,1502
962,85,1047
905,381,1286
583,554,1137
924,741,1665
746,444,1190
429,72,501
719,710,1429
58,212,270
479,282,761
21,703,724
157,90,247
939,44,983
84,690,774
144,904,1048
561,886,1447
29,689,718
295,227,522
358,199,557
280,545,825
86,535,621
971,797,1768
54,221,275
783,17,800
149,12,161
580,864,1444
112,17,129
806,401,1207
996,211,1207
744,512,1256
181,966,1147
160,5,165
560,851,1411
818,165,983
736,682,1418
864,883,1747
615,989,1604
462,310,772
637,107,744
192,303,495
823,345,1168
800,411,1211
620,45,665
350,974,1324
985,205,1190
8,570,578
39,786,825
207,811,1018
526,531,1057
937,843,1780
963,569,1532
747,652,1399
789,949,1738
412,715,1127
866,193,1059
339,921,1260
465,788,1253
142,580,722
340,717,1057
918,994,1912
426,487,913
121,220,341
886,396,1282
782,918,1700
899,646,1545
525,571,1096
336,614,950
212,475,687
774,55,829
690,765,1455
146,143,289
183,418,601
538,53,591
298,673,971
277,44,321
485,446,931
204,830,1034
533,134,667
132,816,948
430,41,471
162,53,215
288,80,368
881,299,1180
755,562,1317
747,541,1288
402,446,848
286,390,676
683,607,1290
595,135,730
748,948,1696
338,379,717
848,953,1801
505,500,1005
644,237,881
924,936,1860
488,148,636
966,292,1258
206,288,494
150,52,202
148,111,259
760,10,770
885,106,991
723,485,1208
946,527,1473
678,309,987
513,445,958
355,159,514
966,870,1836
788,329,1117
414,536,950
813,779,1592
736,289,1025
572,740,1312
721,384,1105
955,697,1652
787,325,1112
236,437,673
386,855,1241
677,554,1231
114,490,604
674,90,764
911,898,1809
316,75,391
319,22,341
374,788,1162
788,99,887
889,923,1812
189,103,292
445,10,455
766,50,816
138,908,1046
252,559,811
387,261,648
992,933,1925
477,772,1249
324,988,1312
466,855,1321
858,457,1315
690,233,923
58,766,824
19,67,86
778,670,1448
129,465,594
816,589,1405
377,769,1146
526,93,619
608,505,1113
162,222,384
691,52,743
664,68,732
18,638,656
95,314,409
189,904,1093
301,534,835
538,638,1176
551,749,1300
297,228,525
146,125,271
532,773,1305
560,390,950
644,328,972
88,649,737
139,972,1111
812,21,833
841,211,1052
226,523,749
352,122,474
339,599,938
468,454,922
434,855,1289
280,911,1191
817,12,829
195,508,703
456,233,689
655,791,1446
905,13,918
221,626,847
403,451,854
296,822,1118
193,912,1105
994,386,1380
833,265,1098
114,146,260
585,477,1062
184,894,1078
155,830,985
463,975,1438
932,949,1881
593,583,1176
454,723,1177
327,604,931
229,102,331
872,494,1366
779,714,1493
571,85,656
361,311,672
654,514,1168
308,673,981
303,800,1103
569,858,1427
851,681,1532
516,724,1240
370,409,779
78,909,987
215,351,566
992,775,1767
318,759,1077
294,26,320
159,454,613
995,195,1190
606,798,1404
587,563,1150
429,293,722
243,351,594
11,848,859
204,970,1174
501,646,1147
95,629,724
383,197,580
343,544,887
6,250,256
873,316,1189
891,197,1088
870,34,904
779,522,1301
166,846,1012
215,888,1103
170,332,502
835,312,1147
56,614,670
966,205,1171
628,188,816
523,193,716
309,295,604
111,971,1082
184,833,1017
753,617,1370
313,840,1153
718,125,843
86,494,580
969,961,1930
32,996,1028
769,71,840
458,539,997
128,189,317
265,892,1157
6,337,343
31,239,270
343,591,934
850,997,1847
341,452,793
241,246,487
341,378,719
74,147,221
3,652,655
919,546,1465
29,5,34
333,255,588
178,269,447
887,61,948
561,813,1374
936,832,1768
777,229,1006
437,656,1093
848,191,1039
854,589,1443
485,409,894
327,904,1231
657,378,1035
253,789,1042
675,882,1557
492,118,610
424,738,1162
224,552,776
716,614,1330
113,426,539
730,583,1313
732,326,1058
631,236,867
158,302,460
934,340,1274
906,716,1622
235,143,378
32,228,260
649,11,660
398,127,525
472,209,681
83,251,334
207,666,873
899,308,1207
780,199,979
428,669,1097
976,244,1220
258,711,969
499,737,1236
923,933,1856
16,891,907
610,774,1384
999,357,1356
615,427,1042
706,606,1312
337,127,464
576,730,1306
738,557,1295
57,639,696
410,854,1264
32,809,841
303,970,1273
162,901,1063
80,70,150
75,301,376
860,236,1096
567,170,737
652,641,1293
9,552,561
485,785,1270
258,614,872
560,440,1000
616,979,1595
460,221,681
812,319,1131
352,940,1292
33,648,681
906,959,1865
203,653,856
10,476,486
765,596,1361
361,439,800
253,880,1133
762,703,1465
842,515,1357
208,370,578
585,337,922
75,840,915
616,980,1596
833,320,1153
867,138,1005
286,712,998
126,190,316
838,519,1357
713,366,1079
267,705,972
871,459,1330
614,900,1514
533,463,996
918,187,1105
229,43,272
550,474,1024
851,742,1593
411,781,1192
678,19,697
868,693,1561
683,925,1608
36,510,546
460,817,1277
372,149,521
553,596,1149
973,486,1459
900,410,1310
153,220,373
919,33,952
547,868,1415
536,240,776
172,105,277
510,850,1360
422,344,766
508,959,1467
990,875,1865
443,729,1172
49,137,186
877,62,939
56,605,661
986,619,1605
350,83,433
888,909,1797
667,694,1361
503,981,1484
333,714,1047
407,232,639
168,853,1021
823,865,1688
955,887,1842
799,936,1735
508,705,1213
679,344,1023
930,230,1160
150,27,177
706,948,1654
632,527,1159
412,686,1098
113,373,486
252,371,623
572,320,892
673,820,1493
993,21,1014
448,667,1115
272,310,582
981,98,1079
770,695,1465
92,930,1022
762,704,1466
915,394,1309
69,143,212
957,484,1441
953,159,1112
264,971,1235
645,905,1550
421,511,932
2,454,456
700,524,1224
555,436,991
547,863,1410
110,243,353
215,960,1175
631,303,934
567,754,1321
948,599,1547
697,821,1518
297,488,785
110,665,775
98,434,532
237,568,805
444,232,676
972,65,1037
757,886,1643
395,239,634
279,519,798
779,568,1347
699,991,1690
609,436,1045
289,379,668
235,589,824
514,35,549
736,612,1348
109,528,637
204,950,1154
634,714,1348
84,547,631
200,523,723
537,596,1133
934,120,1054
356,150,506
988,487,1475
348,423,771
158,678,836
655,922,1577
442,710,1152
493,577,1070
332,715,1047
327,537,864
539,589,1128
675,391,1066
20,165,185
303,892,1195
254,763,1017
621,93,714
226,730,956
333,90,423
313,34,347
915,118,1033
596,178,774
992,563,1555
701,537,1238
146,542,688
330,586,916
882,986,1868
709,429,1138
426,752,1178
654,981,1635
936,197,1133
675,674,1349
871,385,1256
29,144,173
867,426,1293
679,406,1085
122,522,644
416,95,511
23,660,683
402,899,1301
263,856,1119
447,223,670
476,623,1099
744,917,1661
873,618,1491
400,902,1302
782,879,1661
430,846,1276
537,608,1145
648,660,1308
788,545,1333
484,14,498
962,814,1776
780,690,1470
218,247,465
477,853,1330
836,169,1005
522,818,1340
874,171,1045
9,474,483
985,318,1303
20,583,603
39,292,331
225,892,1117
232,898,1130
382,250,632
508,707,1215
684,645,1329
196,973,1169
687,591,1278
986,928,1914
72,578,650
334,440,774
407,492,899
995,233,1228
922,162,1084
133,107,240
615,426,1041
58,382,440
168,612,780
767,934,1701
168,354,522
25,632,657
960,446,1406
803,18,821
570,264,834
165,258,423
675,10,685
681,541,1222
497,835,1332
970,745,1715
438,15,453
827,66,893
676,149,825
699,981,1680
258,974,1232
864,837,1701
873,535,1408
432,887,1319
52,264,316
722,753,1475
653,719,1372
826,785,1611
482,387,869
714,148,862
83,70,153
91,702,793
989,527,1516
279,220,499
909,646,1555
676,138,814
234,29,263
208,255,463
20,863,883
266,623,889
375,659,1034
431,417,848
722,301,1023
480,250,730
489,469,958
31,166,197
708,279,987
751,259,1010
360,966,1326
559,629,1188
781,982,1763
499,388,887
784,171,955
786,279,1065
595,8,603
141,498,639
621,469,1090
861,164,1025
196,318,514
999,47,1046
530,594,1124
339,74,413
742,623,1365
345,252,597
718,449,1167
214,390,604
849,965,1814
21,307,328
353,273,626
831,222,1053
909,484,1393
521,278,799
313,170,483
839,104,943
302,649,951
349,24,373
104,981,1085
272,915,1187
661,848,1509
452,467,919
661,243,904
298,807,1105
442,693,1135
777,311,1088
773,77,850
464,849,1313
501,813,1314
906,49,955
287,362,649
890,900,1790
845,730,1575
981,59,1040
895,162,1057
145,845,990
84,698,782
820,25,845
645,447,1092
981,557,1538
244,966,1210
442,278,720
83,269,352
294,132,426
666,731,1397
698,310,1008
945,638,1583
21,784,805
560,56,616
87,35,122
323,420,743
362,146,508
737,875,1612
702,703,1405
635,924,1559
736,382,1118
536,603,1139
39,34,73
996,763,1759
907,429,1336
882,441,1323
989,672,1661
802,432,1234
289,915,1204
967,189,1156
398,916,1314
994,385,1379
987,246,1233
290,586,876
530,74,604
305,568,873
931,453,1384
945,943,1888
545,149,694
99,229,328
695,220,915
98,660,758
998,407,1405
962,901,1863
768,183,951
242,257,499
138,211,349
986,921,1907
52,230,282
452,624,1076
219,763,982
731,248,979
587,656,1243
451,293,744
93,965,1058
45,906,951
664,923,1587
11,626,637
333,144,477
102,933,1035
45,349,394
832,95,927
761,640,1401
858,958,1816
57,69,126
927,904,1831
284,998,1282
926,887,1813
26,547,573
395,607,1002
32,367,399
901,95,996
584,94,678
437,951,1388
781,114,895
263,501,764
724,501,1225
77,432,509
363,536,899
95,969,1064
705,120,825
141,382,523
27,903,930
965,104,1069
713,914,1627
32,895,927
713,480,1193
822,233,1055
880,566,1446
268,730,998
828,947,1775
31,48,79
146,989,1135
322,206,528
942,302,1244
235,56,291
374,921,1295
367,627,994
367,16,383
750,60,810
409,671,1080
735,998,1733
215,747,962
516,166,682
292,673,965
368,943,1311
335,85,420
479,408,887
360,168,528
169,783,952
978,686,1664
707,167,874
805,865,1670
356,278,634
404,710,1114
722,954,1676
145,564,709
610,134,744
759,41,800
234,408,642
348,677,1025
636,234,870
705,428,1133
893,685,1578
313,160,473
921,502,1423
930,849,1779
151,89,240
706,97,803
268,282,550
468,750,1218
630,142,772
999,651,1650
694,316,1010
744,76,820
431,274,705
879,182,1061
717,932,1649
459,260,719
396,841,1237
70,216,286
237,359,596
260,747,1007
163,454,617
686,935,1621
610,162,772
151,739,890
8,346,354
286,405,691
567,439,1006
862,645,1507
824,47,871
31,310,341
688,575,1263
243,928,1171
131,548,679
840,526,1366
5,44,49
996,9,1005
745,536,1281
69,865,934
152,581,733
126,9,135
160,723,883
233,405,638
304,728,1032
924,363,1287
305,952,1257
130,391,521
867,281,1148
802,809,1611
152,7,159
388,188,576
12,522,534
921,289,1210
851,106,957
925,890,1815
406,575,981
190,73,263
469,668,1137
358,101,459
277,444,721
242,571,813
570,728,1298
396,751,1147
979,387,1366
466,892,1358
651,805,1456
697,69,766
337,666,1003
418,296,714
22,690,712
28,817,845
4,71,75
573,141,714
369,546,915
363,127,490
135,390,525
448,789,1237
128,891,1019
473,943,1416
977,140,1117
105,320,425
972,674,1646
363,977,1340
260,501,761
213,766,979
123,650,773
990,66,1056
964,776,1740
105,835,940
223,998,1221
197,384,581
177,184,361
978,480,1458
30,813,843
119,807,926
231,650,881
744,724,1468
978,349,1327
858,517,1375
337,391,728
711,153,864
326,790,1116
758,459,1217
679,28,707
164,911,1075
248,476,724
650,845,1495
614,296,910
639,307,946
286,817,1103
331,344,675
819,80,899
740,978,1718
721,507,1228
990,152,1142
584,874,1458
695,241,936
688,528,1216
759,509,1268
828,611,1439
460,496,956
638,534,1172
496,506,1002
517,179,696
25,936,961
199,144,343
19,627,646
45,373,418
88,576,664
201,491,692
739,386,1125
109,103,212
129,537,666
326,179,505
260,32,292
86,734,820
352,49,401
535,711,1246
575,478,1053
899,221,1120
608,159,767
782,417,1199
768,565,1333
565,418,983
982,815,1797
929,425,1354
960,821,1781
813,331,1144
853,645,1498
653,497,1150
124,75,199
921,515,1436
733,178,911
419,642,1061
60,816,876
634,425,1059
653,607,1260
322,359,681
564,711,1275
21,13,34
484,68,552
431,708,1139
969,937,1906
335,795,1130
331,746,1077
687,180,867
333,432,765
316,455,771
733,972,1705
149,24,173
885,364,1249
87,293,380
313,770,1083
124,396,520
744,553,1297
19,986,1005
913,170,1083
600,128,728
326,134,460
192,528,720
615,580,1195
839,369,1208
68,923,991
504,979,1483
400,223,623
155,881,1036
218,368,586
489,565,1054
146,508,654
177,154,331
329,836,1165
785,597,1382
74,805,879
496,714,1210
78,46,124
908,79,987
872,194,1066
18,945,963
98,27,125
281,844,1125
981,465,1446
542,722,1264
828,911,1739
772,380,1152
511,902,1413
888,252,1140
138,613,751
370,388,758
94,464,558
878,107,985
431,461,892
641,781,1422
825,931,1756
624,211,835
99,430,529
107,733,840
236,557,793
479,155,634
592,114,706
91,990,1081
814,168,982
45,295,340
625,207,832
428,66,494
662,702,1364
131,441,572
256,779,1035
467,866,1333
987,634,1621
248,506,754
956,174,1130
218,46,264
94,831,925
36,210,246
352,547,899
848,262,1110
675,1,676
416,395,811
37,577,614
108,654,762
627,374,1001
105,751,856
932,141,1073
608,899,1507
709,981,1690
185,319,504
80,559,639
709,763,1472
80,815,895
391,553,944
35,462,497
911,957,1868
94,895,989
268,422,690
327,272,599
576,708,1284
657,56,713
154,992,1146
1,482,483
70,142,212
284,510,794
65,952,1017
910,658,1568
564,625,1189
6,903,909
65,763,828
330,500,830
427,966,1393
554,517,1071
0,829,829
39,785,824
308,565,873
766,999,1765
239,756,995
628,532,1160
790,889,1679
992,106,1098
386,529,915
156,288,444
432,520,952
99,905,1004
323,154,477
961,738,1699
501,513,1014
21,128,149
214,272,486
50,306,356
801,566,1367
335,400,735
454,61,515
383,691,1074
302,169,471
290,739,1029
688,15,703
947,281,1228
846,325,1171
512,678,1190
34,10,44
423,229,652
626,758,1384
629,45,674
136,692,828
974,435,1409
767,889,1656
908,747,1655
614,402,1016
701,959,1660
969,604,1573
566,48,614
352,558,910
697,70,767
789,178,967
280,417,697
37,696,733
602,295,897
72,923,995
666,757,1423
539,934,1473
750,495,1245
529,462,991
128,871,999
353,499,852
794,295,1089
78,622,700
102,973,1075
397,336,733
270,680,950
893,438,1331
795,269,1064
953,133,1086
892,920,1812
353,466,819
74,751,825
962,971,1933
390,714,1104
269,835,1104
732,152,884
373,656,1029
919,112,1031
89,119,208
355,239,594
801,424,1225
792,749,1541
174,149,323
268,848,1116
360,812,1172
302,900,1202
337,410,747
668,919,1587
383,17,400
149,633,782
236,104,340
255,937,1192
449,898,1347
213,77,290
779,338,1117
824,897,1721
465,840,1305
570,68,638
521,79,600
322,467,789
929,452,1381
357,722,1079
63,135,198
234,954,1188
583,755,1338
645,112,757
776,993,1769
981,728,1709
838,6,844
950,385,1335
368,265,633
185,939,1124
595,599,1194
867,201,1068
629,829,1458
371,366,737
74,249,323
384,983,1367
927,556,1483
504,567,1071
641,440,1081
90,206,296
14,963,977
283,198,481
283,620,903
941,815,1756
598,617,1215
166,642,808
891,770,1661
657,858,1515
223,754,977
929,839,1768
836,544,1380
46,79,125
373,742,1115
296,941,1237
854,964,1818
523,439,962
309,211,520
715,209,924
140,662,802
901,925,1826
159,230,389
525,473,998
400,707,1107
679,345,1024
997,472,1469
136,601,737
574,445,1019
200,455,655
378,932,1310
576,526,1102
475,310,785
684,79,763
674,371,1045
921,813,1734
26,618,644
531,790,1321
475,556,1031
790,203,993
30,591,621
596,409,1005
108,990,1098
700,394,1094
890,231,1121
756,238,994
933,451,1384
822,998,1820
596,191,787
81,29,110
292,450,742
908,491,1399
670,333,1003
754,644,1398
23,334,357
579,331,910
305,844,1149
47,241,288
390,102,492
288,571,859
901,283,1184
838,858,1696
260,447,707
233,545,778
914,685,1599
143,519,662
471,496,967
655,32,687
677,197,874
874,8,882
684,546,1230
88,623,711
752,506,1258
286,678,964
67,530,597
834,519,1353
440,818,1258
475,421,896
722,251,973
847,558,1405
496,672,1168
109,99,208
912,270,1182
254,434,688
105,24,129
560,793,1353
4,448,452
477,798,1275
480,435,915
231,480,711
734,572,1306
878,653,1531
447,93,540
282,377,659
625,189,814
897,898,1795
56,535,591
523,828,1351
157,702,859
549,497,1046
883,262,1145
52,308,360
535,903,1438
157,270,427
608,984,1592
814,708,1522
304,76,380
255,813,1068
5,58,63
586,218,804
198,407,605
730,951,1681
80,223,303
212,692,904
528,393,921
546,313,859
863,543,1406
371,65,436
966,604,1570
124,830,954
581,44,625
967,777,1744
695,623,1318
3,987,990
268,984,1252
220,806,1026
583,872,1455
295,343,638
574,40,614
617,339,956
568,357,925
866,227,1093
812,196,1008
830,523,1353
290,778,1068
483,551,1034
469,774,1243
310,435,745
699,401,1100
498,341,839
729,663,1392
570,513,1083
1000,821,1821
565,810,1375
629,629,1258
228,189,417
980,327,1307
948,974,1922
918,279,1197
684,945,1629
280,294,574
719,961,1680
601,597,1198
476,584,1060
378,276,654
675,478,1153
5,444,449
550,909,1459
296,823,1119
363,541,904
364,595,959
753,840,1593
647,958,1605
21,643,664
126,391,517
699,386,1085
428,624,1052
69,238,307
966,287,1253
321,792,1113
335,29,364
959,415,1374
357,350,707
319,375,694
578,738,1316
3,350,353
808,939,1747
24,674,698
68,257,325
711,581,1292
348,207,555
705,993,1698
69,673,742
401,767,1168
902,422,1324
403,425,828
663,611,1274
746,480,1226
716,499,1215
345,824,1169
432,315,747
928,964,1892
451,208,659
209,750,959
756,331,1087
993,777,1770
404,261,665
716,389,1105
773,563,1336
444,505,949
850,791,1641
753,23,776
602,973,1575
920,101,1021
537,392,929
707,859,1566
627,757,1384
944,21,965
18,945,963
984,203,1187
497,123,620
56,556,612
506,156,662
457,607,1064
879,361,1240
80,269,349
718,816,1534
440,343,783
991,990,1981
378,368,746
377,204,581
781,981,1762
718,80,798
22,153,175
932,53,985
680,636,1316
285,155,440
937,762,1699
992,653,1645
749,857,1606
116,346,462
445,70,515
113,479,592
742,227,969
215,57,272
871,772,1643
721,375,1096
445,880,1325
683,171,854
112,313,425
478,577,1055
902,659,1561
659,322,981
569,223,792
778,488,1266
513,325,838
751,488,1239
478,550,1028
487,990,1477
235,232,467
281,451,732
472,100,572
866,345,1211
478,50,528
755,510,1265
207,649,856
91,730,821
668,842,1510
19,274,293
391,815,1206
51,552,603
436,55,491
478,122,600
813,709,1522
587,606,1193
68,260,328
200,371,571
832,632,1464
291,334,625
236,451,687
236,875,1111
971,13,984
151,26,177
501,420,921
477,138,615
38,881,919
25,726,751
246,485,731
379,271,650
719,245,964
87,99,186
493,507,1000
921,274,1195
450,244,694
848,778,1626
348,820,1168
111,127,238
403,33,436
179,960,1139
267,657,924
517,716,1233
138,193,331
112,112,224
262,873,1135
547,136,683
390,956,1346
940,196,1136
975,672,1647
485,903,1388
696,205,901
712,803,1515
559,667,1226
615,338,953
941,522,1463
590,785,1375
182,593,775
593,122,715
974,327,1301
72,245,317
517,176,693
934,911,1845
33,923,956
985,86,1071
268,857,1125
626,749,1375
331,908,1239
952,501,1453
521,753,1274
985,589,1574
916,958,1874
122,883,1005
44,512,556
707,232,939
807,397,1204
721,446,1167
495,536,1031
909,485,1394
962,507,1469
561,476,1037
671,384,1055
163,769,932
986,308,1294
813,308,1121
297,470,767
449,859,1308
252,782,1034
807,302,1109
870,21,891
948,574,1522
308,195,503
664,494,1158
342,140,482
532,281,813
126,455,581
679,844,1523
627,546,1173
467,355,822
901,650,1551
395,198,593
894,747,1641
577,655,1232
426,76,502
378,77,455
552,459,1011
944,632,1576
859,612,1471
834,216,1050
769,582,1351
86,548,634
336,479,815
498,856,1354
205,329,534
183,968,1151
362,80,442
7,745,752
235,58,293
868,263,1131
184,951,1135
915,392,1307
899,57,956
259,727,986
250,82,332
130,923,1053
950,709,1659
701,900,1601
925,622,1547
157,30,187
759,950,1709
656,606,1262
496,729,1225
325,380,705
422,709,1131
378,518,896
752,786,1538
57,878,935
139,315,454
420,839,1259
71,387,458
980,446,1426
833,552,1385
672,473,1145
138,492,630
974,749,1723
60,702,762
875,576,1451
470,806,1276
512,714,1226
921,622,1543
488,154,642
837,735,1572
247,617,864
601,207,808
459,829,1288
169,589,758
724,923,1647
641,751,1392
622,743,1365
94,299,393
44,910,954
32,87,119
276,122,398
543,108,651
726,472,1198
193,710,903
810,348,1158
500,606,1106
359,771,1130
353,251,604
706,665,1371
441,144,585
570,330,900
999,791,1790
960,826,1786
268,751,1019
120,660,780
282,955,1237
614,16,630
744,103,847
966,902,1868
278,533,811
289,872,1161
971,783,1754
398,611,1009
732,895,1627
513,511,1024
863,455,1318
985,258,1243
786,580,1366
864,766,1630
219,626,845
461,108,569
881,690,1571
183,842,1025
48,586,634
58,764,822
159,119,278
386,464,850
839,127,966
645,328,973
89,80,169
365,144,509
683,174,857
926,511,1437
237,297,534
552,407,959
830,634,1464
696,965,1661
650,642,1292
924,786,1710
94,608,702
230,391,621
529,362,891
825,991,1816
747,488,1235
649,336,985
322,560,882
659,92,751
715,6,721
49,468,517
238,941,1179
819,348,1167
986,575,1561
332,105,437
244,775,1019
944,231,1175
132,153,285
888,218,1106
114,368,482
609,6,615
796,452,1248
813,141,954
313,652,965
366,182,548
1,327,328
450,774,1224
499,363,862
262,509,771
925,685,1610
247,248,495
331,235,566
639,43,682
75,488,563
79,459,538
651,368,1019
970,653,1623
420,474,894
298,533,831
726,137,863
603,423,1026
682,876,1558
908,100,1008
642,131,773
228,233,461
998,478,1476
26,117,143
378,248,626
234,836,1070
757,599,1356
180,734,914
390,386,776
876,173,1049
716,301,1017
424,434,858
688,417,1105
578,813,1391
786,837,1623
941,654,1595
281,766,1047
864,145,1009
614,661,1275
663,715,1378
215,658,873
373,848,1221
104,768,872
806,150,956
940,822,1762
97,306,403
153,908,1061
304,570,874
283,503,786
147,390,537
500,114,614
464,727,1191
306,686,992
426,610,1036
359,968,1327
933,1000,1933
11,598,609
284,163,447
309,61,370
992,423,1415
379,73,452
472,987,1459
722,113,835
190,456,646
377,842,1219
373,696,1069
95,592,687
848,147,995
950,372,1322
125,973,1098
614,399,1013
783,94,877
321,252,573
956,102,1058
175,634,809
221,323,544
960,923,1883
43,164,207
128,141,269
584,956,1540
427,186,613
726,388,1114
441,542,983
317,590,907
67,160,227
133,111,244
966,960,1926
213,871,1084
627,467,1094
378,517,895
896,236,1132
146,912,1058
449,94,543
616,362,978
238,753,991
558,934,1492
275,772,1047
934,550,1484
751,115,866
587,820,1407
421,131,552
424,942,1366
724,436,1160
32,393,425
554,875,1429
839,509,1348
506,951,1457
240,392,632
315,382,697
330,30,360
468,8,476
743,677,1420
994,677,1671
244,782,1026
189,932,1121
634,918,1552
960,642,1602
308,97,405
324,357,681
18,500,518
713,950,1663
709,661,1370
159,234,393
529,706,1235
665,573,1238
71,575,646
544,667,1211
271,758,1029
915,152,1067
39,553,592
209,2,211
149,505,654
847,372,1219
110,750,860
907,753,1660
481,149,630
717,401,1118
806,937,1743
587,620,1207
138,878,1016
232,566,798
849,905,1754
770,310,1080
783,779,1562
602,450,1052
431,854,1285
54,965,1019
191,325,516
107,342,449
141,820,961
560,955,1515
617,617,1234
798,86,884
564,494,1058
392,93,485
344,870,1214
458,469,927
159,669,828
881,985,1866
490,718,1208
747,634,1381
539,59,598
471,934,1405
756,610,1366
104,568,672
393,382,775
534,43,577
226,733,959
834,416,1250
504,511,1015
593,233,826
747,846,1593
158,758,916
920,261,1181
799,227,1026
328,669,997
780,405,1185
162,569,731
858,265,1123
64,242,306
632,583,1215
646,980,1626
269,106,375
259,586,845
191,825,1016
280,391,671
14,712,726
96,814,910
284,54,338
286,2,288
386,485,871
189,618,807
623,854,1477
781,146,927
74,630,704
738,982,1720
122,530,652
910,172,1082
850,48,898
795,557,1352
889,782,1671
613,173,786
849,111,960
508,822,1330
256,804,1060
660,476,1136
68,67,135
482,649,1131
716,144,860
214,87,301
82,883,965
989,258,1247
575,392,967
960,528,1488
407,774,1181
446,716,1162
839,420,1259
135,367,502
990,37,1027
899,954,1853
804,859,1663
11,697,708
691,981,1672
849,255,1104
559,310,869
852,864,1716
455,92,547
696,587,1283
558,277,835
1,12,13
902,630,1532
760,126,886
9,885,894
115,535,650
751,766,1517
648,847,1495
503,921,1424
416,114,530
163,843,1006
744,923,1667
256,716,972
247,293,540
193,685,878
523,451,974
940,637,1577
742,369,1111
680,486,1166
45,901,946
89,251,340
501,190,691
852,40,892
304,358,662
729,48,777
300,68,368
163,326,489
701,777,1478
103,5,108
627,431,1058
294,857,1151
572,11,583
938,307,1245
158,771,929
910,393,1303
719,841,1560
605,958,1563
497,435,932
463,466,929
974,217,1191
502,292,794
648,186,834
262,784,1046
188,127,315
659,353,1012
827,494,1321
537,365,902
514,189,703
305,309,614
929,767,1696
65,261,326
618,488,1106
480,969,1449
46,842,888
106,792,898
584,636,1220
765,536,1301
518,885,1403
865,59,924
919,380,1299
73,603,676
478,584,1062
322,573,895
726,84,810
528,205,733
907,738,1645
848,30,878
181,203,384
955,502,1457
525,751,1276
64,807,871
711,699,1410
479,716,1195
425,785,1210
86,913,999
304,753,1057
168,643,811
816,410,1226
490,253,743
147,556,703
539,750,1289
985,28,1013
999,140,1139
745,826,1571
68,855,923
126,451,577
85,121,206
718,124,842
824,924,1748
427,688,1115
412,490,902
366,280,646
551,814,1365
537,43,580
741,277,1018
212,710,922
940,802,1742
864,969,1833
360,811,1171
652,491,1143
687,997,1684
487,661,1148
663,642,1305
747,349,1096
393,25,418
485,17,502
772,495,1267
349,256,605
214,885,1099
936,88,1024
75,961,1036
