781,437,1218
360,979,1339
463,202,665
850,947,1797
420,968,1388
526,328,854
962,680,1642
204,623,827
914,144,1058
29,29,58
662,915,1577
359,290,649
675,608,1283
252,639,891
670,632,1302
711,642,1353
550,213,763
15,6,21
965,243,1208
974,457,1431
910,645,1555
183,880,1063
450,480,930
164,703,867
464,142,606
17,710,727
888,874,1762
841,467,1308
730,808,1538
407,700,1107
784,177,961
427,432,859
110,958,1068
784,268,1052
260,763,1023
381,585,966
225,740,965
847,759,1606
166,786,952
131,23,154
381,370,751
597,901,1498
253,412,665
43,332,375
11,194,205
794,201,995
162,681,843
667,76,743
36,688,724
811,910,1721
656,386,1042
13,934,947
608,380,988
632,847,1479
842,363,1205
849,485,1334
872,436,1308
929,730,1659
201,346,547
925,333,1258
819,1,820
323,304,627
128,269,397
824,97,921
901,926,1827
263,492,755
631,63,694
416,563,979
153,137,290
317,65,382
610,517,1127
114,964,1078
447,869,1316
61,267,328
771,960,1731
991,31,1022
692,293,985
930,568,1498
515,817,1332
699,713,1412
113,194,307
515,836,1351
807,771,1578
936,472,1408
944,815,1759
734,977,1711
113,973,1086
632,866,1498
492,614,1106
165,667,832
559,96,655
868,864,1732
770,170,940
640,22,662
2,898,900
554,983,1537
322,451,773
446,788,1234
385,941,1326
882,871,1753
151,689,840
102,266,368
955,232,1187
735,369,1104
361,776,1137
534,624,1158
413,813,1226
897,1000,1897
1,931,932
921,478,1399
987,56,1043
267,887,1154
896,971,1867
650,562,1212
540,301,841
302,515,817
257,377,634
884,277,1161
348,445,793
801,455,1256
340,612,952
6,770,776
62,824,886
744,2,746
109,979,1088
870,154,1024
279,98,377
147,958,1105
167,747,914
773,151,924
987,404,1391
840,474,1314
434,13,447
181,624,805
318,974,1292
851,786,1637
722,146,868
569,364,933
785,375,1160
363,89,452
975,328,1303
946,624,1570
300,309,609
531,205,736
300,199,499
566,204,770
695,522,1217
516,121,637
941,812,1753
537,717,1254
377,961,1338
848,811,1659
355,927,1282
185,479,664
824,510,1334
133,576,709
945,585,1530
967,93,1060
834,898,1732
416,216,632
973,410,1383
3,469,472
689,719,1408
413,704,1117
176,20,196
743,889,1632
820,156,976
580,386,966
923,855,1778
591,888,1479
431,613,1044
154,701,855
616,727,1343
935,445,1380
734,231,965
669,948,1617
630,871,1501
435,389,824
957,36,993
767,207,974
875,471,1346
150,850,1000
401,513,914
789,17,806
296,523,819
620,370,990
619,644,1263
333,541,874
510,605,1115
200,164,364
225,113,338
401,782,1183
394,300,694
490,932,1422
125,575,700
310,219,529
645,74,719
41,914,955
672,859,1531
878,333,1211
287,824,1111
66,813,879
120,811,931
495,436,931
550,265,815
353,673,1026
951,828,1779
375,960,1335
103,399,502
966,104,1070
779,996,1775
712,632,1344
600,960,1560
433,538,971
115,543,658
764,419,1183
538,415,953
847,10,857
700,803,1503
311,310,621
807,188,995
974,917,1891
881,337,1218
649,401,1050
772,870,1642
74,697,771
751,253,1004
32,681,713
857,292,1149
334,429,763
178,935,1113
509,485,994
316,680,996
398,283,681
674,164,838
240,606,846
968,372,1340
372,837,1209
828,770,1598
918,596,1514
741,529,1270
265,600,865
296,765,1061
568,363,931
326,686,1012
26,328,354
852,4,856
762,40,802
615,721,1336
370,573,943
125,177,302
928,507,1435
716,539,1255
791,138,929
1,959,960
728,28,756
494,110,604
91,744,835
629,628,1257
105,918,1023
496,903,1399
882,268,1150
242,116,358
854,998,1852
820,674,1494
566,401,967
328,268,596
343,324,667
237,667,904
192,725,917
332,423,755
244,940,1184
922,322,1244
794,386,1180
232,476,708
956,985,1941
464,606,1070
69,118,187
801,618,1419
636,511,1147
413,481,894
630,856,1486
344,312,656
267,613,880
151,127,278
799,873,1672
109,374,483
776,138,914
630,990,1620
394,21,415
367,916,1283
280,177,457
87,220,307
327,82,409
163,428,591
329,813,1142
386,632,1018
106,34,140
794,915,1709
230,673,903
953,434,1387
389,38,427
634,703,1337
54,159,213
77,57,134
872,358,1230
755,352,1107
483,681,1164
494,355,849
205,223,428
309,707,1016
282,135,417
83,651,734
639,153,792
196,408,604
146,23,169
285,569,854
209,456,665
431,897,1328
441,244,685
85,22,107
28,997,1025
646,338,984
114,486,600
814,266,1080
629,429,1058
860,71,931
268,377,645
484,621,1105
415,122,537
969,473,1442
391,10,401
437,482,919
119,797,916
264,522,786
340,430,770
879,811,1690
372,679,1051
52,967,1019
648,638,1286
759,237,996
940,285,1225
331,75,406
973,731,1704
847,869,1716
953,516,1469
540,191,731
66,557,623
56,104,160
267,267,534
843,502,1345
840,320,1160
604,312,916
302,0,302
306,466,772
379,40,419
735,681,1416
476,351,827
777,111,888
655,173,828
879,516,1395
740,639,1379
178,103,281
917,936,1853
179,777,956
282,90,372
88,764,852
765,423,1188
958,177,1135
179,223,402
30,456,486
853,116,969
638,36,674
236,706,942
64,94,158
899,40,939
37,837,874
57,120,177
490,817,1307
572,87,659
588,244,832
506,609,1115
683,962,1645
811,598,1409
834,807,1641
299,45,344
947,424,1371
146,308,454
666,356,1022
845,504,1349
94,23,117
902,801,1703
725,435,1160
937,395,1332
689,381,1070
557,283,840
357,608,965
562,473,1035
251,995,1246
590,423,1013
527,660,1187
132,829,961
688,609,1297
767,718,1485
585,780,1365
111,999,1110
482,232,714
32,232,264
387,843,1230
700,682,1382
905,511,1416
751,547,1298
447,44,491
844,340,1184
268,714,982
591,170,761
716,376,1092
820,826,1646
761,459,1220
391,321,712
607,2,609
301,246,547
223,685,908
175,915,1090
204,516,720
696,966,1662
216,347,563
600,961,1561
570,445,1015
130,465,595
288,822,1110
507,343,850
804,161,965
872,698,1570
813,390,1203
280,207,487
788,778,1566
94,927,1021
334,212,546
368,766,1134
731,102,833
324,642,966
24,119,143
806,6,812
952,373,1325
386,332,718
37,513,550
8,9,17
594,33,627
54,859,913
334,364,698
46,624,670
444,63,507
564,959,1523
415,171,586
583,479,1062
663,408,1071
777,260,1037
552,611,1163
582,430,1012
788,244,1032
331,826,1157
574,402,976
98,412,510
37,418,455
261,71,332
979,426,1405
393,220,613
561,962,1523
346,435,781
88,843,931
106,245,351
475,195,670
507,791,1298
617,109,726
274,520,794
47,836,883
298,867,1165
556,250,806
624,486,1110
71,802,873
150,233,383
986,65,1051
656,106,762
538,926,1464
349,670,1019
987,482,1469
483,312,795
578,191,769
756,127,883
995,268,1263
166,74,240
999,436,1435
169,891,1060
633,0,633
442,490,932
127,299,426
749,501,1250
526,70,596
844,650,1494
964,261,1225
813,879,1692
285,338,623
543,317,860
344,819,1163
42,726,768
33,214,247
446,462,908
838,650,1488
555,323,878
722,764,1486
899,334,1233
877,181,1058
353,3,356
825,103,928
854,929,1783
499,236,735
211,864,1075
423,491,914
186,310,496
366,857,1223
935,213,1148
648,332,980
197,14,211
992,412,1404
933,823,1756
657,414,1071
742,377,1119
798,945,1743
698,229,927
524,663,1187
384,158,542
233,272,505
193,608,801
916,883,1799
30,159,189
998,84,1082
471,900,1371
360,563,923
837,716,1553
493,941,1434
448,385,833
660,725,1385
439,821,1260
527,675,1202
364,591,955
591,692,1283
298,524,822
964,388,1352
873,118,991
474,983,1457
631,536,1167
210,420,630
67,718,785
457,65,522
844,609,1453
160,622,782
316,16,332
133,892,1025
561,879,1440
323,508,831
78,477,555
99,820,919
908,449,1357
76,556,632
567,424,991
890,744,1634
386,180,566
443,897,1340
876,559,1435
755,612,1367
788,521,1309
612,284,896
849,825,1674
436,332,768
648,229,877
423,101,524
217,15,232
942,303,1245
348,164,512
756,945,1701
944,907,1851
361,108,469
18,252,270
772,393,1165
539,345,884
651,844,1495
315,677,992
85,231,316
696,949,1645
217,659,876
70,663,733
261,252,513
6,491,497
333,48,381
18,7,25
321,360,681
524,349,873
960,393,1353
620,223,843
439,166,605
852,655,1507
53,693,746
995,97,1092
141,145,286
299,450,749
121,66,187
854,733,1587
129,598,727
740,830,1570
382,648,1030
863,99,962
336,388,724
729,115,844
286,117,403
624,124,748
154,816,970
639,616,1255
100,161,261
494,512,1006
771,860,1631
559,206,765
862,592,1454
174,655,829
712,693,1405
5,653,658
644,213,857
180,336,516
568,68,636
265,533,798
292,16,308
669,669,1338
322,534,856
829,631,1460
780,736,1516
85,115,200
818,671,1489
146,87,233
994,714,1708
543,933,1476
205,219,424
33,630,663
611,283,894
425,420,845
719,151,870
820,214,1034
542,237,779
551,540,1091
928,528,1456
580,683,1263
638,69,707
26,401,427
172,725,897
853,448,1301
499,402,901
183,897,1080
126,551,677
198,613,811
547,947,1494
367,402,769
326,688,1014
682,296,978
960,13,973
88,310,398
514,429,943
706,409,1115
180,624,804
984,924,1908
113,550,663
797,256,1053
436,21,457
396,988,1384
405,516,921
392,545,937
219,848,1067
837,860,1697
214,714,928
745,410,1155
815,614,1429
167,778,945
342,702,1044
196,764,960
190,702,892
241,648,889
529,528,1057
901,566,1467
398,313,711
720,134,854
121,677,798
130,737,867
930,931,1861
526,298,824
640,561,1201
831,822,1653
705,389,1094
488,697,1185
59,917,976
502,829,1331
60,425,485
782,118,900
955,818,1773
12,710,722
67,469,536
470,135,605
150,112,262
776,446,1222
313,226,539
333,464,797
47,234,281
762,918,1680
702,470,1172
188,15,203
752,793,1545
800,569,1369
496,771,1267
20,293,313
873,857,1730
984,426,1410
850,263,1113
199,629,828
465,602,1067
5,946,951
778,958,1736
952,853,1805
800,193,993
597,664,1261
93,199,292
27,465,492
801,438,1239
305,377,682
355,317,672
687,756,1443
675,958,1633
444,685,1129
726,953,1679
436,326,762
799,910,1709
860,551,1411
654,718,1372
444,876,1320
20,319,339
605,50,655
589,883,1472
338,258,596
204,105,309
656,977,1633
551,26,577
591,245,836
31,329,360
486,636,1122
997,174,1171
569,570,1139
601,897,1498
41,193,234
680,402,1082
239,512,751
646,572,1218
587,348,935
368,923,1291
614,421,1035
389,315,704
879,262,1141
286,186,472
244,114,358
325,239,564
235,240,475
840,19,859
438,680,1118
263,280,543
709,138,847
21,442,463
228,571,799
798,837,1635
297,241,538
243,673,916
216,662,878
785,862,1647
697,504,1201
433,432,865
954,675,1629
447,751,1198
721,250,971
287,469,756
228,467,695
232,494,726
270,555,825
681,37,718
123,305,428
588,107,695
665,236,901
622,618,1240
750,275,1025
625,134,759
149,225,374
915,180,1095
14,800,814
781,115,896
153,399,552
477,546,1023
863,638,1501
896,979,1875
691,921,1612
489,504,993
145,465,610
582,633,1215
326,787,1113
498,551,1049
52,20,72
34,224,258
438,297,735
28,307,335
667,614,1281
675,59,734
51,81,132
815,976,1791
564,525,1089
136,633,769
381,523,904
121,649,770
256,331,587
863,464,1327
979,983,1962
800,337,1137
590,443,1033
745,560,1305
745,258,1003
868,73,941
214,442,656
684,977,1661
385,857,1242
490,490,980
909,638,1547
491,543,1034
627,863,1490
475,632,1107
687,887,1574
920,967,1887
256,947,1203
583,394,977
799,104,903
792,788,1580
114,947,1061
208,400,608
897,637,1534
147,320,467
586,803,1389
307,44,351
490,803,1293
576,104,680
256,839,1095
861,890,1751
221,204,425
619,455,1074
131,934,1065
794,799,1593
345,328,673
176,501,677
759,883,1642
163,935,1098
597,755,1352
602,460,1062
103,110,213
362,89,451
247,223,470
461,709,1170
480,206,686
572,364,936
645,84,729
974,769,1743
509,499,1008
621,402,1023
196,332,528
216,291,507
336,351,687
223,653,876
498,537,1035
68,631,699
80,292,372
386,992,1378
605,875,1480
734,194,928
590,571,1161
336,518,854
925,45,970
202,849,1051
808,620,1428
49,425,474
337,630,967
491,583,1074
863,255,1118
800,463,1263
58,595,653
937,109,1046
314,438,752
435,768,1203
315,372,687
118,628,746
722,488,1210
101,610,711
147,972,1119
780,580,1360
173,564,737
643,778,1421
309,735,1044
942,764,1706
889,800,1689
843,802,1645
410,31,441
50,698,748
552,656,1208
326,105,431
393,43,436
112,239,351
934,893,1827
960,401,1361
837,254,1091
115,642,757
921,69,990
108,180,288
256,146,402
791,26,817
76,714,790
382,581,963
47,187,234
99,196,295
106,112,218
523,386,909
997,199,1196
944,877,1821
168,587,755
766,664,1430
940,941,1881
539,943,1482
458,423,881
341,691,1032
923,312,1235
429,490,919
9,160,169
205,923,1128
798,255,1053
230,583,813
393,200,593
693,437,1130
931,818,1749
876,175,1051
245,736,981
879,621,1500
605,612,1217
66,347,413
270,309,579
398,792,1190
799,811,1610
908,991,1899
343,953,1296
22,155,177
837,321,1158
494,702,1196
636,84,720
935,913,1848
162,831,993
521,55,576
565,540,1105
619,283,902
492,794,1286
869,135,1004
344,860,1204
403,139,542
246,858,1104
646,190,836
117,641,758
727,261,988
426,699,1125
924,480,1404
950,364,1314
391,85,476
104,684,788
105,919,1024
956,98,1054
242,148,390
616,897,1513
433,348,781
156,552,708
753,883,1636
226,111,337
697,177,874
920,350,1270
163,366,529
934,884,1818
398,448,846
633,10,643
909,296,1205
201,702,903
659,445,1104
910,35,945
845,103,948
645,425,1070
436,142,578
485,620,1105
827,383,1210
487,566,1053
675,78,753
8,707,715
188,768,956
667,308,975
140,412,552
136,995,1131
657,563,1220
497,781,1278
436,610,1046
449,508,957
25,999,1024
979,643,1622
937,723,1660
78,361,439
538,854,1392
141,432,573
97,229,326
729,782,1511
812,573,1385
276,990,1266
456,67,523
0,225,225
125,98,223
83,736,819
932,289,1221
915,220,1135
620,639,1259
2,981,983
382,281,663
351,271,622
904,944,1848
838,554,1392
945,645,1590
912,672,1584
716,905,1621
196,587,783
123,917,1040
44,976,1020
78,12,90
181,16,197
786,151,937
435,849,1284
753,651,1404
237,146,383
911,580,1491
363,157,520
570,804,1374
984,199,1183
824,82,906
648,897,1545
873,600,1473
822,368,1190
877,223,1100
735,401,1136
368,984,1352
565,29,594
108,573,681
13,416,429
489,904,1393
785,215,1000
889,880,1769
340,845,1185
931,509,1440
443,704,1147
0,909,909
33,416,449
807,713,1520
595,199,794
153,123,276
617,821,1438
802,156,958
720,280,1000
867,494,1361
885,16,901
166,866,1032
357,315,672
876,654,1530
170,679,849
597,409,1006
787,558,1345
387,885,1272
174,225,399
9,178,187
522,673,1195
223,324,547
210,487,697
891,32,923
671,573,1244
451,764,1215
847,300,1147
423,901,1324
892,71,963
993,620,1613
530,142,672
651,400,1051
77,542,619
266,260,526
579,461,1040
926,389,1315
682,730,1412
702,849,1551
394,461,855
257,635,892
737,716,1453
151,399,550
680,676,1356
409,259,668
78,120,198
568,544,1112
168,707,875
561,450,1011
402,465,867
174,541,715
14,482,496
869,940,1809
232,478,710
270,453,723
250,963,1213
965,117,1082
74,350,424
322,795,1117
571,18,589
183,243,426
784,239,1023
83,539,622
926,680,1606
677,21,698
926,945,1871
511,927,1438
231,368,599
551,679,1230
335,858,1193
784,865,1649
700,935,1635
261,382,643
424,529,953
566,727,1293
356,791,1147
750,571,1321
72,834,906
95,955,1050
143,339,482
858,884,1742
861,215,1076
871,576,1447
192,335,527
977,127,1104
858,606,1464
579,5,584
29,839,868
33,494,527
264,256,520
642,56,698
530,586,1116
406,260,666
104,118,222
751,825,1576
804,537,1341
164,346,510
896,166,1062
901,947,1848
746,62,808
301,19,320
779,61,840
196,216,412
474,9,483
388,140,528
626,159,785
997,980,1977
723,862,1585
493,820,1313
468,123,591
384,181,565
84,613,697
608,996,1604
420,360,780
881,440,1321
292,436,728
745,194,939
366,400,766
913,914,1827
569,228,797
161,165,326
147,971,1118
370,226,596
428,217,645
582,656,1238
836,418,1254
498,635,1133
982,92,1074
563,352,915
846,57,903
439,13,452
370,947,1317
113,730,843
614,114,728
360,809,1169
718,131,849
204,404,608
17,754,771
513,523,1036
265,239,504
210,609,819
795,897,1692
930,287,1217
919,246,1165
534,313,847
560,838,1398
685,358,1043
388,149,537
546,68,614
636,606,1242
801,358,1159
624,400,1024
365,142,507
911,133,1044
266,224,490
454,392,846
810,765,1575
524,681,1205
247,74,321
294,443,737
896,889,1785
372,415,787
274,293,567
307,322,629
453,5,458
819,716,1535
976,95,1071
775,251,1026
317,582,899
326,699,1025
191,963,1154
717,806,1523
897,331,1228
918,230,1148
951,704,1655
819,602,1421
642,431,1073
304,363,667
41,399,440
342,498,840
503,722,1225
829,683,1512
5,523,528
410,361,771
943,750,1693
770,456,1226
391,223,614
78,843,921
481,948,1429
79,459,538
547,471,1018
645,377,1022
856,798,1654
94,1000,1094
631,195,826
125,554,679
133,188,321
506,125,631
550,844,1394
996,423,1419
119,290,409
305,69,374
380,225,605
430,316,746
200,233,433
327,106,433
856,61,917
860,973,1833
714,466,1180
174,755,929
316,520,836
980,977,1957
772,670,1442
590,417,1007
46,467,513
581,690,1271
713,548,1261
575,646,1221
592,303,895
627,826,1453
456,268,724
564,222,786
203,962,1165
400,31,431
561,21,582
615,361,976
792,850,1642
709,53,762
638,764,1402
681,771,1452
517,690,1207
728,388,1116
181,784,965
5,936,941
949,746,1695
648,380,1028
821,358,1179
736,3,739
791,356,1147
255,227,482
617,366,983
405,214,619
625,600,1225
712,190,902
974,485,1459
301,945,1246
547,329,876
57,598,655
85,940,1025
934,545,1479
289,233,522
423,597,1020
134,476,610
859,767,1626
756,86,842
328,185,513
530,634,1164
364,69,433
602,49,651
79,863,942
196,508,704
272,753,1025
980,706,1686
934,70,1004
180,920,1100
821,209,1030
470,955,1425
760,975,1735
270,764,1034
858,475,1333
423,411,834
226,167,393
76,452,528
693,403,1096
782,790,1572
309,722,1031
572,291,863
359,388,747
117,650,767
348,0,348
539,195,734
118,856,974
8,267,275
76,877,953
529,521,1050
781,716,1497
557,379,936
670,285,955
390,27,417
693,805,1498
431,570,1001
136,305,441
294,480,774
5,45,50
857,713,1570
277,858,1135
995,222,1217
37,171,208
364,128,492
422,893,1315
837,286,1123
670,611,1281
344,258,602
311,521,832
501,958,1459
853,920,1773
115,452,567
547,634,1181
706,891,1597
137,609,746
439,53,492
96,154,250
336,954,1290
956,262,1218
925,175,1100
190,430,620
945,42,987
751,132,883
124,237,361
736,230,966
350,111,461
290,949,1239
296,251,547
656,353,1009
220,974,1194
543,577,1120
796,524,1320
728,502,1230
769,336,1105
565,381,946
224,658,882
381,253,634
258,130,388
855,538,1393
483,950,1433
929,893,1822
737,390,1127
674,633,1307
544,561,1105
322,584,906
833,318,1151
121,815,936
793,688,1481
855,412,1267
990,766,1756
841,739,1580
742,679,1421
509,761,1270
467,827,1294
251,173,424
906,614,1520
270,996,1266
638,991,1629
165,969,1134
523,217,740
400,176,576
930,12,942
208,589,797
747,75,822
615,131,746
965,286,1251
976,943,1919
171,633,804
325,24,349
802,405,1207
81,958,1039
510,279,789
269,247,516
131,289,420
381,140,521
718,500,1218
666,719,1385
862,519,1381
730,89,819
893,368,1261
639,597,1236
914,571,1485
513,874,1387
728,110,838
467,855,1322
989,240,1229
546,188,734
753,883,1636
440,187,627
633,924,1557
137,360,497
333,66,399
717,796,1513
748,464,1212
824,312,1136
870,32,902
67,597,664
904,328,1232
326,724,1050
605,279,884
279,387,666
361,734,1095
190,367,557
651,403,1054
629,573,1202
384,992,1376
709,272,981
475,215,690
963,887,1850
44,744,788
458,753,1211
211,896,1107
96,839,935
32,656,688
353,698,1051
669,476,1145
611,30,641
582,281,863
294,888,1182
814,792,1606
641,373,1014
368,227,595
51,470,521
110,21,131
790,652,1442
665,258,923
0,786,786
376,154,530
130,233,363
598,195,793
414,117,531
886,31,917
192,527,719
111,332,443
534,441,975
193,739,932
79,183,262
855,260,1115
907,371,1278
925,124,1049
549,840,1389
841,578,1419
490,843,1333
791,206,997
827,249,1076
553,256,809
566,997,1563
468,873,1341
561,611,1172
69,454,523
794,478,1272
767,16,783
418,704,1122
397,934,1331
747,642,1389
814,127,941
400,269,669
98,420,518
309,213,522
719,164,883
753,444,1197
357,599,956
737,52,789
680,486,1166
693,254,947
557,733,1290
712,820,1532
972,202,1174
249,836,1085
302,493,795
133,462,595
135,99,234
854,388,1242
912,517,1429
449,906,1355
877,558,1435
688,928,1616
69,534,603
157,222,379
333,414,747
200,916,1116
59,121,180
352,619,971
36,362,398
283,306,589
919,478,1397
686,515,1201
881,170,1051
943,985,1928
62,326,388
461,320,781
212,857,1069
871,305,1176
463,812,1275
25,717,742
470,273,743
814,616,1430
145,886,1031
870,531,1401
49,491,540
871,901,1772
879,299,1178
842,358,1200
850,979,1829
730,124,854
475,793,1268
56,950,1006
817,711,1528
865,314,1179
26,630,656
74,244,318
981,539,1520
11,418,429
687,568,1255
369,452,821
87,382,469
352,868,1220
72,652,724
894,712,1606
125,821,946
453,925,1378
17,390,407
543,645,1188
394,551,945
514,848,1362
580,169,749
404,390,794
463,94,557
436,996,1432
462,937,1399
650,626,1276
789,41,830
700,518,1218
580,931,1511
544,920,1464
800,106,906
58,779,837
181,240,421
813,972,1785
76,937,1013
921,121,1042
558,765,1323
169,914,1083
979,107,1086
804,209,1013
311,406,717
77,63,140
376,372,748
376,733,1109
501,489,990
453,889,1342
325,131,456
730,855,1585
735,179,914
323,470,793
734,135,869
798,303,1101
226,441,667
611,876,1487
854,114,968
655,333,988
627,503,1130
824,296,1120
24,112,136
475,198,673
506,896,1402
903,914,1817
965,788,1753
420,601,1021
284,445,729
269,285,554
516,300,816
268,506,774
665,437,1102
586,842,1428
724,104,828
74,663,737
964,865,1829
748,321,1069
881,21,902
500,629,1129
937,170,1107
192,803,995
998,269,1267
561,232,793
359,624,983
680,778,1458
291,212,503
694,367,1061
871,816,1687
329,525,854
558,67,625
864,608,1472
837,854,1691
273,956,1229
722,497,1219
880,373,1253
1,784,785
901,681,1582
505,16,521
53,497,550
435,787,1222
258,739,997
949,775,1724
297,47,344
34,891,925
164,603,767
885,832,1717
787,992,1779
827,690,1517
145,553,698
685,361,1046
885,469,1354
144,196,340
187,474,661
954,891,1845
619,750,1369
46,718,764
818,334,1152
211,817,1028
421,131,552
193,492,685
550,958,1508
501,471,972
975,285,1260
487,890,1377
220,581,801
829,217,1046
761,99,860
544,637,1181
618,638,1256
677,749,1426
922,313,1235
241,938,1179
554,801,1355
261,539,800
5,367,372
909,373,1282
963,672,1635
310,730,1040
979,978,1957
430,120,550
570,397,967
566,472,1038
563,216,779
852,349,1201
151,58,209
598,48,646
593,21,614
251,172,423
161,488,649
158,442,600
676,377,1053
569,805,1374
968,410,1378
505,590,1095
183,461,644
587,112,699
233,590,823
161,331,492
145,156,301
429,684,1113
407,760,1167
91,519,610
500,793,1293
701,171,872
679,787,1466
763,2,765
75,351,426
440,778,1218
397,331,728
305,782,1087
325,296,621
35,179,214
429,58,487
192,112,304
99,191,290
42,430,472
309,970,1279
222,298,520
990,317,1307
559,884,1443
861,533,1394
242,783,1025
284,503,787
915,22,937
651,713,1364
538,320,858
248,85,333
128,123,251
387,589,976
286,801,1087
889,787,1676
80,759,839
198,186,384
241,615,856
865,364,1229
845,594,1439
69,765,834
943,948,1891
220,391,611
17,435,452
513,603,1116
985,252,1237
551,568,1119
836,467,1303
410,320,730
492,593,1085
766,294,1060
275,719,994
350,536,886
347,191,538
724,650,1374
958,374,1332
333,951,1284
106,569,675
595,744,1339
328,829,1157
432,137,569
800,273,1073
212,130,342
352,0,352
780,125,905
865,806,1671
237,344,581
797,82,879
388,791,1179
749,233,982
149,125,274
557,85,642
567,527,1094
558,265,823
430,54,484
457,516,973
306,49,355
36,365,401
991,371,1362
656,930,1586
254,508,762
999,727,1726
25,33,58
138,161,299
84,357,441
637,708,1345
507,924,1431
21,186,207
203,110,313
887,304,1191
247,802,1049
461,164,625
60,869,929
135,705,840
998,144,1142
673,709,1382
333,566,899
39,119,158
70,411,481
255,179,434
94,736,830
929,472,1401
486,0,486
797,345,1142
511,15,526
845,209,1054
662,585,1247
752,124,876
41,739,780
790,432,1222
120,870,990
235,420,655
678,68,746
719,572,1291
595,838,1433
478,882,1360
829,186,1015
410,435,845
479,634,1113
236,450,686
502,272,774
215,749,964
162,833,995
481,781,1262
815,16,831
589,302,891
547,862,1409
170,496,666
995,541,1536
388,42,430
542,992,1534
951,650,1601
379,850,1229
95,2,97
581,58,639
509,403,912
260,482,742
714,760,1474
41,470,511
476,812,1288
141,736,877
912,879,1791
737,906,1643
18,735,753
59,761,820
706,202,908
723,914,1637
704,262,966
947,573,1520
961,265,1226
846,4,850
46,268,314
68,245,313
240,680,920
6,372,378
761,944,1705
805,241,1046
127,46,173
566,664,1230
469,915,1384
157,67,224
960,286,1246
650,704,1354
990,712,1702
557,856,1413
182,564,746
226,417,643
892,739,1631
916,488,1404
769,388,1157
105,991,1096
646,986,1632
691,788,1479
920,75,995
325,979,1304
239,223,462
141,211,352
676,8,684
39,903,942
36,444,480
256,220,476
55,366,421
603,608,1211
65,436,501
876,745,1621
501,120,621
348,513,861
374,979,1353
117,852,969
464,336,800
935,750,1685
887,695,1582
104,728,832
266,760,1026
435,620,1055
623,911,1534
579,785,1364
864,685,1549
22,345,367
271,163,434
335,683,1018
143,28,171
875,629,1504
77,462,539
524,813,1337
563,116,679
805,648,1453
807,746,1553
479,7,486
567,556,1123
95,739,834
855,719,1574
652,753,1405
39,546,585
101,859,960
410,956,1366
142,579,721
383,279,662
575,515,1090
19,689,708
812,636,1448
279,605,884
438,533,971
672,870,1542
799,906,1705
643,188,831
717,433,1150
531,52,583
14,819,833
20,5,25
689,192,881
111,527,638
431,998,1429
735,140,875
793,775,1568
700,292,992
69,490,559
701,892,1593
374,253,627
357,923,1280
182,380,562
158,100,258
68,534,602
494,115,609
852,998,1850
930,124,1054
253,328,581
750,391,1141
980,971,1951
1000,745,1745
550,650,1200
171,658,829
301,605,906
341,78,419
5,369,374
140,783,923
656,477,1133
479,920,1399
761,360,1121
171,452,623
613,440,1053
424,646,1070
573,474,1047
57,913,970
611,524,1135
687,283,970
360,550,910
220,508,728
746,45,791
829,99,928
262,595,857
786,221,1007
679,244,923
44,226,270
532,719,1251
281,545,826
694,144,838
62,579,641
275,378,653
427,840,1267
842,133,975
110,172,282
856,202,1058
509,526,1035
301,927,1228
117,876,993
778,572,1350
22,501,523
874,155,1029
267,421,688
360,284,644
959,355,1314
811,154,965
799,891,1690
962,484,1446
293,602,895
885,629,1514
802,386,1188
264,996,1260
599,534,1133
27,456,483
707,147,854
275,614,889
715,407,1122
782,235,1017
860,25,885
767,323,1090
232,347,579
917,996,1913
604,38,642
55,910,965
678,378,1056
407,406,813
898,426,1324
153,593,746
565,263,828
392,68,460
568,279,847
221,512,733
667,727,1394
186,644,830
990,535,1525
979,679,1658
413,593,1006
903,326,1229
207,421,628
742,660,1402
953,805,1758
335,559,894
664,837,1501
678,925,1603
832,750,1582
98,713,811
159,828,987
324,728,1052
388,508,896
211,891,1102
227,635,862
134,647,781
31,264,295
675,289,964
796,880,1676
242,121,363
608,466,1074
889,529,1418
895,715,1610
251,24,275
394,745,1139
532,850,1382
772,420,1192
81,304,385
202,420,622
41,496,537
227,219,446
690,632,1322
562,452,1014
260,72,332
742,749,1491
42,625,667
654,336,990
922,848,1770
585,706,1291
575,882,1457
93,472,565
254,811,1065
919,557,1476
37,999,1036
615,830,1445
639,431,1070
204,868,1072
787,462,1249
244,339,583
10,120,130
220,746,966
959,187,1146
746,438,1184
515,988,1503
289,966,1255
111,391,502
328,863,1191
228,517,745
257,362,619
591,300,891
124,721,845
556,546,1102
983,385,1368
428,475,903
627,476,1103
365,192,557
15,19,34
336,338,674
357,378,735
871,143,1014
116,316,432
129,50,179
938,171,1109
287,302,589
894,288,1182
412,872,1284
209,491,700
640,439,1079
235,525,760
950,405,1355
297,19,316
973,646,1619
377,149,526
815,327,1142
715,188,903
664,812,1476
588,94,682
64,453,517
123,129,252
90,274,364
717,218,935
172,373,545
312,762,1074
347,887,1234
77,774,851
252,811,1063
776,833,1609
394,937,1331
625,260,885
839,135,974
733,1000,1733
671,903,1574
414,892,1306
109,199,308
382,431,813
601,786,1387
361,297,658
240,82,322
473,908,1381
432,206,638
372,947,1319
296,532,828
482,627,1109
54,302,356
12,718,730
382,788,1170
932,908,1840
596,930,1526
359,316,675
840,242,1082
664,619,1283
648,545,1193
504,584,1088
817,15,832
526,158,684
661,721,1382
242,787,1029
167,386,553
28,214,242
885,321,1206
657,899,1556
370,152,522
560,665,1225
690,712,1402
958,671,1629
560,553,1113
560,530,1090
382,306,688
505,118,623
965,904,1869
363,303,666
582,58,640
566,493,1059
68,183,251
661,118,779
352,764,1116
457,512,969
54,158,212
792,867,1659
560,40,600
458,637,1095
500,813,1313
455,630,1085
726,236,962
392,342,734
470,844,1314
940,333,1273
477,660,1137
0,455,455
699,245,944
226,159,385
982,256,1238
622,644,1266
621,908,1529
789,266,1055
557,458,1015
386,903,1289
393,34,427
197,908,1105
378,641,1019
270,519,789
939,323,1262
925,140,1065
467,499,966
811,268,1079
590,542,1132
935,180,1115
292,662,954
208,784,992
729,414,1143
432,770,1202
727,724,1451
280,614,894
674,901,1575
171,672,843
354,765,1119
457,623,1080
544,741,1285
552,588,1140
305,817,1122
391,859,1250
306,973,1279
487,690,1177
737,702,1439
826,813,1639
621,416,1037
713,315,1028
183,823,1006
283,74,357
794,258,1052
28,469,497
745,308,1053
789,180,969
307,723,1030
21,55,76
459,833,1292
526,914,1440
860,777,1637
492,420,912
381,440,821
907,899,1806
296,553,849
899,275,1174
211,951,1162
927,568,1495
725,990,1715
191,699,890
99,676,775
150,379,529
804,259,1063
625,896,1521
626,310,936
650,244,894
733,707,1440
649,713,1362
106,975,1081
625,643,1268
544,170,714
598,288,886
537,917,1454
463,254,717
157,968,1125
990,398,1388
602,692,1294
10,408,418
982,646,1628
679,173,852
314,706,1020
924,653,1577
232,233,465
341,984,1325
233,770,1003
66,596,662
534,168,702
480,595,1075
365,748,1113
836,498,1334
271,526,797
579,365,944
31,885,916
522,964,1486
853,568,1421
374,721,1095
809,251,1060
905,40,945
736,674,1410
289,698,987
224,802,1026
23,932,955
622,305,927
584,266,850
360,659,1019
210,614,824
43,605,648
51,354,405
265,272,537
971,18,989
414,912,1326
232,743,975
41,319,360
142,717,859
578,238,816
965,567,1532
703,71,774
121,30,151
484,624,1108
304,562,866
347,752,1099
167,978,1145
124,985,1109
277,702,979
698,450,1148
683,899,1582
679,42,721
555,107,662
198,850,1048
3,142,145
388,177,565
482,593,1075
605,704,1309
360,323,683
990,74,1064
851,801,1652
201,367,568
831,963,1794
851,961,1812
323,571,894
254,987,1241
292,433,725
366,965,1331
982,348,1330
436,345,781
895,800,1695
644,237,881
420,46,466
268,250,518
634,518,1152
716,376,1092
986,522,1508
843,841,1684
723,483,1206
893,354,1247
636,616,1252
530,965,1495
893,229,1122
572,452,1024
201,41,242
481,460,941
794,787,1581
40,601,641
253,167,420
408,552,960
406,468,874
378,984,1362
250,532,782
33,850,883
410,375,785
601,185,786
901,491,1392
814,616,1430
508,200,708
264,445,709
881,200,1081
657,469,1126
133,833,966
980,397,1377
726,180,906
714,229,943
859,740,1599
693,606,1299
626,352,978
847,640,1487
336,416,752
337,755,1092
6,797,803
654,734,1388
753,961,1714
254,219,473
269,763,1032
439,269,708
230,872,1102
682,10,692
852,113,965
728,765,1493
680,671,1351
261,193,454
36,950,986
42,733,775
954,872,1826
373,156,529
676,877,1553
249,262,511
388,603,991
583,202,785
74,293,367
548,75,623
791,103,894
198,950,1148
520,531,1051
934,842,1776
568,792,1360
130,63,193
690,488,1178
610,908,1518
16,912,928
196,219,415
160,778,938
218,851,1069
938,448,1386
772,702,1474
304,204,508
863,295,1158
267,111,378
853,105,958
42,480,522
394,472,866
399,281,680
666,11,677
800,1,801
452,91,543
198,273,471
586,473,1059
878,481,1359
70,249,319
466,98,564
397,770,1167
357,325,682
148,540,688
14,897,911
25,534,559
875,529,1404
929,751,1680
978,199,1177
479,286,765
138,960,1098
35,31,66
105,207,312
417,75,492
973,390,1363
844,972,1816
704,271,975
70,121,191
422,206,628
376,668,1044
560,997,1557
152,822,974
543,560,1103
379,415,794
255,409,664
418,413,831
713,679,1392
606,319,925
153,197,350
956,991,1947
408,21,429
269,683,952
120,556,676
187,36,223
143,811,954
398,472,870
165,404,569
228,40,268
639,430,1069
53,409,462
348,635,983
883,566,1449
976,998,1974
289,963,1252
120,730,850
827,334,1161
311,164,475
738,885,1623
450,485,935
252,536,788
1,117,118
72,182,254
605,145,750
177,351,528
222,744,966
668,839,1507
268,130,398
305,355,660
652,863,1515
594,72,666
216,603,819
719,449,1168
341,395,736
758,705,1463
554,117,671
351,132,483
619,543,1162
427,812,1239
174,969,1143
213,197,410
37,863,900
906,66,972
214,450,664
431,370,801
435,163,598
74,490,564
260,742,1002
128,307,435
786,175,961
844,918,1762
689,420,1109
13,801,814
940,256,1196
191,168,359
233,545,778
609,64,673
748,966,1714
88,64,152
431,594,1025
650,612,1262
946,926,1872
264,431,695
765,948,1713
294,104,398
464,434,898
513,769,1282
437,939,1376
232,644,876
158,78,236
201,130,331
302,700,1002
156,481,637
297,904,1201
242,689,931
513,647,1160
964,973,1937
975,887,1862
584,727,1311
970,719,1689
483,986,1469
49,108,157
365,752,1117
117,526,643
105,202,307
766,364,1130
39,586,625
8,830,838
922,849,1771
98,261,359
762,751,1513
725,629,1354
484,227,711
441,611,1052
517,871,1388
124,643,767
602,616,1218
382,611,993
753,66,819
386,427,813
518,271,789
417,41,458
731,184,915
403,117,520
528,177,705
251,100,351
225,345,570
308,163,471
623,871,1494
288,427,715
164,871,1035
487,846,1333
327,126,453
396,706,1102
835,534,1369
469,195,664
651,310,961
642,735,1377
557,306,863
666,863,1529
546,906,1452
231,383,614
70,416,486
999,578,1577
832,365,1197
701,477,1178
484,294,778
441,539,980
846,187,1033
604,936,1540
450,84,534
140,850,990
191,263,454
429,328,757
9,484,493
808,103,911
283,354,637
651,245,896
62,329,391
257,257,514
450,967,1417
758,218,976
587,664,1251
795,726,1521
670,80,750
799,10,809
346,682,1028
408,342,750
852,621,1473
515,254,769
566,731,1297
233,570,803
179,720,899
324,719,1043
499,478,977
324,893,1217
18,888,906
10,665,675
780,47,827
436,741,1177
598,695,1293
363,598,961
393,632,1025
597,527,1124
587,553,1140
933,998,1931
767,938,1705
246,57,303
929,389,1318
175,512,687
263,996,1259
585,128,713
286,354,640
297,800,1097
273,310,583
152,226,378
978,132,1110
303,719,1022
962,570,1532
673,186,859
892,260,1152
760,644,1404
80,328,408
92,732,824
105,992,1097
546,818,1364
354,764,1118
797,669,1466
686,799,1485
723,91,814
881,513,1394
769,471,1240
757,633,1390
911,6,917
513,766,1279
195,428,623
823,768,1591
44,414,458
59,449,508
701,393,1094
958,508,1466
135,920,1055
19,958,977
158,609,767
788,355,1143
854,447,1301
388,357,745
439,754,1193
170,420,590
363,678,1041
872,728,1600
138,187,325
237,903,1140
855,790,1645
401,892,1293
754,81,835
498,518,1016
454,54,508
83,5,88
733,276,1009
381,132,513
819,188,1007
888,898,1786
122,389,511
737,617,1354
191,786,977
63,315,378
176,838,1014
861,1,862
886,976,1862
579,976,1555
533,135,668
126,457,583
817,309,1126
501,175,676
779,788,1567
200,488,688
1000,617,1617
909,200,1109
306,787,1093
553,912,1465
626,716,1342
25,755,780
312,903,1215
261,863,1124
587,217,804
44,879,923
138,800,938
166,3,169
655,995,1650
189,777,966
682,102,784
833,441,1274
541,459,1000
664,592,1256
135,263,398
725,172,897
974,517,1491
709,483,1192
272,434,706
460,82,542
67,325,392
874,474,1348
14,287,301
131,655,786
894,443,1337
324,489,813
466,677,1143
221,132,353
665,559,1224
495,263,758
891,569,1460
233,945,1178
606,767,1373
486,786,1272
206,96,302
147,560,707
763,174,937
230,459,689
836,476,1312
185,641,826
576,182,758
182,833,1015
181,265,446
191,776,967
418,96,514
509,100,609
891,689,1580
163,764,927
749,602,1351
235,902,1137
695,976,1671
496,461,957
848,202,1050
78,237,315
973,98,1071
713,215,928
130,8,138
418,681,1099
925,246,1171
974,36,1010
580,758,1338
350,833,1183
721,884,1605
217,4,221
498,729,1227
528,965,1493
169,281,450
462,96,558
884,41,925
460,78,538
368,210,578
993,385,1378
793,632,1425
177,968,1145
991,469,1460
698,629,1327
680,988,1668
761,565,1326
163,994,1157
784,413,1197
23,883,906
979,452,1431
450,381,831
172,331,503
242,521,763
999,362,1361
526,497,1023
889,873,1762
807,18,825
548,233,781
341,18,359
145,582,727
909,494,1403
922,389,1311
153,725,878
905,816,1721
28,293,321
74,69,143
788,926,1714
878,208,1086
179,921,1100
162,490,652
696,901,1597
529,542,1071
985,800,1785
215,64,279
161,56,217
980,300,1280
232,822,1054
951,648,1599
674,546,1220
10,78,88
595,40,635
895,2,897
58,655,713
847,750,1597
914,401,1315
350,412,762
294,948,1242
86,123,209
932,358,1290
392,207,599
347,686,1033
150,124,274
926,534,1460
366,914,1280
172,451,623
206,958,1164
965,649,1614
415,863,1278
306,247,553
123,279,402
372,322,694
252,828,1080
777,497,1274
639,471,1110
61,789,850
798,126,924
658,130,788
442,999,1441
490,620,1110
424,769,1193
432,743,1175
333,255,588
952,331,1283
675,325,1000
69,944,1013
669,256,925
611,866,1477
947,410,1357
83,916,999
657,160,817
821,651,1472
340,314,654
789,386,1175
270,232,502
720,145,865
725,209,934
925,841,1766
807,931,1738
554,486,1040
38,519,557
311,269,580
292,962,1254
67,479,546
203,448,651
508,172,680
957,857,1814
580,696,1276
102,185,287
206,433,639
703,701,1404
957,380,1337
577,371,948
573,702,1275
617,107,724
701,739,1440
29,477,506
726,912,1638
863,510,1373
61,846,907
338,559,897
49,711,760
784,385,1169
10,171,181
955,269,1224
190,184,374
257,992,1249
960,762,1722
833,365,1198
626,573,1199
201,57,258
975,144,1119
432,748,1180
352,514,866
235,255,490
110,62,172
545,994,1539
750,988,1738
875,377,1252
605,863,1468
205,37,242
107,962,1069
480,274,754
91,191,282
8,978,986
658,447,1105
268,795,1063
615,450,1065
185,821,1006
957,664,1621
965,921,1886
319,365,684
651,380,1031
627,5,632
741,151,892
12,446,458
318,456,774
579,282,861
677,461,1138
529,666,1195
269,42,311
652,135,787
805,639,1444
990,31,1021
353,958,1311
658,203,861
712,481,1193
31,500,531
55,117,172
406,99,505
973,603,1576
215,286,501
450,700,1150
67,936,1003
640,651,1291
344,890,1234
714,470,1184
913,839,1752
511,597,1108
1000,26,1026
180,381,561
467,240,707
792,43,835
887,633,1520
734,689,1423
331,628,959
249,346,595
643,561,1204
911,412,1323
3,25,28
517,432,949
737,993,1730
192,449,641
370,921,1291
613,438,1051
32,273,305
470,509,979
918,13,931
728,304,1032
185,155,340
550,922,1472
94,589,683
984,953,1937
413,259,672
140,495,635
843,299,1142
484,742,1226
211,41,252
407,340,747
679,897,1576
589,821,1410
99,493,592
70,968,1038
462,648,1110
781,671,1452
306,746,1052
132,697,829
207,629,836
471,643,1114
978,293,1271
806,452,1258
967,433,1400
899,421,1320
445,273,718
515,959,1474
90,523,613
753,793,1546
672,294,966
41,885,926
464,191,655
833,999,1832
451,558,1009
33,557,590
941,162,1103
837,945,1782
126,751,877
768,233,1001
398,29,427
191,139,330
173,586,759
115,753,868
888,836,1724
385,165,550
489,32,521
79,666,745
872,976,1848
98,484,582
490,158,648
288,499,787
812,646,1458
68,574,642
972,65,1037
241,760,1001
318,717,1035
958,293,1251
387,611,998
945,251,1196
938,913,1851
284,9,293
465,913,1378
459,816,1275
219,333,552
103,487,590
847,381,1228
655,460,1115
677,639,1316
95,658,753
65,825,890
732,888,1620
231,187,418
232,43,275
374,584,958
639,980,1619
929,681,1610
289,567,856
421,92,513
403,384,787
925,439,1364
297,678,975
1,462,463
462,387,849
622,786,1408
829,516,1345
264,721,985
374,215,589
819,718,1537
237,969,1206
8,827,835
428,480,908
562,768,1330
646,188,834
482,638,1120
110,355,465
135,323,458
257,159,416
875,446,1321
941,899,1840
655,726,1381
330,689,1019
706,82,788
726,757,1483
160,897,1057
194,1,195
191,533,724
981,283,1264
487,121,608
26,141,167
175,146,321
64,870,934
855,190,1045
787,26,813
565,351,916
83,860,943
657,807,1464
952,898,1850
293,225,518
7,932,939
564,887,1451
641,439,1080
367,400,767
624,975,1599
986,957,1943
162,429,591
757,13,770
950,806,1756
143,250,393
406,35,441
701,403,1104
621,688,1309
618,109,727
984,166,1150
691,790,1481
152,383,535
505,838,1343
607,115,722
880,268,1148
435,600,1035
377,386,763
457,842,1299
635,751,1386
478,403,881
702,601,1303
180,612,792
995,7,1002
157,76,233
530,908,1438
547,575,1122
615,95,710
850,616,1466
286,803,1089
799,125,924
571,23,594
289,625,914
710,176,886
361,740,1101
499,400,899
437,887,1324
395,820,1215
873,271,1144
924,324,1248
200,413,613
69,266,335
879,286,1165
316,905,1221
2,431,433
713,779,1492
330,743,1073
556,109,665
321,599,920
601,164,765
920,437,1357
93,524,617
446,755,1201
50,8,58
143,636,779
285,402,687
887,833,1720
679,705,1384
582,783,1365
205,358,563
491,947,1438
13,960,973
284,811,1095
190,867,1057
598,489,1087
123,852,975
44,271,315
194,581,775
757,892,1649
447,572,1019
491,372,863
825,177,1002
733,820,1553
366,84,450
111,268,379
759,272,1031
15,391,406
847,976,1823
451,144,595
695,421,1116
137,504,641
919,804,1723
99,70,169
465,478,943
655,968,1623
149,572,721
561,25,586
429,914,1343
229,459,688
483,335,818
369,184,553
185,926,1111
340,274,614
776,33,809
861,753,1614
252,782,1034
493,44,537
265,792,1057
371,106,477
794,79,873
637,754,1391
876,507,1383
757,35,792
710,861,1571
867,955,1822
315,975,1290
518,771,1289
526,886,1412
969,747,1716
530,753,1283
261,820,1081
340,803,1143
176,137,313
625,169,794
990,446,1436
720,945,1665
824,596,1420
994,355,1349
371,749,1120
135,181,316
625,743,1368
224,159,383
595,246,841
434,511,945
42,80,122
405,514,919
945,518,1463
706,186,892
711,659,1370
606,563,1169
599,879,1478
789,5,794
386,943,1329
220,943,1163
801,118,919
161,111,272
208,287,495
778,252,1030
921,130,1051
326,28,354
896,958,1854
259,633,892
955,36,991
3,183,186
311,907,1218
27,186,213
770,251,1021
390,178,568
627,141,768
549,934,1483
915,648,1563
920,888,1808
284,26,310
814,527,1341
355,976,1331
949,505,1454
1000,132,1132
255,170,425
768,813,1581
805,579,1384
498,990,1488
437,544,981
783,582,1365
731,236,967
129,198,327
289,604,893
764,302,1066
108,664,772
327,210,537
73,737,810
933,140,1073
404,229,633
250,553,803
553,985,1538
861,282,1143
475,841,1316
383,343,726
228,804,1032
975,220,1195
722,586,1308
667,283,950
451,373,824
844,895,1739
878,304,1182
360,26,386
723,573,1296
505,392,897
49,265,314
242,870,1112
264,494,758
895,432,1327
318,2,320
788,171,959
753,559,1312
15,119,134
458,457,915
947,672,1619
642,760,1402
829,919,1748
636,636,1272
601,285,886
750,546,1296
980,218,1198
439,172,611
886,443,1329
894,852,1746
214,374,588
798,282,1080
68,599,667
18,638,656
584,487,1071
919,324,1243
319,681,1000
734,281,1015
788,99,887
723,426,1149
366,103,469
258,737,995
607,466,1073
120,884,1004
744,544,1288
760,394,1154
777,790,1567
10,228,238
473,896,1369
360,483,843
370,558,928
118,500,618
785,139,924
720,786,1506
734,507,1241
951,879,1830
877,455,1332
732,0,732
265,950,1215
717,690,1407
5,73,78
433,981,1414
4,264,268
528,588,1116
570,842,1412
526,420,946
364,114,478
230,542,772
256,875,1131
318,652,970
155,726,881
214,731,945
871,538,1409
442,381,823
70,224,294
65,395,460
315,9,324
765,914,1679
100,499,599
690,501,1191
258,547,805
466,344,810
49,187,236
849,964,1813
437,651,1088
379,247,626
201,436,637
642,372,1014
279,835,1114
968,335,1303
734,308,1042
91,90,181
603,619,1222
964,139,1103
627,589,1216
621,239,860
472,87,559
897,449,1346
565,935,1500
908,747,1655
238,486,724
847,258,1105
907,455,1362
576,82,658
11,656,667
421,860,1281
365,882,1247
344,982,1326
851,477,1328
686,72,758
699,261,960
396,906,1302
352,899,1251
65,254,319
677,626,1303
811,217,1028
439,285,724
757,405,1162
803,490,1293
791,894,1685
463,520,983
487,427,914
527,700,1227
167,300,467
842,722,1564
730,81,811
28,476,504
73,93,166
249,879,1128
455,211,666
262,426,688
719,328,1047
545,367,912
705,143,848
399,215,614
786,819,1605
378,765,1143
790,632,1422
201,133,334
607,219,826
941,721,1662
111,116,227
455,864,1319
6,858,864
426,193,619
412,781,1193
98,977,1075
890,60,950
365,165,530
198,8,206
285,466,751
164,453,617
449,43,492
445,800,1245
439,976,1415
128,853,981
449,841,1290
128,727,855
228,692,920
848,351,1199
711,58,769
15,409,424
740,768,1508
447,425,872
36,997,1033
461,204,665
400,821,1221
699,194,893
767,442,1209
632,417,1049
829,13,842
658,235,893
159,711,870
291,886,1177
265,7,272
242,924,1166
556,762,1318
88,921,1009
879,507,1386
837,721,1558
195,179,374
858,790,1648
813,589,1402
588,195,783
728,860,1588
506,656,1162
820,898,1718
722,397,1119
990,814,1804
187,402,589
136,743,879
362,812,1174
971,424,1395
586,359,945
179,261,440
481,711,1192
965,935,1900
351,166,517
674,27,701
660,3,663
996,727,1723
82,749,831
641,958,1599
714,332,1046
244,586,830
433,457,890
853,936,1789
99,1000,1099
568,260,828
324,766,1090
73,742,815
266,716,982
924,117,1041
511,93,604
723,438,1161
32,528,560
984,501,1485
537,566,1103
826,523,1349
899,717,1616
975,224,1199
450,562,1012
65,432,497
260,966,1226
420,456,876
109,688,797
1000,210,1210
910,606,1516
495,309,804
127,1000,1127
591,624,1215
294,406,700
705,651,1356
108,833,941
6,547,553
81,604,685
395,899,1294
951,216,1167
671,501,1172
840,494,1334
36,501,537
887,878,1765
121,197,318
974,655,1629
688,689,1377
863,559,1422
502,916,1418
745,224,969
925,566,1491
672,79,751
101,705,806
623,15,638
480,591,1071
86,263,349
439,806,1245
142,168,310
746,277,1023
62,131,193
574,828,1402
676,189,865
449,250,699
362,823,1185
964,726,1690
686,112,798
21,385,406
8,317,325
519,587,1106
226,739,965
44,202,246
367,497,864
822,498,1320
557,266,823
710,528,1238
600,937,1537
266,139,405
943,608,1551
346,657,1003
769,423,1192
416,42,458
996,744,1740
800,63,863
562,272,834
257,15,272
893,937,1830
13,628,641
37,894,931
215,927,1142
589,261,850
554,29,583
771,782,1553
609,112,721
548,349,897
778,60,838
51,89,140
712,473,1185
463,600,1063
562,365,927
71,317,388
962,520,1482
967,627,1594
985,715,1700
907,623,1530
87,220,307
888,61,949
187,581,768
122,429,551
835,120,955
877,128,1005
269,645,914
394,332,726
1,518,519
536,864,1400
68,933,1001
604,328,932
770,877,1647
542,210,752
731,196,927
402,730,1132
661,772,1433
150,651,801
206,399,605
784,349,1133
651,307,958
891,372,1263
778,249,1027
645,111,756
594,786,1380
229,562,791
181,632,813
929,759,1688
772,69,841
42,161,203
617,300,917
86,330,416
344,404,748
333,132,465
971,938,1909
432,82,514
135,672,807
754,25,779
987,613,1600
454,452,906
383,517,900
586,22,608
474,78,552
458,303,761
207,790,997
135,458,593
568,693,1261
336,985,1321
255,194,449
176,605,781
753,732,1485
471,370,841
177,97,274
581,719,1300
16,519,535
518,579,1097
139,308,447
409,983,1392
659,249,908
627,362,989
792,992,1784
23,464,487
106,224,330
433,720,1153
323,78,401
297,925,1222
190,665,855
246,7,253
942,841,1783
657,583,1240
450,738,1188
257,819,1076
91,620,711
577,84,661
886,665,1551
194,339,533
845,779,1624
965,471,1436
440,587,1027
411,735,1146
846,413,1259
473,327,800
100,856,956
971,341,1312
196,340,536
437,183,620
898,856,1754
517,187,704
302,933,1235
225,288,513
823,890,1713
534,600,1134
162,711,873
967,762,1729
831,306,1137
988,759,1747
602,861,1463
261,667,928
305,96,401
425,390,815
521,997,1518
44,59,103
130,300,430
296,1,297
812,94,906
79,144,223
878,817,1695
859,421,1280
22,381,403
6,178,184
159,894,1053
721,571,1292
33,251,284
6,566,572
241,391,632
825,1,826
577,958,1535
191,636,827
172,935,1107
439,280,719
503,584,1087
71,956,1027
246,722,968
165,314,479
210,849,1059
599,351,950
453,227,680
503,64,567
44,813,857
335,635,970
544,340,884
0,329,329
457,628,1085
231,922,1153
11,592,603
82,169,251
889,230,1119
670,175,845
798,855,1653
913,85,998
212,319,531
331,105,436
222,47,269
376,612,988
778,4,782
290,244,534
209,335,544
324,68,392
976,115,1091
921,669,1590
524,498,1022
443,645,1088
439,678,1117
925,40,965
964,679,1643
336,740,1076
228,184,412
617,134,751
705,866,1571
942,727,1669
143,359,502
693,902,1595
928,377,1305
792,328,1120
18,209,227
711,278,989
312,487,799
191,99,290
893,503,1396
800,723,1523
671,107,778
716,545,1261
871,507,1378
815,175,990
116,207,323
915,566,1481
747,936,1683
180,597,777
685,229,914
704,379,1083
36,863,899
95,45,140
52,420,472
999,165,1164
429,382,811
988,199,1187
201,602,803
818,50,868
41,206,247
77,598,675
564,602,1166
204,345,549
568,416,984
587,495,1082
565,288,853
34,370,404
439,887,1326
627,512,1139
649,507,1156
632,406,1038
143,433,576
567,826,1393
277,309,586
949,972,1921
700,968,1668
542,940,1482
269,154,423
317,418,735
993,86,1079
29,41,70
585,326,911
280,874,1154
167,300,467
57,325,382
396,454,850
880,648,1528
448,324,772
195,7,202
134,994,1128
226,194,420
441,248,689
506,394,900
649,106,755
929,736,1665
39,658,697
863,200,1063
630,870,1500
831,784,1615
581,929,1510
991,827,1818
450,738,1188
610,957,1567
426,531,957
359,311,670
284,827,1111
95,465,560
211,689,900
554,124,678
567,506,1073
933,505,1438
804,781,1585
812,890,1702
650,717,1367
18,558,576
750,707,1457
113,885,998
551,260,811
769,357,1126
994,983,1977
196,990,1186
683,261,944
109,520,629
671,784,1455
909,166,1075
714,193,907
71,404,475
894,485,1379
335,496,831
126,910,1036
64,907,971
110,343,453
663,485,1148
774,88,862
491,157,648
104,897,1001
765,273,1038
812,887,1699
994,453,1447
327,539,866
681,610,1291
568,177,745
239,481,720
43,313,356
386,45,431
619,889,1508
974,583,1557
358,297,655
728,639,1367
269,387,656
571,48,619
125,552,677
509,240,749
901,60,961
341,189,530
447,883,1330
743,995,1738
912,955,1867
593,898,1491
534,377,911
273,305,578
101,147,248
615,743,1358
732,225,957
39,168,207
491,840,1331
583,117,700
89,979,1068
938,558,1496
678,528,1206
481,391,872
180,245,425
956,834,1790
843,86,929
269,756,1025
205,556,761
434,64,498
601,495,1096
506,912,1418
90,237,327
781,743,1524
605,235,840
237,649,886
544,475,1019
110,95,205
127,957,1084
762,333,1095
612,855,1467
247,965,1212
25,292,317
539,543,1082
300,279,579
994,228,1222
577,157,734
282,690,972
150,415,565
801,458,1259
295,680,975
613,460,1073
273,355,628
435,118,553
478,878,1356
695,447,1142
902,172,1074
812,403,1215
935,796,1731
91,691,782
810,66,876
640,685,1325
597,811,1408
782,405,1187
1,666,667
766,610,1376
220,360,580
623,488,1111
182,958,1140
971,319,1290
158,71,229
448,19,467
711,178,889
950,290,1240
857,970,1827
330,667,997
491,74,565
376,628,1004
762,363,1125
907,385,1292
461,122,583
877,864,1741
714,287,1001
927,518,1445
6,187,193
547,458,1005
99,960,1059
458,723,1181
516,168,684
65,988,1053
985,618,1603
660,710,1370
231,35,266
826,906,1732
671,764,1435
166,56,222
276,235,511
167,656,823
800,376,1176
190,324,514
23,294,317
35,215,250
740,892,1632
390,162,552
680,26,706
235,708,943
2,478,480
301,373,674
769,72,841
802,496,1298
945,523,1468
927,988,1915
953,315,1268
852,398,1250
974,92,1066
440,829,1269
989,73,1062
955,148,1103
755,186,941
873,758,1631
878,509,1387
1000,696,1696
169,185,354
276,727,1003
188,732,920
302,210,512
384,497,881
914,652,1566
918,146,1064
383,194,577
654,819,1473
3,798,801
603,539,1142
722,116,838
718,706,1424
196,529,725
949,323,1272
15,598,613
780,752,1532
799,670,1469
688,55,743
598,802,1400
357,121,478
260,100,360
207,923,1130
263,492,755
14,706,720
436,561,997
746,734,1480
899,868,1767
202,141,343
579,324,903
417,811,1228
392,603,995
350,116,466
977,969,1946
72,80,152
738,357,1095
441,281,722
152,895,1047
190,802,992
724,56,780
868,960,1828
19,931,950
484,343,827
22,431,453
799,330,1129
701,67,768
164,422,586
108,794,902
239,200,439
395,28,423
205,392,597
407,414,821
350,32,382
242,496,738
108,712,820
611,634,1245
187,267,454
155,808,963
540,335,875
275,4,279
603,471,1074
18,107,125
320,137,457
363,937,1300
422,631,1053
687,231,918
35,536,571
554,679,1233
305,412,717
127,612,739
282,792,1074
523,422,945
375,198,573
930,660,1590
451,688,1139
789,96,885
883,196,1079
813,110,923
136,992,1128
259,284,543
809,347,1156
563,169,732
457,232,689
678,328,1006
293,208,501
704,961,1665
25,697,722
599,956,1555
57,251,308
620,862,1482
837,67,904
604,154,758
657,685,1342
892,908,1800
575,380,955
833,604,1437
285,749,1034
579,9,588
841,902,1743
593,913,1506
579,66,645
956,171,1127
727,313,1040
867,543,1410
957,253,1210
820,59,879
938,905,1843
794,167,961
732,763,1495
216,870,1086
364,473,837
241,917,1158
49,727,776
115,446,561
238,683,921
69,310,379
704,551,1255
32,592,624
548,152,700
924,233,1157
258,490,748
491,332,823
555,179,734
404,847,1251
314,779,1093
467,913,1380
692,719,1411
788,287,1075
244,464,708
521,573,1094
511,10,521
689,891,1580
715,435,1150
625,450,1075
240,115,355
609,797,1406
553,548,1101
754,514,1268
680,144,824
797,350,1147
555,988,1543
636,747,1383
786,983,1769
262,246,508
771,604,1375
291,38,329
541,681,1222
723,618,1341
378,131,509
667,591,1258
416,112,528
982,435,1417
3,671,674
290,938,1228
628,597,1225
483,663,1146
276,750,1026
635,188,823
254,736,990
845,390,1235
135,799,934
974,739,1713
660,986,1646
214,856,1070
543,229,772
887,792,1679
798,868,1666
855,235,1090
782,57,839
595,349,944
229,675,904
116,351,467
711,862,1573
76,564,640
434,479,913
654,578,1232
414,24,438
296,709,1005
907,235,1142
491,64,555
807,914,1721
939,681,1620
375,68,443
507,468,975
814,171,985
976,695,1671
308,685,993
762,310,1072
720,65,785
27,230,257
10,158,168
83,996,1079
571,930,1501
622,991,1613
401,230,631
830,11,841
154,557,711
360,539,899
832,72,904
335,540,875
811,880,1691
969,691,1660
289,121,410
414,365,779
131,585,716
53,931,984
124,115,239
228,374,602
142,380,522
554,242,796
338,259,597
285,806,1091
306,511,817
943,658,1601
273,399,672
610,591,1201
110,588,698
141,923,1064
247,494,741
952,478,1430
455,752,1207
588,199,787
456,323,779
4,152,156
641,628,1269
501,36,537
319,91,410
198,763,961
119,653,772
819,162,981
31,47,78
151,947,1098
834,106,940
42,251,293
258,20,278
460,200,660
954,279,1233
952,655,1607
278,693,971
150,323,473
630,739,1369
927,62,989
982,161,1143
863,503,1366
40,1000,1040
921,247,1168
109,203,312
158,369,527
121,485,606
438,159,597
145,101,246
968,983,1951
761,128,889
703,827,1530
320,1000,1320
296,742,1038
251,543,794
54,595,649
245,626,871
50,312,362
743,350,1093
148,448,596
131,216,347
208,105,313
472,668,1140
388,281,669
578,380,958
106,714,820
713,935,1648
642,67,709
651,148,799
684,321,1005
52,142,194
742,303,1045
502,470,972
376,97,473
875,511,1386
124,429,553
481,348,829
38,643,681
905,501,1406
599,964,1563
617,668,1285
486,883,1369
528,85,613
310,89,399
808,886,1694
797,186,983
834,974,1808
362,519,881
836,800,1636
158,213,371
236,760,996
411,205,616
177,733,910
437,266,703
476,532,1008
275,528,803
437,586,1023
202,431,633
929,455,1384
422,241,663
150,903,1053
244,975,1219
336,701,1037
909,731,1640
114,690,804
376,94,470
993,680,1673
905,882,1787
928,982,1910
282,160,442
196,221,417
801,735,1536
741,340,1081
463,682,1145
855,947,1802
840,474,1314
823,791,1614
5,176,181
987,158,1145
12,709,721
665,394,1059
642,364,1006
620,295,915
143,11,154
97,352,449
260,472,732
949,998,1947
818,361,1179
133,2,135
200,425,625
0,776,776
135,701,836
393,778,1171
821,580,1401
353,361,714
880,641,1521
36,331,367
866,321,1187
989,150,1139
188,677,865
1,392,393
822,730,1552
976,771,1747
942,998,1940
946,59,1005
633,174,807
85,563,648
480,935,1415
250,128,378
801,727,1528
832,756,1588
257,810,1067
692,116,808
608,731,1339
376,15,391
662,611,1273
883,884,1767
313,420,733
929,679,1608
14,102,116
718,307,1025
739,440,1179
545,871,1416
277,888,1165
832,906,1738
843,233,1076
771,790,1561
94,233,327
48,554,602
205,515,720
946,873,1819
123,986,1109
578,276,854
788,389,1177
38,511,549
868,860,1728
514,228,742
785,943,1728
371,632,1003
891,217,1108
930,267,1197
909,115,1024
944,71,1015
217,601,818
274,170,444
776,925,1701
645,243,888
217,347,564
236,111,347
357,193,550
966,627,1593
319,542,861
898,514,1412
741,625,1366
252,927,1179
336,750,1086
898,958,1856
949,372,1321
412,300,712
73,563,636
50,947,997
248,750,998
958,278,1236
408,375,783
796,887,1683
854,325,1179
346,813,1159
202,578,780
547,425,972
438,201,639
363,315,678
178,149,327
806,867,1673
999,319,1318
707,533,1240
272,283,555
331,887,1218
710,575,1285
149,790,939
170,94,264
281,729,1010
433,512,945
950,220,1170
691,153,844
71,932,1003
396,66,462
849,434,1283
25,744,769
662,185,847
546,892,1438
708,780,1488
780,880,1660
461,722,1183
290,98,388
762,44,806
871,610,1481
965,769,1734
533,421,954
34,316,350
316,136,452
164,82,246
127,429,556
133,774,907
364,736,1100
15,60,75
578,422,1000
997,885,1882
571,586,1157
7,21,28
507,283,790
414,915,1329
879,825,1704
640,713,1353
765,412,1177
236,848,1084
262,483,745
990,315,1305
629,896,1525
153,265,418
442,107,549
989,35,1024
855,624,1479
143,242,385
684,705,1389
297,624,921
363,254,617
772,142,914
978,894,1872
868,64,932
278,383,661
441,308,749
67,618,685
417,213,630
377,339,716
4,969,973
23,603,626
631,888,1519
711,699,1410
17,651,668
87,49,136
871,164,1035
542,504,1046
445,921,1366
915,558,1473
647,912,1559
690,777,1467
171,565,736
375,646,1021
772,301,1073
962,603,1565
355,540,895
638,331,969
490,715,1205
859,302,1161
461,619,1080
932,186,1118
352,177,529
94,836,930
879,547,1426
529,768,1297
168,750,918
647,804,1451
107,425,532
957,550,1507
754,978,1732
469,291,760
810,515,1325
363,298,661
353,964,1317
846,315,1161
351,67,418
589,138,727
720,70,790
475,811,1286
919,987,1906
390,479,869
918,250,1168
1,612,613
456,646,1102
914,59,973
230,780,1010
286,206,492
720,856,1576
654,886,1540
210,965,1175
536,648,1184
617,900,1517
15,588,603
774,362,1136
941,823,1764
453,118,571
451,645,1096
582,738,1320
909,163,1072
44,229,273
40,558,598
71,13,84
451,907,1358
664,11,675
161,704,865
231,563,794
111,406,517
704,499,1203
449,296,745
445,397,842
274,770,1044
640,366,1006
823,752,1575
112,700,812
619,415,1034
302,586,888
809,57,866
182,204,386
819,727,1546
872,52,924
903,95,998
898,141,1039
205,800,1005
712,872,1584
670,366,1036
810,892,1702
432,803,1235
207,190,397
455,870,1325
490,978,1468
642,695,1337
72,940,1012
113,559,672
590,330,920
690,778,1468
260,46,306
13,548,561
57,718,775
15,764,779
210,305,515
144,737,881
584,828,1412
177,26,203
4,571,575
465,841,1306
35,400,435
903,895,1798
28,550,578
264,590,854
104,950,1054
286,412,698
86,569,655
188,288,476
263,22,285
109,614,723
106,508,614
544,125,669
104,100,204
204,903,1107
787,957,1744
247,670,917
131,853,984
616,227,843
956,200,1156
888,329,1217
593,410,1003
506,471,977
117,632,749
679,116,795
299,42,341
785,995,1780
761,302,1063
719,326,1045
32,450,482
2,449,451
420,830,1250
632,107,739
553,304,857
301,581,882
531,807,1338
279,588,867
484,197,681
950,122,1072
260,565,825
767,875,1642
646,299,945
666,470,1136
353,930,1283
530,698,1228
89,433,522
292,537,829
606,718,1324
788,303,1091
44,88,132
159,65,224
619,112,731
171,742,913
673,546,1219
65,428,493
494,588,1082
161,222,383
54,701,755
146,567,713
972,755,1727
148,951,1099
888,620,1508
855,281,1136
583,788,1371
193,319,512
739,203,942
283,473,756
697,911,1608
513,780,1293
531,456,987
177,781,958
14,178,192
760,698,1458
583,499,1082
138,501,639
95,802,897
930,440,1370
573,612,1185
654,543,1197
517,721,1238
937,607,1544
329,497,826
799,523,1322
971,438,1409
920,919,1839
3,651,654
155,920,1075
982,736,1718
3,64,67
564,318,882
45,772,817
501,579,1080
143,44,187
24,731,755
432,642,1074
388,507,895
286,960,1246
449,664,1113
496,315,811
322,364,686
918,93,1011
314,406,720
921,404,1325
63,759,822
744,279,1023
175,125,300
952,739,1691
963,707,1670
106,663,769
806,768,1574
239,664,903
380,748,1128
305,88,393
222,591,813
998,182,1180
244,24,268
402,173,575
321,698,1019
605,528,1133
45,678,723
218,485,703
697,783,1480
256,654,910
516,409,925
396,532,928
85,857,942
307,614,921
68,15,83
710,549,1259
772,171,943
51,389,440
667,991,1658
282,583,865
735,988,1723
704,85,789
211,648,859
326,4,330
753,830,1583
586,834,1420
907,874,1781
325,955,1280
630,539,1169
1,151,152
620,73,693
870,409,1279
660,749,1409
706,111,817
106,182,288
509,601,1110
796,982,1778
711,816,1527
110,48,158
76,759,835
994,624,1618
762,314,1076
630,94,724
649,510,1159
752,701,1453
308,491,799
714,381,1095
365,494,859
316,198,514
990,175,1165
58,331,389
459,263,722
957,724,1681
670,899,1569
100,130,230
739,768,1507
131,64,195
405,336,741
898,66,964
703,547,1250
416,922,1338
541,476,1017
268,0,268
649,880,1529
894,409,1303
914,25,939
1000,126,1126
331,233,564
177,890,1067
723,520,1243
305,636,941
4,238,242
0,887,887
648,932,1580
215,822,1037
860,861,1721
125,166,291
545,577,1122
57,798,855
419,917,1336
438,443,881
493,22,515
829,408,1237
566,810,1376
896,655,1551
782,8,790
927,253,1180
840,706,1546
203,223,426
454,337,791
201,946,1147
34,75,109
984,85,1069
75,626,701
353,274,627
25,498,523
944,437,1381
676,794,1470
881,321,1202
714,819,1533
876,59,935
865,614,1479
504,851,1355
99,592,691
217,384,601
751,343,1094
27,908,935
17,505,522
662,240,902
508,57,565
720,797,1517
630,758,1388
820,115,935
420,582,1002
688,465,1153
490,106,596
571,808,1379
912,23,935
162,435,597
911,765,1676
535,7,542
580,203,783
605,759,1364
708,300,1008
387,692,1079
8,87,95
868,877,1745
561,832,1393
99,30,129
892,419,1311
648,527,1175
646,800,1446
676,445,1121
32,516,548
75,631,706
391,170,561
973,511,1484
508,780,1288
661,416,1077
774,311,1085
80,606,686
236,820,1056
713,292,1005
894,827,1721
490,891,1381
884,737,1621
906,114,1020
451,878,1329
194,688,882
40,852,892
586,727,1313
793,273,1066
679,940,1619
679,659,1338
975,670,1645
345,650,995
617,73,690
543,915,1458
353,267,620
314,988,1302
22,778,800
865,612,1477
627,335,962
282,324,606
937,693,1630
991,891,1882
333,102,435
714,15,729
747,760,1507
836,17,853
719,107,826
746,542,1288
186,277,463
567,826,1393
103,551,654
203,221,424
543,398,941
342,70,412
940,41,981
723,936,1659
777,110,887
831,885,1716
76,322,398
699,697,1396
300,187,487
494,80,574
590,704,1294
301,455,756
719,167,886
762,485,1247
488,536,1024
257,726,983
994,769,1763
180,402,582
966,68,1034
756,402,1158
648,318,966
342,870,1212
356,163,519
396,433,829
763,310,1073
985,662,1647
318,83,401
790,484,1274
193,590,783
475,62,537
639,1000,1639
425,115,540
599,8,607
191,146,337
491,43,534
921,852,1773
862,489,1351
907,54,961
147,189,336
881,490,1371
538,609,1147
60,657,717
542,368,910
562,512,1074
675,815,1490
485,51,536
473,939,1412
43,259,302
593,73,666
647,520,1167
147,362,509
865,4,869
306,725,1031
236,60,296
182,162,344
966,862,1828
702,387,1089
885,416,1301
353,147,500
942,778,1720
420,217,637
609,391,1000
155,887,1042
504,323,827
151,58,209
27,668,695
746,897,1643
37,139,176
139,346,485
231,878,1109
268,747,1015
630,537,1167
610,239,849
65,468,533
664,882,1546
213,252,465
950,381,1331
919,115,1034
965,455,1420
954,177,1131
177,783,960
491,437,928
458,246,704
357,551,908
940,149,1089
324,282,606
847,318,1165
996,482,1478
240,635,875
119,775,894
138,395,533
707,229,936
993,970,1963
656,987,1643
489,772,1261
464,184,648
546,456,1002
659,398,1057
36,398,434
282,398,680
126,309,435
397,419,816
154,539,693
40,605,645
173,829,1002
326,945,1271
327,430,757
271,189,460
428,510,938
650,312,962
494,822,1316
39,773,812
754,2,756
850,725,1575
629,161,790
137,88,225
480,29,509
319,979,1298
530,628,1158
188,253,441
370,344,714
380,922,1302
720,471,1191
945,20,965
47,494,541
51,668,719
945,653,1598
273,12,285
443,845,1288
673,556,1229
678,201,879
589,786,1375
555,617,1172
859,475,1334
457,593,1050
414,623,1037
970,193,1163
867,27,894
111,549,660
839,814,1653
578,877,1455
89,150,239
722,561,1283
512,763,1275
785,489,1274
290,788,1078
843,573,1416
62,877,939
163,697,860
87,343,430
649,644,1293
359,755,1114
369,794,1163
37,359,396
227,997,1224
500,484,984
458,865,1323
276,483,759
692,428,1120
509,201,710
96,178,274
452,298,750
267,370,637
221,487,708
400,452,852
614,245,859
287,856,1143
746,547,1293
747,681,1428
197,512,709
16,402,418
811,270,1081
96,867,963
264,901,1165
656,281,937
844,305,1149
398,535,933
370,313,683
598,231,829
411,281,692
299,628,927
714,514,1228
349,153,502
910,328,1238
843,762,1605
625,538,1163
214,555,769
808,246,1054
576,788,1364
411,74,485
93,537,630
144,254,398
674,261,935
419,481,900
21,581,602
861,409,1270
483,738,1221
57,455,512
649,519,1168
606,217,823
208,191,399
377,999,1376
254,748,1002
797,393,1190
407,347,754
435,163,598
123,411,534
674,888,1562
917,588,1505
829,637,1466
561,169,730
53,411,464
374,926,1300
257,488,745
615,546,1161
343,415,758
862,690,1552
41,551,592
927,22,949
957,28,985
209,39,248
454,559,1013
688,77,765
304,547,851
385,302,687
392,396,788
840,289,1129
400,172,572
662,929,1591
334,725,1059
721,706,1427
625,943,1568
871,149,1020
424,593,1017
28,59,87
894,885,1779
363,721,1084
88,452,540
105,720,825
569,288,857
472,198,670
951,869,1820
72,642,714
509,873,1382
801,549,1350
281,933,1214
18,726,744
125,101,226
800,697,1497
37,891,928
29,405,434
814,355,1169
801,451,1252
278,447,725
491,106,597
141,365,506
80,124,204
428,662,1090
87,431,518
470,186,656
984,236,1220
610,599,1209
812,796,1608
22,947,969
880,576,1456
919,672,1591
339,887,1226
140,54,194
272,950,1222
286,837,1123
811,591,1402
568,546,1114
653,846,1499
155,13,168
363,451,814
289,280,569
735,805,1540
150,811,961
613,214,827
634,906,1540
912,398,1310
69,607,676
131,427,558
405,950,1355
684,680,1364
336,114,450
472,451,923
662,365,1027
999,44,1043
179,529,708
148,456,604
322,997,1319
382,901,1283
546,499,1045
123,417,540
752,649,1401
371,371,742
332,718,1050
645,548,1193
326,400,726
331,347,678
528,836,1364
525,586,1111
494,421,915
676,539,1215
117,225,342
233,301,534
6,400,406
496,966,1462
661,178,839
275,594,869
129,351,480
737,268,1005
28,910,938
951,10,961
13,851,864
692,783,1475
747,832,1579
230,712,942
522,928,1450
461,850,1311
808,877,1685
908,122,1030
747,615,1362
202,980,1182
620,188,808
331,974,1305
184,795,979
39,481,520
24,410,434
102,630,732
86,840,926
227,869,1096
696,500,1196
839,862,1701
462,345,807
320,877,1197
265,914,1179
857,357,1214
272,965,1237
285,737,1022
36,71,107
618,528,1146
301,634,935
888,500,1388
804,423,1227
36,366,402
242,653,895
976,307,1283
84,894,978
742,572,1314
253,451,704
141,492,633
144,282,426
831,345,1176
464,990,1454
353,455,808
812,235,1047
426,350,776
790,755,1545
620,270,890
160,95,255
228,846,1074
749,260,1009
679,753,1432
736,183,919
608,596,1204
481,796,1277
394,431,825
548,723,1271
123,259,382
26,761,787
302,842,1144
697,521,1218
585,138,723
536,664,1200
152,802,954
192,418,610
6,362,368
806,369,1175
684,326,1010
540,882,1422
840,836,1676
567,992,1559
802,37,839
386,788,1174
477,596,1073
504,183,687
356,908,1264
765,865,1630
9,692,701
742,35,777
343,726,1069
59,818,877
611,914,1525
860,241,1101
393,528,921
509,524,1033
294,90,384
40,820,860
283,598,881
164,391,555
721,595,1316
564,169,733
552,660,1212
482,907,1389
559,957,1516
810,81,891
514,430,944
627,766,1393
785,295,1080
798,493,1291
171,509,680
161,94,255
439,155,594
590,46,636
165,616,781
745,961,1706
461,680,1141
166,687,853
140,77,217
282,300,582
247,564,811
837,832,1669
806,680,1486
831,186,1017
575,201,776
294,96,390
854,417,1271
909,779,1688
249,754,1003
200,403,603
475,932,1407
993,878,1871
314,490,804
295,806,1101
332,166,498
9,178,187
455,283,738
924,453,1377
826,653,1479
953,845,1798
958,286,1244
445,432,877
805,906,1711
136,210,346
859,624,1483
837,27,864
313,445,758
494,939,1433
467,57,524
756,570,1326
174,53,227
554,993,1547
67,932,999
873,443,1316
457,608,1065
809,426,1235
248,180,428
927,423,1350
837,643,1480
939,702,1641
581,178,759
290,693,983
181,922,1103
362,83,445
592,756,1348
548,426,974
601,3,604
273,204,477
207,557,764
887,594,1481
125,277,402
669,381,1050
576,708,1284
458,684,1142
968,616,1584
490,445,935
508,994,1502
498,57,555
999,297,1296
756,769,1525
616,57,673
106,421,527
99,799,898
175,17,192
992,155,1147
163,483,646
835,998,1833
231,97,328
135,666,801
988,382,1370
632,945,1577
694,363,1057
645,868,1513
93,935,1028
654,646,1300
275,993,1268
715,721,1436
71,208,279
135,476,611
111,99,210
785,354,1139
924,596,1520
700,102,802
601,737,1338
485,65,550
700,293,993
745,14,759
539,947,1486
551,721,1272
239,583,822
291,143,434
12,621,633
874,131,1005
13,363,376
207,943,1150
566,773,1339
776,698,1474
214,6,220
521,173,694
898,588,1486
201,759,960
661,94,755
338,511,849
340,580,920
37,326,363
581,16,597
33,495,528
815,612,1427
449,229,678
580,292,872
974,833,1807
945,389,1334
229,585,814
571,827,1398
795,717,1512
644,176,820
808,813,1621
308,787,1095
495,294,789
918,627,1545
445,851,1296
46,915,961
52,378,430
606,901,1507
690,840,1530
990,354,1344
174,871,1045
226,893,1119
159,309,468
712,826,1538
757,917,1674
265,220,485
688,395,1083
606,883,1489
774,360,1134
723,263,986
514,464,978
839,593,1432
426,476,902
199,426,625
919,935,1854
488,402,890
299,252,551
230,768,998
750,493,1243
85,726,811
550,626,1176
813,326,1139
703,477,1180
345,296,641
274,805,1079
496,87,583
389,711,1100
108,841,949
231,505,736
727,53,780
667,375,1042
130,403,533
977,166,1143
264,70,334
650,260,910
454,680,1134
275,343,618
257,745,1002
587,95,682
23,604,627
85,912,997
803,869,1672
586,532,1118
360,136,496
987,399,1386
415,415,830
485,953,1438
469,963,1432
425,611,1036
742,253,995
942,699,1641
474,765,1239
966,834,1800
241,97,338
819,547,1366
875,117,992
849,938,1787
809,656,1465
439,67,506
519,712,1231
843,93,936
735,726,1461
806,33,839
140,979,1119
148,79,227
377,879,1256
345,847,1192
409,208,617
335,591,926
198,7,205
181,655,836
595,825,1420
571,898,1469
919,69,988
919,323,1242
693,342,1035
361,886,1247
758,572,1330
30,566,596
193,444,637
256,111,367
267,776,1043
191,163,354
43,329,372
539,277,816
459,363,822
495,966,1461
93,547,640
752,467,1219
984,253,1237
6,990,996
100,98,198
100,730,830
389,813,1202
516,311,827
912,460,1372
593,192,785
390,786,1176
6,995,1001
275,274,549
908,211,1119
104,24,128
771,775,1546
620,424,1044
895,486,1381
721,209,930
112,810,922
516,412,928
154,274,428
557,30,587
515,914,1429
284,140,424
414,797,1211
180,372,552
357,333,690
620,218,838
411,529,940
64,338,402
305,376,681
418,269,687
92,94,186
624,888,1512
228,654,882
677,890,1567
199,693,892
538,343,881
485,586,1071
788,880,1668
700,292,992
467,693,1160
694,968,1662
934,881,1815
55,711,766
400,314,714
154,915,1069
669,458,1127
788,786,1574
290,689,979
263,645,908
192,287,479
991,460,1451
983,192,1175
588,54,642
759,206,965
197,141,338
918,322,1240
65,274,339
798,6,804
332,643,975
175,310,485
675,657,1332
478,652,1130
759,177,936
994,391,1385
745,225,970
561,427,988
808,63,871
258,165,423
88,354,442
190,629,819
689,111,800
91,731,822
976,718,1694
799,24,823
769,840,1609
671,236,907
325,434,759
916,84,1000
64,18,82
869,990,1859
370,348,718
54,546,600
110,348,458
890,208,1098
798,671,1469
239,618,857
653,899,1552
201,892,1093
796,717,1513
86,982,1068
240,628,868
51,103,154
845,552,1397
378,56,434
298,724,1022
242,934,1176
119,622,741
628,975,1603
386,422,808
48,668,716
844,55,899
372,956,1328
840,440,1280
585,915,1500
70,861,931
272,665,937
598,687,1285
782,530,1312
814,627,1441
886,653,1539
880,22,902
443,850,1293
331,311,642
674,127,801
643,20,663
136,305,441
258,334,592
324,183,507
334,789,1123
149,259,408
176,768,944
599,24,623
990,421,1411
707,170,877
649,173,822
613,301,914
996,499,1495
84,736,820
978,732,1710
255,710,965
236,483,719
218,247,465
792,60,852
853,155,1008
476,687,1163
614,620,1234
359,479,838
581,838,1419
991,504,1495
532,575,1107
598,73,671
192,172,364
359,24,383
221,845,1066
619,496,1115
936,348,1284
28,863,891
608,27,635
335,882,1217
570,739,1309
166,149,315
678,318,996
384,548,932
746,819,1565
631,335,966
829,317,1146
466,601,1067
937,890,1827
189,343,532
406,687,1093
494,90,584
535,161,696
290,564,854
274,895,1169
536,346,882
598,572,1170
499,319,818
65,418,483
829,798,1627
904,4,908
890,190,1080
369,503,872
257,56,313
307,767,1074
805,158,963
161,80,241
746,144,890
796,15,811
508,751,1259
819,406,1225
68,900,968
802,831,1633
376,242,618
79,468,547
321,126,447
133,873,1006
333,381,714
579,946,1525
291,96,387
374,700,1074
415,161,576
676,328,1004
719,113,832
112,378,490
621,578,1199
101,252,353
884,580,1464
740,262,1002
272,445,717
850,395,1245
358,184,542
202,153,355
10,543,553
6,194,200
339,31,370
162,601,763
217,773,990
7,223,230
982,659,1641
173,398,571
331,263,594
712,283,995
295,684,979
371,79,450
588,498,1086
855,776,1631
971,959,1930
937,949,1886
836,947,1783
81,837,918
630,284,914
23,415,438
544,372,916
963,745,1708
465,97,562
423,354,777
266,214,480
673,722,1395
984,528,1512
941,627,1568
728,634,1362
760,1000,1760
762,907,1669
912,3,915
978,661,1639
584,209,793
150,349,499
453,193,646
910,735,1645
385,41,426
457,49,506
556,167,723
737,162,899
591,868,1459
606,732,1338
105,215,320
58,372,430
399,430,829
753,730,1483
614,212,826
134,477,611
343,582,925
526,28,554
577,68,645
487,515,1002
137,241,378
979,87,1066
664,479,1143
469,221,690
352,604,956
819,412,1231
932,312,1244
245,755,1000
810,527,1337
689,163,852
171,376,547
792,838,1630
305,446,751
585,815,1400
780,633,1413
15,998,1013
469,979,1448
966,380,1346
40,350,390
936,599,1535
84,409,493
499,350,849
484,182,666
839,69,908
831,865,1696
179,750,929
867,400,1267
709,173,882
311,443,754
282,248,530
653,206,859
909,57,966
21,200,221
179,19,198
252,589,841
802,264,1066
165,258,423
89,211,300
739,217,956
830,795,1625
448,700,1148
730,484,1214
819,276,1095
613,208,821
469,183,652
811,214,1025
743,230,973
797,108,905
949,465,1414
640,676,1316
776,340,1116
340,93,433
740,387,1127
784,710,1494
504,391,895
833,448,1281
912,215,1127
629,49,678
556,432,988
895,432,1327
203,682,885
580,622,1202
465,444,909
426,991,1417
43,29,72
891,543,1434
341,534,875
267,86,353
722,546,1268
131,338,469
960,179,1139
972,53,1025
332,634,966
78,884,962
338,104,442
503,328,831
585,987,1572
723,627,1350
786,827,1613
467,38,505
854,260,1114
19,446,465
100,522,622
680,44,724
770,808,1578
993,975,1968
829,729,1558
487,931,1418
156,920,1076
665,533,1198
700,654,1354
955,934,1889
883,85,968
246,943,1189
567,831,1398
671,706,1377
375,487,862
563,262,825
272,769,1041
248,486,734
56,510,566
732,303,1035
800,780,1580
395,609,1004
429,89,518
106,248,354
440,206,646
383,447,830
444,901,1345
895,619,1514
681,333,1014
555,770,1325
985,481,1466
624,592,1216
126,489,615
447,233,680
656,184,840
149,252,401
498,919,1417
636,718,1354
178,532,710
578,377,955
342,530,872
0,438,438
903,572,1475
262,355,617
402,896,1298
819,67,886
735,298,1033
275,402,677
995,474,1469
811,580,1391
97,574,671
552,399,951
931,72,1003
413,101,514
310,560,870
810,30,840
358,894,1252
535,292,827
311,908,1219
143,988,1131
153,807,960
738,105,843
364,863,1227
220,411,631
523,316,839
958,846,1804
595,935,1530
748,615,1363
299,66,365
102,945,1047
50,455,505
2,729,731
416,133,549
915,601,1516
301,520,821
272,603,875
823,317,1140
988,579,1567
529,269,798
374,82,456
252,263,515
725,499,1224
768,132,900
587,926,1513
249,510,759
223,1000,1223
603,326,929
132,702,834
878,88,966
769,463,1232
220,426,646
374,117,491
280,884,1164
763,800,1563
956,652,1608
264,748,1012
592,553,1145
438,173,611
723,184,907
717,342,1059
745,311,1056
207,244,451
144,975,1119
621,856,1477
94,582,676
825,590,1415
745,988,1733
736,950,1686
547,505,1052
941,8,949
880,553,1433
666,49,715
136,979,1115
209,600,809
623,127,750
451,606,1057
649,34,683
209,505,714
462,617,1079
771,655,1426
278,491,769
405,282,687
569,920,1489
736,416,1152
966,997,1963
571,889,1460
340,915,1255
226,81,307
28,248,276
753,244,997
266,57,323
14,408,422
47,209,256
246,436,682
770,814,1584
499,25,524
476,914,1390
775,916,1691
826,956,1782
949,959,1908
396,605,1001
940,937,1877
633,328,961
155,284,439
772,51,823
764,356,1120
659,267,926
137,793,930
612,871,1483
16,114,130
695,130,825
447,790,1237
198,264,462
944,64,1008
162,146,308
802,909,1711
218,622,840
922,988,1910
961,419,1380
124,476,600
325,641,966
219,256,475
541,271,812
484,166,650
340,71,411
327,617,944
345,665,1010
761,6,767
408,640,1048
801,626,1427
888,145,1033
161,338,499
884,157,1041
105,939,1044
669,368,1037
769,555,1324
177,18,195
87,157,244
768,482,1250
130,958,1088
252,155,407
711,66,777
447,262,709
332,256,588
789,60,849
157,552,709
302,291,593
827,725,1552
723,530,1253
626,36,662
566,340,906
409,73,482
623,142,765
720,439,1159
249,415,664
446,936,1382
820,200,1020
990,423,1413
384,213,597
28,514,542
226,130,356
808,708,1516
982,457,1439
965,315,1280
753,45,798
327,65,392
228,429,657
465,306,771
123,266,389
421,792,1213
732,771,1503
986,302,1288
918,114,1032
825,702,1527
917,894,1811
677,592,1269
84,394,478
784,970,1754
492,230,722
710,740,1450
539,714,1253
806,265,1071
641,35,676
299,177,476
666,413,1079
490,551,1041
720,317,1037
819,784,1603
681,720,1401
91,30,121
830,354,1184
892,489,1381
305,634,939
85,388,473
474,347,821
26,444,470
111,23,134
909,990,1899
317,819,1136
503,141,644
861,366,1227
943,635,1578
15,265,280
604,54,658
428,417,845
885,614,1499
606,246,852
186,629,815
659,230,889
922,297,1219
121,535,656
45,531,576
249,637,886
827,484,1311
420,533,953
379,835,1214
422,36,458
862,876,1738
76,694,770
180,905,1085
538,827,1365
827,106,933
590,903,1493
905,221,1126
69,541,610
246,34,280
400,971,1371
298,372,670
152,53,205
903,670,1573
331,906,1237
416,562,978
50,355,405
58,200,258
534,680,1214
828,115,943
774,699,1473
15,805,820
836,407,1243
363,835,1198
230,21,251
807,462,1269
144,958,1102
744,720,1464
868,247,1115
31,911,942
381,351,732
825,125,950
74,488,562
731,585,1316
924,54,978
213,25,238
957,632,1589
199,100,299
224,790,1014
14,484,498
34,102,136
441,488,929
187,30,217
276,552,828
672,118,790
50,208,258
141,988,1129
913,616,1529
472,137,609
525,130,655
913,461,1374
434,79,513
826,571,1397
241,312,553
92,867,959
733,744,1477
857,292,1149
368,194,562
725,496,1221
104,797,901
640,746,1386
730,913,1643
38,884,922
430,399,829
544,378,922
98,803,901
474,594,1068
479,175,654
549,878,1427
119,384,503
936,373,1309
962,609,1571
192,438,630
951,356,1307
414,330,744
665,813,1478
262,749,1011
20,870,890
454,53,507
29,362,391
851,138,989
36,542,578
548,926,1474
651,468,1119
298,668,966
348,344,692
197,370,567
67,147,214
315,34,349
724,477,1201
478,894,1372
541,109,650
14,557,571
654,843,1497
526,667,1193
759,474,1233
145,993,1138
824,189,1013
343,229,572
590,853,1443
690,697,1387
290,686,976
674,721,1395
534,216,750
922,619,1541
725,233,958
758,913,1671
631,804,1435
935,199,1134
95,438,533
234,146,380
642,149,791
988,834,1822
47,195,242
513,275,788
835,637,1472
90,610,700
865,653,1518
174,421,595
567,58,625
75,382,457
305,356,661
554,700,1254
929,853,1782
101,405,506
599,580,1179
377,973,1350
117,30,147
468,808,1276
629,206,835
994,738,1732
772,874,1646
634,147,781
119,34,153
7,58,65
21,809,830
83,0,83
528,780,1308
566,564,1130
514,523,1037
881,908,1789
588,231,819
341,325,666
382,620,1002
459,349,808
822,867,1689
493,66,559
414,944,1358
7,435,442
426,187,613
519,582,1101
916,967,1883
395,149,544
44,609,653
517,454,971
946,811,1757
799,803,1602
542,346,888
282,464,746
553,524,1077
538,643,1181
220,718,938
19,212,231
943,848,1791
175,228,403
501,408,909
582,626,1208
101,911,1012
281,164,445
938,72,1010
38,147,185
920,176,1096
53,139,192
143,491,634
713,780,1493
981,703,1684
278,463,741
948,830,1778
413,29,442
108,21,129
477,303,780
250,283,533
283,438,721
922,243,1165
178,907,1085
317,570,887
261,508,769
984,147,1131
150,87,237
158,561,719
457,430,887
785,539,1324
746,555,1301
365,859,1224
685,28,713
381,342,723
479,546,1025
86,543,629
336,846,1182
378,238,616
631,861,1492
442,164,606
958,839,1797
548,403,951
425,216,641
835,103,938
71,937,1008
320,411,731
433,783,1216
236,49,285
463,381,844
158,423,581
897,52,949
439,605,1044
709,472,1181
753,871,1624
619,737,1356
126,841,967
815,48,863
656,627,1283
505,715,1220
57,838,895
308,570,878
662,560,1222
991,521,1512
276,161,437
30,951,981
422,561,983
457,948,1405
806,355,1161
893,630,1523
528,944,1472
18,878,896
699,852,1551
688,436,1124
38,507,545
718,769,1487
534,832,1366
261,477,738
115,963,1078
966,57,1023
459,903,1362
830,897,1727
718,989,1707
688,293,981
333,191,524
598,116,714
559,687,1246
176,221,397
568,818,1386
387,791,1178
101,383,484
94,682,776
296,350,646
484,330,814
490,59,549
792,977,1769
295,358,653
379,79,458
851,221,1072
195,562,757
706,489,1195
568,586,1154
457,659,1116
758,678,1436
52,235,287
171,830,1001
331,72,403
587,289,876
599,362,961
217,877,1094
795,887,1682
589,116,705
130,681,811
477,122,599
582,429,1011
617,647,1264
947,830,1777
699,840,1539
920,433,1353
181,603,784
284,950,1234
317,177,494
289,735,1024
231,783,1014
864,776,1640
87,165,252
865,747,1612
311,808,1119
776,4,780
696,528,1224
922,493,1415
609,631,1240
465,803,1268
801,442,1243
277,316,593
152,174,326
161,710,871
331,924,1255
355,441,796
969,479,1448
697,47,744
411,637,1048
692,246,938
205,125,330
227,670,897
665,85,750
936,791,1727
431,504,935
223,794,1017
506,788,1294
852,334,1186
276,35,311
528,767,1295
143,136,279
619,196,815
544,96,640
758,423,1181
498,437,935
637,282,919
167,888,1055
291,992,1283
49,934,983
537,426,963
620,348,968
309,340,649
571,423,994
711,457,1168
545,79,624
412,740,1152
875,213,1088
857,305,1162
583,198,781
896,468,1364
684,823,1507
232,732,964
105,45,150
325,797,1122
144,4,148
899,400,1299
653,597,1250
383,615,998
673,561,1234
794,983,1777
772,934,1706
847,88,935
865,682,1547
419,746,1165
185,854,1039
559,394,953
810,873,1683
961,518,1479
182,506,688
408,344,752
139,705,844
137,457,594
960,8,968
678,189,867
489,141,630
381,804,1185
23,968,991
823,829,1652
948,618,1566
793,974,1767
764,513,1277
727,494,1221
341,368,709
994,718,1712
26,325,351
504,199,703
235,451,686
461,164,625
971,675,1646
208,212,420
199,270,469
400,456,856
944,559,1503
105,72,177
461,250,711
593,313,906
569,662,1231
428,299,727
287,933,1220
499,326,825
862,257,1119
184,390,574
165,670,835
462,122,584
252,932,1184
921,377,1298
489,532,1021
927,327,1254
552,46,598
245,474,719
983,263,1246
824,541,1365
672,306,978
78,736,814
495,389,884
647,311,958
512,533,1045
577,192,769
192,252,444
218,659,877
898,971,1869
166,194,360
713,455,1168
631,893,1524
440,693,1133
497,43,540
44,176,220
162,945,1107
152,180,332
432,738,1170
793,689,1482
205,373,578
502,210,712
242,233,475
918,745,1663
900,433,1333
717,866,1583
540,331,871
552,287,839
135,854,989
159,336,495
690,54,744
41,49,90
858,232,1090
779,32,811
439,307,746
1,291,292
567,852,1419
804,247,1051
426,795,1221
597,132,729
456,823,1279
744,842,1586
165,667,832
278,197,475
537,149,686
364,357,721
773,163,936
197,763,960
105,950,1055
36,538,574
961,781,1742
765,655,1420
636,681,1317
678,709,1387
348,259,607
651,559,1210
600,672,1272
647,527,1174
577,25,602
318,238,556
621,525,1146
727,983,1710
102,800,902
264,14,278
731,228,959
639,389,1028
512,121,633
879,543,1422
255,689,944
7,383,390
759,940,1699
486,572,1058
230,163,393
266,622,888
784,713,1497
417,690,1107
676,402,1078
553,922,1475
52,538,590
481,11,492
161,556,717
899,936,1835
89,579,668
906,533,1439
841,587,1428
140,606,746
921,757,1678
354,821,1175
315,523,838
939,70,1009
979,846,1825
675,325,1000
487,156,643
186,113,299
208,460,668
123,670,793
290,176,466
372,461,833
682,558,1240
759,748,1507
418,964,1382
715,303,1018
696,290,986
922,763,1685
400,361,761
14,764,778
689,143,832
239,968,1207
292,503,795
759,525,1284
479,861,1340
131,378,509
469,743,1212
390,766,1156
115,765,880
455,973,1428
452,552,1004
576,509,1085
949,553,1502
914,340,1254
194,105,299
974,504,1478
236,696,932
976,844,1820
337,960,1297
330,197,527
264,693,957
171,302,473
816,214,1030
946,744,1690
691,960,1651
754,410,1164
271,198,469
244,142,386
515,512,1027
183,314,497
88,214,302
930,114,1044
536,810,1346
173,533,706
804,285,1089
195,177,372
909,880,1789
632,133,765
349,862,1211
661,428,1089
142,645,787
541,330,871
323,568,891
111,821,932
806,212,1018
230,431,661
464,77,541
937,732,1669
243,769,1012
815,919,1734
443,965,1408
593,29,622
129,589,718
553,571,1124
512,233,745
645,370,1015
506,159,665
598,154,752
627,630,1257
156,71,227
838,844,1682
821,552,1373
428,214,642
442,830,1272
172,659,831
93,748,841
159,120,279
730,894,1624
460,120,580
775,544,1319
662,238,900
90,765,855
531,724,1255
100,272,372
314,313,627
492,876,1368
615,266,881
779,380,1159
965,388,1353
708,541,1249
455,391,846
403,557,960
154,789,943
242,4,246
261,623,884
652,403,1055
58,20,78
527,420,947
59,257,316
836,930,1766
68,708,776
712,173,885
519,263,782
824,460,1284
740,82,822
728,822,1550
438,399,837
310,161,471
12,743,755
548,612,1160
313,255,568
443,139,582
1000,841,1841
364,363,727
888,283,1171
900,953,1853
596,796,1392
421,150,571
27,617,644
100,240,340
87,420,507
100,239,339
285,137,422
248,447,695
651,471,1122
617,788,1405
201,468,669
136,254,390
589,967,1556
203,147,350
964,921,1885
620,876,1496
398,469,867
406,348,754
35,759,794
664,254,918
350,602,952
612,953,1565
544,671,1215
279,325,604
307,377,684
45,754,799
519,224,743
449,341,790
819,134,953
132,632,764
313,891,1204
833,800,1633
968,777,1745
228,385,613
405,317,722
615,790,1405
83,17,100
467,568,1035
861,298,1159
686,493,1179
894,564,1458
47,603,650
287,816,1103
225,240,465
957,674,1631
11,797,808
477,7,484
716,635,1351
812,263,1075
692,599,1291
198,21,219
77,746,823
424,848,1272
710,414,1124
371,36,407
123,735,858
55,375,430
83,882,965
375,31,406
103,274,377
702,912,1614
896,215,1111
286,920,1206
715,531,1246
560,392,952
209,508,717
860,606,1466
456,483,939
494,627,1121
620,333,953
116,248,364
733,526,1259
598,476,1074
687,511,1198
740,227,967
701,294,995
719,567,1286
375,423,798
991,482,1473
577,797,1374
252,646,898
122,753,875
607,86,693
631,257,888
789,711,1500
584,337,921
157,131,288
423,938,1361
862,307,1169
775,253,1028
888,172,1060
296,404,700
960,673,1633
297,691,988
800,389,1189
718,148,866
271,801,1072
356,675,1031
131,83,214
158,149,307
392,52,444
418,219,637
766,391,1157
744,157,901
157,697,854
518,224,742
869,7,876
748,759,1507
285,417,702
75,36,111
960,227,1187
353,400,753
627,304,931
884,808,1692
377,482,859
240,457,697
76,666,742
109,293,402
825,473,1298
747,104,851
826,355,1181
199,49,248
646,252,898
208,142,350
673,545,1218
187,906,1093
118,477,595
318,579,897
463,918,1381
511,163,674
674,37,711
556,214,770
417,977,1394
718,865,1583
611,511,1122
460,823,1283
178,415,593
433,39,472
232,408,640
687,751,1438
712,905,1617
143,86,229
189,64,253
351,259,610
204,935,1139
466,941,1407
298,98,396
98,856,954
275,961,1236
847,660,1507
510,916,1426
727,126,853
248,556,804
815,520,1335
161,179,340
912,985,1897
141,848,989
600,432,1032
428,311,739
266,782,1048
422,326,748
746,380,1126
230,88,318
997,695,1692
490,19,509
874,363,1237
676,303,979
453,43,496
922,333,1255
807,39,846
966,910,1876
133,709,842
863,398,1261
956,820,1776
167,585,752
604,886,1490
59,131,190
311,39,350
338,963,1301
769,339,1108
301,362,663
877,754,1631
874,303,1177
829,958,1787
611,243,854
554,542,1096
684,946,1630
771,279,1050
730,179,909
801,949,1750
666,304,970
660,751,1411
650,257,907
828,211,1039
47,355,402
689,464,1153
652,351,1003
61,456,517
134,876,1010
298,626,924
847,621,1468
362,634,996
837,417,1254
119,222,341
148,669,817
42,604,646
534,586,1120
917,367,1284
303,854,1157
631,563,1194
989,984,1973
999,957,1956
46,483,529
921,673,1594
150,847,997
628,883,1511
582,811,1393
71,410,481
264,986,1250
595,607,1202
748,818,1566
43,923,966
133,76,209
243,994,1237
256,289,545
986,63,1049
89,339,428
270,989,1259
35,508,543
19,779,798
753,734,1487
969,886,1855
802,728,1530
445,345,790
617,250,867
724,413,1137
579,537,1116
816,189,1005
740,49,789
249,306,555
446,788,1234
640,520,1160
406,373,779
748,652,1400
231,988,1219
225,434,659
234,4,238
377,421,798
338,728,1066
857,782,1639
137,247,384
845,836,1681
610,99,709
276,907,1183
531,226,757
476,353,829
467,163,630
30,763,793
457,572,1029
5,448,453
997,762,1759
198,977,1175
647,524,1171
780,480,1260
651,169,820
439,729,1168
730,66,796
222,394,616
713,874,1587
72,703,775
644,25,669
904,63,967
141,894,1035
247,681,928
378,857,1235
70,630,700
900,899,1799
670,251,921
523,725,1248
525,226,751
820,32,852
707,208,915
580,70,650
157,876,1033
376,684,1060
139,992,1131
485,739,1224
751,766,1517
530,646,1176
432,824,1256
196,311,507
802,541,1343
904,932,1836
868,852,1720
142,569,711
996,534,1530
682,782,1464
190,941,1131
142,809,951
823,628,1451
509,482,991
438,639,1077
209,476,685
607,349,956
915,871,1786
883,229,1112
606,848,1454
880,508,1388
808,487,1295
626,818,1444
780,766,1546
272,296,568
399,930,1329
469,19,488
96,114,210
119,824,943
303,108,411
385,15,400
995,107,1102
935,1000,1935
886,936,1822
233,805,1038
290,493,783
133,762,895
221,557,778
10,412,422
928,922,1850
747,399,1146
74,269,343
406,514,920
792,737,1529
935,244,1179
949,745,1694
409,837,1246
209,187,396
618,277,895
376,461,837
556,690,1246
21,5,26
810,606,1416
762,218,980
339,442,781
42,847,889
531,567,1098
282,598,880
842,395,1237
327,706,1033
457,853,1310
314,332,646
153,346,499
740,677,1417
535,167,702
935,43,978
636,669,1305
464,227,691
456,19,475
236,781,1017
481,555,1036
936,286,1222
364,791,1155
970,527,1497
70,811,881
996,377,1373
62,275,337
512,743,1255
408,752,1160
231,476,707
390,185,575
906,769,1675
391,540,931
310,748,1058
730,556,1286
878,923,1801
810,645,1455
740,397,1137
856,974,1830
992,792,1784
573,824,1397
270,259,529
563,448,1011
534,804,1338
413,825,1238
950,496,1446
601,502,1103
309,626,935
744,1,745
688,141,829
753,5,758
771,201,972
429,595,1024
215,462,677
228,379,607
723,32,755
287,585,872
758,4,762
261,555,816
409,603,1012
890,602,1492
932,90,1022
855,765,1620
86,32,118
109,666,775
620,825,1445
883,466,1349
308,753,1061
959,521,1480
121,523,644
105,346,451
117,127,244
92,87,179
805,883,1688
548,715,1263
366,545,911
385,986,1371
765,272,1037
987,521,1508
758,494,1252
795,112,907
75,11,86
555,655,1210
226,309,535
662,290,952
925,81,1006
536,698,1234
787,93,880
771,53,824
527,852,1379
874,927,1801
947,354,1301
187,61,248
434,125,559
859,670,1529
849,917,1766
897,40,937
895,568,1463
53,343,396
746,170,916
405,491,896
857,438,1295
372,22,394
869,551,1420
45,609,654
636,295,931
234,253,487
524,673,1197
341,858,1199
498,111,609
547,299,846
733,134,867
589,111,700
257,826,1083
18,401,419
368,998,1366
560,839,1399
408,390,798
663,995,1658
90,609,699
518,951,1469
746,727,1473
288,152,440
156,963,1119
407,736,1143
978,785,1763
563,14,577
864,970,1834
586,267,853
545,281,826
478,871,1349
85,241,326
160,322,482
447,631,1078
173,632,805
127,780,907
499,643,1142
623,11,634
726,253,979
217,776,993
942,901,1843
126,691,817
347,21,368
340,989,1329
980,67,1047
352,637,989
990,302,1292
808,527,1335
943,763,1706
473,111,584
48,874,922
286,565,851
985,574,1559
932,365,1297
861,429,1290
551,434,985
964,595,1559
624,403,1027
597,308,905
712,256,968
380,114,494
480,215,695
777,310,1087
807,878,1685
659,186,845
815,607,1422
761,288,1049
660,313,973
480,395,875
55,490,545
914,595,1509
405,70,475
664,701,1365
129,961,1090
358,887,1245
647,972,1619
99,990,1089
113,896,1009
599,450,1049
609,576,1185
698,106,804
954,907,1861
625,465,1090
222,163,385
833,578,1411
710,389,1099
932,23,955
15,382,397
924,453,1377
156,267,423
460,67,527
265,46,311
279,468,747
163,586,749
424,446,870
959,454,1413
380,82,462
419,230,649
650,295,945
29,385,414
745,107,852
67,117,184
616,168,784
244,446,690
521,879,1400
700,57,757
119,394,513
717,463,1180
482,777,1259
499,838,1337
199,34,233
965,817,1782
233,546,779
303,431,734
988,553,1541
823,40,863
23,782,805
170,609,779
950,476,1426
138,697,835
330,960,1290
199,109,308
148,134,282
106,619,725
910,228,1138
288,702,990
523,489,1012
376,836,1212
319,118,437
374,173,547
874,634,1508
489,302,791
380,789,1169
779,144,923
460,458,918
96,696,792
194,894,1088
351,424,775
986,771,1757
183,149,332
560,398,958
226,172,398
602,918,1520
129,778,907
306,92,398
562,293,855
878,144,1022
137,364,501
583,924,1507
635,304,939
323,935,1258
659,134,793
575,886,1461
860,407,1267
536,758,1294
974,893,1867
450,960,1410
891,420,1311
747,326,1073
644,757,1401
119,518,637
462,768,1230
231,168,399
735,42,777
88,384,472
102,158,260
34,707,741
853,850,1703
8,992,1000
923,133,1056
707,933,1640
771,202,973
956,974,1930
988,634,1622
527,326,853
668,990,1658
435,177,612
970,141,1111
480,177,657
977,554,1531
361,92,453
700,515,1215
59,84,143
653,261,914
494,903,1397
137,574,711
871,954,1825
892,409,1301
218,489,707
913,577,1490
997,278,1275
679,85,764
412,848,1260
505,259,764
537,226,763
908,808,1716
226,923,1149
663,402,1065
704,634,1338
721,61,782
309,398,707
18,479,497
456,566,1022
902,99,1001
512,156,668
65,378,443
389,479,868
200,516,716
957,774,1731
585,268,853
503,460,963
348,296,644
331,259,590
889,8,897
358,591,949
453,671,1124
718,346,1064
423,734,1157
771,948,1719
212,322,534
813,159,972
933,531,1464
805,31,836
811,0,811
507,106,613
848,839,1687
856,696,1552
416,325,741
867,510,1377
879,235,1114
927,564,1491
6,450,456
84,32,116
339,309,648
636,189,825
26,342,368
114,101,215
221,983,1204
319,817,1136
915,913,1828
615,876,1491
147,904,1051
855,883,1738
601,198,799
896,466,1362
74,291,365
205,642,847
799,890,1689
256,32,288
444,201,645
123,381,504
191,656,847
40,36,76
267,484,751
583,736,1319
884,664,1548
730,243,973
151,995,1146
970,787,1757
553,222,775
460,516,976
497,787,1284
602,61,663
515,457,972
548,996,1544
711,629,1340
388,571,959
710,831,1541
457,871,1328
145,395,540
102,91,193
664,501,1165
713,222,935
332,993,1325
241,530,771
554,639,1193
314,510,824
169,826,995
935,370,1305
585,576,1161
783,516,1299
709,53,762
943,406,1349
473,595,1068
202,892,1094
218,866,1084
309,275,584
995,321,1316
850,105,955
53,458,511
271,956,1227
656,342,998
637,415,1052
101,662,763
657,723,1380
850,969,1819
288,519,807
347,935,1282
933,108,1041
85,718,803
953,262,1215
675,462,1137
349,207,556
803,578,1381
563,590,1153
981,638,1619
475,997,1472
815,423,1238
158,158,316
812,547,1359
373,414,787
247,396,643
976,546,1522
549,146,695
465,423,888
183,403,586
858,259,1117
276,947,1223
752,6,758
844,703,1547
173,502,675
71,520,591
161,615,776
277,821,1098
303,169,472
584,59,643
842,231,1073
260,704,964
536,622,1158
524,145,669
514,573,1087
931,582,1513
562,470,1032
540,20,560
450,957,1407
918,522,1440
927,130,1057
104,46,150
597,392,989
316,911,1227
822,392,1214
917,762,1679
463,834,1297
113,219,332
416,937,1353
481,948,1429
438,464,902
401,34,435
544,297,841
871,991,1862
970,884,1854
686,604,1290
203,232,435
150,903,1053
322,853,1175
927,799,1726
209,694,903
690,727,1417
609,493,1102
917,441,1358
896,85,981
285,674,959
894,353,1247
364,86,450
449,281,730
411,942,1353
573,816,1389
928,497,1425
608,264,872
745,354,1099
879,553,1432
204,157,361
167,798,965
510,161,671
679,590,1269
12,625,637
896,299,1195
635,592,1227
860,884,1744
350,631,981
978,483,1461
497,474,971
744,960,1704
627,981,1608
100,13,113
882,269,1151
412,739,1151
763,35,798
65,904,969
888,155,1043
151,317,468
876,265,1141
494,945,1439
407,784,1191
455,596,1051
500,546,1046
818,80,898
832,244,1076
972,384,1356
804,306,1110
748,422,1170
527,951,1478
917,900,1817
964,264,1228
982,389,1371
635,647,1282
134,283,417
741,835,1576
489,834,1323
433,617,1050
855,812,1667
966,610,1576
573,676,1249
106,634,740
111,177,288
488,597,1085
975,579,1554
567,153,720
1000,280,1280
571,525,1096
893,63,956
807,108,915
794,759,1553
287,208,495
690,238,928
812,229,1041
128,359,487
774,884,1658
149,626,775
569,459,1028
794,755,1549
394,834,1228
741,988,1729
461,856,1317
136,748,884
247,370,617
739,16,755
867,112,979
384,603,987
627,118,745
152,114,266
185,391,576
304,572,876
833,117,950
752,210,962
807,720,1527
733,625,1358
925,503,1428
877,927,1804
272,144,416
448,471,919
906,699,1605
609,22,631
496,86,582
781,311,1092
958,801,1759
409,111,520
227,317,544
48,826,874
148,742,890
193,820,1013
640,789,1429
983,375,1358
35,231,266
379,425,804
22,404,426
316,946,1262
228,24,252
631,237,868
813,425,1238
78,985,1063
111,110,221
239,693,932
445,493,938
521,731,1252
553,939,1492
327,241,568
317,910,1227
211,82,293
909,879,1788
654,622,1276
946,185,1131
803,140,943
180,785,965
992,573,1565
975,295,1270
512,369,881
458,624,1082
846,896,1742
805,458,1263
531,812,1343
20,687,707
447,655,1102
629,7,636
113,196,309
801,817,1618
27,123,150
950,331,1281
293,282,575
355,662,1017
484,373,857
720,884,1604
784,858,1642
715,352,1067
797,358,1155
791,891,1682
218,400,618
577,243,820
889,296,1185
0,774,774
388,476,864
1,86,87
819,897,1716
584,973,1557
226,460,686
396,150,546
578,223,801
75,807,882
13,946,959
669,888,1557
804,149,953
282,980,1262
479,433,912
936,354,1290
104,727,831
538,971,1509
113,633,746
8,494,502
573,575,1148
365,887,1252
734,3,737
948,384,1332
759,24,783
913,790,1703
121,682,803
912,784,1696
579,370,949
842,865,1707
415,637,1052
687,666,1353
115,757,872
321,847,1168
360,766,1126
593,909,1502
238,136,374
744,848,1592
737,173,910
17,750,767
231,885,1116
636,888,1524
628,712,1340
900,299,1199
950,292,1242
933,522,1455
414,927,1341
550,578,1128
822,43,865
676,983,1659
824,944,1768
601,719,1320
957,564,1521
26,719,745
972,245,1217
381,574,955
355,542,897
244,991,1235
996,125,1121
939,89,1028
924,676,1600
407,369,776
812,71,883
758,586,1344
823,263,1086
882,434,1316
108,751,859
635,697,1332
870,148,1018
145,621,766
640,117,757
477,167,644
493,625,1118
6,26,32
414,627,1041
829,877,1706
463,641,1104
181,77,258
699,791,1490
230,748,978
463,447,910
335,668,1003
766,559,1325
232,525,757
784,47,831
747,678,1425
217,909,1126
208,903,1111
783,733,1516
760,823,1583
745,369,1114
125,72,197
128,717,845
374,274,648
530,438,968
472,967,1439
373,866,1239
831,26,857
589,149,738
74,305,379
599,135,734
484,438,922
545,286,831
431,837,1268
377,123,500
608,789,1397
868,26,894
504,807,1311
863,935,1798
205,206,411
511,775,1286
678,87,765
960,599,1559
651,995,1646
16,258,274
754,114,868
942,371,1313
590,430,1020
780,947,1727
331,267,598
430,387,817
828,232,1060
114,726,840
871,191,1062
588,336,924
143,250,393
656,719,1375
90,668,758
917,199,1116
554,557,1111
778,435,1213
758,171,929
740,859,1599
122,65,187
833,633,1466
780,251,1031
807,166,973
884,62,946
17,116,133
423,696,1119
29,475,504
20,210,230
781,866,1647
620,445,1065
268,543,811
394,425,819
702,842,1544
574,225,799
322,675,997
150,161,311
414,651,1065
80,106,186
572,565,1137
449,145,594
626,904,1530
299,725,1024
516,805,1321
450,656,1106
70,150,220
247,816,1063
28,61,89
232,412,644
999,352,1351
543,226,769
211,161,372
853,702,1555
954,517,1471
635,38,673
649,728,1377
242,912,1154
902,735,1637
320,440,760
407,613,1020
743,74,817
94,35,129
258,655,913
583,798,1381
883,424,1307
485,329,814
680,456,1136
736,503,1239
468,176,644
49,436,485
872,469,1341
731,12,743
542,739,1281
140,683,823
949,925,1874
900,528,1428
903,329,1232
276,837,1113
909,334,1243
172,358,530
759,756,1515
494,884,1378
551,317,868
464,513,977
705,980,1685
33,658,691
398,624,1022
364,495,859
115,148,263
341,417,758
434,389,823
582,220,802
670,745,1415
184,629,813
808,119,927
696,857,1553
365,685,1050
444,794,1238
685,311,996
168,134,302
510,498,1008
136,655,791
893,247,1140
327,304,631
759,818,1577
178,517,695
408,565,973
179,905,1084
797,571,1368
639,249,888
35,212,247
408,981,1389
969,266,1235
237,680,917
555,219,774
70,331,401
191,43,234
83,546,629
14,994,1008
660,103,763
413,411,824
660,267,927
94,140,234
157,808,965
644,403,1047
67,854,921
287,713,1000
47,772,819
27,93,120
305,187,492
395,700,1095
562,695,1257
506,596,1102
879,304,1183
93,457,550
723,146,869
424,224,648
435,729,1164
104,856,960
138,863,1001
535,82,617
347,323,670
772,311,1083
702,747,1449
371,53,424
394,868,1262
19,267,286
191,459,650
361,508,869
557,453,1010
38,174,212
403,96,499
317,830,1147
680,225,905
321,371,692
730,315,1045
782,767,1549
141,713,854
180,14,194
433,681,1114
589,405,994
934,182,1116
351,79,430
403,804,1207
187,53,240
713,320,1033
322,586,908
273,892,1165
874,595,1469
186,642,828
535,366,901
880,183,1063
483,636,1119
234,146,380
789,820,1609
939,567,1506
692,139,831
724,798,1522
638,415,1053
296,910,1206
72,274,346
370,721,1091
556,610,1166
463,583,1046
984,262,1246
367,678,1045
195,689,884
685,37,722
946,318,1264
969,399,1368
920,613,1533
828,973,1801
313,372,685
473,235,708
908,523,1431
940,879,1819
552,699,1251
758,604,1362
810,312,1122
657,270,927
742,732,1474
372,825,1197
395,914,1309
395,744,1139
482,830,1312
770,349,1119
905,604,1509
167,971,1138
309,255,564
529,310,839
73,372,445
82,810,892
271,627,898
258,771,1029
650,730,1380
190,944,1134
653,68,721
341,649,990
3,396,399
124,727,851
11,503,514
769,758,1527
288,973,1261
999,186,1185
117,565,682
859,341,1200
132,290,422
990,23,1013
861,528,1389
963,518,1481
160,644,804
480,909,1389
182,679,861
355,199,554
385,896,1281
776,378,1154
943,554,1497
83,992,1075
452,689,1141
906,121,1027
885,272,1157
452,205,657
888,834,1722
915,87,1002
833,785,1618
143,600,743
767,962,1729
112,68,180
274,487,761
485,927,1412
515,286,801
780,43,823
977,610,1587
452,99,551
534,25,559
885,576,1461
868,428,1296
276,824,1100
290,560,850
25,217,242
340,756,1096
730,621,1351
368,763,1131
98,745,843
144,200,344
136,427,563
190,182,372
482,597,1079
540,182,722
110,455,565
884,891,1775
166,182,348
667,44,711
489,43,532
750,492,1242
362,64,426
362,597,959
223,871,1094
186,869,1055
482,488,970
604,765,1369
242,437,679
138,373,511
540,389,929
693,232,925
880,607,1487
832,122,954
401,325,726
616,992,1608
511,429,940
970,907,1877
544,19,563
191,84,275
839,391,1230
682,315,997
213,444,657
968,577,1545
772,442,1214
396,282,678
478,680,1158
73,290,363
644,520,1164
500,492,992
886,743,1629
258,676,934
525,941,1466
69,280,349
197,638,835
74,758,832
969,350,1319
102,354,456
457,788,1245
510,178,688
513,824,1337
749,360,1109
755,23,778
390,370,760
59,118,177
445,355,800
991,637,1628
835,260,1095
610,763,1373
24,713,737
511,468,979
58,689,747
434,222,656
504,882,1386
21,494,515
400,585,985
110,88,198
955,573,1528
745,758,1503
531,222,753
101,393,494
14,746,760
317,476,793
561,717,1278
354,571,925
721,106,827
662,6,668
988,539,1527
941,347,1288
16,460,476
793,663,1456
394,631,1025
174,588,762
105,334,439
275,495,770
827,46,873
40,482,522
193,471,664
758,395,1153
825,983,1808
827,700,1527
869,826,1695
690,452,1142
920,801,1721
876,873,1749
191,996,1187
368,445,813
22,459,481
571,889,1460
259,6,265
843,774,1617
952,993,1945
959,742,1701
63,792,855
946,300,1246
127,534,661
27,314,341
7,936,943
180,59,239
722,387,1109
675,479,1154
374,639,1013
439,861,1300
968,502,1470
308,562,870
193,944,1137
892,248,1140
328,282,610
864,525,1389
552,336,888
476,372,848
349,234,583
401,265,666
148,765,913
191,904,1095
704,722,1426
163,499,662
887,953,1840
646,667,1313
744,880,1624
170,88,258
577,791,1368
977,931,1908
920,256,1176
263,420,683
766,44,810
424,998,1422
52,788,840
980,525,1505
8,450,458
406,995,1401
178,819,997
820,651,1471
157,337,494
808,159,967
462,444,906
475,420,895
221,556,777
850,574,1424
235,510,745
904,552,1456
157,637,794
208,136,344
456,911,1367
288,873,1161
944,826,1770
703,71,774
527,408,935
612,734,1346
738,135,873
802,148,950
729,460,1189
978,990,1968
904,929,1833
272,680,952
106,152,258
509,552,1061
921,153,1074
516,725,1241
894,888,1782
888,86,974
427,677,1104
932,165,1097
615,138,753
858,297,1155
870,528,1398
306,666,972
157,810,967
789,965,1754
629,911,1540
317,860,1177
445,861,1306
137,995,1132
362,301,663
900,91,991
521,252,773
259,361,620
748,811,1559
22,770,792
72,855,927
551,138,689
736,430,1166
563,953,1516
578,974,1552
80,676,756
63,520,583
205,874,1079
31,689,720
14,3,17
41,542,583
792,401,1193
249,330,579
576,436,1012
382,715,1097
212,886,1098
914,297,1211
42,371,413
115,372,487
665,348,1013
92,824,916
699,195,894
322,607,929
29,295,324
331,323,654
8,737,745
264,380,644
521,424,945
647,517,1164
242,469,711
288,7,295
971,357,1328
502,996,1498
422,967,1389
154,212,366
885,680,1565
419,961,1380
846,887,1733
860,135,995
494,228,722
844,372,1216
291,635,926
358,290,648
62,183,245
816,263,1079
664,933,1597
462,373,835
958,653,1611
940,261,1201
202,287,489
230,571,801
970,226,1196
702,953,1655
199,55,254
688,55,743
473,84,557
331,580,911
484,128,612
781,767,1548
268,499,767
68,864,932
636,542,1178
693,536,1229
743,997,1740
342,827,1169
291,950,1241
339,657,996
469,775,1244
913,793,1706
68,279,347
171,256,427
415,743,1158
880,97,977
784,730,1514
409,387,796
721,476,1197
996,54,1050
908,629,1537
262,168,430
822,860,1682
721,970,1691
259,98,357
114,592,706
668,850,1518
421,670,1091
952,143,1095
623,796,1419
659,585,1244
357,430,787
624,413,1037
72,256,328
991,491,1482
110,551,661
842,37,879
841,860,1701
188,10,198
258,262,520
352,880,1232
541,683,1224
121,762,883
847,308,1155
589,50,639
921,631,1552
759,782,1541
963,678,1641
487,524,1011
940,53,993
861,892,1753
507,701,1208
624,861,1485
684,552,1236
42,22,64
877,482,1359
52,198,250
322,919,1241
699,342,1041
285,736,1021
27,3,30
650,718,1368
612,554,1166
798,560,1358
911,134,1045
222,981,1203
108,71,179
99,988,1087
951,602,1553
754,944,1698
122,278,400
631,142,773
109,549,658
513,287,800
234,230,464
616,515,1131
275,533,808
247,174,421
318,109,427
997,835,1832
392,221,613
78,936,1014
548,717,1265
388,823,1211
322,994,1316
69,422,491
712,378,1090
81,444,525
22,330,352
895,739,1634
998,730,1728
410,538,948
197,26,223
546,65,611
997,777,1774
53,443,496
499,765,1264
751,842,1593
436,336,772
217,807,1024
963,949,1912
496,899,1395
564,508,1072
848,673,1521
719,684,1403
530,840,1370
174,981,1155
82,534,616
839,503,1342
700,102,802
947,432,1379
247,46,293
591,578,1169
309,100,409
188,158,346
497,577,1074
372,430,802
823,422,1245
538,62,600
362,516,878
33,155,188
986,765,1751
446,73,519
170,787,957
338,322,660
354,419,773
456,351,807
375,656,1031
942,559,1501
786,476,1262
235,27,262
135,553,688
142,86,228
910,597,1507
74,866,940
162,61,223
249,256,505
167,757,924
445,499,944
150,111,261
467,167,634
473,666,1139
293,488,781
20,26,46
814,340,1154
886,720,1606
877,114,991
315,510,825
359,103,462
873,495,1368
847,223,1070
900,465,1365
922,48,970
591,500,1091
487,661,1148
973,131,1104
790,111,901
615,281,896
677,780,1457
982,274,1256
832,636,1468
234,308,542
84,258,342
929,154,1083
559,2,561
22,320,342
590,268,858
862,975,1837
745,179,924
649,993,1642
396,833,1229
900,881,1781
215,672,887
895,288,1183
88,597,685
830,854,1684
890,891,1781
600,752,1352
378,782,1160
90,975,1065
788,76,864
148,939,1087
52,727,779
144,193,337
279,966,1245
854,263,1117
29,421,450
912,926,1838
831,171,1002
83,22,105
163,960,1123
876,574,1450
363,187,550
853,687,1540
469,463,932
275,377,652
393,747,1140
327,915,1242
528,381,909
308,117,425
203,820,1023
444,362,806
659,579,1238
163,665,828
795,536,1331
468,446,914
482,203,685
946,938,1884
850,596,1446
554,833,1387
966,653,1619
983,243,1226
954,513,1467
131,909,1040
607,890,1497
359,654,1013
507,730,1237
599,716,1315
627,440,1067
432,987,1419
856,356,1212
479,706,1185
74,535,609
508,198,706
990,484,1474
260,133,393
788,820,1608
923,18,941
227,117,344
381,459,840
935,759,1694
922,732,1654
790,676,1466
618,903,1521
576,392,968
975,319,1294
439,56,495
34,584,618
686,60,746
959,332,1291
96,303,399
3,47,50
629,529,1158
648,505,1153
723,364,1087
245,760,1005
435,4,439
858,980,1838
957,290,1247
188,61,249
719,556,1275
975,718,1693
914,330,1244
768,484,1252
491,590,1081
13,112,125
354,155,509
261,10,271
715,390,1105
881,163,1044
68,867,935
999,563,1562
603,704,1307
634,390,1024
132,626,758
566,417,983
447,363,810
394,870,1264
241,256,497
219,165,384
42,978,1020
363,308,671
740,564,1304
908,17,925
7,656,663
545,925,1470
153,906,1059
472,742,1214
444,500,944
527,448,975
241,431,672
253,423,676
548,541,1089
124,16,140
108,489,597
504,943,1447
494,606,1100
341,485,826
611,237,848
789,591,1380
71,43,114
464,586,1050
303,714,1017
230,410,640
512,119,631
626,239,865
731,487,1218
140,365,505
235,539,774
577,835,1412
749,227,976
8,698,706
283,967,1250
93,27,120
662,706,1368
945,435,1380
280,896,1176
374,981,1355
602,68,670
496,65,561
267,506,773
865,357,1222
351,352,703
763,972,1735
103,103,206
860,678,1538
204,433,637
103,237,340
154,166,320
558,890,1448
154,342,496
821,326,1147
28,523,551
2,851,853
910,583,1493
4,880,884
708,309,1017
732,46,778
869,609,1478
587,670,1257
51,752,803
292,244,536
641,424,1065
309,466,775
821,974,1795
175,51,226
467,902,1369
888,551,1439
608,921,1529
133,218,351
339,845,1184
130,121,251
333,534,867
368,245,613
936,753,1689
144,667,811
337,880,1217
643,413,1056
607,69,676
293,485,778
374,162,536
107,100,207
430,479,909
870,909,1779
404,670,1074
89,549,638
88,117,205
659,762,1421
135,398,533
602,684,1286
595,625,1220
910,968,1878
668,746,1414
936,220,1156
332,216,548
461,585,1046
169,831,1000
759,420,1179
99,457,556
811,30,841
363,179,542
889,901,1790
669,584,1253
567,274,841
289,313,602
501,139,640
974,634,1608
486,143,629
367,231,598
783,651,1434
563,365,928
319,847,1166
787,40,827
867,804,1671
157,727,884
981,45,1026
374,656,1030
273,377,650
351,883,1234
711,296,1007
954,605,1559
395,148,543
962,760,1722
192,25,217
662,41,703
643,89,732
691,703,1394
834,238,1072
128,932,1060
872,83,955
744,71,815
806,844,1650
541,703,1244
335,434,769
485,150,635
636,744,1380
808,362,1170
745,476,1221
740,533,1273
354,485,839
851,836,1687
4,342,346
127,720,847
166,795,961
299,255,554
146,866,1012
7,87,94
978,716,1694
575,800,1375
454,355,809
807,888,1695
783,749,1532
80,619,699
799,266,1065
847,19,866
329,372,701
558,743,1301
843,809,1652
816,77,893
135,640,775
657,732,1389
527,490,1017
396,68,464
733,406,1139
113,829,942
135,167,302
868,614,1482
294,650,944
600,996,1596
12,165,177
783,717,1500
758,412,1170
720,365,1085
865,467,1332
7,384,391
103,631,734
350,649,999
331,961,1292
916,423,1339
957,205,1162
237,322,559
392,242,634
640,754,1394
76,935,1011
442,707,1149
907,2,909
379,933,1312
252,325,577
180,276,456
41,804,845
983,777,1760
438,34,472
447,809,1256
409,805,1214
274,721,995
957,712,1669
208,478,686
383,380,763
165,141,306
571,16,587
540,180,720
139,177,316
60,268,328
106,727,833
28,42,70
786,369,1155
480,956,1436
638,36,674
396,489,885
891,479,1370
820,737,1557
703,517,1220
71,784,855
99,318,417
665,541,1206
112,939,1051
467,465,932
634,270,904
496,545,1041
110,920,1030
759,469,1228
687,333,1020
319,60,379
789,189,978
382,41,423
679,215,894
220,580,800
132,228,360
556,853,1409
251,681,932
11,554,565
824,232,1056
510,367,877
985,628,1613
111,890,1001
883,559,1442
799,376,1175
730,594,1324
145,885,1030
774,549,1323
288,501,789
166,409,575
317,442,759
363,251,614
859,938,1797
829,383,1212
547,460,1007
427,956,1383
631,455,1086
189,427,616
912,631,1543
707,239,946
902,623,1525
33,778,811
134,623,757
719,153,872
906,411,1317
595,816,1411
396,896,1292
611,865,1476
11,120,131
782,986,1768
812,280,1092
292,27,319
685,501,1186
612,964,1576
231,710,941
142,81,223
973,910,1883
343,236,579
229,96,325
982,426,1408
525,467,992
364,318,682
849,906,1755
777,449,1226
46,676,722
449,991,1440
777,885,1662
816,187,1003
889,221,1110
346,167,513
198,1000,1198
827,853,1680
466,568,1034
808,199,1007
576,471,1047
413,505,918
825,545,1370
745,97,842
530,927,1457
414,436,850
113,101,214
956,980,1936
65,525,590
15,496,511
627,926,1553
302,133,435
361,446,807
498,328,826
138,935,1073
782,658,1440
181,892,1073
751,899,1650
987,84,1071
244,955,1199
671,142,813
632,417,1049
619,865,1484
935,729,1664
922,66,988
770,469,1239
832,926,1758
144,831,975
9,180,189
131,371,502
869,147,1016
16,932,948
604,103,707
498,527,1025
624,80,704
841,487,1328
296,441,737
684,831,1515
313,236,549
565,329,894
210,447,657
462,595,1057
291,910,1201
744,747,1491
217,950,1167
179,913,1092
923,358,1281
755,418,1173
598,702,1300
232,272,504
814,2,816
705,15,720
372,923,1295
160,111,271
851,629,1480
121,416,537
650,136,786
143,55,198
97,149,246
40,492,532
819,414,1233
189,212,401
902,753,1655
699,968,1667
771,342,1113
776,704,1480
820,944,1764
167,300,467
534,178,712
328,205,533
139,44,183
621,855,1476
502,627,1129
792,854,1646
289,924,1213
1000,638,1638
682,586,1268
217,367,584
110,109,219
155,420,575
940,809,1749
558,490,1048
565,361,926
751,550,1301
510,842,1352
834,43,877
265,483,748
541,173,714
660,834,1494
988,246,1234
969,310,1279
852,854,1706
427,336,763
738,985,1723
549,873,1422
995,630,1625
505,59,564
119,875,994
390,895,1285
623,780,1403
528,880,1408
485,582,1067
848,418,1266
899,579,1478
207,102,309
421,345,766
529,851,1380
502,703,1205
884,332,1216
286,682,968
529,53,582
286,440,726
962,381,1343
990,362,1352
33,437,470
956,21,977
33,703,736
688,547,1235
443,653,1096
979,854,1833
623,525,1148
727,288,1015
111,42,153
177,749,926
502,658,1160
260,230,490
771,510,1281
625,515,1140
333,135,468
647,794,1441
270,395,665
137,281,418
89,843,932
124,649,773
628,331,959
430,691,1121
829,556,1385
904,618,1522
949,749,1698
54,869,923
527,832,1359
816,962,1778
899,428,1327
97,906,1003
637,778,1415
452,808,1260
7,784,791
121,678,799
581,374,955
647,119,766
117,718,835
249,263,512
342,311,653
213,16,229
991,371,1362
493,133,626
349,249,598
613,87,700
91,21,112
147,414,561
569,165,734
854,981,1835
975,935,1910
491,889,1380
558,171,729
461,242,703
50,710,760
149,978,1127
11,828,839
436,32,468
545,673,1218
304,543,847
219,207,426
774,421,1195
502,772,1274
232,70,302
341,499,840
592,387,979
406,56,462
750,346,1096
410,327,737
410,761,1171
512,614,1126
36,427,463
848,261,1109
201,713,914
951,806,1757
620,933,1553
399,238,637
764,872,1636
500,611,1111
639,349,988
561,285,846
209,451,660
970,800,1770
903,623,1526
815,901,1716
96,192,288
12,255,267
445,556,1001
259,30,289
434,213,647
265,755,1020
761,620,1381
83,822,905
135,629,764
387,901,1288
826,248,1074
189,906,1095
705,84,789
193,229,422
303,613,916
630,121,751
773,783,1556
731,160,891
304,391,695
363,432,795
952,535,1487
120,218,338
141,600,741
536,496,1032
142,564,706
779,676,1455
198,747,945
370,1,371
595,106,701
530,973,1503
757,954,1711
658,977,1635
819,499,1318
576,112,688
35,154,189
40,930,970
36,156,192
325,892,1217
427,659,1086
497,732,1229
842,989,1831
83,294,377
957,190,1147
16,609,625
991,726,1717
63,499,562
477,572,1049
99,972,1071
43,964,1007
148,624,772
399,356,755
284,394,678
432,60,492
246,650,896
609,832,1441
241,8,249
186,162,348
524,578,1102
527,205,732
29,294,323
680,530,1210
922,486,1408
847,46,893
504,857,1361
416,946,1362
681,291,972
650,668,1318
436,339,775
578,961,1539
446,53,499
13,85,98
435,807,1242
860,18,878
28,848,876
876,876,1752
354,543,897
235,354,589
646,649,1295
664,522,1186
968,931,1899
497,135,632
184,684,868
787,131,918
775,682,1457
797,565,1362
820,768,1588
550,139,689
670,611,1281
241,687,928
709,509,1218
200,658,858
2,19,21
318,994,1312
595,980,1575
30,446,476
288,459,747
124,187,311
697,322,1019
111,871,982
40,409,449
695,96,791
389,99,488
388,332,720
123,72,195
99,744,843
949,64,1013
40,600,640
7,702,709
483,992,1475
109,877,986
114,835,949
27,988,1015
474,250,724
212,307,519
243,868,1111
497,968,1465
339,957,1296
456,968,1424
972,681,1653
666,433,1099
556,898,1454
994,955,1949
498,191,689
528,684,1212
232,157,389
851,635,1486
231,432,663
996,263,1259
523,668,1191
643,1000,1643
735,432,1167
311,4,315
223,283,506
536,243,779
470,57,527
576,275,851
899,451,1350
886,453,1339
594,798,1392
28,898,926
824,870,1694
737,658,1395
949,423,1372
680,837,1517
448,419,867
895,61,956
496,671,1167
333,26,359
531,174,705
52,148,200
540,175,715
878,565,1443
708,22,730
39,150,189
844,38,882
704,805,1509
64,357,421
645,785,1430
354,136,490
98,342,440
758,920,1678
236,427,663
588,345,933
644,84,728
967,869,1836
271,622,893
614,554,1168
550,856,1406
135,259,394
313,261,574
667,243,910
424,833,1257
443,753,1196
656,672,1328
987,259,1246
572,927,1499
646,52,698
763,1000,1763
570,271,841
166,615,781
83,668,751
698,842,1540
225,331,556
230,527,757
492,848,1340
737,917,1654
259,931,1190
484,136,620
814,220,1034
296,493,789
52,7,59
471,345,816
850,288,1138
474,564,1038
159,843,1002
648,245,893
443,313,756
214,952,1166
426,419,845
588,904,1492
830,480,1310
407,73,480
79,480,559
975,701,1676
604,75,679
248,532,780
205,440,645
371,876,1247
521,307,828
514,280,794
455,974,1429
715,936,1651
325,369,694
102,767,869
84,896,980
370,912,1282
772,620,1392
267,183,450
34,43,77
843,106,949
648,494,1142
498,707,1205
182,33,215
676,921,1597
475,478,953
63,432,495
206,864,1070
832,286,1118
642,809,1451
153,258,411
570,702,1272
245,700,945
11,995,1006
919,631,1550
988,325,1313
581,656,1237
401,566,967
760,699,1459
199,760,959
55,985,1040
382,671,1053
82,999,1081
308,320,628
198,783,981
846,347,1193
983,257,1240
206,976,1182
787,56,843
684,592,1276
518,594,1112
382,651,1033
328,963,1291
585,545,1130
791,544,1335
267,651,918
443,558,1001
906,2,908
278,269,547
901,164,1065
475,799,1274
912,402,1314
454,989,1443
998,858,1856
895,841,1736
984,980,1964
458,524,982
370,606,976
323,447,770
716,784,1500
829,84,913
309,488,797
737,709,1446
855,410,1265
784,700,1484
547,274,821
937,458,1395
907,383,1290
66,311,377
809,732,1541
433,73,506
314,569,883
259,914,1173
926,795,1721
477,462,939
194,472,666
895,872,1767
176,913,1089
219,962,1181
166,531,697
177,421,598
176,943,1119
876,737,1613
79,424,503
221,260,481
543,753,1296
867,994,1861
980,500,1480
111,773,884
490,940,1430
526,639,1165
792,651,1443
228,569,797
496,20,516
366,816,1182
51,260,311
132,563,695
29,110,139
99,849,948
325,627,952
68,88,156
436,117,553
615,221,836
506,485,991
422,484,906
131,816,947
862,849,1711
797,859,1656
470,488,958
737,800,1537
664,529,1193
190,805,995
864,448,1312
286,276,562
982,56,1038
564,61,625
220,351,571
291,647,938
488,196,684
101,797,898
140,32,172
405,235,640
249,124,373
313,781,1094
344,191,535
830,175,1005
273,162,435
815,612,1427
422,899,1321
483,152,635
371,870,1241
591,666,1257
762,999,1761
556,189,745
767,396,1163
248,275,523
112,170,282
515,9,524
30,695,725
206,792,998
547,978,1525
447,598,1045
635,820,1455
275,750,1025
507,684,1191
684,0,684
850,329,1179
948,519,1467
324,514,838
724,690,1414
375,307,682
55,189,244
597,231,828
605,294,899
733,286,1019
880,853,1733
316,94,410
471,66,537
319,285,604
483,832,1315
924,685,1609
860,710,1570
139,153,292
752,783,1535
942,34,976
517,615,1132
569,928,1497
116,252,368
726,549,1275
770,952,1722
356,517,873
602,12,614
687,814,1501
123,449,572
6,613,619
188,936,1124
532,876,1408
805,354,1159
914,782,1696
919,994,1913
229,530,759
668,393,1061
209,48,257
912,334,1246
45,595,640
382,807,1189
935,195,1130
238,749,987
597,44,641
809,301,1110
590,298,888
347,363,710
700,707,1407
899,367,1266
859,492,1351
243,927,1170
201,465,666
570,852,1422
663,183,846
578,471,1049
16,583,599
606,429,1035
439,603,1042
933,601,1534
128,461,589
851,729,1580
548,690,1238
113,269,382
416,174,590
540,261,801
450,242,692
881,749,1630
335,235,570
122,341,463
840,187,1027
781,649,1430
899,511,1410
389,17,406
113,10,123
992,338,1330
230,999,1229
262,632,894
934,112,1046
316,108,424
429,352,781
525,956,1481
632,682,1314
962,676,1638
581,961,1542
468,919,1387
469,809,1278
506,155,661
672,850,1522
610,621,1231
385,864,1249
825,368,1193
751,171,922
61,402,463
616,936,1552
323,275,598
150,865,1015
221,383,604
352,653,1005
265,25,290
820,895,1715
183,507,690
829,684,1513
857,520,1377
472,885,1357
303,349,652
173,315,488
360,464,824
535,165,700
284,610,894
601,658,1259
116,488,604
617,409,1026
163,843,1006
473,185,658
766,99,865
166,557,723
181,876,1057
115,292,407
447,419,866
510,536,1046
313,653,966
920,633,1553
657,147,804
61,316,377
724,828,1552
435,411,846
372,268,640
459,490,949
505,754,1259
984,263,1247
803,492,1295
581,444,1025
934,547,1481
28,29,57
982,542,1524
175,943,1118
793,54,847
608,453,1061
16,648,664
500,917,1417
728,220,948
367,797,1164
110,699,809
136,36,172
949,454,1403
495,294,789
678,310,988
965,526,1491
542,209,751
138,780,918
887,63,950
904,81,985
338,657,995
499,736,1235
992,345,1337
649,213,862
984,981,1965
970,874,1844
193,913,1106
687,181,868
810,92,902
688,840,1528
786,840,1626
566,248,814
257,323,580
488,127,615
647,521,1168
337,785,1122
48,270,318
147,452,599
142,988,1130
725,928,1653
45,997,1042
715,953,1668
862,256,1118
567,512,1079
452,261,713
313,905,1218
619,620,1239
179,497,676
880,209,1089
619,732,1351
960,717,1677
767,250,1017
623,295,918
845,939,1784
410,122,532
562,14,576
556,223,779
243,396,639
46,116,162
186,715,901
825,823,1648
142,18,160
848,660,1508
766,460,1226
38,541,579
664,881,1545
833,482,1315
999,48,1047
508,757,1265
272,838,1110
533,981,1514
448,835,1283
192,881,1073
650,139,789
693,242,935
668,491,1159
428,10,438
169,699,868
990,253,1243
693,645,1338
484,651,1135
870,16,886
572,894,1466
979,457,1436
696,727,1423
916,770,1686
529,549,1078
847,75,922
233,975,1208
336,445,781
658,706,1364
679,331,1010
318,114,432
633,65,698
209,590,799
620,281,901
328,391,719
519,113,632
527,228,755
629,154,783
37,517,554
753,326,1079
347,9,356
501,740,1241
573,691,1264
594,893,1487
914,716,1630
633,144,777
522,636,1158
675,739,1414
916,153,1069
82,553,635
797,418,1215
253,286,539
739,379,1118
362,902,1264
349,993,1342
855,685,1540
830,591,1421
694,13,707
750,998,1748
696,624,1320
883,85,968
704,403,1107
411,938,1349
423,122,545
134,414,548
22,406,428
808,747,1555
139,449,588
936,381,1317
27,713,740
970,890,1860
142,532,674
973,806,1779
519,714,1233
648,455,1103
459,864,1323
974,986,1960
154,140,294
845,446,1291
663,124,787
142,172,314
33,177,210
342,223,565
84,241,325
719,86,805
954,137,1091
895,386,1281
515,668,1183
803,603,1406
456,84,540
661,972,1633
154,261,415
995,755,1750
495,611,1106
41,91,132
222,781,1003
151,819,970
489,33,522
248,768,1016
706,87,793
163,968,1131
974,768,1742
317,940,1257
575,443,1018
112,152,264
761,948,1709
678,971,1649
730,163,893
399,73,472
947,813,1760
610,874,1484
936,772,1708
565,28,593
572,561,1133
214,751,965
711,7,718
650,840,1490
861,734,1595
0,893,893
105,685,790
801,73,874
840,586,1426
311,971,1282
403,298,701
409,739,1148
963,743,1706
336,712,1048
740,427,1167
754,568,1322
707,207,914
776,128,904
767,78,845
194,639,833
624,794,1418
97,869,966
362,784,1146
619,774,1393
98,379,477
608,949,1557
512,879,1391
469,530,999
709,763,1472
275,315,590
806,416,1222
694,170,864
765,108,873
191,46,237
949,635,1584
34,122,156
835,618,1453
292,574,866
897,509,1406
680,955,1635
652,327,979
103,414,517
494,844,1338
749,868,1617
44,298,342
593,267,860
571,145,716
344,802,1146
226,256,482
572,67,639
745,125,870
214,776,990
45,66,111
662,259,921
504,213,717
672,427,1099
328,530,858
217,399,616
708,644,1352
554,682,1236
410,658,1068
663,7,670
113,850,963
899,580,1479
13,813,826
219,783,1002
599,852,1451
657,590,1247
807,318,1125
745,744,1489
30,588,618
611,164,775
160,726,886
934,931,1865
370,251,621
60,614,674
165,949,1114
333,922,1255
474,653,1127
673,44,717
303,664,967
780,282,1062
103,964,1067
321,669,990
503,446,949
159,827,986
444,842,1286
970,567,1537
876,64,940
209,597,806
199,506,705
372,849,1221
923,427,1350
461,43,504
579,713,1292
981,339,1320
571,73,644
681,291,972
779,722,1501
790,651,1441
163,324,487
427,35,462
142,408,550
971,460,1431
914,750,1664
386,540,926
285,970,1255
560,156,716
201,525,726
695,728,1423
540,225,765
808,215,1023
37,668,705
61,681,742
543,111,654
586,183,769
905,610,1515
378,354,732
609,147,756
222,352,574
619,860,1479
17,792,809
654,676,1330
461,77,538
747,442,1189
44,823,867
476,8,484
976,40,1016
189,342,531
326,143,469
337,489,826
621,609,1230
901,399,1300
113,797,910
353,458,811
708,476,1184
623,577,1200
450,878,1328
120,516,636
21,985,1006
315,501,816
415,92,507
173,981,1154
788,873,1661
648,550,1198
150,270,420
964,827,1791
654,881,1535
247,754,1001
777,904,1681
461,945,1406
980,349,1329
448,597,1045
719,799,1518
891,564,1455
64,116,180
23,87,110
482,798,1280
243,665,908
24,107,131
223,190,413
44,628,672
922,189,1111
553,420,973
71,816,887
624,479,1103
570,158,728
501,858,1359
139,433,572
321,667,988
64,728,792
635,557,1192
439,443,882
768,306,1074
791,540,1331
154,757,911
141,330,471
869,806,1675
9,747,756
732,910,1642
766,158,924
941,141,1082
877,788,1665
335,38,373
453,32,485
516,12,528
716,681,1397
695,99,794
627,810,1437
453,397,850
801,396,1197
87,625,712
241,767,1008
212,272,484
240,860,1100
68,44,112
776,688,1464
102,630,732
295,852,1147
416,562,978
336,416,752
42,582,624
72,473,545
709,389,1098
475,977,1452
180,859,1039
766,432,1198
968,105,1073
221,858,1079
297,611,908
14,726,740
130,873,1003
889,961,1850
106,992,1098
195,182,377
525,13,538
998,582,1580
754,855,1609
328,28,356
778,604,1382
78,21,99
146,448,594
638,554,1192
280,216,496
39,526,565
33,768,801
992,828,1820
403,80,483
636,515,1151
127,968,1095
453,100,553
141,78,219
363,710,1073
556,509,1065
333,385,718
972,684,1656
86,56,142
192,279,471
497,268,765
873,89,962
59,733,792
376,657,1033
952,984,1936
574,993,1567
958,632,1590
187,498,685
564,724,1288
291,95,386
473,516,989
866,808,1674
618,201,819
224,249,473
580,158,738
904,995,1899
412,405,817
764,713,1477
200,596,796
944,205,1149
289,557,846
493,46,539
100,307,407
358,707,1065
322,126,448
597,802,1399
51,870,921
528,634,1162
909,205,1114
65,279,344
486,862,1348
890,36,926
385,124,509
963,323,1286
359,883,1242
170,513,683
371,683,1054
157,364,521
245,655,900
720,113,833
650,67,717
282,448,730
995,911,1906
97,212,309
737,28,765
327,599,926
923,270,1193
465,398,863
850,840,1690
392,172,564
366,24,390
309,933,1242
450,773,1223
278,430,708
216,369,585
146,26,172
265,432,697
357,967,1324
692,310,1002
880,560,1440
639,602,1241
46,305,351
913,441,1354
70,536,606
470,269,739
555,284,839
317,649,966
981,677,1658
76,621,697
650,722,1372
860,433,1293
717,366,1083
337,606,943
291,983,1274
21,288,309
889,381,1270
915,994,1909
483,80,563
345,793,1138
894,377,1271
645,576,1221
431,51,482
547,373,920
730,974,1704
625,95,720
267,369,636
441,624,1065
33,431,464
582,619,1201
751,178,929
892,560,1452
932,535,1467
874,695,1569
101,923,1024
833,503,1336
122,152,274
423,921,1344
773,904,1677
871,938,1809
803,640,1443
969,232,1201
162,798,960
559,636,1195
388,502,890
477,781,1258
357,778,1135
167,594,761
34,168,202
279,307,586
85,206,291
920,737,1657
373,101,474
270,113,383
311,940,1251
