64,346,150,560
991,415,424,1830
330,611,956,1897
682,56,97,835
730,2,95,827
402,472,412,1286
33,458,500,991
168,7,112,287
242,518,268,1028
527,308,921,1756
66,328,202,596
198,760,888,1846
545,838,579,1962
22,703,397,1122
812,406,843,2061
726,187,454,1367
537,768,7,1312
304,971,278,1553
872,174,776,1822
784,946,372,2102
237,125,348,710
719,190,737,1646
172,494,128,794
72,176,196,444
951,832,291,2074
236,77,414,727
753,563,127,1443
7,70,709,786
661,377,3,1041
181,144,745,1070
999,131,730,1860
892,203,633,1728
839,222,261,1322
161,954,842,1957
852,960,531,2343
36,619,580,1235
547,824,123,1494
320,353,745,1418
316,129,194,639
807,689,141,1637
260,186,240,686
873,97,498,1468
568,855,744,2167
601,477,893,1971
773,551,776,2100
525,354,990,1869
89,949,339,1377
868,535,58,1461
808,807,588,2203
528,58,310,896
36,547,539,1122
979,90,96,1165
143,334,593,1070
967,529,459,1955
210,313,789,1312
973,494,766,2233
47,619,269,935
298,357,45,700
982,932,939,2853
926,814,721,2461
721,176,780,1677
133,505,816,1454
173,829,328,1330
834,471,897,2202
135,576,790,1501
107,859,742,1708
294,248,882,1424
366,26,614,1006
715,394,633,1742
995,173,806,1974
468,78,27,573
465,737,384,1586
922,287,419,1628
463,21,127,611
762,970,348,2080
272,73,548,893
89,887,576,1552
733,169,813,1715
945,880,46,1871
360,417,190,967
29,255,217,501
575,838,890,2303
63,922,540,1525
348,11,323,682
37,501,147,685
352,943,939,2234
6,740,334,1080
156,539,383,1078
379,20,342,741
350,40,712,1102
835,486,246,1567
776,782,151,1709
925,975,245,2145
348,666,705,1719
601,696,10,1307
110,260,103,473
857,877,393,2127
253,44,327,624
987,458,51,1496
53,48,942,1043
959,622,740,2321
101,312,448,861
239,620,266,1125
148,110,954,1212
469,946,7,1422
597,48,7,652
162,867,247,1276
212,664,364,1240
71,820,994,1885
374,362,890,1626
190,546,103,839
238,83,118,439
282,882,164,1328
484,952,831,2267
436,361,547,1344
628,779,474,1881
68,48,867,983
668,900,14,1582
129,355,241,725
275,290,256,821
459,680,641,1780
876,482,843,2201
666,15,153,834
527,916,247,1690
241,8,741,990
711,226,348,1285
476,260,933,1669
251,975,658,1884
976,799,78,1853
644,57,850,1551
694,610,830,2134
178,45,390,613
777,10,870,1657
698,763,135,1596
879,262,570,1711
359,45,183,587
94,280,865,1239
166,502,974,1642
102,18,893,1013
849,611,399,1859
538,809,844,2191
978,785,410,2173
411,292,141,844
733,578,286,1597
632,161,665,1458
484,831,43,1358
402,69,28,499
152,198,103,453
399,19,41,459
733,820,837,2390
522,42,854,1418
171,65,64,300
163,527,744,1434
251,20,447,718
247,146,316,709
202,912,248,1362
626,189,95,910
236,944,367,1547
656,462,145,1263
540,72,24,636
67,924,307,1298
480,831,870,2181
656,572,516,1744
200,757,900,1857
143,337,186,666
674,496,632,1802
482,601,312,1395
866,865,979,2710
122,971,783,1876
932,854,718,2504
77,792,409,1278
927,361,351,1639
198,933,402,1533
56,329,52,437
965,118,989,2072
776,198,875,1849
620,41,818,1479
277,272,816,1365
448,72,168,688
625,370,138,1133
889,446,644,1979
829,833,905,2567
272,594,899,1765
900,416,901,2217
278,870,516,1664
427,876,502,1805
202,5,855,1062
619,195,40,854
495,9,254,758
975,930,919,2824
264,353,404,1021
717,861,383,1961
103,156,241,500
0,76,838,914
70,56,607,733
556,78,40,674
323,541,664,1528
761,947,766,2474
495,419,366,1280
220,850,259,1329
652,65,657,1374
433,875,501,1809
605,575,143,1323
256,485,287,1028
432,550,356,1338
253,514,654,1421
827,722,355,1904
98,560,835,1493
358,497,239,1094
413,4,588,1005
831,284,606,1721
559,704,752,2015
856,667,289,1812
453,219,937,1609
591,542,150,1283
400,446,19,865
370,253,788,1411
66,32,247,345
336,328,395,1059
761,250,80,1091
442,273,464,1179
560,480,642,1682
511,330,621,1462
120,799,211,1130
40,326,741,1107
437,322,199,958
96,104,941,1141
509,991,618,2118
977,32,581,1590
132,331,624,1087
69,676,54,799
605,177,230,1012
152,448,776,1376
295,328,617,1240
160,639,13,812
513,309,687,1509
645,425,628,1698
822,573,213,1608
15,206,885,1106
184,533,615,1332
853,966,447,2266
373,4,885,1262
189,608,522,1319
999,292,327,1618
256,441,360,1057
643,421,886,1950
556,504,74,1134
283,377,469,1129
484,549,841,1874
983,560,838,2381
228,7,799,1034
496,409,901,1806
636,266,725,1627
256,727,982,1965
592,846,470,1908
634,569,388,1591
566,513,705,1784
304,242,943,1489
726,255,537,1518
635,916,196,1747
948,83,346,1377
234,355,508,1097
778,946,906,2630
84,124,156,364
298,345,327,970
380,232,371,983
516,249,781,1546
933,794,618,2345
494,729,277,1500
301,745,13,1059
518,232,991,1741
813,319,141,1273
721,757,675,2153
162,364,469,995
404,528,640,1572
774,725,92,1591
3,88,815,906
454,434,77,965
631,292,126,1049
55,189,997,1241
965,496,201,1662
144,936,678,1758
551,737,678,1966
60,599,736,1395
757,809,13,1579
292,782,340,1414
286,668,360,1314
512,395,29,936
428,708,163,1299
918,766,593,2277
962,761,516,2239
230,382,800,1412
597,406,24,1027
813,819,149,1781
209,410,832,1451
541,735,584,1860
701,845,854,2400
91,570,447,1108
514,242,789,1545
586,255,306,1147
357,589,83,1029
387,695,533,1615
596,135,506,1237
39,11,842,892
318,415,286,1019
217,769,990,1976
188,715,212,1115
316,409,128,853
830,987,911,2728
600,707,509,1816
464,446,453,1363
879,859,431,2169
806,799,224,1829
629,0,733,1362
848,739,619,2206
764,193,315,1272
791,924,355,2070
454,388,473,1315
813,602,369,1784
320,506,773,1599
737,195,134,1066
963,958,215,2136
251,67,151,469
845,662,188,1695
377,869,135,1381
400,302,903,1605
198,630,845,1673
905,924,876,2705
559,746,486,1791
258,882,763,1903
801,936,273,2010
104,321,558,983
312,695,154,1161
716,112,958,1786
470,876,21,1367
570,717,31,1318
850,788,767,2405
673,180,871,1724
450,143,832,1425
416,663,509,1588
869,470,250,1589
200,974,952,2126
574,137,391,1102
765,543,282,1590
640,352,837,1829
263,450,421,1134
605,255,56,916
735,364,592,1691
178,175,597,950
803,107,753,1663
590,493,695,1778
479,733,712,1924
529,784,702,2015
336,555,561,1452
499,202,262,963
979,976,533,2488
158,578,859,1595
784,767,149,1700
221,24,797,1042
582,338,468,1388
421,413,676,1510
254,12,269,535
986,725,354,2065
641,515,987,2143
577,772,504,1853
188,963,859,2010
696,256,51,1003
577,20,322,919
195,580,73,848
875,954,246,2075
838,829,739,2406
231,777,823,1831
691,374,682,1747
876,961,883,2720
755,692,159,1606
619,246,815,1680
822,161,126,1109
948,46,164,1158
714,617,393,1724
667,672,19,1358
220,178,949,1347
218,930,137,1285
654,883,165,1702
170,596,886,1652
323,86,781,1190
8,893,601,1502
0,911,573,1484
75,266,393,734
53,347,824,1224
524,718,657,1899
418,221,514,1153
318,562,128,1008
165,834,642,1641
531,324,267,1122
938,306,632,1876
410,320,184,914
849,144,650,1643
698,876,806,2380
962,383,406,1751
73,558,508,1139
381,71,656,1108
355,231,744,1330
622,312,388,1322
412,124,900,1436
577,954,235,1766
818,934,918,2670
398,971,428,1797
964,211,936,2111
97,223,258,578
83,69,124,276
974,627,311,1912
237,688,460,1385
421,834,3,1258
97,293,570,960
994,968,443,2405
597,177,336,1110
48,684,983,1715
231,472,729,1432
59,524,220,803
997,250,520,1767
497,564,498,1559
565,799,86,1450
163,723,737,1623
338,266,145,749
689,17,819,1525
725,365,975,2065
179,899,430,1508
175,545,993,1713
880,998,965,2843
204,833,537,1574
189,856,893,1938
936,939,397,2272
608,333,744,1685
963,220,505,1688
255,130,770,1155
882,500,455,1837
311,906,293,1510
961,785,531,2277
882,625,355,1862
535,238,453,1226
423,628,664,1715
526,827,258,1611
316,20,806,1142
31,357,657,1045
813,24,88,925
702,264,168,1134
871,965,510,2346
583,119,386,1088
426,601,159,1186
430,396,667,1493
239,244,784,1267
162,808,718,1688
828,610,181,1619
593,387,52,1032
543,678,428,1649
461,524,480,1465
342,760,843,1945
963,522,580,2065
771,901,491,2163
852,373,308,1533
396,786,578,1760
887,157,735,1779
126,589,184,899
711,989,816,2516
762,544,583,1889
216,724,816,1756
506,356,617,1479
944,59,786,1789
275,430,373,1078
555,620,992,2167
184,765,678,1627
441,832,616,1889
451,838,877,2166
34,792,991,1817
445,916,977,2338
643,338,860,1841
336,613,491,1440
493,314,365,1172
80,611,65,756
174,676,108,958
269,504,687,1460
48,899,376,1323
714,28,114,856
689,504,194,1387
479,893,839,2211
990,902,387,2279
356,723,538,1617
861,156,476,1493
939,177,273,1389
44,511,306,861
943,423,645,2011
906,928,94,1928
51,693,792,1536
832,716,201,1749
933,53,189,1175
436,111,966,1513
271,693,156,1120
184,972,239,1395
142,995,227,1364
117,249,70,436
500,117,149,766
351,899,963,2213
586,511,42,1139
76,650,924,1650
371,18,749,1138
22,598,521,1141
855,897,111,1863
563,536,897,1996
264,516,213,993
29,793,468,1290
824,636,178,1638
744,271,998,2013
715,998,226,1939
986,187,188,1361
302,717,681,1700
755,237,392,1384
439,518,932,1889
271,640,751,1662
213,605,408,1226
175,712,66,953
332,142,355,829
9,384,378,771
134,981,919,2034
871,304,836,2011
112,193,467,772
169,412,899,1480
663,109,817,1589
800,161,54,1015
872,317,225,1414
762,772,892,2426
626,52,734,1412
782,169,134,1085
115,397,673,1185
743,909,718,2370
497,361,219,1077
814,590,878,2282
272,355,863,1490
654,525,384,1563
189,79,567,835
545,59,517,1121
374,460,920,1754
362,814,52,1228
819,966,192,1977
481,983,844,2308
970,216,139,1325
691,715,705,2111
743,673,364,1780
28,737,880,1645
488,348,404,1240
67,155,986,1208
497,159,700,1356
0,738,366,1104
475,792,428,1695
560,548,391,1499
378,692,477,1547
815,845,46,1706
782,668,384,1834
752,252,827,1831
351,242,482,1075
177,862,596,1635
512,932,367,1811
700,202,200,1102
476,928,586,1990
577,416,1,994
212,904,15,1131
939,447,668,2054
947,278,714,1939
876,699,725,2300
200,564,218,982
708,271,273,1252
466,199,740,1405
325,496,600,1421
412,375,539,1326
58,465,884,1407
583,966,797,2346
891,195,858,1944
69,144,582,795
318,960,890,2168
534,782,555,1871
463,429,738,1630
407,186,597,1190
838,959,122,1919
178,730,110,1018
716,396,157,1269
55,846,608,1509
581,317,616,1514
358,758,959,2075
406,899,308,1613
103,314,419,836
290,730,322,1342
335,649,494,1478
437,760,461,1658
309,496,179,984
858,490,597,1945
267,250,80,597
193,693,398,1284
656,382,218,1256
46,774,750,1570
860,286,671,1817
43,325,276,644
899,89,568,1556
558,968,813,2339
699,16,657,1372
857,821,932,2610
39,274,407,720
696,754,482,1932
283,511,706,1500
459,996,237,1692
415,217,790,1422
167,357,267,791
272,352,276,900
737,218,806,1761
305,474,594,1373
439,921,483,1843
253,132,917,1302
126,136,599,861
79,740,510,1329
261,287,534,1082
27,100,765,892
956,49,519,1524
324,539,374,1237
68,472,84,624
822,199,801,1822
212,232,123,567
812,124,82,1018
944,944,544,2432
783,45,351,1179
665,373,295,1333
953,985,324,2262
753,71,998,1822
604,735,428,1767
736,755,986,2477
20,759,224,1003
570,999,843,2412
673,273,698,1644
805,863,67,1735
41,584,14,639
223,484,585,1292
977,827,961,2765
795,829,933,2557
909,842,489,2240
913,800,810,2523
316,344,771,1431
291,912,919,2122
182,84,720,986
723,807,47,1577
962,888,883,2733
790,343,537,1670
999,158,430,1587
476,171,944,1591
774,346,175,1295
998,798,276,2072
374,961,603,1938
201,985,633,1819
118,551,532,1201
284,425,863,1572
500,54,872,1426
436,593,830,1859
746,887,604,2237
842,281,51,1174
938,441,579,1958
885,371,454,1710
84,790,180,1054
672,222,328,1222
840,414,205,1459
605,465,290,1360
727,596,144,1467
310,383,461,1154
463,905,577,1945
237,963,871,2071
239,804,751,1794
6,104,389,499
429,65,358,852
206,566,625,1397
73,307,780,1160
319,626,660,1605
613,536,373,1522
340,927,481,1748
953,48,510,1511
516,915,150,1581
679,534,737,1950
562,239,805,1606
721,945,213,1879
726,170,611,1507
581,533,763,1877
75,286,544,905
100,934,340,1374
314,934,496,1744
610,317,845,1772
597,874,196,1667
950,880,113,1943
127,242,7,376
726,685,795,2206
874,101,294,1269
371,874,29,1274
719,32,989,1740
855,254,84,1193
984,451,316,1751
252,991,319,1562
905,876,391,2172
97,667,864,1628
789,902,503,2194
81,412,763,1256
942,137,12,1091
896,12,349,1257
593,831,18,1442
557,983,727,2267
179,209,917,1305
939,455,201,1595
186,833,985,2004
979,790,531,2300
406,983,680,2069
744,693,772,2209
200,151,118,469
190,533,719,1442
42,238,907,1187
961,154,315,1430
240,705,477,1422
656,330,75,1061
23,543,24,590
888,623,170,1681
179,671,912,1762
299,469,566,1334
302,391,432,1125
996,674,921,2591
683,252,421,1356
382,501,339,1222
249,302,277,828
539,974,571,2084
767,727,751,2245
296,342,52,690
790,453,437,1680
151,795,554,1500
786,72,875,1733
52,646,997,1695
319,77,309,705
528,626,284,1438
672,155,461,1288
97,934,55,1086
181,48,844,1073
255,592,823,1670
696,532,791,2019
821,953,481,2255
648,340,211,1199
651,205,844,1700
804,68,834,1706
998,22,506,1526
183,459,752,1394
16,172,900,1088
442,603,50,1095
505,729,819,2053
302,515,128,945
177,628,729,1534
123,895,682,1700
722,613,427,1762
954,559,786,2299
8,815,400,1223
937,158,898,1993
967,429,426,1822
779,255,785,1819
697,707,314,1718
397,69,174,640
965,805,200,1970
112,42,448,602
184,849,805,1838
672,40,650,1362
266,152,561,979
619,693,785,2097
247,658,43,948
904,611,372,1887
319,295,936,1550
946,897,701,2544
948,160,465,1573
939,328,903,2170
344,559,439,1342
443,605,702,1750
245,546,1000,1791
67,428,485,980
983,12,516,1511
419,869,871,2159
390,925,43,1358
155,780,209,1144
786,44,884,1714
157,632,523,1312
800,389,164,1353
575,116,248,939
778,892,94,1764
859,928,819,2606
983,902,365,2250
904,277,373,1554
967,217,782,1966
254,696,212,1162
852,310,972,2134
48,140,170,358
679,943,324,1946
957,302,666,1925
470,849,754,2073
766,799,418,1983
154,421,280,855
713,149,594,1456
105,145,773,1023
952,36,921,1909
477,725,602,1804
879,903,359,2141
312,681,796,1789
967,235,590,1792
392,69,597,1058
88,620,708,1416
601,731,8,1340
788,174,937,1899
725,378,270,1373
956,53,258,1267
58,451,903,1412
975,959,336,2270
910,866,806,2582
111,0,42,153
652,131,520,1303
128,771,708,1607
871,914,423,2208
972,753,262,1987
69,899,978,1946
782,491,74,1347
383,415,176,974
569,492,440,1501
873,319,503,1695
887,514,99,1500
917,320,991,2228
420,36,942,1398
260,307,363,930
791,776,687,2254
815,467,750,2032
644,812,514,1970
244,350,11,605
404,94,375,873
648,309,220,1177
53,937,5,995
614,204,792,1610
940,430,291,1661
819,624,21,1464
591,834,768,2193
263,509,390,1162
858,423,764,2045
277,722,641,1640
80,466,632,1178
370,172,292,834
624,538,382,1544
102,300,702,1104
442,76,556,1074
16,731,614,1361
343,814,743,1900
221,784,3,1008
942,565,489,1996
573,643,305,1521
245,703,85,1033
12,915,812,1739
826,569,931,2326
674,653,361,1688
893,421,546,1860
764,280,11,1055
107,518,502,1127
828,774,4,1606
700,949,970,2619
154,782,462,1398
564,870,791,2225
290,808,166,1264
286,837,586,1709
104,580,475,1159
513,54,458,1025
552,338,669,1559
525,578,168,1271
861,729,459,2049
954,687,953,2594
750,66,252,1068
499,232,376,1107
932,250,487,1669
725,65,959,1749
276,118,696,1090
309,90,410,809
725,648,997,2370
505,301,917,1723
103,571,693,1367
225,496,337,1058
101,889,300,1290
26,162,853,1041
418,361,587,1366
939,453,616,2008
603,650,843,2096
76,557,581,1214
708,123,518,1349
204,198,52,454
784,710,714,2208
821,666,8,1495
111,71,121,303
575,359,645,1579
226,464,972,1662
34,281,1,316
920,150,942,2012
157,444,193,794
961,712,232,1905
747,945,335,2027
654,137,253,1044
719,590,620,1929
1,887,376,1264
738,977,212,1927
114,862,35,1011
790,536,328,1654
823,154,353,1330
572,516,29,1117
397,465,201,1063
321,470,692,1483
195,837,704,1736
20,62,49,131
995,884,6,1885
588,80,559,1227
189,410,456,1055
52,809,703,1564
826,353,151,1330
739,329,250,1318
45,42,276,363
863,965,841,2669
222,15,557,794
674,149,921,1744
992,70,661,1723
600,569,265,1434
242,3,876,1121
93,801,98,992
463,595,835,1893
652,747,709,2108
780,705,879,2364
444,335,501,1280
521,575,546,1642
122,651,36,809
477,10,720,1207
244,357,984,1585
711,563,677,1951
946,663,215,1824
786,394,175,1355
852,236,900,1988
973,831,749,2553
206,236,324,766
696,124,199,1019
267,275,342,884
356,201,857,1414
499,441,401,1341
621,173,408,1202
6,800,911,1717
625,380,925,1930
285,376,215,876
326,658,335,1319
918,567,845,2330
72,815,845,1732
209,614,360,1183
269,725,63,1057
766,152,776,1694
879,34,806,1719
307,175,329,811
84,984,591,1659
399,435,735,1569
853,684,496,2033
78,693,413,1184
914,14,928,1856
890,234,938,2062
635,465,521,1621
985,702,778,2465
80,515,597,1192
955,171,4,1130
331,830,751,1912
658,407,316,1381
402,420,996,1818
36,470,551,1057
930,118,500,1548
216,720,60,996
32,183,193,408
306,766,880,1952
556,349,184,1089
368,474,239,1081
898,42,327,1267
472,24,110,606
272,999,276,1547
361,625,481,1467
480,921,721,2122
8,149,293,450
306,628,172,1106
286,577,472,1335
475,542,905,1922
373,892,41,1306
655,945,289,1889
786,538,602,1926
328,192,920,1440
660,357,479,1496
445,767,720,1932
150,799,170,1119
862,415,176,1453
226,709,564,1499
742,190,374,1306
636,298,88,1022
358,360,739,1457
813,945,336,2094
93,264,375,732
27,305,584,916
389,294,702,1385
90,323,556,969
3,748,69,820
892,52,898,1842
450,0,760,1210
414,846,306,1566
510,803,950,2263
339,720,649,1708
175,857,661,1693
80,877,377,1334
974,555,540,2069
667,112,27,806
889,477,472,1838
312,125,223,660
635,957,473,2065
464,690,914,2068
146,61,925,1132
58,74,993,1125
68,415,188,671
485,481,960,1926
80,471,727,1278
748,406,442,1596
85,786,846,1717
646,10,460,1116
579,516,374,1469
848,647,306,1801
219,156,779,1154
991,459,449,1899
86,854,835,1775
940,612,163,1715
19,339,703,1061
249,789,149,1187
699,619,530,1848
114,612,98,824
81,697,780,1558
685,907,434,2026
732,646,769,2147
699,818,896,2413
989,707,157,1853
432,64,334,830
349,537,887,1773
372,85,999,1456
64,448,397,909
484,456,975,1915
516,649,559,1724
727,582,506,1815
664,814,286,1764
593,509,57,1159
136,919,730,1785
541,372,687,1600
682,466,759,1907
263,688,90,1041
384,859,896,2139
614,844,310,1768
185,705,333,1223
495,222,585,1302
852,551,478,1881
424,86,401,911
138,586,270,994
401,119,586,1106
110,950,220,1280
527,206,112,845
795,511,686,1992
401,516,959,1876
683,302,678,1663
64,650,358,1072
3,252,668,923
399,114,175,688
200,304,107,611
754,740,880,2374
568,923,726,2217
983,263,262,1508
318,609,122,1049
570,239,902,1711
724,407,53,1184
123,80,377,580
737,541,147,1425
660,182,232,1074
997,28,317,1342
189,763,566,1518
740,875,676,2291
42,996,91,1129
142,73,689,904
820,134,254,1208
538,590,249,1377
11,540,326,877
294,318,390,1002
452,336,862,1650
603,491,934,2028
603,521,955,2079
429,411,409,1249
545,564,981,2090
974,280,668,1922
758,373,289,1420
624,720,720,2064
123,53,168,344
485,207,21,713
791,173,345,1309
9,109,416,534
839,395,53,1287
464,839,689,1992
382,143,839,1364
300,615,721,1636
753,240,434,1427
723,449,846,2018
266,43,985,1294
530,320,781,1631
210,287,308,805
152,680,419,1251
106,607,71,784
718,980,66,1764
456,540,306,1302
324,923,98,1345
929,13,959,1901
899,466,192,1557
401,439,22,862
866,303,9,1178
555,569,833,1957
153,632,652,1437
980,434,939,2353
354,266,551,1171
178,378,464,1020
558,491,162,1211
974,558,752,2284
41,268,305,614
801,173,479,1453
349,733,796,1878
179,947,351,1477
174,73,558,805
803,627,685,2115
464,108,580,1152
552,968,946,2466
931,952,270,2153
275,197,445,917
277,877,70,1224
404,739,723,1866
512,95,768,1375
857,823,712,2392
924,733,359,2016
824,449,535,1808
413,615,500,1528
303,794,404,1501
444,129,458,1031
42,226,767,1035
696,158,671,1525
850,685,76,1611
90,535,203,828
271,995,673,1939
88,923,89,1100
296,9,853,1158
708,221,396,1325
692,676,127,1495
164,804,413,1381
47,898,250,1195
972,372,681,2025
589,471,706,1766
711,789,344,1844
418,407,875,1700
31,255,383,669
339,900,79,1318
300,475,468,1243
566,483,558,1607
344,588,287,1219
10,644,177,831
875,591,874,2340
194,498,109,801
753,978,383,2114
962,740,787,2489
536,487,686,1709
548,445,930,1923
19,147,721,887
498,204,71,773
688,190,644,1522
341,510,531,1382
437,775,519,1731
657,945,858,2460
29,563,318,910
225,498,951,1674
914,101,356,1371
531,403,839,1773
109,710,192,1011
738,786,871,2395
590,625,70,1285
540,391,896,1827
674,115,759,1548
447,188,64,699
485,720,912,2117
942,899,37,1878
614,348,881,1843
568,641,134,1343
82,504,401,987
459,755,15,1229
869,777,74,1720
514,68,939,1521
660,85,715,1460
992,118,402,1512
317,982,716,2015
914,704,316,1934
544,619,300,1463
691,62,233,986
58,413,943,1414
139,490,394,1023
751,786,66,1603
515,986,84,1585
987,475,491,1953
835,328,137,1300
38,131,927,1096
682,24,366,1072
855,720,841,2416
109,458,238,805
462,236,813,1511
991,541,563,2095
500,842,724,2066
770,982,804,2556
222,772,403,1397
558,358,614,1530
365,680,87,1132
339,274,209,822
824,425,902,2151
328,85,355,768
943,443,188,1574
748,634,238,1620
141,555,570,1266
975,286,498,1759
375,89,340,804
703,218,62,983
562,457,649,1668
612,412,465,1489
787,726,724,2237
630,992,694,2316
211,248,869,1328
251,380,925,1556
944,319,203,1466
686,615,100,1401
390,748,193,1331
595,435,15,1045
938,567,974,2479
971,931,955,2857
972,694,978,2644
523,585,158,1266
908,991,331,2230
247,819,674,1740
795,662,272,1729
415,139,91,645
18,276,598,892
138,328,666,1132
560,560,985,2105
799,195,365,1359
253,452,273,978
790,979,201,1970
175,236,756,1167
529,603,876,2008
775,771,452,1998
786,684,757,2227
155,589,374,1118
153,9,196,358
290,343,880,1513
196,22,194,412
954,596,852,2402
325,461,122,908
231,524,736,1491
83,655,704,1442
291,452,773,1516
229,215,448,892
210,953,36,1199
108,996,435,1539
3,446,509,958
43,770,698,1511
931,1,646,1578
471,416,478,1365
305,717,537,1559
775,281,521,1577
372,806,957,2135
717,845,28,1590
616,537,910,2063
167,822,459,1448
679,783,968,2430
403,810,858,2071
290,539,929,1758
748,358,499,1605
679,864,130,1673
157,96,575,828
551,127,223,901
558,2,166,726
944,1,819,1764
645,936,47,1628
312,735,366,1413
75,775,619,1469
239,667,554,1460
157,677,424,1258
142,321,267,730
682,733,475,1890
225,829,730,1784
572,731,854,2157
736,399,379,1514
679,13,648,1340
559,144,241,944
652,343,316,1311
445,576,873,1894
216,219,589,1024
842,305,318,1465
473,689,808,1970
826,400,985,2211
671,809,894,2374
641,998,406,2045
356,886,105,1347
166,637,127,930
862,745,363,1970
933,678,170,1781
71,454,7,532
551,753,30,1334
971,661,662,2294
748,251,648,1647
90,76,299,465
197,3,270,470
118,903,54,1075
805,122,646,1573
203,501,114,818
179,542,326,1047
719,397,140,1256
649,769,348,1766
423,630,621,1674
391,928,449,1768
994,592,666,2252
616,156,151,923
278,870,939,2087
792,421,114,1327
840,246,338,1424
165,933,885,1983
61,415,406,882
793,915,63,1771
313,521,756,1590
378,38,857,1273
903,75,277,1255
665,935,740,2340
862,324,866,2052
186,201,845,1232
133,983,650,1766
863,4,704,1571
991,154,856,2001
176,609,666,1451
773,959,308,2040
422,819,610,1851
575,570,255,1400
448,267,240,955
57,425,764,1246
382,255,178,815
811,516,239,1566
910,680,928,2518
369,312,127,808
170,838,745,1753
893,820,333,2046
322,38,331,691
206,477,658,1341
840,739,546,2125
398,736,211,1345
557,877,451,1885
909,219,841,1969
646,784,784,2214
835,644,535,2014
190,957,634,1781
686,787,995,2468
43,988,343,1374
673,824,198,1695
776,421,377,1574
570,997,246,1813
606,861,740,2207
701,772,486,1959
985,631,172,1788
894,998,728,2620
246,985,282,1513
603,45,629,1277
751,744,692,2187
532,150,479,1161
166,815,36,1017
295,47,895,1237
410,765,3,1178
732,804,131,1667
697,140,321,1158
67,61,339,467
50,475,21,546
414,203,743,1360
160,220,205,585
229,461,327,1017
848,413,854,2115
645,663,996,2304
315,931,64,1310
232,167,444,843
685,963,370,2018
104,47,894,1045
841,161,390,1392
740,861,378,1979
591,94,954,1639
526,379,71,976
362,855,473,1690
811,221,356,1388
839,838,791,2468
791,252,555,1598
897,381,370,1648
953,972,29,1954
953,45,291,1289
794,307,740,1841
230,926,499,1655
781,927,748,2456
322,681,714,1717
868,284,285,1437
85,289,923,1297
658,306,137,1101
6,453,865,1324
45,933,158,1136
418,97,291,806
99,865,466,1430
137,407,116,660
937,898,786,2621
198,142,276,616
538,504,491,1533
532,76,571,1179
463,8,444,915
154,548,198,900
379,879,385,1643
313,406,120,839
28,480,332,840
584,974,345,1903
415,133,383,931
868,105,151,1124
227,208,778,1213
212,295,921,1428
515,13,906,1434
91,813,85,989
559,939,760,2258
920,489,179,1588
272,946,303,1521
200,415,762,1377
680,339,804,1823
212,436,677,1325
531,408,860,1799
547,14,16,577
739,152,722,1613
494,275,361,1130
496,11,944,1451
312,926,381,1619
698,427,882,2007
453,124,854,1431
646,620,31,1297
39,971,346,1356
472,238,251,961
63,136,564,763
838,45,633,1516
291,978,446,1715
342,737,111,1190
97,230,751,1078
7,605,831,1443
48,541,96,685
673,982,648,2303
620,945,415,1980
791,279,480,1550
582,287,306,1175
646,988,99,1733
778,18,703,1499
265,817,463,1545
821,210,810,1841
139,275,131,545
501,831,306,1638
186,922,25,1133
563,823,177,1563
912,322,607,1841
771,99,655,1525
254,878,540,1672
918,16,243,1177
119,405,99,623
53,50,884,987
941,40,810,1791
620,97,348,1065
889,807,48,1744
194,257,368,819
950,782,96,1828
709,344,588,1641
271,523,819,1613
859,655,569,2083
887,190,694,1771
966,355,181,1502
345,952,189,1486
210,816,392,1418
669,720,59,1448
191,497,401,1089
956,81,788,1825
590,476,512,1578
524,169,417,1110
672,755,535,1962
642,122,362,1126
869,148,680,1697
115,884,507,1506
469,430,840,1739
962,103,982,2047
78,78,70,226
94,986,977,2057
259,865,895,2019
986,988,596,2570
285,888,549,1722
640,170,760,1570
73,611,207,891
790,754,794,2338
867,387,855,2109
920,144,40,1104
617,723,695,2035
425,998,65,1488
878,882,702,2462
697,108,314,1119
873,187,438,1498
904,841,374,2119
251,813,326,1390
616,921,933,2470
537,875,638,2050
345,768,81,1194
36,943,271,1250
835,870,259,1964
156,636,63,855
464,127,885,1476
268,719,199,1186
951,64,8,1023
509,886,664,2059
570,133,130,833
508,360,386,1254
604,751,313,1668
11,271,834,1116
118,6,874,998
733,78,498,1309
54,757,996,1807
328,448,390,1166
881,146,942,1969
520,519,778,1817
432,272,355,1059
524,422,879,1825
619,930,252,1801
288,714,957,1959
476,182,117,775
993,296,414,1703
86,870,390,1346
74,784,768,1626
755,142,499,1396
547,392,191,1130
251,493,364,1108
599,724,517,1840
503,349,187,1039
14,485,238,737
966,692,901,2559
558,110,345,1013
312,974,824,2110
657,743,147,1547
283,310,755,1348
511,321,802,1634
775,968,765,2508
657,56,586,1299
300,406,523,1229
285,646,358,1289
949,87,605,1641
716,941,460,2117
836,399,560,1795
482,741,292,1515
516,481,337,1334
346,133,581,1060
256,790,666,1712
344,528,858,1730
172,733,946,1851
37,427,943,1407
316,404,300,1020
464,564,369,1397
89,478,875,1442
590,732,329,1651
37,359,129,525
42,946,300,1288
477,186,960,1623
183,934,274,1391
437,139,406,982
681,799,852,2332
99,181,942,1222
262,852,338,1452
320,631,973,1924
640,223,541,1404
423,400,231,1054
500,42,882,1424
211,935,590,1736
521,862,712,2095
393,507,742,1642
578,447,986,2011
262,307,572,1141
432,485,883,1800
810,530,648,1988
660,859,21,1540
486,51,381,918
412,326,273,1011
659,155,313,1127
248,991,837,2076
301,577,921,1799
498,490,392,1380
862,324,158,1344
558,393,7,958
112,985,895,1992
307,488,448,1243
430,718,981,2129
205,926,993,2124
127,723,983,1833
663,890,382,1935
225,437,531,1193
711,881,165,1757
256,834,258,1348
237,219,884,1340
672,45,613,1330
611,506,781,1898
93,103,881,1077
0,424,838,1262
585,344,567,1496
466,510,884,1860
635,852,873,2360
559,311,334,1204
925,326,0,1251
90,709,118,917
481,101,621,1203
8,16,147,171
142,80,124,346
420,424,938,1782
445,795,736,1976
818,157,178,1153
364,931,6,1301
957,635,453,2045
352,808,690,1850
448,889,853,2190
232,736,436,1404
704,790,271,1765
528,726,83,1337
923,997,202,2122
269,729,835,1833
509,364,942,1815
421,486,618,1525
847,230,577,1654
660,223,907,1790
766,735,261,1762
599,371,447,1417
705,721,373,1799
478,790,201,1469
121,599,999,1719
509,779,807,2095
281,540,49,870
15,833,635,1483
956,773,424,2153
194,558,27,779
893,258,65,1216
367,175,305,847
654,693,267,1614
115,310,360,785
862,553,373,1788
179,417,808,1404
632,767,671,2070
279,688,34,1001
40,367,997,1404
925,97,298,1320
292,910,205,1407
220,437,731,1388
215,447,574,1236
922,703,277,1902
771,317,910,1998
673,146,428,1247
367,19,845,1231
763,592,413,1768
971,806,37,1814
728,662,834,2224
955,765,781,2501
439,347,5,791
623,966,554,2143
231,909,573,1713
879,278,534,1691
671,311,384,1366
733,612,515,1860
475,416,50,941
74,623,615,1312
830,619,88,1537
468,415,291,1174
963,198,15,1176
852,226,852,1930
73,946,763,1782
25,227,319,571
216,332,895,1443
318,921,524,1763
955,777,883,2615
416,399,40,855
479,390,803,1672
826,61,397,1284
973,773,756,2502
658,369,170,1197
367,113,686,1166
456,521,703,1680
376,879,49,1304
963,237,517,1717
211,742,600,1553
602,529,493,1624
890,761,67,1718
542,506,594,1642
4,599,923,1526
634,819,239,1692
50,76,399,525
625,612,144,1381
752,673,712,2137
490,182,217,889
891,11,431,1333
618,353,391,1362
430,203,272,905
655,473,182,1310
998,984,921,2903
527,865,504,1896
591,927,888,2406
75,750,472,1297
7,266,281,554
503,362,57,922
132,889,1000,2021
953,209,812,1974
881,50,257,1188
800,797,762,2359
445,886,512,1843
916,722,755,2393
151,997,122,1270
895,817,207,1919
156,588,432,1176
529,459,767,1755
524,679,164,1367
623,204,452,1279
686,325,403,1414
849,271,117,1237
598,917,87,1602
722,103,937,1762
858,923,450,2231
1000,951,382,2333
681,921,829,2431
509,892,71,1472
568,523,403,1494
951,109,932,1992
661,760,889,2310
430,949,795,2174
1000,19,953,1972
792,986,652,2430
235,919,78,1232
225,551,124,900
983,28,51,1062
877,15,937,1829
817,568,507,1892
839,546,508,1893
791,936,457,2184
936,760,553,2249
275,286,6,567
909,893,375,2177
242,715,1,958
964,943,856,2763
668,204,147,1019
633,327,879,1839
556,898,239,1693
77,365,617,1059
665,680,942,2287
91,520,685,1296
221,379,671,1271
78,559,758,1395
855,248,684,1787
908,841,818,2567
327,197,768,1292
637,431,247,1315
121,287,255,663
900,252,52,1204
351,61,498,910
786,210,716,1712
48,970,144,1162
290,273,506,1069
83,158,716,957
236,548,750,1534
139,477,452,1068
200,204,612,1016
804,336,925,2065
719,91,484,1294
793,284,735,1812
886,410,338,1634
533,431,454,1418
365,712,819,1896
502,286,717,1505
691,81,405,1177
188,494,666,1348
1,807,108,916
229,51,529,809
265,967,336,1568
587,589,40,1216
27,149,84,260
165,916,760,1841
679,199,964,1842
283,166,937,1386
143,939,889,1971
247,537,227,1011
677,518,161,1356
474,945,67,1486
894,931,962,2787
124,143,196,463
966,193,454,1613
612,34,559,1205
540,855,257,1652
820,223,857,1900
368,131,753,1252
719,283,389,1391
119,313,820,1252
774,951,871,2596
324,966,412,1702
557,474,913,1944
429,196,372,997
178,138,697,1013
468,787,151,1406
741,297,208,1246
610,209,336,1155
996,686,228,1910
675,850,944,2469
103,757,278,1138
783,950,889,2622
400,162,226,788
222,998,896,2116
321,252,533,1106
474,127,874,1475
602,5,500,1107
477,587,342,1406
953,546,211,1710
111,213,311,635
423,84,609,1116
859,739,505,2103
708,3,317,1028
622,690,844,2156
751,848,59,1658
881,63,34,978
474,139,362,975
76,708,314,1098
328,37,996,1361
191,378,88,657
574,105,996,1675
683,940,236,1859
270,255,854,1379
197,767,90,1054
356,838,586,1780
666,231,861,1758
255,765,996,2016
929,374,9,1312
22,852,834,1708
134,696,995,1825
889,757,404,2050
299,106,77,482
731,141,751,1623
490,250,277,1017
665,870,116,1651
220,39,600,859
834,351,67,1252
711,465,651,1827
978,856,963,2797
153,318,66,537
611,402,246,1259
122,217,50,389
485,201,436,1122
289,802,512,1603
805,910,840,2555
429,694,641,1764
585,857,308,1750
632,168,100,900
921,593,572,2086
952,248,73,1273
56,783,961,1800
282,343,141,766
707,938,249,1894
442,936,584,1962
801,698,458,1957
9,452,196,657
154,435,398,987
651,478,632,1761
672,2,897,1571
426,220,100,746
657,888,313,1858
447,474,609,1530
280,317,123,720
337,100,863,1300
389,292,135,816
110,572,861,1543
625,742,687,2054
81,960,422,1463
685,572,754,2011
244,477,744,1465
188,589,646,1423
471,438,390,1299
794,524,762,2080
633,615,971,2219
545,841,493,1879
679,408,160,1247
338,771,168,1277
255,22,727,1004
854,904,699,2457
357,445,996,1798
920,707,445,2072
34,721,341,1096
378,329,706,1413
192,415,418,1025
648,284,976,1908
484,532,692,1708
616,847,44,1507
284,610,155,1049
436,147,461,1044
538,517,699,1754
154,991,589,1734
299,257,38,594
571,638,288,1497
376,43,215,634
148,564,464,1176
501,543,568,1612
713,471,930,2114
701,782,277,1760
281,922,744,1947
239,848,225,1312
549,289,568,1406
471,737,646,1854
979,79,394,1452
355,775,844,1974
300,943,87,1330
909,91,830,1830
880,977,889,2746
463,953,826,2242
837,737,743,2317
920,161,477,1558
668,816,796,2280
298,165,408,871
424,277,447,1148
145,369,303,817
756,0,346,1102
178,363,822,1363
38,585,720,1343
216,771,262,1249
422,958,146,1526
845,956,916,2717
132,725,126,983
563,570,890,2023
228,816,157,1201
73,198,92,363
541,189,403,1133
885,420,888,2193
451,659,954,2064
630,807,813,2250
441,293,989,1723
797,19,584,1400
482,979,73,1534
622,923,228,1773
844,614,405,1863
619,339,157,1115
612,588,131,1331
74,350,566,990
863,470,318,1651
905,543,17,1465
347,733,625,1705
938,638,432,2008
294,973,714,1981
105,779,699,1583
742,632,764,2138
239,84,116,439
672,391,18,1081
160,466,539,1165
64,473,972,1509
960,707,529,2196
210,237,156,603
223,670,847,1740
142,697,643,1482
442,927,142,1511
926,777,623,2326
254,5,747,1006
785,453,657,1895
561,119,909,1589
983,99,656,1738
878,110,692,1680
85,64,919,1068
51,287,105,443
987,305,105,1397
808,834,514,2156
24,765,7,796
254,418,944,1616
449,804,637,1890
285,498,970,1753
972,726,928,2626
652,271,368,1291
714,301,637,1652
921,517,735,2173
323,386,72,781
301,822,429,1552
343,43,767,1153
376,644,797,1817
359,479,208,1046
101,165,817,1083
820,687,383,1890
962,16,67,1045
115,843,517,1475
567,501,376,1444
851,198,318,1367
312,647,190,1149
371,573,353,1297
862,693,564,2119
960,799,545,2304
129,88,796,1013
144,9,255,408
596,864,74,1534
454,730,103,1287
394,996,420,1810
913,151,988,2052
69,86,639,794
73,296,179,548
919,77,913,1909
814,550,662,2026
969,324,540,1833
240,519,556,1315
732,605,308,1645
616,29,235,880
330,750,1000,2080
783,880,493,2156
615,734,435,1784
919,114,275,1308
382,542,670,1594
35,674,371,1080
972,158,444,1574
990,814,680,2484
771,135,479,1385
360,217,760,1337
631,576,575,1782
40,174,677,891
403,801,205,1409
207,307,438,952
508,563,890,1961
18,379,443,840
224,723,371,1318
884,181,18,1083
923,40,537,1500
335,886,437,1658
677,18,600,1295
378,0,200,578
581,932,848,2361
697,572,988,2257
405,947,776,2128
371,970,361,1702
616,958,152,1726
785,565,481,1831
254,900,940,2094
472,183,231,886
572,89,232,893
132,417,228,777
474,446,833,1753
552,593,61,1206
65,39,918,1022
17,729,393,1139
825,545,907,2277
816,890,770,2476
475,649,175,1299
286,194,344,824
188,265,385,838
806,600,63,1469
541,826,223,1590
552,338,576,1466
67,334,305,706
777,645,795,2217
2,480,213,695
487,197,497,1181
687,548,261,1496
332,591,278,1201
444,911,59,1414
356,439,485,1280
732,852,968,2552
993,110,459,1562
197,210,819,1226
526,984,835,2345
444,649,935,2028
20,8,289,317
116,139,233,488
438,52,590,1080
930,842,996,2768
169,831,53,1053
998,402,481,1881
487,812,621,1920
429,571,358,1358
276,762,978,2016
889,889,580,2358
626,31,337,994
143,277,5,425
227,59,394,680
129,743,600,1472
402,889,557,1848
308,722,822,1852
80,652,474,1206
935,229,126,1290
509,745,380,1634
308,287,194,789
60,933,540,1533
921,423,754,2098
237,96,732,1065
720,735,320,1775
958,223,520,1701
566,979,532,2077
208,869,767,1844
18,343,807,1168
363,889,930,2182
88,909,233,1230
708,858,461,2027
576,52,522,1150
805,59,403,1267
789,357,88,1234
870,633,229,1732
659,639,8,1306
553,890,991,2434
750,157,502,1409
895,718,976,2589
710,697,625,2032
574,823,579,1976
954,745,859,2558
808,953,397,2158
795,51,709,1555
87,91,542,720
808,223,202,1233
565,334,841,1740
205,442,211,858
749,305,640,1694
128,345,540,1013
750,198,29,977
63,799,475,1337
290,995,392,1677
141,607,269,1017
522,908,752,2182
158,257,105,520
184,755,821,1760
524,868,630,2022
906,673,654,2233
725,163,209,1097
534,933,955,2422
647,764,894,2305
111,117,723,951
622,954,637,2213
106,805,11,922
553,377,657,1587
762,750,0,1512
909,492,865,2266
941,39,15,995
655,671,122,1448
97,440,441,978
969,774,138,1881
659,881,354,1894
454,968,511,1933
612,982,227,1821
188,19,766,973
166,437,268,871
473,347,988,1808
896,273,664,1833
525,555,156,1236
929,98,968,1995
811,181,380,1372
337,567,423,1327
39,292,794,1125
662,281,725,1668
770,821,481,2072
443,796,307,1546
685,90,105,880
807,512,661,1980
959,707,599,2265
165,115,631,911
283,913,618,1814
882,484,874,2240
323,64,825,1212
152,926,904,1982
150,122,498,770
801,740,111,1652
715,184,896,1795
931,878,170,1979
737,67,564,1368
420,683,302,1405
168,432,466,1066
790,389,922,2101
302,513,873,1688
931,719,787,2437
511,463,113,1087
772,909,226,1907
643,96,763,1502
490,911,492,1893
24,988,336,1348
175,593,795,1563
451,418,420,1289
846,100,878,1824
461,459,501,1421
783,690,622,2095
87,737,601,1425
640,920,888,2448
670,497,305,1472
621,610,387,1618
962,773,456,2191
164,822,461,1447
810,666,552,2028
954,369,345,1668
722,382,383,1487
745,35,157,937
225,70,618,913
833,589,492,1914
857,368,74,1299
321,134,554,1009
272,111,794,1177
862,197,451,1510
630,198,739,1567
817,33,650,1500
177,229,885,1291
827,552,945,2324
111,306,52,469
363,965,185,1513
201,406,460,1067
620,480,194,1294
622,90,303,1015
911,653,548,2112
748,136,808,1692
474,564,636,1674
161,4,825,990
610,656,289,1555
258,876,274,1408
319,688,808,1815
234,340,24,598
581,22,918,1521
649,350,396,1395
157,929,236,1322
479,107,630,1216
887,364,5,1256
911,553,935,2399
252,721,490,1463
773,441,498,1712
297,734,129,1160
37,194,895,1126
524,921,617,2062
65,12,288,365
222,611,210,1043
815,478,470,1763
53,550,949,1552
374,7,787,1168
824,149,647,1620
632,367,596,1595
324,158,871,1353
661,52,628,1341
5,361,811,1177
608,818,594,2020
590,947,344,1881
53,463,380,896
543,968,714,2225
766,865,251,1882
386,53,614,1053
928,992,657,2577
302,747,467,1516
871,23,358,1252
195,821,258,1274
456,301,48,805
29,529,773,1331
881,64,803,1748
431,159,928,1518
813,91,418,1322
288,764,552,1604
491,530,453,1474
70,65,924,1059
54,759,597,1410
673,958,850,2481
78,798,382,1258
337,327,284,948
95,700,103,898
218,206,837,1261
531,290,760,1581
601,306,237,1144
662,233,628,1523
490,885,865,2240
301,535,102,938
25,540,689,1254
951,150,683,1784
473,593,254,1320
890,952,627,2469
194,437,804,1435
453,467,743,1663
103,621,851,1575
658,452,578,1688
559,720,767,2046
63,917,835,1815
995,921,674,2590
619,806,942,2367
154,712,5,871
295,998,677,1970
745,456,907,2108
882,926,884,2692
577,378,131,1086
329,14,345,688
153,830,776,1759
985,46,931,1962
55,861,620,1536
58,675,151,884
521,743,694,1958
757,434,761,1952
451,470,722,1643
798,475,680,1953
250,743,161,1154
883,134,215,1232
141,449,265,855
606,983,89,1678
902,4,205,1111
1,333,811,1145
464,691,249,1404
739,181,145,1065
841,614,479,1934
649,269,1000,1918
791,91,356,1238
66,554,720,1340
24,56,68,148
655,138,220,1013
305,806,218,1329
621,737,249,1607
155,365,969,1489
710,792,383,1885
798,441,554,1793
396,49,579,1024
375,222,385,982
197,851,445,1493
166,34,485,685
727,299,714,1740
740,700,932,2372
662,217,491,1370
851,28,324,1203
639,881,504,2024
24,467,246,737
527,829,413,1769
936,111,644,1691
865,114,634,1613
267,84,919,1270
25,585,479,1089
132,569,151,852
316,809,343,1468
599,574,505,1678
11,877,171,1059
166,710,667,1543
140,979,323,1442
148,43,130,321
805,419,655,1879
6,46,162,214
318,854,180,1352
500,554,685,1739
724,664,330,1718
437,144,813,1394
999,638,230,1867
927,190,739,1856
264,848,300,1412
784,216,151,1151
163,270,436,869
411,44,983,1438
152,448,553,1153
413,525,663,1601
47,482,804,1333
672,501,549,1722
10,904,943,1857
886,790,549,2225
236,613,290,1139
622,104,393,1119
262,435,730,1427
166,958,996,2120
156,788,937,1881
672,277,140,1089
371,322,971,1664
938,2,193,1133
204,994,129,1327
516,898,714,2128
69,157,656,882
473,519,33,1025
212,582,717,1511
601,515,587,1703
778,690,138,1606
936,846,761,2543
990,475,162,1627
970,831,11,1812
963,57,510,1530
982,670,1000,2652
745,318,725,1788
396,494,589,1479
178,885,965,2028
704,668,592,1964
395,576,770,1741
242,37,930,1209
918,500,366,1784
757,934,348,2039
653,258,937,1848
572,237,539,1348
694,136,338,1168
808,497,33,1338
228,779,728,1735
357,160,674,1191
201,379,236,816
151,195,679,1025
724,268,183,1175
898,217,234,1349
640,737,798,2175
964,12,79,1055
568,73,872,1513
382,530,322,1234
461,457,834,1752
124,637,111,872
464,288,519,1271
235,842,151,1228
988,585,425,1998
599,107,601,1307
189,750,734,1673
476,782,558,1816
145,69,990,1204
374,283,669,1326
701,78,135,914
19,662,192,873
178,549,993,1720
742,506,142,1390
966,375,316,1657
555,111,157,823
186,466,324,976
382,480,673,1535
792,168,225,1185
935,592,924,2451
231,878,941,2050
265,868,135,1268
404,657,873,1934
886,316,24,1226
252,239,195,686
252,4,922,1178
272,387,519,1178
17,209,315,541
692,287,167,1146
902,503,428,1833
897,472,970,2339
244,744,531,1519
670,548,235,1453
312,409,151,872
891,390,152,1433
16,892,855,1763
952,351,535,1838
868,994,784,2646
852,209,7,1068
803,709,904,2416
676,891,833,2400
228,528,142,898
510,588,87,1185
401,522,110,1033
907,839,819,2565
608,928,793,2329
216,141,917,1274
349,125,933,1407
230,537,15,782
110,301,634,1045
982,908,116,2006
324,10,609,943
660,116,369,1145
944,672,331,1947
807,547,235,1589
623,984,425,2032
677,325,734,1736
876,623,323,1822
623,227,677,1527
81,622,415,1118
299,31,305,635
151,439,196,786
395,803,66,1264
512,931,523,1966
270,881,473,1624
132,532,129,793
408,935,570,1913
571,121,944,1636
59,193,884,1136
769,518,67,1354
284,312,85,681
310,629,693,1632
734,141,121,996
724,709,677,2110
640,835,178,1653
983,53,472,1508
100,786,426,1312
718,797,792,2307
781,258,399,1438
774,706,187,1667
491,306,394,1191
119,545,113,777
901,792,266,1959
538,125,556,1219
341,183,725,1249
841,904,156,1901
496,692,223,1411
168,43,440,651
299,920,283,1502
302,319,270,891
920,423,627,1970
384,889,64,1337
213,970,122,1305
523,187,680,1390
836,236,705,1777
9,953,688,1650
223,178,682,1083
289,910,83,1282
497,602,133,1232
814,338,784,1936
164,6,777,947
9,427,553,989
812,435,411,1658
245,129,262,636
194,48,939,1181
777,481,15,1273
240,230,501,971
33,744,627,1404
481,260,913,1654
333,925,466,1724
411,376,960,1747
2,549,949,1500
476,668,470,1614
188,245,303,736
404,974,165,1543
44,235,556,835
207,368,419,994
864,366,334,1564
303,287,355,945
384,851,867,2102
739,749,939,2427
847,596,600,2043
98,271,40,409
275,273,970,1518
673,700,929,2302
562,340,323,1225
438,517,377,1332
198,262,825,1285
110,659,0,769
545,242,204,991
20,892,943,1855
454,391,319,1164
518,202,619,1339
300,614,711,1625
771,133,761,1665
135,54,997,1186
185,355,767,1307
474,44,552,1070
219,320,269,808
162,169,742,1073
485,279,10,774
144,8,696,848
681,725,332,1738
469,745,793,2007
993,821,175,1989
556,99,342,997
595,236,44,875
322,881,214,1417
698,890,517,2105
113,81,493,687
555,435,106,1096
286,584,283,1153
261,257,828,1346
358,134,865,1357
938,393,17,1348
227,210,348,785
555,266,321,1142
493,38,482,1013
33,357,775,1165
251,844,791,1886
51,868,938,1857
777,769,621,2167
883,354,272,1509
242,186,639,1067
362,772,783,1917
206,70,124,400
683,71,192,946
1000,504,179,1683
334,120,357,811
289,383,282,954
96,76,435,607
493,236,695,1424
67,457,0,524
792,990,904,2686
720,453,691,1864
0,990,836,1826
55,327,673,1055
665,544,932,2141
979,58,329,1366
309,640,224,1173
907,302,88,1297
791,502,731,2024
815,823,435,2073
178,665,964,1807
332,693,487,1512
267,659,773,1699
643,277,65,985
253,534,385,1172
766,47,775,1588
496,567,358,1421
594,72,126,792
127,729,681,1537
798,132,514,1444
362,980,87,1429
84,83,188,355
44,817,494,1355
489,850,217,1556
666,455,173,1294
979,409,735,2123
162,980,693,1835
718,325,630,1673
793,181,187,1161
5,662,61,728
284,546,226,1056
524,908,915,2347
561,388,643,1592
365,485,650,1500
457,546,126,1129
806,43,321,1170
139,692,223,1054
27,247,551,825
526,947,810,2283
56,525,376,957
727,79,64,870
78,798,459,1335
261,500,247,1008
821,254,84,1159
36,35,506,577
342,767,417,1526
591,674,934,2199
51,411,984,1446
738,560,954,2252
245,668,91,1004
162,254,528,944
526,811,484,1821
773,319,16,1108
831,101,173,1105
366,961,556,1883
348,501,707,1556
519,973,944,2436
489,699,386,1574
952,117,138,1207
440,109,96,645
758,831,620,2209
298,778,333,1409
279,925,509,1713
853,317,724,1894
570,405,197,1172
99,890,611,1600
52,965,537,1554
657,907,787,2351
891,481,488,1860
101,552,96,749
216,773,645,1634
741,862,462,2065
941,628,200,1769
945,234,922,2101
286,818,390,1494
78,315,637,1030
108,600,839,1547
179,322,745,1246
82,333,984,1399
221,946,772,1939
400,233,791,1424
89,157,4,250
236,893,347,1476
887,344,847,2078
799,645,961,2405
150,18,556,724
816,259,441,1516
679,391,282,1352
626,706,889,2221
71,719,806,1596
783,172,97,1052
349,411,237,997
761,11,543,1315
120,405,844,1369
485,550,632,1667
658,185,92,935
748,602,441,1791
676,103,614,1393
901,58,418,1377
633,21,590,1244
353,212,19,584
991,668,877,2536
96,560,661,1317
451,318,584,1353
734,489,43,1266
758,985,74,1817
450,816,956,2222
957,722,156,1835
876,621,513,2010
532,655,914,2101
494,470,799,1763
381,922,429,1732
768,408,914,2090
351,961,66,1378
422,31,673,1126
812,952,325,2089
589,885,544,2018
117,573,147,837
343,312,365,1020
52,86,406,544
147,154,281,582
682,589,695,1966
526,767,220,1513
958,731,82,1771
587,742,743,2072
186,625,415,1226
982,208,483,1673
919,143,630,1692
797,553,783,2133
71,192,932,1195
779,64,174,1017
148,932,452,1532
807,480,987,2274
717,963,250,1930
878,859,574,2311
235,228,326,789
848,98,557,1503
232,380,962,1574
880,745,207,1832
427,933,124,1484
11,85,43,139
49,583,829,1461
810,801,89,1700
319,33,157,509
194,32,271,497
646,488,235,1369
988,846,755,2589
832,979,995,2806
730,946,261,1937
476,260,15,751
676,941,568,2185
254,343,608,1205
78,743,268,1089
865,351,343,1559
362,728,763,1853
879,749,977,2605
954,112,226,1292
106,774,292,1172
164,944,887,1995
343,918,90,1351
536,219,94,849
530,858,963,2351
605,508,106,1219
421,728,160,1309
3,556,814,1373
965,139,41,1145
139,245,557,941
824,205,770,1799
134,313,598,1045
281,139,468,888
696,379,28,1103
158,367,615,1140
344,765,44,1153
367,760,286,1413
713,871,751,2335
363,73,41,477
143,657,514,1314
842,625,407,1874
411,655,811,1877
785,857,787,2429
450,293,139,882
378,102,329,809
754,132,788,1674
755,931,22,1708
255,144,323,722
104,467,195,766
732,624,936,2292
749,890,621,2260
18,652,699,1369
472,665,936,2073
208,806,121,1135
356,173,488,1017
266,395,519,1180
853,337,196,1386
646,868,516,2030
6,666,241,913
964,683,758,2405
620,468,47,1135
800,139,178,1117
523,538,898,1959
980,909,620,2509
571,631,19,1221
868,866,821,2555
597,170,192,959
2,681,10,693
897,883,732,2512
640,225,41,906
222,135,428,785
413,899,863,2175
698,894,459,2051
293,570,323,1186
217,476,729,1422
130,307,238,675
369,148,478,995
198,296,704,1198
211,222,187,620
5,704,897,1606
406,101,812,1319
503,927,676,2106
929,918,983,2830
176,890,111,1177
315,654,599,1568
666,879,879,2424
53,970,609,1632
429,349,792,1570
405,543,642,1590
160,792,471,1423
453,889,904,2246
503,863,45,1411
421,953,679,2053
910,91,964,1965
830,873,482,2185
712,713,914,2339
474,978,739,2191
525,800,435,1760
787,990,717,2494
436,496,878,1810
806,52,498,1356
408,757,305,1470
897,115,452,1464
734,941,659,2334
778,207,615,1600
757,255,109,1121
890,36,175,1101
577,336,124,1037
367,125,816,1308
796,236,142,1174
34,724,28,786
862,274,578,1714
152,429,656,1237
462,719,507,1688
771,650,200,1621
481,85,341,907
881,702,231,1814
586,334,855,1775
661,263,45,969
131,912,203,1246
612,224,739,1575
452,281,109,842
808,112,619,1539
57,955,763,1775
69,418,793,1280
510,241,361,1112
584,789,966,2339
279,214,549,1042
911,455,102,1468
601,846,388,1835
730,829,637,2196
746,819,701,2266
388,584,542,1514
914,538,501,1953
543,18,373,934
453,477,625,1555
993,342,879,2214
886,931,364,2181
570,763,430,1763
679,760,590,2029
829,95,717,1641
216,325,398,939
205,244,64,513
553,587,825,1965
214,463,301,978
885,384,930,2199
857,834,34,1725
559,327,579,1465
408,470,744,1622
77,604,989,1670
214,8,843,1065
680,20,974,1674
538,847,524,1909
574,465,386,1425
339,136,240,715
336,835,294,1465
99,735,331,1165
451,863,375,1689
424,868,126,1418
154,506,491,1151
919,945,674,2538
636,326,756,1718
205,86,727,1018
192,709,533,1434
772,855,274,1901
851,227,700,1778
696,218,772,1686
603,55,408,1066
766,0,985,1751
48,746,92,886
73,74,407,554
990,329,872,2191
718,151,531,1400
134,177,525,836
25,875,268,1168
206,756,511,1473
577,983,729,2289
280,756,805,1841
625,907,946,2478
344,533,837,1714
681,762,690,2133
302,390,114,806
135,941,652,1728
163,272,61,496
979,26,388,1393
131,754,314,1199
827,628,228,1683
146,172,993,1311
89,185,24,298
788,768,785,2341
327,148,751,1226
883,501,730,2114
312,986,2,1300
611,355,54,1020
294,268,253,815
529,16,492,1037
179,625,690,1494
681,229,927,1837
656,248,907,1811
399,378,112,889
68,88,436,592
565,298,409,1272
77,649,12,738
895,477,154,1526
982,178,57,1217
447,704,148,1299
332,762,583,1677
550,626,533,1709
192,234,318,744
629,855,357,1841
359,327,312,998
940,673,826,2439
399,797,432,1628
301,886,288,1475
718,69,264,1051
154,993,787,1934
698,639,309,1646
392,588,965,1945
273,396,607,1276
53,604,786,1443
172,872,84,1128
626,34,934,1594
515,305,944,1764
163,750,993,1906
875,400,894,2169
569,317,551,1437
138,742,964,1844
465,25,530,1020
480,980,824,2284
290,931,31,1252
279,930,987,2196
996,222,591,1809
127,945,824,1896
670,269,593,1532
471,357,249,1077
750,626,44,1420
871,990,272,2133
487,490,189,1166
557,507,67,1131
839,378,573,1790
248,49,762,1059
894,19,784,1697
969,41,235,1245
274,920,828,2022
946,801,722,2469
429,248,722,1399
247,564,933,1744
604,446,729,1779
571,945,30,1546
4,117,871,992
122,887,59,1068
924,731,334,1989
223,705,28,956
285,896,674,1855
119,711,834,1664
194,615,60,869
35,765,910,1710
116,91,435,642
982,200,952,2134
535,740,750,2025
17,52,876,945
608,100,706,1414
919,221,733,1873
42,37,9,88
982,131,887,2000
885,72,827,1784
355,289,400,1044
800,505,723,2028
444,454,256,1154
417,313,417,1147
265,110,952,1327
337,597,671,1605
968,354,674,1996
344,895,888,2127
632,866,902,2400
734,145,394,1273
741,92,981,1814
51,807,466,1324
576,908,88,1572
808,466,384,1658
717,26,528,1271
529,199,883,1611
320,860,469,1649
845,950,757,2552
111,487,54,652
103,21,338,462
493,136,791,1420
834,312,422,1568
510,353,212,1075
817,567,335,1719
232,275,801,1308
148,168,318,634
401,334,886,1621
352,740,965,2057
580,200,511,1291
757,40,149,946
46,103,835,984
76,796,521,1393
607,53,685,1345
337,140,241,718
893,894,291,2078
490,147,902,1539
702,494,776,1972
915,831,892,2638
522,551,522,1595
25,281,25,331
69,118,568,755
878,218,738,1834
756,370,198,1324
273,988,6,1267
498,787,648,1933
847,916,412,2175
959,48,339,1346
547,104,25,676
669,994,252,1915
897,373,699,1969
80,808,135,1023
843,211,467,1521
402,190,2,594
81,311,673,1065
970,568,178,1716
64,897,681,1642
968,971,118,2057
603,919,704,2226
98,33,186,317
239,834,217,1290
741,466,736,1943
514,666,409,1589
33,181,362,576
210,282,129,621
881,114,175,1170
27,144,479,650
722,403,521,1646
957,71,41,1069
232,559,131,922
425,887,601,1913
665,135,31,831
884,116,38,1038
762,506,984,2252
285,550,383,1218
12,449,323,784
967,179,759,1905
572,627,134,1333
691,776,472,1939
35,286,618,939
127,691,877,1695
545,466,617,1628
172,323,142,637
358,120,744,1222
89,223,342,654
240,264,560,1064
943,158,556,1657
340,685,302,1327
982,280,706,1968
545,593,180,1318
415,930,836,2181
677,769,780,2226
359,95,931,1385
328,151,479,958
583,767,624,1974
883,419,826,2128
698,311,200,1209
246,434,744,1424
685,223,785,1693
424,440,177,1041
185,169,948,1302
206,644,976,1826
590,780,998,2368
341,826,539,1706
550,153,36,739
957,745,963,2665
868,288,759,1915
508,322,77,907
226,953,272,1451
627,872,995,2494
921,607,291,1819
595,758,251,1604
366,973,636,1975
65,117,639,821
418,630,607,1655
913,52,570,1535
698,609,390,1697
295,627,896,1818
515,689,316,1520
756,652,338,1746
486,285,642,1413
314,626,943,1883
317,649,624,1590
876,23,192,1091
491,483,805,1779
651,485,316,1452
745,355,441,1541
673,820,854,2347
997,39,660,1696
488,304,691,1483
790,387,167,1344
8,755,631,1394
230,309,175,714
205,945,293,1443
152,296,702,1150
372,597,596,1565
370,478,509,1357
750,834,983,2567
94,297,713,1104
145,249,628,1022
362,18,827,1207
92,500,604,1196
842,667,48,1557
603,135,729,1467
652,513,48,1213
344,659,935,1938
266,408,880,1554
229,408,98,735
962,370,795,2127
841,307,145,1293
641,592,10,1243
869,563,954,2386
985,822,587,2394
904,832,22,1758
363,925,773,2061
207,442,802,1451
496,817,911,2224
951,509,118,1578
808,335,163,1306
444,465,507,1416
576,674,949,2199
862,249,565,1676
736,672,445,1853
507,949,803,2259
55,597,40,692
46,468,292,806
201,284,912,1397
694,455,595,1744
488,258,818,1564
22,428,855,1305
225,539,961,1725
674,177,543,1394
831,403,525,1759
230,402,398,1030
872,901,218,1991
807,454,782,2043
416,904,116,1436
388,946,108,1442
977,613,84,1674
39,954,480,1473
416,851,524,1791
736,901,931,2568
213,472,612,1297
279,83,665,1027
112,784,380,1276
101,969,933,2003
901,122,420,1443
561,643,727,1931
724,308,964,1996
936,297,976,2209
120,379,68,567
772,206,105,1083
90,745,296,1131
419,190,858,1467
833,911,652,2396
777,745,826,2348
384,950,307,1641
185,270,844,1299
828,572,924,2324
649,386,413,1448
94,628,108,830
531,870,556,1957
60,47,960,1067
444,422,128,994
947,830,893,2670
156,56,236,448
883,148,992,2023
853,35,168,1056
404,37,612,1053
606,277,428,1311
305,36,806,1147
926,324,246,1496
836,11,667,1514
117,860,176,1153
665,369,232,1266
905,613,834,2352
458,823,452,1733
736,172,774,1682
963,123,198,1284
837,716,578,2131
108,687,792,1587
923,920,303,2146
229,620,120,969
659,183,292,1134
786,391,474,1651
736,445,68,1249
347,657,294,1298
613,323,427,1363
607,617,943,2167
316,656,50,1022
369,661,846,1876
294,495,598,1387
374,509,664,1547
808,682,474,1964
995,859,413,2267
132,559,142,833
799,67,743,1609
926,525,47,1498
962,399,705,2066
298,789,117,1204
929,465,732,2126
11,122,354,487
469,736,818,2023
445,154,749,1348
500,815,424,1739
679,177,87,943
901,983,374,2258
34,240,948,1222
199,602,991,1792
395,70,737,1202
983,20,821,1824
717,562,13,1292
498,916,629,2043
422,722,669,1813
826,38,138,1002
641,115,129,885
652,91,542,1285
529,395,631,1555
584,722,689,1995
275,864,530,1669
29,679,124,832
49,835,426,1310
230,849,117,1196
998,821,384,2203
545,316,867,1728
55,760,199,1014
318,361,284,963
585,119,620,1324
55,416,502,973
182,794,253,1229
166,483,507,1156
621,32,644,1297
515,275,428,1218
573,903,767,2243
48,184,273,505
654,404,696,1754
20,742,352,1114
890,536,219,1645
615,891,178,1684
21,773,319,1113
205,630,553,1388
190,439,621,1250
468,187,951,1606
438,268,436,1142
723,237,792,1752
131,682,369,1182
730,437,60,1227
543,915,773,2231
752,833,357,1942
252,262,857,1371
815,716,446,1977
501,848,426,1775
876,513,215,1604
92,342,560,994
522,940,825,2287
409,586,444,1439
123,836,385,1344
999,432,675,2106
938,462,530,1930
282,490,922,1694
516,643,307,1466
797,290,297,1384
769,203,5,977
343,474,109,926
307,371,173,851
763,805,800,2368
625,351,834,1810
646,354,899,1899
791,438,236,1465
906,356,57,1319
550,934,376,1860
170,814,261,1245
459,705,284,1448
185,187,201,573
600,400,390,1390
749,741,742,2232
690,90,149,929
616,802,242,1660
66,677,108,851
409,196,558,1163
133,288,427,848
45,717,49,811
563,132,350,1045
228,340,148,716
954,661,150,1765
82,222,529,833
58,837,298,1193
278,263,539,1080
556,206,219,981
646,332,127,1105
44,750,142,936
50,897,666,1613
713,322,671,1706
969,269,501,1739
184,232,677,1093
310,949,97,1356
665,929,703,2297
559,743,644,1946
334,830,351,1515
2,751,375,1128
345,746,8,1099
772,47,434,1253
124,724,754,1602
396,241,313,950
430,297,500,1227
309,786,807,1902
108,869,145,1122
572,654,820,2046
490,819,391,1700
148,964,455,1567
601,55,940,1596
527,852,984,2363
129,82,813,1024
851,307,193,1351
524,853,222,1599
787,330,123,1240
717,862,687,2266
742,729,944,2415
296,844,907,2047
843,324,186,1353
908,874,26,1808
32,577,549,1158
48,501,138,687
790,347,732,1869
844,747,97,1688
206,219,599,1024
434,521,987,1942
291,976,756,2023
881,368,661,1910
62,368,87,517
12,616,790,1418
505,157,260,922
776,490,764,2030
883,213,898,1994
533,711,760,2004
113,629,174,916
397,463,136,996
252,890,803,1945
467,649,495,1611
847,11,622,1480
576,588,887,2051
670,869,81,1620
678,583,490,1751
154,18,823,995
614,357,213,1184
239,62,559,860
884,541,875,2300
630,387,954,1971
327,14,141,482
0,808,240,1048
778,214,599,1591
781,719,215,1715
29,981,193,1203
454,414,726,1594
485,947,482,1914
802,236,243,1281
608,775,573,1956
726,510,831,2067
612,686,832,2130
435,414,998,1847
622,818,313,1753
684,107,899,1690
317,367,106,790
815,310,176,1301
670,487,363,1520
495,416,380,1291
414,720,360,1494
481,556,306,1343
71,74,2,147
294,539,578,1411
22,471,284,777
336,649,784,1769
581,340,328,1249
793,722,416,1931
409,659,562,1630
752,81,461,1294
315,178,721,1214
677,570,667,1914
719,497,624,1840
133,541,338,1012
953,238,852,2043
395,460,807,1662
405,299,406,1110
759,98,139,996
953,448,918,2319
120,318,763,1201
334,380,797,1511
887,97,789,1773
340,323,137,800
555,932,588,2075
758,225,934,1917
25,769,271,1065
870,792,37,1699
792,413,51,1256
566,497,116,1179
541,462,508,1511
463,153,277,893
898,440,970,2308
47,676,806,1529
242,98,319,659
602,820,965,2387
639,789,814,2242
561,972,525,2058
585,976,496,2057
802,849,885,2536
957,614,595,2166
692,79,691,1462
671,292,42,1005
536,766,640,1942
469,347,88,904
554,296,289,1139
15,678,469,1162
100,258,113,471
920,310,145,1375
224,969,354,1547
245,180,105,530
568,646,101,1315
703,474,476,1653
907,858,59,1824
500,744,181,1425
472,432,79,983
583,540,495,1618
439,30,472,941
190,549,640,1379
480,684,382,1546
952,883,674,2509
65,378,851,1294
794,926,932,2652
274,785,111,1170
537,543,706,1786
637,527,521,1685
576,319,338,1233
460,14,261,735
623,116,431,1170
506,65,7,578
281,887,568,1736
284,760,58,1102
849,815,783,2447
68,199,503,770
297,716,175,1188
532,578,279,1389
976,229,426,1631
695,483,983,2161
536,358,643,1537
160,689,160,1009
616,786,288,1690
471,213,981,1665
340,174,715,1229
92,567,836,1495
487,753,544,1784
551,942,715,2208
959,479,863,2301
239,777,847,1863
107,376,753,1236
73,460,171,704
344,572,827,1743
628,538,514,1680
56,99,468,623
682,849,21,1552
252,884,321,1457
748,239,69,1056
993,687,257,1937
210,39,391,640
614,585,504,1703
841,730,911,2482
793,310,887,1990
485,33,221,739
607,330,885,1822
591,467,970,2028
780,846,462,2088
28,70,981,1079
710,945,143,1798
26,613,172,811
523,666,596,1785
122,536,164,822
785,317,725,1827
491,585,186,1262
670,852,435,1957
833,446,613,1892
386,785,455,1626
15,923,276,1214
98,83,738,919
605,74,124,803
348,324,725,1397
329,162,472,963
381,312,962,1655
111,317,730,1158
62,3,482,547
962,256,551,1769
490,402,263,1155
379,718,859,1956
649,681,50,1380
759,331,335,1425
425,584,494,1503
119,99,136,354
254,656,680,1590
862,407,734,2003
290,399,735,1424
441,920,850,2211
750,673,590,2013
554,423,797,1774
138,543,948,1629
456,574,243,1273
731,197,431,1359
449,231,386,1066
903,117,648,1668
487,777,710,1974
694,416,969,2079
737,302,98,1137
518,874,43,1435
583,369,405,1357
355,551,814,1720
141,942,116,1199
539,905,968,2412
747,605,234,1586
280,344,589,1213
372,540,498,1410
915,904,397,2216
65,701,919,1685
798,97,368,1263
813,215,822,1850
831,815,663,2309
144,211,866,1221
153,567,592,1312
290,563,451,1304
122,337,505,964
826,814,370,2010
746,117,235,1098
403,44,879,1326
599,61,233,893
933,180,913,2026
855,916,719,2490
189,262,478,929
1,979,962,1942
124,898,109,1131
584,54,197,835
139,113,326,578
174,111,511,796
578,274,909,1761
585,829,502,1916
341,635,959,1935
980,809,983,2772
767,938,162,1867
369,153,376,898
237,324,425,986
943,146,391,1480
740,560,341,1641
224,976,393,1593
0,596,139,735
477,482,342,1301
793,148,250,1191
46,469,19,534
805,836,659,2300
52,559,11,622
790,780,955,2525
74,258,4,336
33,440,974,1447
370,554,541,1465
838,918,505,2261
197,831,5,1033
391,182,150,723
711,470,411,1592
714,30,184,928
31,53,372,456
233,131,735,1099
92,239,539,870
913,413,504,1830
208,451,14,673
756,146,589,1491
336,828,800,1964
680,993,252,1925
490,934,584,2008
549,685,657,1891
809,670,334,1813
413,32,967,1412
702,16,344,1062
162,766,346,1274
870,737,902,2509
678,500,72,1250
703,721,346,1770
226,816,987,2029
418,395,336,1149
389,777,293,1459
424,825,475,1724
95,547,516,1158
259,659,968,1886
823,709,238,1770
549,88,721,1358
950,633,463,2046
663,708,691,2062
51,618,54,723
212,356,161,729
849,221,681,1751
470,533,363,1366
16,997,962,1975
475,981,853,2309
628,249,342,1219
729,318,320,1367
286,852,254,1392
389,538,369,1296
61,456,869,1386
735,852,389,1976
313,390,520,1223
166,732,410,1308
901,20,685,1606
845,526,464,1835
893,795,491,2179
935,744,485,2164
990,247,373,1610
732,620,173,1525
136,858,756,1750
910,690,912,2512
111,877,769,1757
938,418,109,1465
831,321,626,1778
271,471,540,1282
881,383,457,1721
187,301,968,1456
42,553,748,1343
581,156,509,1246
339,736,701,1776
282,571,857,1710
411,154,571,1136
345,920,381,1646
140,585,832,1557
514,198,915,1627
961,788,701,2450
329,340,917,1586
150,901,78,1129
354,198,932,1484
312,756,651,1719
740,895,205,1840
357,632,377,1366
718,651,606,1975
594,395,396,1385
717,362,682,1761
702,609,184,1495
464,505,849,1818
909,623,385,1917
154,142,944,1240
626,770,534,1930
102,762,552,1416
272,674,932,1878
434,760,922,2116
159,3,864,1026
975,355,711,2041
546,887,496,1929
433,577,649,1659
773,556,988,2317
98,612,728,1438
402,328,127,857
936,202,452,1590
15,353,517,885
61,392,678,1131
684,782,678,2144
225,141,548,914
547,55,487,1089
601,428,955,1984
965,448,352,1765
694,803,329,1826
585,195,264,1044
142,228,408,778
259,961,51,1271
959,727,324,2010
897,955,235,2087
676,229,649,1554
962,832,393,2187
411,260,522,1193
205,111,987,1303
675,952,136,1763
658,430,338,1426
718,322,213,1253
909,678,720,2307
652,490,385,1527
813,91,743,1647
645,225,850,1720
595,942,543,2080
626,800,840,2266
18,432,829,1279
960,844,630,2434
628,963,435,2026
850,475,125,1450
498,592,358,1448
993,409,835,2237
714,304,686,1704
640,816,502,1958
762,657,247,1666
634,28,58,720
808,304,582,1694
181,213,903,1297
591,252,155,998
2,821,337,1160
301,482,913,1696
686,964,952,2602
5,500,564,1069
487,346,879,1712
58,579,326,963
935,447,568,1950
691,162,746,1599
334,134,623,1091
208,686,2,896
17,297,696,1010
883,872,161,1916
655,704,594,1953
54,713,899,1666
843,494,667,2004
731,378,656,1765
536,555,323,1414
785,894,408,2087
836,492,817,2145
468,956,603,2027
230,727,228,1185
65,659,36,760
558,17,827,1402
352,243,583,1178
924,257,139,1320
255,433,336,1024
901,750,262,1913
392,584,817,1793
636,740,587,1963
949,550,109,1608
98,887,357,1342
487,514,428,1429
55,881,360,1296
826,991,9,1826
860,276,770,1906
117,412,202,731
281,94,66,441
986,882,73,1941
762,971,758,2491
644,509,954,2107
822,972,281,2075
614,695,185,1494
732,861,577,2170
488,762,966,2216
338,923,846,2107
766,103,69,938
93,156,297,546
41,908,179,1128
448,604,816,1868
556,487,209,1252
65,239,856,1160
628,656,482,1766
593,293,300,1186
781,851,232,1864
642,87,178,907
113,559,687,1359
53,191,193,437
698,673,642,2013
781,258,348,1387
862,320,759,1941
580,132,779,1491
540,846,362,1748
99,251,34,384
883,416,256,1555
932,563,577,2072
97,246,623,966
286,667,52,1005
934,790,780,2504
795,394,540,1729
817,541,228,1586
658,253,349,1260
89,713,525,1327
318,971,422,1711
542,709,941,2192
744,807,148,1699
125,991,966,2082
745,704,476,1925
108,419,391,918
707,699,547,1953
23,126,394,543
456,242,557,1255
342,53,526,921
779,243,399,1421
400,852,644,1896
497,425,378,1300
821,892,69,1782
617,204,600,1421
518,452,289,1259
435,803,54,1292
848,529,52,1429
214,443,214,871
235,287,490,1012
700,968,852,2520
940,620,441,2001
588,90,369,1047
990,570,794,2354
311,634,488,1433
370,450,628,1448
541,100,464,1105
611,16,467,1094
987,771,236,1994
264,163,901,1328
178,805,987,1970
884,112,346,1342
655,548,453,1656
123,438,634,1195
593,278,861,1732
291,968,779,2038
368,854,547,1769
824,415,894,2133
320,721,745,1786
28,756,894,1678
9,638,569,1216
142,839,836,1817
142,24,850,1016
163,813,85,1061
706,574,725,2005
1000,327,680,2007
635,700,524,1859
479,714,15,1208
941,680,434,2055
127,750,285,1162
752,802,129,1683
493,828,950,2271
699,737,599,2035
725,733,750,2208
437,914,60,1411
850,360,313,1523
755,53,388,1196
3,933,376,1312
392,191,61,644
430,770,887,2087
203,835,901,1939
875,934,653,2462
405,606,335,1346
126,619,577,1322
331,365,153,849
15,525,729,1269
122,714,368,1204
790,748,800,2338
65,920,388,1373
438,165,582,1185
758,332,820,1910
518,251,630,1399
770,495,323,1588
557,700,886,2143
50,482,18,550
201,786,286,1273
946,3,523,1472
801,299,306,1406
277,736,639,1652
228,784,529,1541
240,104,521,865
781,953,19,1753
704,982,614,2300
46,136,209,391
714,156,464,1334
321,795,556,1672
792,493,882,2167
648,142,531,1321
1000,8,820,1828
390,311,204,905
989,193,452,1634
306,264,109,679
805,283,127,1215
484,157,346,987
403,28,385,816
484,711,864,2059
62,588,391,1041
919,294,418,1631
798,86,11,895
269,958,803,2030
169,824,333,1326
579,252,147,978
491,409,472,1372
856,534,411,1801
510,412,647,1569
595,695,23,1313
897,378,214,1489
722,666,871,2259
705,541,667,1913
78,514,182,774
423,717,477,1617
840,151,504,1495
749,335,608,1692
816,718,413,1947
473,81,305,859
339,819,193,1351
735,457,820,2012
590,375,136,1101
533,554,403,1490
551,527,349,1427
525,613,519,1657
598,248,707,1553
253,110,349,712
191,886,80,1157
36,954,225,1215
169,424,907,1500
805,380,456,1641
30,680,914,1624
71,109,710,890
453,782,456,1691
845,497,272,1614
556,625,447,1628
90,581,181,852
231,2,826,1059
796,808,259,1863
311,915,684,1910
99,835,452,1386
293,181,833,1307
480,564,632,1676
948,205,691,1844
817,309,860,1986
597,855,453,1905
13,2,425,440
291,949,604,1844
749,419,701,1869
15,128,25,168
979,937,391,2307
965,206,600,1771
299,336,203,838
813,730,659,2202
816,757,378,1951
319,77,531,927
38,31,783,852
252,851,394,1497
951,297,191,1439
293,18,844,1155
721,991,613,2325
710,268,544,1522
179,758,653,1590
751,159,1,911
878,237,935,2050
479,907,142,1528
644,818,266,1728
650,902,811,2363
757,397,31,1185
675,488,568,1731
358,285,792,1435
542,204,161,907
998,393,612,2003
133,357,915,1405
678,279,618,1575
128,150,661,939
887,479,102,1468
978,628,930,2536
266,345,700,1311
970,468,113,1551
30,43,654,727
319,379,335,1033
630,777,555,1962
475,569,578,1622
849,263,986,2098
623,738,988,2349
656,241,787,1684
779,324,713,1816
554,358,788,1700
177,600,394,1171
908,470,922,2300
297,454,640,1391
631,60,553,1244
309,363,335,1007
174,636,105,915
757,713,688,2158
770,384,643,1797
483,428,764,1675
865,995,838,2698
644,255,920,1819
351,209,49,609
815,243,842,1900
831,991,441,2263
881,407,770,2058
795,922,472,2189
49,265,57,371
609,662,725,1996
686,880,695,2261
610,36,826,1472
631,697,704,2032
942,166,879,1987
179,97,74,350
111,832,279,1222
146,689,865,1700
23,689,362,1074
735,616,336,1687
701,854,882,2437
175,864,664,1703
601,262,32,895
771,996,539,2306
388,235,68,691
624,896,414,1934
497,987,555,2039
197,668,831,1696
898,226,727,1851
495,303,642,1440
5,758,450,1213
813,732,498,2043
658,820,812,2290
786,425,374,1585
274,991,589,1854
238,605,733,1576
832,303,955,2090
561,123,950,1634
871,597,904,2372
498,967,644,2109
94,268,478,840
479,987,969,2435
985,585,922,2492
886,211,813,1910
249,364,520,1133
491,734,496,1721
193,243,941,1377
151,476,950,1577
276,59,106,441
412,236,40,688
972,230,49,1251
224,217,873,1314
836,839,446,2121
477,792,883,2152
441,988,629,2058
124,301,490,915
661,230,215,1106
780,677,830,2287
339,941,144,1424
730,656,478,1864
550,69,734,1353
677,332,906,1915
441,723,889,2053
473,611,752,1836
814,405,490,1709
1000,536,405,1941
176,482,570,1228
241,933,12,1186
834,253,924,2011
510,840,880,2230
544,464,637,1645
816,192,90,1098
867,480,182,1529
495,81,975,1551
47,443,932,1422
858,912,402,2172
67,740,851,1658
11,654,4,669
781,422,85,1288
642,378,140,1160
775,993,740,2508
55,897,431,1383
288,48,737,1073
30,167,684,881
101,970,84,1155
162,296,732,1190
99,506,448,1053
387,366,464,1217
612,69,269,950
707,950,884,2541
716,973,556,2245
371,917,528,1816
766,307,671,1744
50,556,763,1369
644,904,535,2083
673,245,403,1321
672,878,983,2533
938,493,503,1934
74,57,993,1124
169,778,836,1783
810,953,990,2753
330,858,920,2108
953,184,69,1206
403,138,358,899
583,755,375,1713
768,942,32,1742
578,424,312,1314
197,944,777,1918
777,266,318,1361
727,252,929,1908
550,450,434,1434
423,992,60,1475
318,424,551,1293
19,779,827,1625
104,370,747,1221
505,685,849,2039
792,612,859,2263
925,414,796,2135
671,920,763,2354
359,964,489,1812
741,587,903,2231
595,144,285,1024
24,257,964,1245
238,217,19,474
858,762,236,1856
991,198,359,1548
432,498,93,1023
89,897,476,1462
637,246,737,1620
961,931,32,1924
285,311,359,955
21,463,918,1402
433,63,224,720
730,419,403,1552
918,159,392,1469
102,935,19,1056
983,885,814,2682
820,489,439,1748
665,949,526,2140
152,382,238,772
328,494,24,846
63,458,739,1260
888,600,267,1755
322,549,329,1200
32,206,374,612
715,929,379,2023
278,56,654,988
167,711,600,1478
726,41,126,893
892,36,732,1660
298,156,704,1158
330,655,216,1201
323,407,886,1616
68,25,145,238
870,312,212,1394
358,133,73,564
482,363,473,1318
386,163,875,1424
395,25,918,1338
16,112,858,986
780,638,992,2410
225,196,861,1282
365,342,102,809
893,817,104,1814
481,436,61,978
14,456,849,1319
78,857,710,1645
870,351,382,1603
150,259,461,870
337,930,841,2108
487,175,215,877
72,129,838,1039
667,546,567,1780
547,128,69,744
867,825,814,2506
514,37,966,1517
67,758,786,1611
854,584,709,2147
958,842,153,1953
732,177,386,1295
867,894,555,2316
842,211,718,1771
755,723,890,2368
617,34,839,1490
471,222,671,1364
939,985,363,2287
139,524,507,1170
696,38,289,1023
873,566,231,1670
50,996,325,1371
524,474,972,1970
898,161,948,2007
270,516,225,1011
672,963,764,2399
77,649,942,1668
810,719,254,1783
909,547,622,2078
82,74,690,846
970,270,685,1925
432,62,548,1042
707,922,557,2186
375,544,910,1829
146,739,332,1217
839,749,800,2388
30,338,507,875
559,517,990,2066
546,946,264,1756
813,475,473,1761
881,698,48,1627
639,721,712,2072
244,955,346,1545
552,333,815,1700
238,439,432,1109
737,151,489,1377
814,170,623,1607
978,562,89,1629
987,512,431,1930
805,238,332,1375
109,532,247,888
682,526,282,1490
716,503,49,1268
265,574,220,1059
869,736,356,1961
336,597,848,1781
924,665,660,2249
725,303,856,1884
644,4,690,1338
645,287,165,1097
19,191,93,303
530,140,78,748
296,56,211,563
549,568,105,1222
785,247,133,1165
891,463,794,2148
473,785,982,2240
193,645,752,1590
283,158,11,452
117,876,858,1851
390,24,864,1278
405,906,148,1459
26,982,41,1049
360,23,33,416
935,811,786,2532
788,470,833,2091
33,204,849,1086
865,889,775,2529
791,522,333,1646
512,836,293,1641
706,912,565,2183
23,282,179,484
10,865,448,1323
237,693,282,1212
475,255,307,1037
822,689,818,2329
281,600,593,1474
513,266,779,1558
841,185,638,1664
725,687,634,2046
812,260,726,1798
376,607,96,1079
112,28,355,495
332,908,14,1254
59,875,951,1885
20,92,712,824
706,835,364,1905
734,749,436,1919
43,162,385,590
504,442,953,1899
879,543,552,1974
170,508,46,724
888,523,433,1844
670,495,906,2071
702,69,202,973
271,518,751,1540
715,378,90,1183
928,962,823,2713
603,989,348,1940
242,223,335,800
460,749,465,1674
472,463,776,1711
798,155,733,1686
314,494,204,1012
417,132,93,642
613,812,528,1953
724,790,247,1761
552,240,986,1778
111,566,244,921
150,443,361,954
650,519,708,1877
893,827,182,1902
251,4,575,830
396,476,337,1209
114,831,848,1793
207,208,56,471
752,648,453,1853
731,209,10,950
881,962,500,2343
339,523,196,1058
445,939,709,2093
907,962,915,2784
64,229,917,1210
144,272,334,750
157,990,526,1673
531,589,417,1537
206,590,261,1057
686,514,596,1796
587,34,104,725
723,0,904,1627
942,354,471,1767
16,171,415,602
119,845,158,1122
237,523,182,942
187,882,569,1638
73,976,578,1627
498,448,585,1531
590,197,952,1739
948,782,388,2118
757,622,859,2238
902,600,265,1767
242,267,34,543
809,84,917,1810
862,851,836,2549
103,957,159,1219
708,88,105,901
75,24,947,1046
8,522,4,534
648,877,837,2362
553,535,338,1426
696,358,181,1235
837,915,766,2518
425,669,25,1119
294,677,275,1246
69,274,314,657
568,820,798,2186
896,973,510,2379
257,190,347,794
258,288,953,1499
63,210,489,762
611,841,678,2130
297,339,510,1146
759,363,869,1991
210,451,362,1023
423,753,361,1537
858,127,795,1780
548,9,520,1077
184,667,279,1130
148,621,989,1758
911,728,623,2262
650,991,143,1784
84,512,445,1041
379,890,124,1393
710,62,783,1555
139,473,54,666
502,990,300,1792
741,246,811,1798
232,294,267,793
846,527,263,1636
278,948,486,1712
664,999,232,1895
184,386,491,1061
185,200,447,832
591,487,248,1326
914,451,504,1869
297,554,856,1707
681,568,834,2083
385,580,129,1094
135,350,10,495
92,968,922,1982
807,164,916,1887
521,798,556,1875
151,270,614,1035
668,811,274,1753
406,567,511,1484
477,588,743,1808
923,543,418,1884
986,553,647,2186
753,570,606,1929
290,998,531,1819
876,138,42,1056
341,65,250,656
554,439,328,1321
124,801,285,1210
995,835,15,1845
308,652,913,1873
792,193,926,1911
635,344,943,1922
985,431,593,2009
278,413,338,1029
575,395,513,1483
442,750,735,1927
524,962,373,1859
414,652,953,2019
112,886,687,1685
459,977,609,2045
184,661,11,856
485,661,913,2059
674,890,789,2353
999,827,751,2577
915,610,3,1528
441,245,439,1125
261,670,769,1700
34,779,288,1101
496,972,984,2452
44,730,419,1193
758,874,402,2034
127,248,388,763
415,326,569,1310
732,993,801,2526
124,203,313,640
345,40,724,1109
707,501,984,2192
793,546,246,1585
185,16,757,958
262,819,541,1622
531,498,929,1958
617,732,709,2058
826,887,810,2523
605,2,556,1163
278,371,179,828
441,321,142,904
901,793,70,1764
615,313,645,1573
809,41,424,1274
856,566,291,1713
449,228,569,1246
362,215,955,1532
995,590,834,2419
738,231,435,1404
529,816,523,1868
795,837,426,2058
786,843,806,2435
718,48,800,1566
503,596,830,1929
511,117,140,768
895,438,125,1458
451,161,346,958
949,709,792,2450
117,522,377,1016
625,85,682,1392
222,293,76,591
269,308,746,1323
895,488,136,1519
634,430,286,1350
266,162,583,1011
235,598,699,1532
780,480,635,1895
519,161,823,1503
244,208,755,1207
878,590,876,2344
999,122,490,1611
177,488,685,1350
82,269,772,1123
490,191,256,937
443,539,800,1782
469,531,70,1070
68,598,231,897
563,731,349,1643
642,654,607,1903
187,633,482,1302
567,651,640,1858
120,359,325,804
193,733,126,1052
508,447,254,1209
732,457,825,2014
545,696,509,1750
332,906,566,1804
400,707,378,1485
986,389,220,1595
261,440,84,785
813,995,606,2414
133,391,243,767
739,780,786,2305
746,472,183,1401
112,73,734,919
86,983,835,1904
995,417,643,2055
588,93,663,1344
996,185,530,1711
396,375,417,1188
916,148,132,1196
629,35,883,1547
604,100,381,1085
401,134,452,987
241,33,414,688
512,441,184,1137
789,821,121,1731
656,377,223,1256
766,709,163,1638
614,966,319,1899
17,807,233,1057
835,479,689,2003
287,960,563,1810
90,93,248,431
402,939,371,1712
596,753,88,1437
823,406,124,1353
456,158,170,784
682,181,871,1734
340,735,961,2036
59,890,602,1551
102,329,809,1240
201,932,945,2078
687,699,768,2154
677,129,238,1044
178,255,885,1318
512,64,14,590
471,979,254,1704
955,526,941,2422
109,923,358,1390
741,152,676,1569
366,961,40,1367
27,356,514,897
947,670,801,2418
871,920,911,2702
276,685,575,1536
399,905,792,2096
380,686,667,1733
832,164,545,1541
329,1,215,545
772,900,6,1678
920,188,564,1672
360,621,899,1880
356,906,912,2174
5,657,540,1202
755,860,69,1684
446,140,352,938
673,558,744,1975
397,271,14,682
576,241,426,1243
162,670,623,1455
591,75,633,1299
141,198,244,583
519,553,713,1785
68,582,953,1603
398,130,655,1183
540,569,520,1629
30,939,90,1059
783,947,34,1764
51,843,549,1443
201,421,140,762
632,806,231,1669
889,473,467,1829
286,403,292,981
706,965,507,2178
240,165,766,1171
740,995,78,1813
969,649,145,1763
626,604,539,1769
579,628,150,1357
250,673,590,1513
98,671,250,1019
677,330,381,1388
471,350,40,861
728,785,948,2461
39,815,117,971
186,727,957,1870
9,830,119,958
904,229,158,1291
599,692,224,1515
672,947,700,2319
119,832,440,1391
54,285,266,605
917,949,769,2635
999,800,427,2226
351,648,73,1072
277,535,122,934
399,738,346,1483
85,833,146,1064
899,231,326,1456
244,62,721,1027
421,340,98,859
419,393,2,814
394,713,333,1440
572,627,61,1260
129,613,783,1525
73,670,404,1147
527,497,771,1795
410,655,58,1123
958,223,813,1994
358,711,74,1143
237,967,113,1317
561,761,519,1841
211,320,957,1488
570,827,337,1734
504,449,846,1799
289,516,644,1449
88,536,802,1426
381,194,466,1041
255,760,35,1050
705,50,497,1252
262,549,639,1450
124,862,531,1517
887,86,155,1128
354,704,255,1313
220,919,896,2035
680,826,676,2182
194,232,589,1015
304,357,294,955
479,293,991,1763
453,936,879,2268
263,772,194,1229
236,814,885,1935
679,121,373,1173
868,765,508,2141
894,803,30,1727
892,238,12,1142
138,748,497,1383
62,104,707,873
325,232,348,905
47,806,41,894
663,822,250,1735
531,40,17,588
357,359,148,864
122,278,457,857
919,205,369,1493
159,389,111,659
978,233,155,1366
542,230,455,1227
379,7,184,570
839,730,808,2377
979,12,967,1958
966,798,749,2513
519,609,518,1646
288,391,61,740
511,709,161,1381
101,699,541,1341
351,346,142,839
626,858,0,1484
535,831,395,1761
599,835,251,1685
697,951,904,2552
990,246,742,1978
321,793,682,1796
759,742,391,1892
277,179,78,534
36,628,322,986
62,319,473,854
702,975,13,1690
790,227,784,1801
441,852,521,1814
848,42,124,1014
105,551,305,961
91,779,613,1483
720,69,142,931
286,846,48,1180
648,107,871,1626
736,765,276,1777
275,860,792,1927
410,727,64,1201
429,518,511,1458
319,707,444,1470
71,488,462,1021
294,343,640,1277
114,430,688,1232
377,978,46,1401
705,907,581,2193
429,987,332,1748
508,129,805,1442
796,986,857,2639
215,785,3,1003
737,717,734,2188
1,813,469,1283
162,634,886,1682
471,216,345,1032
150,423,372,945
801,910,576,2287
669,251,60,980
310,63,441,814
655,8,23,686
48,998,996,2042
320,702,27,1049
771,723,346,1840
63,41,975,1079
932,548,855,2335
184,733,470,1387
575,324,419,1318
971,432,111,1514
161,612,13,786
805,703,48,1556
932,144,169,1245
767,14,381,1162
661,705,570,1936
794,877,643,2314
5,149,769,923
856,989,949,2794
636,4,196,836
473,525,809,1807
549,93,511,1153
7,843,925,1775
333,585,619,1537
601,535,686,1822
661,257,239,1157
984,588,15,1587
607,767,766,2140
820,221,13,1054
677,646,561,1884
173,888,8,1069
476,145,971,1592
799,780,607,2186
973,238,465,1676
157,631,292,1080
66,97,845,1008
190,190,438,818
671,669,921,2261
742,736,719,2197
288,228,394,910
757,948,546,2251
827,40,672,1539
779,853,632,2264
543,202,9,754
527,495,968,1990
724,371,162,1257
851,243,745,1839
469,722,112,1303
442,149,649,1240
303,549,875,1727
714,453,621,1788
571,895,554,2020
21,732,683,1436
62,203,737,1002
163,872,676,1711
68,496,826,1390
3,975,341,1319
723,588,445,1756
96,750,150,996
184,881,140,1205
447,184,992,1623
318,133,1000,1451
978,974,410,2362
943,715,419,2077
21,311,397,729
355,185,767,1307
137,318,952,1407
510,331,749,1590
75,768,400,1243
482,403,914,1799
442,141,412,995
460,945,23,1428
670,808,168,1646
370,882,30,1282
34,988,594,1616
977,468,494,1939
528,148,643,1319
798,522,641,1961
143,438,709,1290
198,421,251,870
770,761,241,1772
638,397,323,1358
406,557,178,1141
956,204,431,1591
231,761,883,1875
447,476,761,1684
631,203,182,1016
77,566,453,1096
243,325,930,1498
26,294,649,969
311,840,68,1219
530,300,812,1642
597,266,677,1540
671,934,191,1796
231,642,479,1352
877,351,484,1712
133,336,84,553
527,971,332,1830
801,643,162,1606
355,622,754,1731
709,302,900,1911
882,593,158,1633
264,756,620,1640
736,611,655,2002
300,329,83,712
366,867,95,1328
521,847,697,2065
320,305,583,1208
666,493,762,1921
622,99,565,1286
908,918,146,1972
305,82,886,1273
882,247,895,2024
62,664,171,897
988,543,681,2212
675,754,659,2088
609,379,668,1656
491,399,516,1406
41,190,826,1057
763,452,375,1590
967,532,661,2160
445,283,182,910
882,12,373,1267
579,604,937,2120
524,613,827,1964
84,704,476,1264
63,679,154,896
822,799,632,2253
321,688,790,1799
891,380,286,1557
781,730,537,2048
529,101,121,751
584,253,420,1257
223,202,451,876
522,330,206,1058
329,531,263,1123
102,991,917,2010
274,516,162,952
202,634,526,1362
904,159,854,1917
739,596,264,1599
625,619,818,2062
778,29,561,1368
999,415,703,2117
612,825,58,1495
830,772,250,1852
274,352,255,881
129,231,547,907
408,335,933,1676
13,829,914,1756
470,91,299,860
198,840,609,1647
433,291,726,1450
306,130,619,1055
471,510,760,1741
647,209,220,1076
487,290,396,1173
207,445,524,1176
308,927,585,1820
326,124,905,1355
118,532,659,1309
774,864,405,2043
11,749,643,1403
693,496,742,1931
7,154,296,457
997,879,621,2497
285,997,359,1641
605,56,764,1425
364,231,436,1031
430,537,834,1801
311,42,757,1110
422,689,726,1837
109,485,359,953
939,592,444,1975
188,129,795,1112
200,596,373,1169
927,509,627,2063
171,576,75,822
678,822,250,1750
737,364,121,1222
748,454,441,1643
85,789,784,1658
522,537,176,1235
448,26,566,1040
48,947,969,1964
72,623,563,1258
568,243,263,1074
610,656,154,1420
478,300,296,1074
952,418,711,2081
5,172,34,211
821,463,13,1297
59,328,270,657
563,394,13,970
845,71,759,1675
63,6,72,141
261,850,238,1349
845,741,366,1952
292,437,320,1049
808,496,469,1773
634,588,558,1780
39,585,118,742
524,717,349,1590
83,546,617,1246
404,507,343,1254
601,806,611,2018
238,578,764,1580
524,971,51,1546
558,254,65,877
161,58,426,645
27,462,833,1322
234,943,667,1844
28,569,64,661
364,703,297,1364
906,2,854,1762
808,937,352,2097
939,375,549,1863
734,439,87,1260
691,344,281,1316
732,609,119,1460
45,986,382,1413
856,584,795,2235
349,547,706,1602
253,472,264,989
29,991,230,1250
995,12,653,1660
281,95,678,1054
230,544,999,1773
531,221,727,1479
770,264,117,1151
821,603,388,1812
142,989,100,1231
405,169,926,1500
753,190,340,1283
942,205,260,1407
256,496,546,1298
525,923,677,2125
373,795,145,1313
276,617,487,1380
318,0,938,1256
865,413,913,2191
776,955,377,2108
431,885,869,2185
560,811,400,1771
218,603,582,1403
280,620,973,1873
944,798,92,1834
56,492,511,1059
311,869,244,1424
33,868,497,1398
953,785,305,2043
747,564,176,1487
760,373,503,1636
226,288,499,1013
286,920,340,1546
80,3,912,995
909,405,811,2125
955,305,819,2079
446,750,62,1258
895,728,293,1916
289,265,313,867
935,410,324,1669
550,204,244,998
605,366,971,1942
91,489,299,879
427,771,695,1893
62,858,920,1840
844,462,236,1542
142,351,484,977
783,587,719,2089
816,537,232,1585
398,471,678,1547
701,278,935,1914
175,138,37,350
39,49,792,880
405,374,363,1142
353,104,78,535
148,656,902,1706
222,823,966,2011
649,803,690,2142
644,925,239,1808
944,717,231,1892
84,219,815,1118
421,238,571,1230
56,149,435,640
688,919,94,1701
751,221,905,1877
319,529,10,858
493,589,820,1902
429,963,977,2369
699,714,485,1898
121,850,363,1334
760,551,417,1728
305,566,706,1577
916,691,326,1933
752,978,831,2561
315,168,990,1473
311,707,883,1901
137,508,463,1108
314,940,952,2206
283,898,406,1587
557,926,616,2099
34,49,965,1048
807,496,192,1495
438,290,761,1489
653,772,937,2362
587,827,523,1937
464,571,670,1705
1000,775,766,2541
413,299,170,882
575,833,248,1656
659,930,722,2311
221,606,113,940
372,947,15,1334
578,792,959,2329
796,209,37,1042
265,305,119,689
674,76,182,932
90,480,625,1195
144,341,448,933
27,470,115,612
489,569,559,1617
611,366,667,1644
930,589,56,1575
683,678,670,2031
666,588,809,2063
763,726,441,1930
427,593,510,1530
571,440,242,1253
274,396,546,1216
791,287,315,1393
998,802,941,2741
32,13,435,480
130,0,634,764
9,510,108,627
418,858,44,1320
165,215,370,750
619,70,465,1154
2,150,944,1096
800,898,7,1705
983,590,348,1921
566,646,137,1349
974,935,467,2376
749,605,828,2182
691,655,547,1893
707,837,203,1747
834,150,693,1677
190,636,550,1376
352,357,943,1652
13,715,251,979
123,746,540,1409
286,745,168,1199
147,617,451,1215
472,517,331,1320
88,269,229,586
875,502,150,1527
820,500,15,1335
89,570,364,1023
611,535,51,1197
226,754,633,1613
956,625,473,2054
605,936,100,1641
177,447,637,1261
634,98,704,1436
701,963,300,1964
838,431,267,1536
235,924,196,1355
812,465,343,1620
623,481,511,1615
436,326,845,1607
651,440,727,1818
20,129,598,747
716,731,570,2017
21,746,171,938
1,881,172,1054
722,775,412,1909
797,139,580,1516
102,482,19,603
679,545,731,1955
927,346,680,1953
530,182,732,1444
506,727,635,1868
209,551,290,1050
744,223,749,1716
828,483,500,1811
812,173,157,1142
224,846,577,1647
409,458,525,1392
951,767,180,1898
83,869,462,1414
880,809,393,2082
731,873,986,2590
381,633,639,1653
974,183,350,1507
111,667,26,804
162,866,555,1583
238,454,723,1415
329,356,644,1329
759,29,149,937
786,177,273,1236
40,532,582,1154
249,31,965,1245
883,926,516,2325
361,454,190,1005
319,494,175,988
664,378,40,1082
707,212,916,1835
849,467,185,1501
186,643,3,832
761,44,151,956
846,140,302,1288
523,768,531,1822
424,414,60,898
938,241,431,1610
53,205,594,852
468,209,776,1453
791,746,427,1964
871,268,792,1931
706,679,123,1508
68,660,218,946
769,563,950,2282
101,310,4,415
268,900,448,1616
528,658,653,1839
731,763,218,1712
360,205,606,1171
945,542,895,2382
605,294,420,1319
940,921,980,2841
594,910,323,1827
393,790,103,1286
157,903,738,1798
160,487,242,889
57,646,336,1039
643,754,795,2192
161,963,71,1195
892,336,104,1332
391,44,596,1031
922,694,916,2532
853,494,752,2099
368,909,531,1808
622,981,477,2080
30,794,191,1015
210,460,773,1443
71,500,416,987
256,551,131,938
782,562,740,2084
65,79,909,1053
664,341,670,1675
25,809,290,1124
33,502,831,1366
876,505,487,1868
620,52,288,960
388,152,6,546
405,882,826,2113
423,51,967,1441
439,75,628,1142
897,134,855,1886
42,207,922,1171
528,467,239,1234
869,294,433,1596
897,205,141,1243
81,85,771,937
646,172,989,1807
74,211,89,374
674,136,96,906
643,248,518,1409
502,219,140,861
53,142,865,1060
546,302,939,1787
173,556,887,1616
163,198,862,1223
299,440,49,788
368,538,834,1740
921,828,519,2268
735,329,51,1115
915,377,579,1871
97,639,444,1180
498,952,187,1637
11,365,656,1032
369,518,793,1680
236,979,611,1826
970,386,468,1824
822,263,290,1375
394,666,655,1715
150,71,30,251
948,701,837,2486
34,583,214,831
250,410,72,732
894,875,232,2001
990,891,399,2280
565,184,32,781
132,135,923,1190
720,41,737,1498
999,376,430,1805
146,351,789,1286
911,647,130,1688
764,943,628,2335
297,530,649,1476
335,331,50,716
293,841,587,1721
428,856,664,1948
740,925,605,2270
874,633,124,1631
688,489,324,1501
994,652,594,2240
870,190,494,1554
177,261,31,469
165,172,142,479
949,771,130,1850
886,546,212,1644
865,132,929,1926
52,939,215,1206
428,973,339,1740
793,457,648,1898
866,157,457,1480
412,308,711,1431
250,837,46,1133
418,565,884,1867
841,790,908,2539
930,256,460,1646
962,666,703,2331
316,777,352,1445
332,268,738,1338
607,846,49,1502
238,127,33,398
890,235,538,1663
372,114,138,624
339,814,426,1579
507,135,724,1366
551,375,74,1000
404,387,825,1616
227,120,481,828
800,75,252,1127
838,357,539,1734
817,556,356,1729
745,383,904,2032
99,158,494,751
981,338,545,1864
850,278,323,1451
222,620,390,1232
745,968,931,2644
180,607,854,1641
549,979,439,1967
964,608,934,2506
577,664,733,1974
888,550,63,1501
241,791,74,1106
956,529,831,2316
807,603,927,2337
567,997,916,2480
916,130,376,1422
272,246,786,1304
201,853,244,1298
607,589,771,1967
530,793,210,1533
838,994,748,2580
368,305,854,1527
289,848,534,1671
567,417,125,1109
491,749,379,1619
181,59,628,868
440,828,337,1605
662,576,148,1386
513,115,234,862
819,617,542,1978
705,19,938,1662
470,723,8,1201
960,486,186,1632
831,1,261,1093
766,900,573,2239
57,464,24,545
118,533,503,1154
170,404,132,706
902,712,516,2130
981,395,950,2326
365,842,634,1841
381,883,504,1768
530,118,67,715
861,737,307,1905
932,792,263,1987
255,225,543,1023
923,228,715,1866
770,657,108,1535
326,718,401,1445
491,540,270,1301
799,910,768,2477
255,429,197,881
906,87,100,1093
845,771,250,1866
223,896,120,1239
486,964,987,2437
641,353,711,1705
362,338,90,790
943,545,835,2323
248,792,983,2023
130,988,48,1166
525,846,568,1939
168,700,103,971
628,159,215,1002
509,270,191,970
921,128,60,1109
792,125,233,1150
704,381,952,2037
57,90,60,207
887,890,337,2114
901,620,181,1702
221,374,937,1532
457,480,617,1554
91,583,569,1243
626,494,1,1121
290,556,644,1490
865,695,0,1560
586,533,85,1204
564,57,154,775
679,281,888,1848
938,964,852,2754
623,25,360,1008
478,819,243,1540
940,576,512,2028
619,55,354,1028
664,27,788,1479
965,50,53,1068
377,937,888,2202
937,880,70,1887
962,506,311,1779
839,293,820,1952
158,497,661,1316
283,245,896,1424
462,72,903,1437
428,598,433,1459
819,334,963,2116
923,92,947,1962
299,998,916,2213
933,54,454,1441
736,953,907,2596
531,885,178,1594
583,648,255,1486
337,697,320,1354
816,322,859,1997
578,429,151,1158
487,833,641,1961
234,736,975,1945
682,716,355,1753
238,5,991,1234
123,612,653,1388
709,22,55,786
459,573,253,1285
889,129,698,1716
213,924,201,1338
598,721,351,1670
611,326,329,1266
396,351,807,1554
373,455,831,1659
18,533,423,974
582,267,633,1482
601,220,613,1434
542,617,80,1239
578,583,371,1532
60,819,321,1200
820,328,385,1533
334,235,724,1293
98,890,648,1636
946,557,682,2185
829,879,78,1786
161,692,700,1553
769,78,241,1088
39,79,319,437
866,788,961,2615
227,807,807,1841
80,498,99,677
841,230,766,1837
287,558,771,1616
247,655,307,1209
513,688,556,1757
951,411,872,2234
113,692,193,998
605,828,157,1590
506,115,514,1135
96,50,700,846
441,516,685,1642
638,895,784,2317
707,585,651,1943
697,873,903,2473
221,725,480,1426
25,712,386,1123
432,167,551,1150
855,681,728,2264
101,459,53,613
461,410,387,1258
646,901,907,2454
140,968,538,1646
213,323,943,1479
330,865,682,1877
298,501,510,1309
103,303,698,1104
519,227,522,1268
589,486,877,1952
960,179,351,1490
309,656,862,1827
303,961,637,1901
97,386,219,702
654,992,702,2348
376,175,745,1296
267,721,39,1027
650,934,425,2009
376,270,29,675
117,249,971,1337
758,787,810,2355
880,120,663,1663
188,149,545,882
739,377,374,1490
834,603,530,1967
780,729,128,1637
693,57,245,995
635,424,292,1351
251,367,734,1352
696,709,710,2115
621,251,720,1592
631,190,753,1574
224,999,668,1891
735,408,534,1677
34,441,312,787
13,901,894,1808
350,101,458,909
488,769,281,1538
515,201,534,1250
124,248,620,992
146,970,391,1507
548,617,405,1570
352,1000,833,2185
544,152,552,1248
987,910,138,2035
7,149,288,444
662,46,472,1180
759,164,718,1641
336,250,949,1535
209,448,533,1190
238,296,151,685
329,332,424,1085
662,952,841,2455
368,35,5,408
217,821,966,2004
888,412,866,2166
849,865,438,2152
130,137,679,946
430,528,584,1542
300,101,342,743
119,807,104,1030
373,565,899,1837
75,15,980,1070
937,98,840,1875
938,991,789,2718
793,127,517,1437
724,388,42,1154
382,284,708,1374
763,218,677,1658
401,726,276,1403
386,787,282,1455
713,406,57,1176
506,848,377,1731
21,290,489,800
669,512,3,1184
1000,263,20,1283
300,963,264,1527
384,615,97,1096
942,724,162,1828
759,746,107,1612
269,141,563,973
71,122,247,440
854,157,740,1751
515,375,206,1096
447,879,773,2099
124,273,332,729
786,681,491,1958
9,102,32,143
723,276,287,1286
6,583,722,1311
546,214,478,1238
696,16,554,1266
44,84,164,292
691,420,419,1530
4,349,767,1120
276,244,935,1455
240,429,490,1159
862,783,605,2250
237,142,482,861
863,282,646,1791
202,771,451,1424
808,77,924,1809
442,734,421,1597
240,659,201,1100
529,892,994,2415
878,646,380,1904
500,576,389,1465
412,856,319,1587
581,999,273,1853
836,869,62,1767
235,434,217,886
443,85,563,1091
553,251,840,1644
28,504,56,588
24,420,9,453
205,356,352,913
36,656,203,895
386,344,44,774
1,161,575,737
11,384,348,743
870,150,397,1417
962,665,920,2547
839,62,787,1688
863,707,836,2406
355,246,267,868
202,966,431,1599
956,517,768,2241
74,208,192,474
585,975,460,2020
926,769,383,2078
420,898,142,1460
135,252,848,1235
615,253,11,879
809,909,559,2277
894,698,364,1956
417,399,245,1061
620,700,954,2274
834,234,439,1507
603,330,652,1585
601,703,226,1530
816,752,933,2501
214,157,844,1215
327,496,431,1254
179,475,703,1357
830,712,135,1677
186,708,244,1138
769,499,615,1883
690,768,103,1561
276,395,422,1093
455,454,634,1543
800,94,409,1303
416,417,247,1080
141,379,547,1067
979,506,252,1737
872,269,909,2050
101,414,80,595
676,871,775,2322
202,191,79,472
550,128,693,1371
602,528,499,1629
856,993,413,2262
421,755,482,1658
681,612,517,1810
299,412,502,1213
165,743,833,1741
480,53,827,1360
740,89,207,1036
330,322,402,1054
704,742,275,1721
583,983,869,2435
304,791,357,1452
846,225,740,1811
567,963,777,2307
684,762,259,1705
333,370,49,752
365,134,372,871
435,794,315,1544
784,42,678,1504
597,370,170,1137
797,648,506,1951
10,1,545,556
185,232,930,1347
824,319,747,1890
366,84,591,1041
546,354,772,1672
960,930,815,2705
838,851,531,2220
294,418,759,1471
806,523,358,1687
927,10,581,1518
850,236,365,1451
879,810,112,1801
520,567,166,1253
107,202,864,1173
57,803,723,1583
980,15,545,1540
783,456,104,1343
378,197,431,1006
273,976,890,2139
826,70,339,1235
395,71,311,777
764,415,79,1258
210,718,7,935
861,786,965,2612
685,41,81,807
99,928,278,1305
658,903,595,2156
30,684,237,951
573,400,433,1406
892,579,247,1718
861,662,769,2292
59,420,333,812
625,405,974,2004
558,585,180,1323
949,281,302,1532
301,709,908,1918
571,269,568,1408
957,924,493,2374
944,256,266,1466
267,370,828,1465
340,197,875,1412
254,103,658,1015
440,814,429,1683
221,567,792,1580
108,280,640,1028
855,704,1000,2559
369,717,581,1667
981,728,339,2048
220,723,973,1916
819,105,462,1386
827,371,930,2128
537,528,506,1571
7,366,105,478
159,732,837,1728
307,635,363,1305
242,965,294,1501
736,11,416,1163
850,632,891,2373
440,495,895,1830
443,891,479,1813
836,582,367,1785
140,472,375,987
550,879,492,1921
572,957,705,2234
839,487,609,1935
753,674,978,2405
357,85,813,1255
651,802,162,1615
880,97,97,1074
113,824,98,1035
140,89,101,330
754,313,756,1823
68,784,520,1372
970,378,827,2175
108,1,64,173
77,999,708,1784
516,288,924,1728
308,143,525,976
16,304,781,1101
538,177,296,1011
645,281,289,1215
789,808,841,2438
783,779,176,1738
609,105,374,1088
625,497,869,1991
564,959,715,2238
422,167,99,688
376,7,716,1099
66,732,187,985
924,449,879,2252
776,201,756,1733
890,271,770,1931
192,223,338,753
447,6,363,816
401,107,22,530
634,855,776,2265
175,786,525,1486
219,399,923,1541
692,507,495,1694
489,340,395,1224
54,885,443,1382
116,303,656,1075
337,785,656,1778
902,147,988,2037
35,897,743,1675
23,548,972,1543
754,14,218,986
864,200,457,1521
743,624,749,2116
80,536,351,967
657,379,222,1258
275,323,2,600
715,896,88,1699
237,14,82,333
544,866,228,1638
551,992,523,2066
852,659,483,1994
598,362,456,1416
14,930,401,1345
681,797,256,1734
874,526,442,1842
28,593,47,668
379,47,115,541
937,807,108,1852
34,751,518,1303
442,336,303,1081
719,376,291,1386
604,402,724,1730
981,861,42,1884
628,354,576,1558
686,410,728,1824
730,156,222,1108
859,475,680,2014
769,721,838,2328
323,598,752,1673
734,429,887,2050
984,372,336,1692
341,124,612,1077
977,954,284,2215
204,533,923,1660
55,813,635,1503
796,309,128,1233
891,622,79,1592
159,400,929,1488
23,900,527,1450
165,314,156,635
876,943,377,2196
860,859,188,1907
800,526,21,1347
95,214,1,310
83,212,302,597
91,125,108,324
934,437,43,1414
310,316,776,1402
342,374,570,1286
354,938,997,2289
103,516,467,1086
494,191,259,944
894,785,557,2236
517,56,258,831
686,835,78,1599
111,281,9,401
683,45,940,1668
93,718,496,1307
274,37,37,348
166,102,379,647
549,93,342,984
838,896,920,2654
966,464,213,1643
126,577,432,1135
170,208,394,772
91,94,431,616
91,556,579,1226
62,775,156,993
841,40,428,1309
822,179,286,1287
550,127,209,886
359,41,190,590
946,231,882,2059
451,612,589,1652
573,209,589,1371
127,857,961,1945
867,395,674,1936
1,141,112,254
950,793,462,2205
778,787,156,1721
222,28,135,385
715,373,676,1764
328,388,931,1647
984,498,599,2081
965,99,971,2035
554,454,427,1435
555,723,880,2158
430,259,544,1233
248,436,56,740
591,542,107,1240
93,988,981,2062
140,589,973,1702
300,46,136,482
477,297,371,1145
664,448,879,1991
12,560,890,1462
937,997,585,2519
961,785,749,2495
743,751,735,2229
724,705,883,2312
430,122,702,1254
836,672,467,1975
911,952,852,2715
920,266,818,2004
194,917,310,1421
174,231,517,922
690,706,682,2078
751,799,708,2258
252,983,718,1953
395,933,224,1552
479,24,724,1227
103,256,199,558
969,560,666,2195
328,678,40,1046
995,56,627,1678
94,385,364,843
851,849,584,2284
966,3,621,1590
973,922,870,2765
914,1000,406,2320
258,827,360,1445
330,8,293,631
197,989,255,1441
86,438,255,779
569,777,932,2278
216,683,964,1863
250,214,437,901
93,691,698,1482
934,961,314,2209
682,252,658,1592
770,823,97,1690
447,470,492,1409
1,626,394,1021
321,510,535,1366
376,372,923,1671
724,594,552,1870
77,292,92,461
425,265,402,1092
59,62,604,725
806,912,301,2019
441,607,944,1992
225,818,201,1244
221,197,409,827
565,677,527,1769
695,413,913,2021
228,763,118,1109
552,626,649,1827
12,112,771,895
208,175,768,1151
958,207,651,1816
321,271,411,1003
460,876,608,1944
997,191,747,1935
348,325,60,733
555,763,176,1494
756,483,483,1722
973,884,597,2454
839,166,947,1952
131,359,299,789
760,625,13,1398
299,969,317,1585
390,842,896,2128
764,602,91,1457
218,754,954,1926
817,608,694,2119
528,722,338,1588
709,177,570,1456
692,69,740,1501
786,559,319,1664
321,852,350,1523
244,565,755,1564
849,441,566,1856
356,48,741,1145
638,393,33,1064
192,107,490,789
941,57,668,1666
589,144,329,1062
89,326,160,575
612,517,845,1974
121,308,762,1191
214,312,751,1277
366,153,73,592
373,343,538,1254
404,175,747,1326
868,401,29,1298
667,216,342,1225
569,30,196,795
133,994,140,1267
57,763,391,1211
269,408,968,1645
796,156,21,973
340,154,407,901
875,500,872,2247
487,628,740,1855
782,454,118,1354
74,797,769,1640
512,701,520,1733
82,164,616,862
256,977,512,1745
50,668,148,866
645,927,530,2102
571,421,286,1278
731,699,173,1603
154,111,810,1075
486,984,249,1719
850,969,523,2342
617,754,65,1436
934,228,147,1309
44,805,996,1845
130,674,657,1461
973,910,959,2842
415,261,632,1308
49,244,150,443
639,510,539,1688
759,109,879,1747
795,863,699,2357
477,522,760,1759
618,91,210,919
797,411,331,1539
896,827,175,1898
477,629,618,1724
439,199,449,1087
359,248,816,1423
673,307,816,1796
327,825,16,1168
844,711,793,2348
696,394,737,1827
239,455,460,1154
540,494,319,1353
505,699,895,2099
823,434,965,2222
836,425,124,1385
309,405,405,1119
727,233,169,1129
133,25,220,378
751,456,23,1230
954,171,584,1709
994,200,745,1939
415,98,430,943
832,782,620,2234
811,767,731,2309
616,685,687,1988
533,719,879,2131
243,112,689,1044
136,877,904,1917
56,372,225,653
961,469,803,2233
292,403,505,1200
697,671,953,2321
669,402,585,1656
854,298,628,1780
665,211,330,1206
541,792,488,1821
722,27,20,769
603,423,492,1518
331,112,566,1009
750,894,749,2393
331,285,623,1239
324,863,910,2097
775,606,924,2305
882,967,986,2835
201,122,784,1107
466,715,51,1232
726,20,95,841
289,519,388,1196
816,862,205,1883
42,118,424,584
57,886,365,1308
12,481,47,540
252,821,308,1381
746,599,856,2201
92,800,768,1660
893,889,250,2032
614,835,283,1732
341,296,167,804
107,222,257,586
382,988,862,2232
688,673,775,2136
808,29,663,1500
19,925,80,1024
819,587,379,1785
269,692,960,1921
317,842,712,1871
487,164,118,769
211,177,792,1180
682,425,192,1299
816,30,278,1124
98,990,520,1608
195,453,745,1393
800,436,575,1811
969,557,210,1736
58,153,832,1043
760,159,781,1700
170,772,445,1387
491,766,839,2096
809,971,645,2425
395,67,449,911
279,153,181,613
836,598,277,1711
285,926,406,1617
149,973,746,1868
27,6,276,309
200,143,903,1246
741,940,684,2365
192,190,675,1057
585,679,418,1682
748,551,75,1374
239,61,341,641
31,833,414,1278
245,427,20,692
529,83,114,726
677,772,511,1960
610,743,402,1755
118,686,588,1392
805,673,526,2004
571,556,991,2118
624,554,159,1337
421,93,273,787
378,883,287,1548
131,91,862,1084
767,664,814,2245
999,88,332,1419
502,878,403,1783
242,633,943,1818
281,366,431,1078
2,442,546,990
955,664,716,2335
533,921,327,1781
595,278,560,1433
625,435,209,1269
336,870,308,1514
998,693,600,2291
451,372,631,1454
246,310,410,966
123,789,378,1290
507,51,610,1168
594,487,861,1942
117,890,354,1361
940,745,976,2661
801,473,62,1336
754,230,509,1493
555,752,30,1337
390,993,129,1512
658,758,651,2067
146,183,257,586
861,925,753,2539
293,928,103,1324
654,209,978,1841
875,240,399,1514
848,157,864,1869
125,724,357,1206
482,396,414,1292
701,622,432,1755
813,894,302,2009
437,988,924,2349
962,954,549,2465
888,660,723,2271
661,140,780,1581
144,565,888,1597
609,609,835,2053
797,363,77,1237
327,746,308,1381
619,447,48,1114
703,288,228,1219
397,199,681,1277
821,141,422,1384
847,482,975,2304
230,599,127,956
920,314,30,1264
302,495,157,954
111,206,668,985
953,388,264,1605
404,760,784,1948
943,370,513,1826
863,485,396,1744
483,995,326,1804
956,661,218,1835
185,594,984,1763
471,195,530,1196
375,800,894,2069
365,690,137,1192
307,351,365,1023
388,18,17,423
347,349,204,900
654,846,508,2008
628,67,973,1668
961,752,978,2691
379,170,130,679
572,234,799,1605
832,505,769,2106
277,741,703,1721
484,262,8,754
826,618,991,2435
579,460,535,1574
414,287,750,1451
754,29,672,1455
152,422,567,1141
4,779,297,1080
949,178,169,1296
274,853,504,1631
496,722,64,1282
341,806,110,1257
331,604,922,1857
856,419,90,1365
922,461,214,1597
573,482,433,1488
647,276,789,1712
943,923,882,2748
188,450,749,1387
573,753,877,2203
491,966,813,2270
861,335,664,1860
700,220,384,1304
851,260,224,1335
565,880,809,2254
449,740,853,2042
92,225,521,838
193,183,364,740
30,669,240,939
60,654,921,1635
406,471,240,1117
4,278,384,666
136,754,136,1026
523,10,925,1458
386,204,168,758
577,818,156,1551
914,471,385,1770
97,909,826,1832
421,998,486,1905
366,443,683,1492
569,613,902,2084
295,261,272,828
620,478,869,1967
455,106,819,1380
571,328,148,1047
917,494,901,2312
261,642,276,1179
80,956,414,1450
408,458,751,1617
592,90,873,1555
959,862,938,2759
555,209,726,1490
1000,819,86,1905
699,641,472,1812
23,169,662,854
631,7,753,1391
306,692,159,1157
250,1,504,755
565,330,210,1105
445,662,140,1247
250,648,898,1796
375,838,463,1676
344,815,631,1790
565,392,287,1244
662,894,516,2072
587,916,487,1990
272,948,501,1721
432,225,72,729
372,118,623,1113
481,417,821,1719
884,999,282,2165
589,137,212,938
390,647,790,1827
942,670,264,1876
751,919,360,2030
845,940,726,2511
694,267,87,1048
214,258,409,881
863,12,865,1740
525,996,995,2516
97,384,215,696
488,795,780,2063
936,88,835,1859
503,511,486,1500
561,685,681,1927
543,17,263,823
173,775,427,1375
975,275,859,2109
431,949,389,1769
24,278,407,709
937,986,956,2879
146,617,154,917
982,810,281,2073
857,57,206,1120
906,904,70,1880
739,114,84,937
782,564,767,2113
575,584,696,1855
625,270,495,1390
788,133,678,1599
201,433,49,683
687,191,767,1645
713,187,252,1152
421,980,112,1513
695,94,662,1451
84,458,556,1098
550,904,808,2262
592,347,261,1200
850,368,170,1388
216,206,812,1234
9,26,52,87
749,706,316,1771
323,181,71,575
602,337,147,1086
604,755,534,1893
312,241,190,743
6,897,510,1413
611,347,444,1402
126,100,12,238
435,888,815,2138
85,906,193,1184
860,333,923,2116
870,704,4,1578
844,716,966,2526
419,77,104,600
725,339,674,1738
612,928,772,2312
106,445,582,1133
498,851,814,2163
639,954,250,1843
925,758,693,2376
726,578,147,1451
228,690,284,1202
427,767,110,1304
93,831,431,1355
804,363,677,1844
550,177,676,1403
637,976,986,2599
668,939,88,1695
194,780,897,1871
298,765,724,1787
711,758,145,1614
770,530,292,1592
770,847,879,2496
657,580,759,1996
920,378,455,1753
422,41,354,817
737,564,636,1937
522,793,708,2023
82,834,473,1389
894,677,949,2520
217,576,262,1055
625,912,208,1745
250,946,670,1866
379,362,239,980
297,924,277,1498
445,106,485,1036
320,585,40,945
854,901,536,2291
624,184,837,1645
891,743,598,2232
573,665,440,1678
835,174,941,1950
836,737,573,2146
266,283,652,1201
853,331,724,1908
277,277,166,720
366,806,437,1609
795,661,897,2353
173,344,899,1416
435,27,586,1048
263,936,333,1532
550,41,139,730
248,274,910,1432
411,943,837,2191
793,230,771,1794
782,754,92,1628
885,146,84,1115
104,350,750,1204
872,220,612,1704
103,658,623,1384
693,905,122,1720
189,722,960,1871
285,228,964,1477
300,720,658,1678
269,271,612,1152
917,557,505,1979
929,129,595,1653
503,299,785,1587
165,988,671,1824
134,65,158,357
231,607,918,1756
480,54,354,888
387,152,42,581
587,322,135,1044
572,20,961,1553
134,601,665,1400
401,913,969,2283
101,409,618,1128
527,871,823,2221
697,166,928,1791
58,490,471,1019
755,404,607,1766
6,787,399,1192
685,864,717,2266
731,459,1000,2190
807,656,527,1990
998,953,152,2103
562,871,384,1817
265,0,347,612
721,712,168,1601
665,812,118,1595
155,525,796,1476
869,519,513,1901
111,291,265,667
119,958,501,1578
220,739,81,1040
311,113,9,433
166,382,355,903
992,474,18,1484
435,813,775,2023
919,460,721,2100
583,566,16,1165
616,741,20,1377
430,588,561,1579
471,676,135,1282
79,358,498,935
303,159,0,462
726,447,129,1302
621,547,57,1225
591,895,73,1559
19,704,453,1176
926,386,704,2016
904,278,590,1772
144,223,125,492
344,839,440,1623
737,746,474,1957
0,960,228,1188
640,10,791,1441
963,416,631,2010
775,495,454,1724
454,342,460,1256
270,769,908,1947
223,193,482,898
945,366,873,2184
477,334,721,1532
354,170,729,1253
419,732,699,1850
517,238,395,1150
232,210,967,1409
99,835,42,976
46,10,177,233
510,443,521,1474
943,880,495,2318
301,47,916,1264
603,51,968,1622
159,553,167,879
903,209,160,1272
41,184,531,756
96,736,124,956
648,633,474,1755
373,857,825,2055
100,363,134,597
983,295,741,2019
25,997,125,1147
297,383,22,702
657,558,868,2083
100,576,403,1079
86,492,165,743
546,241,821,1608
473,703,692,1868
550,335,801,1686
210,259,264,733
996,680,687,2363
142,277,221,640
337,41,636,1014
912,881,463,2256
650,452,464,1566
636,358,476,1470
485,621,136,1242
186,246,865,1297
9,234,281,524
292,558,989,1839
708,571,510,1789
542,687,916,2145
471,928,643,2042
168,403,295,866
847,528,858,2233
942,26,823,1791
105,769,781,1655
653,334,678,1665
737,754,990,2481
216,548,34,798
192,176,784,1152
95,80,63,238
924,512,664,2100
958,529,743,2230
907,318,54,1279
918,777,452,2147
865,109,67,1041
186,64,23,273
967,771,122,1860
320,770,541,1631
612,595,279,1486
325,381,906,1612
234,138,674,1046
490,367,630,1487
488,915,693,2096
702,570,523,1795
497,585,393,1475
971,949,891,2811
886,663,765,2314
34,824,935,1793
531,85,921,1537
267,203,674,1144
343,400,960,1703
452,634,641,1727
206,658,920,1784
49,446,692,1187
120,9,600,729
329,814,324,1467
124,420,702,1246
559,71,911,1541
207,186,822,1215
497,735,40,1272
912,547,888,2347
998,185,222,1405
243,160,263,666
528,618,472,1618
223,923,625,1771
917,272,142,1331
663,790,879,2332
715,611,190,1516
118,507,154,779
980,718,497,2195
296,5,417,718
222,591,62,875
713,216,109,1038
626,712,677,2015
93,290,811,1194
871,982,325,2178
884,599,314,1797
880,247,618,1745
936,563,200,1699
372,237,786,1395
239,521,330,1090
668,815,648,2131
471,286,243,1000
453,992,449,1894
539,607,581,1727
952,639,118,1709
58,918,830,1806
466,161,826,1453
287,958,803,2048
539,786,474,1799
772,894,141,1807
859,855,533,2247
23,856,700,1579
89,602,557,1248
709,958,442,2109
328,722,807,1857
963,33,656,1652
397,415,757,1569
342,982,401,1725
8,293,988,1289
103,388,432,923
768,930,210,1908
916,497,738,2151
555,666,411,1632
403,216,358,977
442,434,138,1014
549,95,506,1150
237,842,893,1972
560,219,549,1328
378,587,390,1355
194,54,239,487
165,520,945,1630
733,749,657,2139
721,98,807,1626
912,703,320,1935
45,703,401,1149
369,966,226,1561
504,975,211,1690
382,864,484,1730
761,882,28,1671
201,507,530,1238
416,303,491,1210
890,850,58,1798
462,529,10,1001
240,46,802,1088
936,795,134,1865
893,468,514,1875
817,644,547,2008
470,625,609,1704
627,509,68,1204
669,366,424,1459
332,52,805,1189
388,41,810,1239
402,405,551,1358
697,882,290,1869
956,782,644,2382
217,433,360,1010
850,189,162,1201
739,175,228,1142
179,206,355,740
386,830,379,1595
227,420,512,1159
1,987,594,1582
521,407,425,1353
401,498,122,1021
623,642,883,2148
234,809,589,1632
282,40,349,671
445,722,44,1211
7,670,809,1486
17,667,52,736
73,672,846,1591
538,512,79,1129
52,690,666,1408
754,715,69,1538
702,949,261,1912
610,53,357,1020
696,159,878,1733
505,450,507,1462
175,945,537,1657
478,110,494,1082
965,777,632,2374
75,863,494,1432
725,703,523,1951
413,589,393,1395
600,833,395,1828
999,189,304,1492
2,337,288,627
722,157,541,1420
639,884,450,1973
398,26,582,1006
100,873,460,1433
556,25,886,1467
347,704,470,1521
857,841,955,2653
272,409,725,1406
877,717,132,1726
320,336,518,1174
354,318,648,1320
276,242,814,1332
31,523,13,567
920,104,601,1625
136,576,740,1452
30,643,681,1354
447,677,765,1889
227,320,443,990
417,137,348,902
291,42,144,477
155,515,969,1639
929,818,592,2339
608,558,841,2007
398,161,895,1454
251,176,149,576
757,427,882,2066
773,807,681,2261
909,92,951,1952
709,128,63,900
980,5,814,1799
520,704,192,1416
433,41,423,897
834,868,153,1855
668,210,61,939
546,48,792,1386
383,857,68,1308
24,619,811,1454
962,553,242,1757
423,840,739,2002
494,399,240,1133
830,10,213,1053
678,239,740,1657
120,50,598,768
82,605,153,840
878,386,70,1334
400,98,136,634
178,126,20,324
312,80,365,757
67,826,393,1286
574,868,303,1745
90,770,153,1013
956,639,42,1637
822,873,701,2396
695,601,141,1437
53,242,789,1084
402,116,527,1045
525,260,335,1120
556,919,110,1585
508,971,325,1804
250,710,920,1880
620,887,19,1526
519,894,537,1950
502,1,589,1092
112,142,355,609
794,796,769,2359
977,378,709,2064
12,189,421,622
372,215,927,1514
87,147,230,464
13,864,908,1785
547,838,380,1765
570,678,655,1903
676,293,100,1069
821,603,212,1636
493,32,406,931
308,590,697,1595
522,319,82,923
9,511,145,665
599,401,822,1822
796,347,296,1439
178,867,136,1181
73,972,866,1911
436,710,533,1679
583,474,673,1730
227,823,979,2029
975,737,532,2244
841,378,614,1833
506,487,756,1749
220,899,315,1434
592,729,544,1865
917,508,14,1439
635,605,837,2077
613,982,795,2390
322,298,115,735
50,438,822,1310
619,53,762,1434
818,220,763,1801
261,632,129,1022
512,847,612,1971
708,916,290,1914
740,812,334,1886
7,570,288,865
971,320,643,1934
936,954,861,2751
369,250,357,976
630,330,489,1449
574,13,479,1066
794,84,852,1730
219,332,639,1190
114,363,323,800
844,140,918,1902
933,485,495,1913
488,723,862,2073
216,217,77,510
558,901,372,1831
356,650,937,1943
469,373,135,977
774,815,811,2400
919,780,884,2583
267,825,607,1699
445,893,365,1703
501,974,835,2310
532,441,233,1206
752,411,545,1708
798,615,980,2393
679,659,368,1706
156,382,393,931
792,226,665,1683
561,396,733,1690
136,722,732,1590
648,158,575,1381
142,909,735,1786
720,518,10,1248
157,319,654,1130
524,332,939,1795
510,331,849,1690
392,802,177,1371
272,624,915,1811
803,331,154,1288
762,229,355,1346
270,267,744,1281
136,618,512,1266
621,175,543,1339
675,954,247,1876
608,960,843,2411
153,322,467,942
428,836,323,1587
27,972,805,1804
640,586,801,2027
633,453,256,1342
355,680,10,1045
176,911,703,1790
424,327,529,1280
588,427,826,1841
793,546,563,1902
225,988,717,1930
201,940,466,1607
818,943,122,1883
416,454,849,1719
743,43,210,996
19,82,214,315
136,547,728,1411
594,699,5,1298
356,23,264,643
242,676,914,1832
49,78,571,698
370,263,243,876
710,252,649,1611
817,212,661,1690
626,917,14,1557
156,4,600,760
58,0,0,58
775,522,78,1375
863,682,868,2413
640,449,457,1546
762,448,159,1369
621,771,719,2111
347,132,996,1475
83,541,444,1068
42,707,36,785
917,425,2,1344
289,425,686,1400
382,995,127,1504
664,531,622,1817
747,467,738,1952
922,298,138,1358
95,161,485,741
621,646,263,1530
736,869,259,1864
159,179,435,773
526,782,706,2014
719,447,745,1911
324,150,825,1299
295,214,681,1190
400,175,818,1393
91,801,202,1094
32,911,4,947
252,34,467,753
957,749,353,2059
585,904,406,1895
470,516,857,1843
94,647,147,888
642,175,648,1465
404,953,557,1914
13,14,447,474
2,312,620,934
43,111,157,311
462,256,982,1700
505,665,40,1210
172,821,461,1454
72,247,148,467
56,73,643,772
646,832,882,2360
269,42,304,615
750,26,431,1207
155,155,393,703
106,679,624,1409
391,372,91,854
591,37,839,1467
356,510,24,890
680,760,721,2161
440,836,45,1321
966,790,836,2592
353,207,396,956
726,185,50,961
998,889,209,2096
394,957,293,1644
974,146,585,1705
594,320,136,1050
189,659,908,1756
14,777,146,937
824,916,401,2141
396,818,544,1758
888,200,531,1619
905,672,432,2009
133,986,622,1741
724,474,61,1259
848,239,158,1245
989,269,999,2257
469,356,456,1281
440,456,712,1608
441,811,540,1792
157,742,126,1025
741,751,994,2486
407,431,50,888
949,737,778,2464
629,688,995,2312
769,494,348,1611
409,557,779,1745
242,435,232,909
341,428,665,1434
760,390,83,1233
657,993,881,2531
542,529,100,1171
424,335,807,1566
845,740,349,1934
176,685,658,1519
919,372,605,1896
365,723,216,1304
223,918,527,1668
993,118,287,1398
351,405,740,1496
352,173,789,1314
924,386,561,1871
861,446,781,2088
968,475,318,1761
865,504,485,1854
387,878,780,2045
150,980,365,1495
187,459,501,1147
150,562,809,1521
580,627,579,1786
108,968,382,1458
160,9,443,612
366,528,802,1696
529,405,954,1888
860,207,532,1599
480,732,573,1785
966,508,757,2231
991,401,749,2141
215,421,893,1529
912,771,391,2074
925,932,0,1857
271,341,702,1314
739,629,619,1987
443,180,781,1404
788,484,554,1826
217,564,104,885
106,581,765,1452
335,146,347,828
126,346,259,731
835,971,405,2211
87,748,958,1793
933,76,1000,2009
605,380,280,1265
959,17,12,988
723,172,656,1551
948,534,228,1710
69,614,517,1200
906,389,546,1841
185,320,663,1168
916,947,366,2229
124,175,979,1278
518,105,476,1099
301,920,523,1744
503,766,124,1393
739,578,445,1762
713,594,7,1314
24,114,985,1123
850,966,405,2221
715,592,193,1500
659,555,253,1467
911,596,882,2389
542,954,599,2095
95,723,124,942
342,503,659,1504
127,27,129,283
85,249,431,765
345,267,621,1233
197,441,382,1020
504,403,989,1896
105,729,868,1702
342,509,0,851
871,693,769,2333
293,299,21,613
668,606,383,1657
83,859,332,1274
82,480,193,755
93,838,812,1743
743,655,334,1732
16,64,650,730
650,484,460,1594
516,805,696,2017
835,896,725,2456
537,279,37,853
497,181,368,1046
207,945,685,1837
826,77,696,1599
976,153,860,1989
334,895,34,1263
389,17,495,901
640,884,437,1961
508,302,390,1200
541,610,591,1742
975,397,585,1957
159,206,4,369
211,364,17,592
281,305,782,1368
392,303,271,966
919,141,500,1560
89,308,569,966
437,505,36,978
353,473,284,1110
274,191,30,495
445,208,635,1288
765,190,115,1070
432,971,829,2232
886,63,694,1643
64,176,35,275
277,707,585,1569
720,754,14,1488
611,467,198,1276
212,89,109,410
917,34,700,1651
759,531,337,1627
134,384,735,1253
143,454,917,1514
560,263,240,1063
247,462,773,1482
359,743,572,1674
56,587,934,1577
936,313,116,1365
222,359,263,844
495,987,760,2242
47,440,989,1476
766,735,779,2280
946,246,172,1364
996,186,794,1976
218,15,787,1020
956,649,536,2141
908,863,18,1789
698,936,367,2001
284,441,832,1557
39,966,455,1460
677,388,139,1204
310,872,268,1450
709,505,189,1403
700,53,936,1689
379,813,87,1279
390,784,309,1483
478,743,893,2114
474,136,2,612
903,283,546,1732
813,452,280,1545
92,538,469,1099
865,86,387,1338
588,767,906,2261
809,693,211,1713
221,182,541,944
764,312,534,1610
761,918,525,2204
194,100,429,723
704,642,337,1683
455,544,860,1859
444,444,101,989
921,108,25,1054
560,594,49,1203
679,400,992,2071
679,869,295,1843
59,355,777,1191
797,655,424,1876
633,483,962,2078
860,916,743,2519
207,931,1,1139
966,53,482,1501
339,53,913,1305
909,215,180,1304
743,375,823,1941
838,920,128,1886
321,900,648,1869
183,730,55,968
319,924,939,2182
147,371,300,818
262,799,354,1415
617,251,876,1744
657,888,836,2381
615,12,425,1052
215,398,66,679
398,169,702,1269
674,460,517,1651
212,125,706,1043
489,949,760,2198
455,857,53,1365
917,880,245,2042
857,399,813,2069
363,758,592,1713
890,557,825,2272
461,761,844,2066
238,129,826,1193
420,362,402,1184
162,503,474,1139
543,945,415,1903
221,169,326,716
628,549,441,1618
548,504,70,1122
479,259,673,1411
382,487,626,1495
37,548,234,819
432,681,905,2018
754,658,579,1991
752,582,680,2014
483,200,9,692
788,81,17,886
853,202,817,1872
676,15,202,893
460,251,54,765
744,646,302,1692
972,262,327,1561
197,648,891,1736
221,475,103,799
44,663,938,1645
191,790,822,1803
632,61,7,700
316,246,947,1509
295,756,562,1613
279,288,864,1431
71,23,445,539
869,438,474,1781
225,286,227,738
910,459,545,1914
526,351,896,1773
673,148,401,1222
446,983,333,1762
789,324,411,1524
349,737,195,1281
449,223,700,1372
892,921,511,2324
705,361,596,1662
140,83,783,1006
982,933,152,2067
732,547,776,2055
687,440,580,1707
229,795,15,1039
941,863,181,1985
654,796,668,2118
574,195,669,1438
837,210,502,1549
284,48,42,374
484,752,59,1295
655,469,285,1409
942,564,890,2396
965,816,808,2589
214,521,968,1703
747,910,450,2107
333,977,274,1584
333,108,410,851
620,749,394,1763
157,103,906,1166
436,5,871,1312
602,3,547,1152
204,579,921,1704
107,248,738,1093
225,519,736,1480
289,87,802,1178
803,86,117,1006
524,269,619,1412
833,542,412,1787
525,755,222,1502
496,104,15,615
510,377,341,1228
370,134,131,635
294,320,578,1192
319,639,816,1774
283,112,552,947
795,731,767,2293
74,442,536,1052
546,534,150,1230
930,100,15,1045
853,922,606,2381
623,270,443,1336
129,313,511,953
979,301,746,2026
870,0,614,1484
657,727,352,1736
964,642,765,2371
631,987,286,1904
222,72,774,1068
368,27,541,936
562,180,754,1496
708,287,392,1387
242,158,753,1153
341,511,538,1390
98,714,159,971
95,467,778,1340
830,659,821,2310
744,885,402,2031
869,155,6,1030
21,536,877,1434
704,720,543,1967
284,906,860,2050
64,488,152,704
796,394,627,1817
539,110,961,1610
867,220,887,1974
406,660,504,1570
369,52,403,824
859,340,484,1683
110,722,9,841
275,209,851,1335
710,44,352,1106
632,376,280,1288
940,638,959,2537
22,729,170,921
190,789,293,1272
53,242,422,717
507,884,645,2036
983,181,942,2106
27,66,775,868
164,881,2,1047
305,328,816,1449
675,437,769,1881
463,811,336,1610
497,485,185,1167
219,0,984,1203
241,631,171,1043
302,525,770,1597
975,955,278,2208
231,318,777,1326
524,506,832,1862
33,951,836,1820
821,202,300,1323
228,252,514,994
933,87,96,1116
24,793,452,1269
231,510,324,1065
416,45,594,1055
394,183,379,956
645,531,117,1293
255,565,407,1227
101,84,864,1049
806,293,878,1977
934,967,528,2429
693,631,318,1642
398,302,431,1131
13,560,388,961
51,806,283,1140
897,721,152,1770
489,187,961,1637
859,652,717,2228
106,955,827,1888
21,52,698,771
10,603,481,1094
919,108,688,1715
125,432,303,860
476,336,929,1741
326,960,439,1725
568,408,861,1837
303,974,425,1702
308,193,701,1202
670,799,667,2136
80,892,233,1205
136,660,176,972
68,477,613,1158
509,972,518,1999
798,929,859,2586
656,354,304,1314
594,425,315,1334
195,562,566,1323
558,693,633,1884
237,871,987,2095
720,14,971,1705
300,969,590,1859
330,812,369,1511
516,354,167,1037
418,165,6,589
936,736,44,1716
202,816,813,1831
897,37,237,1171
713,74,914,1701
216,271,319,806
959,920,21,1900
273,769,816,1858
476,148,509,1133
370,936,28,1334
785,250,316,1351
159,976,191,1326
925,583,749,2257
733,896,144,1773
912,610,777,2299
528,591,485,1604
305,533,882,1720
124,263,109,496
114,314,836,1264
682,675,695,2052
850,614,156,1620
561,752,977,2290
86,3,11,100
354,728,97,1179
360,703,334,1397
63,809,88,960
14,196,917,1127
638,469,103,1210
213,97,22,332
124,759,304,1187
770,808,572,2150
617,920,676,2213
694,790,445,1929
682,314,254,1250
909,334,442,1685
71,260,125,456
444,26,863,1333
603,371,322,1296
330,974,205,1509
556,605,451,1612
996,459,732,2187
75,788,600,1463
595,305,549,1449
447,185,868,1500
89,928,195,1212
211,715,219,1145
361,196,31,588
623,695,918,2236
622,602,443,1667
670,814,206,1690
954,330,454,1738
471,474,861,1806
30,998,949,1977
261,162,376,799
894,74,959,1927
111,328,0,439
705,258,409,1372
574,502,890,1966
290,314,814,1418
585,315,413,1313
661,220,921,1802
548,416,992,1956
63,648,528,1239
746,609,885,2240
325,231,784,1340
705,732,273,1710
760,197,960,1917
60,261,538,859
188,988,737,1913
752,279,86,1117
29,863,44,936
340,530,737,1607
769,436,631,1836
274,568,910,1752
433,576,403,1412
307,80,465,852
519,336,260,1115
501,984,163,1648
337,308,217,862
992,71,99,1162
176,503,78,757
928,431,375,1734
554,904,859,2317
800,845,991,2636
118,864,139,1121
920,543,306,1769
933,865,850,2648
998,714,124,1836
884,702,200,1786
670,161,990,1821
570,815,187,1572
875,418,514,1807
453,963,587,2003
710,715,922,2347
310,566,549,1425
360,940,994,2294
301,418,932,1651
285,401,70,756
974,342,379,1695
274,871,762,1907
249,812,425,1486
428,118,818,1364
143,432,564,1139
729,460,134,1323
61,669,104,834
907,459,611,1977
473,45,498,1016
438,56,538,1032
739,525,457,1721
563,172,926,1661
450,41,268,759
60,711,352,1123
688,399,915,2002
996,482,628,2106
694,218,546,1458
124,201,695,1020
556,772,633,1961
105,753,205,1063
601,734,94,1429
473,756,863,2092
76,404,624,1104
479,77,47,603
686,427,698,1811
436,368,977,1781
664,584,598,1846
285,898,385,1568
233,612,611,1456
444,994,942,2380
822,506,909,2237
922,899,933,2754
576,652,626,1854
644,763,793,2200
302,829,442,1573
756,700,500,1956
357,129,880,1366
701,842,304,1847
334,782,801,1917
858,371,398,1627
956,344,942,2242
222,0,826,1048
980,264,765,2009
685,607,754,2046
377,896,114,1387
627,649,610,1886
80,216,549,845
788,350,151,1289
91,403,970,1464
550,417,689,1656
960,202,621,1783
928,737,984,2649
1000,81,182,1263
946,977,502,2425
511,198,250,959
494,848,754,2096
840,310,490,1640
857,459,676,1992
349,430,287,1066
420,957,325,1702
233,855,346,1434
798,856,244,1898
781,475,112,1368
372,404,117,893
292,800,396,1488
907,286,502,1695
986,243,355,1584
513,736,583,1832
59,318,622,999
624,405,940,1969
693,554,187,1434
475,240,885,1600
944,105,573,1622
130,775,655,1560
476,500,69,1045
401,262,911,1574
562,552,565,1679
387,594,248,1229
512,305,65,882
268,172,672,1112
613,485,317,1415
357,658,907,1922
545,845,770,2160
777,514,376,1667
441,68,386,895
241,413,309,963
29,823,210,1062
625,99,681,1405
318,2,158,478
846,782,827,2455
193,464,672,1329
558,714,268,1540
881,93,219,1193
338,207,243,788
531,430,87,1048
764,140,305,1209
641,550,744,1935
152,630,703,1485
80,636,94,810
737,184,830,1751
760,543,813,2116
985,163,643,1791
748,57,509,1314
456,145,591,1192
740,74,484,1298
821,201,859,1881
517,362,49,928
929,234,37,1200
527,946,662,2135
77,620,451,1148
415,502,627,1544
491,589,975,2055
39,818,843,1700
706,227,775,1708
614,204,197,1015
406,878,903,2187
896,566,907,2369
643,946,270,1859
501,478,113,1092
44,261,527,832
509,542,313,1364
194,104,950,1248
678,694,131,1503
713,760,127,1600
215,421,78,714
980,182,806,1968
245,518,270,1033
977,58,916,1951
895,333,184,1412
936,164,89,1189
873,933,412,2218
880,129,912,1921
607,785,947,2339
67,433,645,1145
156,973,42,1171
965,894,902,2761
590,717,117,1424
79,811,120,1010
940,968,346,2254
938,997,227,2162
66,347,458,871
800,389,796,1985
259,370,810,1439
353,366,896,1615
203,982,140,1325
370,595,568,1533
264,438,227,929
485,510,4,999
241,422,636,1299
873,193,244,1310
567,176,369,1112
997,186,31,1214
830,586,623,2039
785,597,512,1894
9,783,105,897
825,173,765,1763
570,992,123,1685
824,613,939,2376
131,905,471,1507
346,372,870,1588
147,117,559,823
498,467,197,1162
898,177,998,2073
338,948,623,1909
492,150,995,1637
598,189,681,1468
16,31,40,87
19,794,631,1444
235,32,808,1075
386,78,74,538
934,67,157,1158
845,373,676,1894
847,276,760,1883
106,61,796,963
671,651,618,1940
434,170,411,1015
353,883,249,1485
738,574,106,1418
268,85,34,387
503,954,326,1783
674,216,862,1752
202,750,173,1125
178,667,98,943
99,711,415,1225
788,383,451,1622
137,329,972,1438
529,583,711,1823
645,213,12,870
592,734,808,2134
981,265,288,1534
470,494,361,1325
429,565,36,1030
87,696,336,1119
29,841,91,961
778,123,94,995
264,492,736,1492
115,77,563,755
626,242,50,918
698,754,743,2195
925,395,714,2034
885,981,828,2694
953,981,32,1966
671,463,948,2082
807,360,899,2066
151,598,502,1251
231,734,165,1130
875,45,414,1334
808,901,32,1741
797,498,457,1752
214,861,761,1836
30,470,291,791
86,664,785,1535
470,282,492,1244
371,412,470,1253
832,235,509,1576
118,355,596,1069
277,340,804,1421
985,349,252,1586
430,418,525,1373
323,167,880,1370
528,228,908,1664
552,124,505,1181
689,648,480,1817
26,403,469,898
254,311,819,1384
276,7,2,285
573,398,556,1527
622,754,842,2218
858,229,19,1106
77,251,182,510
287,584,97,968
207,464,481,1152
317,4,107,428
933,174,930,2037
8,543,531,1082
373,844,456,1673
783,773,658,2214
391,845,640,1876
138,850,497,1485
480,520,8,1008
863,858,720,2441
97,56,653,806
60,867,343,1270
377,737,82,1196
915,378,410,1703
369,83,649,1101
576,175,491,1242
821,480,374,1675
349,246,71,666
629,410,421,1460
32,648,543,1223
230,680,0,910
693,896,389,1978
442,819,891,2152
214,619,974,1807
592,51,629,1272
854,977,892,2723
659,103,888,1650
697,992,831,2520
640,782,664,2086
143,71,601,815
295,214,772,1281
876,633,465,1974
327,298,736,1361
187,277,125,589
434,721,36,1191
126,90,639,855
893,887,771,2551
892,682,374,1948
572,760,762,2094
49,303,992,1344
859,261,646,1766
762,191,291,1244
3,500,604,1107
809,466,495,1770
12,588,554,1154
493,974,515,1982
723,26,759,1508
872,184,765,1821
117,473,564,1154
594,41,723,1358
946,170,452,1568
357,335,446,1138
553,600,380,1533
868,765,132,1765
66,578,501,1145
792,547,351,1690
577,129,876,1582
493,650,708,1851
429,41,650,1120
618,424,243,1285
603,233,397,1233
766,656,575,1997
3,235,951,1189
542,987,773,2302
856,758,136,1750
858,605,50,1513
562,696,697,1955
857,700,125,1682
466,592,480,1538
752,525,308,1585
98,589,273,960
614,220,995,1829
955,350,549,1854
108,974,901,1983
771,387,573,1731
373,77,18,468
558,13,563,1134
321,382,166,869
696,363,940,1999
593,276,253,1122
306,129,223,658
866,11,575,1452
21,556,205,782
837,569,935,2341
993,384,515,1892
587,91,600,1278
789,5,312,1106
126,832,695,1653
870,636,754,2260
211,748,206,1165
152,936,861,1949
986,820,49,1855
604,450,833,1887
283,768,925,1976
367,678,821,1866
581,374,114,1069
68,906,978,1952
998,951,888,2837
238,117,500,855
205,303,573,1081
832,327,910,2069
659,497,673,1829
478,85,272,835
7,9,868,884
146,389,291,826
273,225,555,1053
480,230,603,1313
171,999,196,1366
336,310,578,1224
420,466,277,1163
852,647,76,1575
593,224,310,1127
360,694,955,2009
850,495,493,1838
977,664,729,2370
676,88,104,868
934,85,68,1087
612,616,530,1758
120,25,69,214
248,745,38,1031
715,795,913,2423
505,948,81,1534
111,79,95,285
279,354,184,817
856,329,848,2033
325,509,879,1713
228,413,438,1079
711,629,171,1511
265,247,530,1042
218,658,427,1303
220,639,730,1589
362,959,264,1585
434,29,995,1458
294,782,631,1707
347,789,842,1978
313,29,560,902
318,645,520,1483
35,842,913,1790
691,872,293,1856
610,33,928,1571
117,316,774,1207
145,102,129,376
608,814,81,1503
784,589,269,1642
113,850,329,1292
621,404,862,1887
749,116,430,1295
660,993,206,1859
301,874,633,1808
436,923,338,1697
369,415,759,1543
720,100,175,995
301,855,619,1775
655,741,878,2274
95,518,342,955
434,376,378,1188
835,579,944,2358
345,208,854,1407
692,853,646,2191
877,334,641,1852
620,701,479,1800
758,581,944,2283
845,179,132,1156
75,316,849,1240
527,774,736,2037
970,371,863,2204
916,966,179,2061
499,227,947,1673
174,577,982,1733
894,343,857,2094
714,18,771,1503
476,62,889,1427
380,920,625,1925
186,929,195,1310
668,379,848,1895
329,490,654,1473
311,219,913,1443
122,363,185,670
847,690,41,1578
602,573,376,1551
606,740,448,1794
704,757,522,1983
364,290,69,723
302,595,704,1601
649,837,987,2473
650,801,150,1601
603,750,363,1716
971,815,602,2388
386,280,163,829
503,842,192,1537
889,125,977,1991
642,167,896,1705
950,529,255,1734
452,551,492,1495
307,863,314,1484
175,255,994,1424
85,233,353,671
886,577,345,1808
762,512,23,1297
103,345,108,556
527,114,205,846
537,109,42,688
951,603,715,2269
174,704,378,1256
890,952,665,2507
735,486,259,1480
837,434,49,1320
501,233,237,971
830,459,3,1292
217,705,77,999
79,499,469,1047
324,293,136,753
544,172,133,849
559,182,379,1120
429,332,283,1044
698,65,927,1690
686,101,249,1036
171,887,317,1375
48,187,289,524
22,801,554,1377
284,995,626,1905
529,958,604,2091
528,969,619,2116
396,517,353,1266
876,930,849,2655
165,903,647,1715
356,433,542,1331
187,210,863,1260
276,645,250,1171
205,512,700,1417
167,771,649,1587
263,470,336,1069
154,227,968,1349
789,975,850,2614
350,753,537,1640
265,665,726,1656
759,668,422,1849
723,200,245,1168
239,673,15,927
459,234,123,816
129,225,707,1061
933,510,628,2071
693,546,97,1336
897,367,121,1385
751,501,716,1968
991,138,326,1455
754,862,561,2177
54,713,204,971
378,980,770,2128
217,879,833,1929
854,479,844,2177
966,585,535,2086
974,630,468,2072
178,147,756,1081
883,391,63,1337
315,262,553,1130
786,309,349,1444
617,251,456,1324
437,796,191,1424
375,63,645,1083
428,216,490,1134
50,341,993,1384
144,743,388,1275
690,162,482,1334
241,472,550,1263
83,485,856,1424
162,440,831,1433
814,336,358,1508
858,32,38,928
292,405,180,877
562,29,894,1485
375,735,952,2062
104,389,160,653
426,496,552,1474
336,415,630,1381
541,587,199,1327
364,922,746,2032
528,8,339,875
344,357,636,1337
63,643,434,1140
686,422,713,1821
437,830,937,2204
890,137,204,1231
577,383,658,1618
933,37,644,1614
557,587,925,2069
136,447,743,1326
178,30,335,543
115,246,894,1255
448,217,81,746
931,197,763,1891
837,762,94,1693
560,904,12,1476
120,694,202,1016
126,834,953,1913
16,59,815,890
508,319,526,1353
200,779,730,1709
429,528,556,1513
645,34,697,1376
957,177,123,1257
145,23,5,173
166,375,601,1142
436,650,64,1150
835,794,878,2507
150,15,599,764
680,417,739,1836
128,118,130,376
23,751,590,1364
566,180,935,1681
760,892,892,2544
519,747,401,1667
944,62,338,1344
198,441,484,1123
555,355,819,1729
97,504,709,1310
258,200,658,1116
848,32,872,1752
986,128,652,1766
759,640,447,1846
220,415,593,1228
840,518,558,1916
483,47,101,631
906,4,835,1745
267,644,351,1262
376,544,511,1431
927,258,45,1230
608,325,787,1720
699,224,527,1450
607,413,668,1688
843,842,331,2016
322,983,785,2090
936,535,223,1694
617,442,333,1392
410,67,515,992
331,386,934,1651
269,182,439,890
483,347,86,916
708,409,437,1554
688,1000,612,2300
204,776,877,1857
944,190,674,1808
738,275,821,1834
962,660,720,2342
391,730,802,1923
359,935,701,1995
726,550,747,2023
250,968,225,1443
95,589,460,1144
991,782,697,2470
211,564,336,1111
537,674,2,1213
808,97,545,1450
376,403,921,1700
749,122,144,1015
360,483,625,1468
673,298,735,1706
276,81,5,362
776,225,734,1735
819,965,216,2000
833,703,230,1766
277,433,870,1580
477,548,137,1162
942,287,81,1310
574,716,158,1448
975,651,442,2068
791,303,357,1451
458,818,20,1296
166,194,238,598
998,241,984,2223
699,658,908,2265
62,512,381,955
712,675,24,1411
787,377,466,1630
793,798,62,1653
758,161,290,1209
717,88,152,957
244,785,441,1470
627,636,91,1354
911,385,581,1877
928,21,330,1279
334,333,529,1196
2,966,768,1736
398,233,116,747
160,234,639,1033
474,480,62,1016
550,53,352,955
887,213,798,1898
622,254,846,1722
514,32,290,836
74,767,790,1631
367,611,993,1971
371,429,4,804
909,779,473,2161
937,683,31,1651
901,693,995,2589
990,794,432,2216
357,675,140,1172
825,534,333,1692
132,918,627,1677
765,844,252,1861
46,790,508,1344
794,905,803,2502
504,718,586,1808
269,248,960,1477
646,405,38,1089
288,672,852,1812
476,867,311,1654
46,500,978,1524
922,775,12,1709
830,988,875,2693
401,278,806,1485
217,234,563,1014
387,580,255,1222
580,838,325,1743
17,957,761,1735
632,179,861,1672
666,193,76,935
262,444,54,760
154,580,852,1586
776,402,362,1540
912,922,1,1835
640,102,390,1132
256,878,641,1775
44,127,804,975
846,984,6,1836
48,473,785,1306
469,534,94,1097
661,140,379,1180
204,791,530,1525
763,242,829,1834
129,366,182,677
369,102,255,726
433,25,957,1415
184,316,683,1183
187,246,144,577
126,665,905,1696
445,544,694,1683
511,761,857,2129
885,323,486,1694
871,415,642,1928
267,106,881,1254
952,133,456,1541
352,356,452,1160
937,220,250,1407
224,300,4,528
875,858,589,2322
793,317,110,1220
871,764,158,1793
681,303,541,1525
734,620,449,1803
247,898,345,1490
205,837,675,1717
66,648,299,1013
566,775,192,1533
132,23,648,803
473,120,615,1208
308,428,284,1020
214,535,575,1324
252,694,353,1299
325,167,628,1120
633,745,18,1396
428,716,309,1453
805,458,674,1937
865,77,804,1746
554,307,890,1751
647,355,954,1956
84,531,882,1497
465,444,283,1192
612,620,845,2077
183,441,44,668
658,255,262,1175
822,177,138,1137
388,510,669,1567
664,382,255,1301
401,295,626,1322
791,583,935,2309
737,74,410,1221
320,109,92,521
303,298,414,1015
466,142,137,745
478,562,183,1223
731,967,615,2313
78,805,477,1360
657,45,736,1438
654,944,937,2535
945,108,877,1930
398,784,55,1237
294,104,789,1187
0,290,448,738
337,964,666,1967
236,214,65,515
169,595,625,1389
812,815,168,1795
975,305,206,1486
288,226,374,888
55,512,657,1224
210,849,852,1911
218,815,641,1674
179,797,988,1964
750,902,803,2455
636,475,986,2097
213,987,81,1281
465,404,978,1847
13,895,730,1638
622,364,953,1939
62,973,945,1980
479,187,974,1640
255,135,766,1156
630,877,302,1809
278,280,921,1479
165,951,683,1799
186,475,507,1168
666,8,8,682
821,348,510,1679
644,500,732,1876
4,463,182,649
703,304,632,1639
716,529,466,1711
205,85,423,713
170,181,7,358
421,550,853,1824
970,820,586,2376
375,740,465,1580
929,696,775,2400
185,265,752,1202
292,621,924,1837
663,245,262,1170
984,286,49,1319
576,97,810,1483
469,855,44,1368
880,19,243,1142
646,680,472,1798
267,9,882,1158
100,34,843,977
528,435,249,1212
620,835,105,1560
573,605,913,2091
302,940,638,1880
650,582,962,2194
498,819,691,2008
686,672,608,1966
403,591,448,1442
445,30,142,617
838,112,15,965
157,457,153,767
925,177,851,1953
309,825,66,1200
930,472,370,1772
666,509,192,1367
304,61,345,710
153,658,866,1677
693,261,258,1212
331,544,721,1596
43,137,678,858
743,891,997,2631
881,238,423,1542
537,570,18,1125
844,734,428,2006
233,324,263,820
104,195,537,836
31,685,445,1161
353,804,266,1423
550,533,154,1237
889,872,211,1972
274,159,983,1416
124,323,572,1019
7,924,774,1705
555,149,513,1217
71,231,302,604
243,643,56,942
46,263,935,1244
228,153,394,775
666,184,781,1631
955,974,19,1948
382,657,518,1557
334,179,688,1201
752,653,38,1443
261,830,855,1946
507,801,41,1349
330,42,24,396
49,572,225,846
127,523,595,1245
840,405,609,1854
777,851,319,1947
424,387,213,1024
614,378,33,1025
539,732,84,1355
931,585,653,2169
334,339,465,1138
366,379,28,773
490,71,876,1437
475,238,790,1503
76,305,258,639
272,638,461,1371
112,554,483,1149
736,492,819,2047
850,150,343,1343
823,303,805,1931
566,976,277,1819
56,252,232,540
290,861,25,1176
483,939,383,1805
491,847,651,1989
886,639,161,1686
629,849,408,1886
747,848,282,1877
360,459,875,1694
119,233,380,732
617,60,177,854
669,362,971,2002
46,822,976,1844
482,592,662,1736
805,16,8,829
950,908,272,2130
570,555,363,1488
400,716,324,1440
792,911,596,2299
715,983,273,1971
67,734,946,1747
723,175,924,1822
123,722,972,1817
634,448,262,1344
235,598,514,1347
484,6,146,636
172,306,928,1406
420,770,629,1819
352,596,412,1360
532,45,546,1123
615,630,592,1837
255,367,99,721
927,120,422,1469
193,939,735,1867
351,892,725,1968
349,498,510,1357
304,417,818,1539
984,236,589,1809
656,616,252,1524
236,960,297,1493
735,302,962,1999
349,801,561,1711
720,126,519,1365
341,634,609,1584
238,971,216,1425
835,119,529,1483
283,524,259,1066
958,142,578,1678
59,527,285,871
22,100,870,992
935,854,201,1990
721,525,346,1592
664,147,771,1582
37,102,902,1041
249,142,187,578
837,70,236,1143
699,555,62,1316
932,101,334,1367
229,786,723,1738
807,693,26,1526
858,755,39,1652
549,561,655,1765
675,587,264,1526
552,548,658,1758
508,708,155,1371
969,993,17,1979
197,156,429,782
415,204,716,1335
77,73,427,577
325,117,632,1074
549,139,204,892
269,277,762,1308
898,405,215,1518
911,633,196,1740
592,613,648,1853
440,989,86,1515
381,11,910,1302
165,625,218,1008
385,942,900,2227
844,550,571,1965
163,745,751,1659
545,501,144,1190
452,966,1000,2418
744,12,178,934
866,305,702,1873
838,474,909,2221
600,346,207,1153
89,52,616,757
126,163,635,924
506,740,904,2150
450,450,778,1678
785,598,403,1786
710,311,890,1911
472,418,334,1224
503,85,955,1543
435,771,526,1732
661,880,470,2011
294,41,199,534
836,996,368,2200
823,89,754,1666
56,49,640,745
183,649,169,1001
850,100,928,1878
830,83,342,1255
115,593,474,1182
464,758,704,1926
963,644,885,2492
317,24,223,564
18,780,498,1296
745,433,702,1880
290,341,978,1609
290,342,713,1345
284,30,10,324
772,254,507,1533
688,305,494,1487
809,449,885,2143
20,836,503,1359
761,735,863,2359
924,419,709,2052
730,352,393,1475
110,608,491,1209
162,740,19,921
360,654,964,1978
502,169,75,746
115,698,518,1331
222,334,48,604
609,682,337,1628
116,120,680,916
931,914,213,2058
371,296,521,1188
437,494,665,1596
518,483,975,1976
471,866,730,2067
895,690,602,2187
497,185,328,1010
715,268,180,1163
956,564,341,1861
803,395,355,1553
825,423,342,1590
338,149,253,740
921,805,165,1891
59,360,754,1173
770,626,437,1833
683,260,783,1726
193,672,990,1855
99,223,766,1088
623,332,905,1860
319,400,695,1414
119,901,818,1838
642,994,292,1928
917,69,111,1097
749,402,803,1954
818,621,360,1799
570,248,948,1766
646,429,910,1985
339,354,762,1455
695,688,678,2061
827,54,414,1295
273,20,862,1155
154,431,340,925
735,248,621,1604
743,48,93,884
204,706,431,1341
6,376,871,1253
54,92,207,353
304,312,498,1114
316,451,116,883
1,773,486,1260
340,940,382,1662
529,575,380,1484
434,896,954,2284
281,443,923,1647
101,215,57,373
166,79,928,1173
702,631,666,1999
683,541,994,2218
352,566,505,1423
375,416,777,1568
1000,242,30,1272
42,508,511,1061
559,56,12,627
381,743,46,1170
812,976,29,1817
917,192,313,1422
127,339,418,884
975,751,607,2333
752,194,89,1035
328,478,790,1596
373,838,668,1879
942,172,1000,2114
896,859,118,1873
520,555,232,1307
233,17,826,1076
294,404,840,1538
296,382,272,950
343,895,361,1599
522,91,736,1349
551,540,533,1624
883,948,7,1838
871,195,264,1330
144,29,16,189
828,444,931,2203
631,574,976,2181
325,51,144,520
740,343,39,1122
366,111,789,1266
293,177,616,1086
418,448,380,1246
487,367,74,928
492,617,202,1311
340,395,855,1590
297,482,407,1186
453,79,926,1458
888,365,383,1636
896,68,190,1154
948,662,448,2058
893,587,755,2235
483,837,40,1360
640,82,497,1219
959,190,905,2054
680,425,916,2021
985,828,605,2418
220,754,878,1852
308,568,975,1851
727,259,999,1985
974,94,530,1598
306,476,275,1057
0,889,611,1500
979,159,881,2019
276,600,390,1266
902,876,298,2076
880,666,894,2440
720,854,23,1597
556,433,702,1691
35,69,528,632
793,836,828,2457
558,362,646,1566
34,65,838,937
451,237,499,1187
723,133,544,1400
735,898,2,1635
660,72,971,1703
976,604,603,2183
819,907,271,1997
224,410,830,1464
18,959,307,1284
239,561,829,1629
114,18,623,755
671,973,537,2181
624,141,334,1099
700,213,313,1226
330,896,600,1826
204,908,644,1756
646,180,397,1223
910,382,656,1948
598,532,493,1623
924,88,905,1917
705,50,384,1139
351,7,118,476
364,222,461,1047
993,352,447,1792
766,641,621,2028
347,391,532,1270
132,778,806,1716
590,589,392,1571
928,955,798,2681
614,769,501,1884
204,406,572,1182
176,992,606,1774
824,386,483,1693
866,636,483,1985
183,13,25,221
604,993,222,1819
882,598,877,2357
550,429,44,1023
208,691,823,1722
718,795,490,2003
274,64,262,600
30,880,199,1109
421,264,898,1583
441,587,557,1585
655,501,576,1732
942,631,643,2216
193,225,55,473
512,779,586,1877
444,548,894,1886
177,172,677,1026
132,620,708,1460
523,890,542,1955
637,339,866,1842
376,553,625,1554
639,820,885,2344
255,905,391,1551
932,881,806,2619
420,916,404,1740
497,563,607,1667
676,841,45,1562
691,577,897,2165
358,266,357,981
964,936,622,2522
746,856,675,2277
553,80,276,909
558,615,419,1592
552,696,128,1376
834,1000,966,2800
321,936,323,1580
387,12,597,996
956,971,671,2598
105,866,858,1829
644,539,599,1782
33,317,419,769
758,772,721,2251
685,394,274,1353
304,757,173,1234
268,630,881,1779
985,337,773,2095
584,286,50,920
93,308,271,672
75,217,707,999
633,664,254,1551
361,693,906,1960
434,479,296,1209
673,63,514,1250
247,239,3,489
793,507,420,1720
95,125,725,945
435,495,515,1445
776,953,139,1868
264,612,351,1227
718,557,707,1982
193,174,213,580
688,743,684,2115
418,42,869,1329
394,124,359,877
836,424,918,2178
94,458,314,866
629,606,481,1716
222,879,321,1422
198,808,419,1425
605,288,544,1437
87,693,783,1563
861,787,127,1775
35,649,397,1081
427,868,274,1569
237,790,307,1334
764,631,422,1817
458,580,467,1505
663,82,711,1456
604,623,39,1266
902,539,509,1950
539,915,61,1515
60,104,895,1059
581,122,300,1003
856,985,337,2178
619,586,909,2114
284,7,909,1200
630,832,628,2090
219,429,298,946
641,62,872,1575
258,320,778,1356
687,152,881,1720
594,806,434,1834
781,732,957,2470
546,673,264,1483
96,925,918,1939
939,946,628,2513
160,277,296,733
134,956,431,1521
809,633,852,2294
148,19,198,365
753,330,628,1711
749,919,42,1710
983,733,224,1940
388,269,974,1631
257,332,245,834
115,970,67,1152
693,800,871,2364
580,595,184,1359
256,119,579,954
625,172,893,1690
958,415,490,1863
425,252,70,747
703,900,804,2407
567,270,943,1780
664,6,611,1281
889,226,207,1322
596,66,24,686
381,940,985,2306
360,193,418,971
981,249,831,2061
441,160,752,1353
191,896,708,1795
499,78,779,1356
548,849,360,1757
265,436,985,1686
808,775,396,1979
215,838,778,1831
545,236,302,1083
7,695,856,1558
270,126,800,1196
302,415,432,1149
853,528,79,1460
515,604,32,1151
146,160,233,539
782,827,888,2497
63,808,256,1127
279,75,233,587
4,825,202,1031
242,778,593,1613
315,278,9,602
853,318,20,1191
722,880,58,1660
472,485,703,1660
443,761,607,1811
376,12,930,1318
263,404,700,1367
698,274,700,1672
141,415,214,770
865,288,469,1622
44,722,469,1235
487,297,130,914
603,1,534,1138
853,831,854,2538
914,278,863,2055
596,765,794,2155
384,565,214,1163
818,849,631,2298
917,419,494,1830
936,637,340,1913
308,158,952,1418
88,448,649,1185
260,784,621,1665
859,375,569,1803
69,639,288,996
867,571,559,1997
341,124,207,672
469,988,7,1464
291,267,416,974
581,80,416,1077
622,273,787,1682
537,821,701,2059
218,191,407,816
134,662,602,1398
76,519,566,1161
722,749,109,1580
535,779,242,1556
22,683,923,1628
464,741,582,1787
973,77,116,1166
297,117,406,820
48,70,450,568
230,142,354,726
675,334,385,1394
337,351,830,1518
683,261,784,1728
260,215,513,988
158,723,355,1236
480,909,273,1662
810,634,219,1663
667,187,835,1689
826,34,115,975
966,848,970,2784
391,496,58,945
874,934,724,2532
873,223,562,1658
611,668,107,1386
739,907,519,2165
272,807,206,1285
411,288,4,703
565,812,40,1417
794,386,379,1559
358,333,701,1392
555,184,291,1030
407,799,569,1775
186,570,661,1417
791,683,493,1967
51,352,980,1383
949,864,215,2028
969,557,482,2008
822,892,533,2247
106,409,504,1019
387,468,251,1106
900,132,187,1219
665,758,143,1566
514,374,986,1874
466,133,902,1501
76,795,525,1396
987,749,787,2523
641,940,466,2047
242,445,478,1165
731,728,894,2353
917,124,192,1233
365,137,733,1235
905,365,726,1996
42,252,152,446
232,839,431,1502
914,781,999,2694
745,277,635,1657
54,502,232,788
668,679,250,1597
669,175,462,1306
958,763,523,2244
909,322,680,1911
61,669,684,1414
463,428,861,1752
396,734,307,1437
352,253,134,739
860,85,803,1748
864,408,786,2058
744,144,918,1806
235,27,863,1125
256,821,287,1364
317,442,886,1645
441,381,311,1133
812,290,87,1189
496,343,122,961
658,998,213,1869
926,319,652,1897
767,451,791,2009
825,307,774,1906
283,51,786,1120
830,17,487,1334
247,981,676,1904
720,17,72,809
801,709,763,2273
255,103,109,467
967,118,236,1321
160,209,677,1046
954,958,574,2486
553,497,565,1615
841,519,333,1693
434,612,437,1483
565,555,600,1720
147,877,383,1407
143,177,319,639
823,650,439,1912
477,1000,806,2283
529,807,781,2117
949,193,700,1842
75,17,129,221
758,694,432,1884
51,65,472,588
765,107,231,1103
904,921,623,2448
450,313,467,1230
511,602,204,1317
307,969,447,1723
547,803,548,1898
957,440,670,2067
568,937,288,1793
347,147,398,892
777,494,381,1652
487,486,66,1039
576,993,594,2163
293,850,352,1495
666,628,192,1486
768,871,739,2378
103,129,721,953
305,756,268,1329
184,800,837,1821
114,890,501,1505
549,583,357,1489
797,671,29,1497
957,231,386,1574
643,962,476,2081
133,39,397,569
323,416,942,1681
533,63,36,632
304,351,778,1433
911,307,251,1469
497,567,309,1373
117,947,344,1408
5,293,128,426
487,177,169,833
467,90,881,1438
661,589,156,1406
99,126,964,1189
68,530,605,1203
82,408,553,1043
710,742,199,1651
115,503,26,644
869,788,362,2019
48,467,293,808
519,499,468,1486
616,311,421,1348
162,273,874,1309
808,627,469,1904
86,465,76,627
183,15,758,956
652,331,179,1162
997,81,456,1534
915,545,813,2273
502,769,292,1563
361,948,312,1621
461,578,220,1259
756,335,874,1965
981,60,682,1723
76,452,64,592
331,852,447,1630
151,359,244,754
701,503,927,2131
628,239,331,1198
479,791,588,1858
67,538,984,1589
422,440,285,1147
365,979,291,1635
262,268,256,786
785,868,915,2568
838,721,393,1952
286,963,981,2230
672,801,385,1858
661,89,429,1179
157,943,32,1132
500,748,579,1827
84,768,329,1181
788,390,622,1800
217,914,996,2127
478,965,297,1740
120,536,573,1229
467,174,484,1125
907,491,657,2055
265,89,91,445
726,483,648,1857
235,719,223,1177
965,570,160,1695
302,253,748,1303
375,461,513,1349
520,263,302,1085
575,812,982,2369
887,338,704,1929
305,190,137,632
201,293,826,1320
201,607,467,1275
280,92,172,544
288,977,356,1621
706,316,124,1146
162,27,564,753
204,989,450,1643
985,824,581,2390
948,767,657,2372
590,309,734,1633
258,102,800,1160
533,55,950,1538
202,623,216,1041
11,911,552,1474
23,744,896,1663
949,983,727,2659
159,142,905,1206
291,137,972,1400
926,662,469,2057
613,508,737,1858
412,464,49,925
776,325,882,1983
24,66,248,338
536,588,128,1252
603,847,71,1521
888,667,944,2499
47,728,128,903
674,906,796,2376
79,21,782,882
411,181,88,680
489,250,510,1249
470,261,510,1241
943,101,831,1875
933,949,909,2791
796,991,723,2510
679,399,604,1682
65,680,791,1536
430,385,380,1195
974,578,153,1705
752,327,252,1331
186,683,834,1703
589,423,492,1504
230,971,961,2162
908,43,295,1246
182,105,673,960
48,847,312,1207
957,823,361,2141
416,569,705,1690
342,221,758,1321
745,549,719,2013
865,688,568,2121
972,622,921,2515
839,414,759,2012
807,932,331,2070
326,90,474,890
233,256,147,636
894,943,254,2091
801,631,149,1581
824,232,964,2020
527,37,589,1153
29,349,775,1153
868,409,705,1982
998,965,486,2449
978,953,873,2804
424,829,125,1378
11,22,202,235
456,238,265,959
525,930,615,2070
536,412,291,1239
845,729,96,1670
58,86,77,221
425,818,829,2072
369,496,55,920
663,823,123,1609
271,66,697,1034
889,476,434,1799
210,610,492,1312
554,890,617,2061
998,483,40,1521
643,118,527,1288
988,947,533,2468
414,938,782,2134
791,331,619,1741
161,146,806,1113
605,850,664,2119
975,218,30,1223
521,102,431,1054
658,716,781,2155
653,21,65,739
28,615,218,861
82,64,200,346
887,166,395,1448
897,309,330,1536
532,377,993,1902
980,643,159,1782
391,175,90,656
574,941,263,1778
379,526,257,1162
334,148,944,1426
930,297,503,1730
815,805,299,1919
910,447,5,1362
876,984,89,1949
355,594,64,1013
451,188,60,699
21,87,605,713
132,623,63,818
999,148,546,1693
162,983,862,2007
822,855,540,2217
289,703,547,1539
815,754,532,2101
718,789,475,1982
535,702,354,1591
644,718,290,1652
733,495,840,2068
727,406,477,1610
152,313,720,1185
180,186,979,1345
551,397,242,1190
215,155,387,757
409,654,401,1464
80,67,715,862
849,260,841,1950
173,816,706,1695
17,42,639,698
866,485,266,1617
759,895,849,2503
506,872,966,2344
471,852,710,2033
804,792,3,1599
787,274,821,1882
962,624,735,2321
647,521,103,1271
642,505,772,1919
30,808,811,1649
650,818,330,1798
688,333,743,1764
50,48,921,1019
672,198,767,1637
26,521,831,1378
545,974,118,1637
860,359,905,2124
987,375,677,2039
409,561,292,1262
200,452,935,1587
798,64,33,895
454,522,419,1395
454,533,612,1599
78,825,39,942
994,168,980,2142
769,262,413,1444
157,369,498,1024
164,146,870,1180
207,596,590,1393
352,721,901,1974
797,989,476,2262
714,622,861,2197
222,649,409,1280
126,289,152,567
899,672,449,2020
795,395,919,2109
246,759,11,1016
170,748,991,1909
604,402,874,1880
568,21,874,1463
658,681,568,1907
308,126,385,819
81,480,498,1059
328,931,889,2148
245,237,525,1007
326,452,293,1071
754,102,634,1490
892,597,742,2231
67,632,786,1485
59,526,497,1082
844,282,360,1486
959,597,98,1654
658,651,57,1366
239,707,258,1204
240,951,800,1991
79,59,454,592
1,380,477,858
107,825,575,1507
134,509,679,1322
936,980,795,2711
340,69,566,975
787,948,46,1781
124,729,368,1221
73,453,80,606
584,848,938,2370
374,968,78,1420
907,746,360,2013
297,943,272,1512
47,180,524,751
974,235,753,1962
611,323,327,1261
569,450,472,1491
252,936,718,1906
131,507,763,1401
643,977,115,1735
851,420,880,2151
182,830,564,1576
392,139,41,572
867,773,558,2198
879,532,435,1846
727,946,777,2450
704,651,327,1682
243,69,620,932
373,586,113,1072
434,683,171,1288
956,794,451,2201
532,678,516,1726
543,764,177,1484
429,679,355,1463
486,611,129,1226
954,833,247,2034
170,188,430,788
829,960,278,2067
373,770,292,1435
546,738,78,1362
784,595,277,1656
889,374,510,1773
36,990,105,1131
333,834,331,1498
490,108,526,1124
383,120,28,531
483,919,387,1789
794,552,176,1522
662,202,17,881
727,600,720,2047
20,883,163,1066
629,295,469,1393
331,641,675,1647
931,758,807,2496
861,268,697,1826
305,614,460,1379
593,661,617,1871
765,398,572,1735
266,555,830,1651
288,734,670,1692
100,85,789,974
641,758,204,1603
803,858,513,2174
5,997,787,1789
591,766,600,1957
164,654,173,991
888,270,289,1447
177,117,819,1113
690,154,935,1779
240,203,994,1437
370,618,498,1486
344,257,970,1571
900,59,145,1104
667,487,218,1372
746,675,112,1533
228,572,247,1047
97,994,356,1447
36,991,314,1341
619,716,114,1449
160,895,873,1928
338,664,788,1790
350,697,890,1937
389,618,904,1911
469,578,79,1126
230,22,340,592
115,281,678,1074
253,431,331,1015
230,425,404,1059
886,298,987,2171
937,620,577,2134
547,812,310,1669
563,974,234,1771
264,23,178,465
332,829,791,1952
111,472,545,1128
591,263,52,906
198,462,732,1392
843,318,232,1393
394,448,815,1657
487,946,269,1702
251,839,112,1202
390,964,793,2147
571,76,802,1449
58,837,617,1512
973,661,247,1881
48,910,700,1658
896,920,113,1929
159,730,559,1448
19,494,421,934
552,592,402,1546
316,916,780,2012
227,157,110,494
89,110,595,794
308,658,190,1156
618,516,297,1431
576,435,61,1072
613,439,572,1624
904,477,716,2097
904,554,706,2164
575,76,338,989
958,788,0,1746
138,644,608,1390
57,468,13,538
350,609,768,1727
717,984,699,2400
611,39,191,841
908,342,111,1361
58,262,534,854
792,30,288,1110
220,985,630,1835
719,416,969,2104
443,376,400,1219
743,793,545,2081
251,400,894,1545
394,470,306,1170
836,493,813,2142
147,559,806,1512
188,209,694,1091
911,119,963,1993
107,362,920,1389
987,299,265,1551
218,827,750,1795
562,340,72,974
521,805,667,1993
692,816,782,2290
210,994,166,1370
968,57,61,1086
890,58,341,1289
577,112,916,1605
956,45,212,1213
831,303,702,1836
145,787,679,1611
462,287,42,791
565,62,763,1390
144,769,325,1238
172,108,103,383
900,660,538,2098
888,599,632,2119
504,541,648,1693
591,509,485,1585
353,882,618,1853
379,211,158,748
818,602,624,2044
726,136,356,1218
0,35,562,597
167,577,450,1194
30,245,955,1230
359,808,862,2029
95,583,171,849
240,309,786,1335
260,323,145,728
840,581,325,1746
440,615,40,1095
469,578,509,1556
858,788,456,2102
745,604,801,2150
669,305,738,1712
50,838,536,1424
455,787,60,1302
790,728,377,1895
128,310,345,783
845,553,636,2034
27,76,0,103
100,937,155,1192
143,613,37,793
717,215,723,1655
263,560,401,1224
261,757,800,1818
702,443,128,1273
953,97,580,1630
625,916,478,2019
559,687,181,1427
835,810,412,2057
527,385,562,1474
599,941,228,1768
407,759,631,1797
747,436,802,1985
569,86,330,985
368,972,509,1849
121,22,150,293
196,448,90,734
180,526,113,819
958,611,115,1684
21,249,160,430
277,976,208,1461
516,595,689,1800
634,377,425,1436
233,42,798,1073
697,775,610,2082
86,245,970,1301
786,358,422,1566
23,78,974,1075
498,839,380,1717
198,864,170,1232
628,84,557,1269
642,959,311,1912
921,577,435,1933
177,217,614,1008
571,905,885,2361
375,79,14,468
170,173,184,527
459,210,497,1166
544,407,137,1088
518,823,76,1417
704,916,883,2503
220,548,312,1080
561,178,451,1190
313,415,391,1119
893,725,874,2492
57,858,850,1765
432,943,168,1543
115,954,91,1160
500,632,675,1807
339,811,401,1551
134,687,143,964
602,701,701,2004
434,534,181,1149
983,702,284,1969
120,885,478,1483
944,392,386,1722
111,350,970,1431
2,294,613,909
917,45,701,1663
779,818,416,2013
519,374,926,1819
324,866,608,1798
585,58,413,1056
400,345,561,1306
427,30,383,840
76,914,833,1823
719,126,849,1694
978,919,914,2811
185,588,493,1266
900,105,233,1238
75,666,647,1388
944,982,777,2703
901,133,741,1775
181,296,998,1475
474,777,765,2016
993,297,777,2067
15,979,532,1526
577,341,219,1137
660,456,694,1810
555,587,0,1142
28,199,566,793
836,918,224,1978
828,541,379,1748
545,989,713,2247
623,705,395,1723
780,680,135,1595
103,506,220,829
477,185,618,1280
640,558,341,1539
513,485,267,1265
96,698,856,1650
30,816,528,1374
262,904,539,1705
200,871,749,1820
836,456,504,1796
955,43,870,1868
636,460,44,1140
992,901,895,2788
536,482,38,1056
894,362,610,1866
583,744,364,1691
399,544,383,1326
73,803,121,997
184,607,176,967
332,133,641,1106
496,79,808,1383
528,509,872,1909
691,305,127,1123
445,381,857,1683
330,811,678,1819
645,503,727,1875
656,337,777,1770
187,352,196,735
279,310,420,1009
72,844,620,1536
692,178,288,1158
725,758,528,2011
589,42,886,1517
284,868,850,2002
683,574,629,1886
138,392,474,1004
587,737,593,1917
653,878,552,2083
520,140,209,869
447,657,51,1155
329,453,77,859
831,537,645,2013
659,816,980,2455
669,155,587,1411
150,726,739,1615
589,96,641,1326
558,36,14,608
668,226,436,1330
720,772,164,1656
515,259,929,1703
790,279,587,1656
656,68,728,1452
274,861,644,1779
800,584,815,2199
395,8,866,1269
418,869,408,1695
200,441,44,685
702,809,778,2289
762,454,576,1792
212,260,340,812
663,349,561,1573
896,586,371,1853
801,455,707,1963
195,457,743,1395
900,893,23,1816
679,380,689,1748
973,480,869,2322
270,442,819,1531
828,520,964,2312
509,672,683,1864
662,32,453,1147
731,105,849,1685
842,669,348,1859
797,301,46,1144
118,563,395,1076
445,295,50,790
943,321,18,1282
727,548,39,1314
693,85,159,937
949,447,437,1833
199,613,795,1607
517,529,718,1764
190,451,944,1585
582,559,741,1882
798,394,55,1247
10,843,932,1785
77,244,145,466
178,335,733,1246
830,771,390,1991
604,644,465,1713
758,935,705,2398
26,395,870,1291
644,963,737,2344
188,426,670,1284
283,297,320,900
677,225,704,1606
960,489,687,2136
73,986,313,1372
711,413,217,1341
396,126,274,796
305,277,509,1091
649,781,538,1968
786,535,502,1823
142,226,745,1113
324,840,82,1246
872,544,610,2026
578,120,26,724
355,75,446,876
619,17,235,871
953,653,379,1985
524,882,623,2029
259,280,489,1028
731,891,36,1658
908,419,211,1538
674,293,490,1457
834,778,420,2032
496,743,633,1872
386,839,641,1866
553,622,873,2048
103,659,421,1183
864,721,667,2252
347,964,781,2092
738,620,964,2322
981,836,39,1856
62,905,550,1517
805,590,610,2005
607,519,27,1153
37,130,148,315
672,791,289,1752
864,877,733,2474
852,276,331,1459
601,681,963,2245
194,856,525,1575
369,357,492,1218
350,219,380,949
927,90,93,1110
333,539,842,1714
288,958,576,1822
52,460,235,747
948,549,601,2098
847,34,52,933
32,564,106,702
968,854,608,2430
525,376,96,997
736,37,923,1696
786,949,693,2428
925,39,108,1072
242,877,670,1789
247,368,159,774
9,850,616,1475
722,418,362,1502
675,702,281,1658
107,863,775,1745
316,348,413,1077
288,297,124,709
435,100,721,1256
205,222,761,1188
636,488,70,1194
477,231,140,848
498,651,453,1602
123,300,258,681
417,644,139,1200
640,552,569,1761
679,911,819,2409
973,8,240,1221
456,751,160,1367
442,252,176,870
615,856,515,1986
613,137,667,1417
166,505,808,1479
509,620,730,1859
881,609,13,1503
681,184,382,1247
632,520,14,1166
68,345,208,621
423,951,297,1671
552,317,72,941
169,965,53,1187
10,534,510,1054
440,52,322,814
869,794,381,2044
744,987,348,2079
424,785,214,1423
849,39,1000,1888
957,689,692,2338
928,601,383,1912
260,727,568,1555
730,801,373,1904
558,578,26,1162
372,871,229,1472
853,880,596,2329
411,309,792,1512
144,543,631,1318
905,538,370,1813
449,813,453,1715
989,712,53,1754
62,368,270,700
95,766,75,936
762,228,658,1648
869,5,413,1287
761,64,552,1377
949,850,557,2356
640,218,53,911
339,644,113,1096
339,952,999,2290
742,660,485,1887
277,76,831,1184
271,253,195,719
908,775,792,2475
192,593,220,1005
666,203,225,1094
557,195,653,1405
97,228,523,848
695,156,95,946
767,486,747,2000
468,75,859,1402
962,86,7,1055
699,418,830,1947
289,290,865,1444
815,580,319,1714
823,451,921,2195
465,761,474,1700
380,722,950,2052
472,769,893,2134
965,582,648,2195
69,593,109,771
668,421,675,1764
699,895,591,2185
77,922,363,1362
314,265,960,1539
215,841,855,1911
110,9,147,266
854,968,760,2582
408,574,231,1213
449,730,105,1284
255,617,359,1231
677,532,644,1853
528,559,81,1168
241,245,332,818
12,779,19,810
46,716,812,1574
175,443,793,1411
418,148,317,883
704,689,811,2204
876,597,274,1747
161,978,274,1413
568,657,799,2024
906,425,301,1632
589,341,591,1521
395,534,580,1509
153,225,566,944
180,813,175,1168
516,64,254,834
658,952,855,2465
537,647,310,1494
793,251,742,1786
747,911,641,2299
123,510,846,1479
800,831,30,1661
16,105,520,641
444,146,122,712
35,958,242,1235
923,251,724,1898
209,686,376,1271
758,767,536,2061
689,828,671,2188
998,589,160,1747
852,772,470,2094
475,154,957,1586
378,398,767,1543
603,601,458,1662
122,617,854,1593
936,582,107,1625
956,559,918,2433
782,759,64,1605
657,569,920,2146
6,784,507,1297
617,909,255,1781
775,615,53,1443
226,808,415,1449
623,34,300,957
120,135,147,402
435,31,721,1187
779,790,535,2104
280,347,227,854
617,351,278,1246
562,68,798,1428
905,611,61,1577
930,139,765,1834
765,987,378,2130
531,716,765,2012
89,954,114,1157
914,869,21,1804
211,685,827,1723
711,792,259,1762
3,62,14,79
231,508,360,1099
366,51,108,525
130,990,190,1310
581,549,209,1339
38,455,224,717
903,879,178,1960
2,390,332,724
451,613,362,1426
575,499,329,1403
927,373,291,1591
700,767,135,1602
819,670,784,2273
534,185,519,1238
266,516,447,1229
273,613,614,1500
0,698,410,1108
109,701,824,1634
37,323,143,503
685,919,28,1632
117,823,299,1239
170,661,904,1735
818,199,162,1179
53,954,434,1441
694,397,266,1357
744,535,877,2156
48,811,839,1698
123,732,677,1532
950,866,238,2054
501,71,691,1263
254,497,868,1619
738,240,889,1867
348,160,77,585
731,441,448,1620
343,73,99,515
463,466,40,969
232,689,356,1277
971,232,257,1460
101,371,211,683
50,852,596,1498
6,958,52,1016
273,87,899,1259
839,803,337,1979
83,666,169,918
660,882,951,2493
875,361,283,1519
439,515,961,1915
343,664,196,1203
705,41,502,1248
285,775,676,1736
282,927,927,2136
732,397,143,1272
946,309,308,1563
355,762,72,1189
917,484,394,1795
703,457,490,1650
984,338,80,1402
114,5,353,472
906,8,281,1195
281,215,136,632
95,278,490,863
36,327,47,410
408,255,410,1073
188,864,444,1496
991,638,882,2511
612,534,983,2129
128,492,948,1568
315,335,582,1232
123,262,203,588
719,990,902,2611
144,668,750,1562
905,147,648,1700
968,111,483,1562
409,569,742,1720
988,187,72,1247
216,178,836,1230
22,289,840,1151
621,53,553,1227
512,716,186,1414
831,36,880,1747
922,361,187,1470
839,877,116,1832
338,772,784,1894
729,243,227,1199
991,271,747,2009
966,887,616,2469
272,509,63,844
690,623,811,2124
889,927,404,2220
519,13,443,975
267,904,169,1340
922,76,924,1922
773,101,900,1774
262,399,263,924
141,629,652,1422
468,920,276,1664
395,905,973,2273
943,363,801,2107
897,249,154,1300
640,490,644,1774
615,922,783,2320
768,454,886,2108
670,158,751,1579
73,825,394,1292
162,167,243,572
35,974,412,1421
24,107,366,497
643,891,320,1854
863,710,900,2473
647,953,904,2504
259,572,827,1658
334,959,452,1745
854,836,206,1896
30,802,373,1205
353,267,567,1187
674,790,81,1545
537,448,535,1520
869,197,339,1405
74,33,746,853
606,68,566,1240
897,571,445,1913
942,903,414,2259
649,272,448,1369
890,987,294,2171
363,491,891,1745
425,419,533,1377
649,514,910,2073
317,640,794,1751
262,816,236,1314
327,407,574,1308
314,150,862,1326
359,694,918,1971
663,992,712,2367
3,964,504,1471
421,823,558,1802
645,41,645,1331
108,54,290,452
220,850,859,1929
995,473,705,2173
74,843,284,1201
348,475,187,1010
121,546,983,1650
221,991,335,1547
681,337,987,2005
183,750,425,1358
237,362,349,948
239,333,69,641
988,353,749,2090
172,788,4,964
684,655,738,2077
903,21,542,1466
706,982,585,2273
927,492,524,1943
504,778,786,2068
337,809,659,1805
580,372,963,1915
922,323,732,1977
407,495,678,1580
38,334,285,657
301,543,677,1521
681,803,225,1709
448,843,315,1606
918,304,421,1643
496,692,270,1458
929,812,36,1777
974,430,857,2261
208,766,988,1962
360,24,360,744
456,421,529,1406
741,679,534,1954
822,934,451,2207
371,2,571,944
59,283,255,597
732,256,532,1520
266,20,183,469
79,604,211,894
820,15,131,966
777,337,96,1210
76,901,539,1516
56,570,835,1461
716,902,892,2510
183,992,302,1477
781,587,749,2117
565,305,520,1390
391,716,548,1655
916,173,494,1583
957,2,226,1185
649,328,812,1789
61,906,490,1457
105,696,271,1072
632,635,941,2208
760,762,670,2192
299,398,902,1599
584,309,880,1773
962,834,773,2569
160,736,1,897
155,826,754,1735
562,994,452,2008
352,694,549,1595
101,443,300,844
534,175,338,1047
758,877,118,1753
311,502,263,1076
818,306,919,2043
857,164,490,1511
375,733,750,1858
6,591,816,1413
647,952,718,2317
677,20,999,1696
528,20,743,1291
114,923,204,1241
29,86,676,791
605,343,413,1361
136,133,553,822
650,516,241,1407
872,140,126,1138
137,237,214,588
358,377,674,1409
79,911,423,1413
205,146,42,393
116,868,669,1653
346,874,582,1802
113,523,179,815
941,391,310,1642
880,437,878,2195
428,979,593,2000
334,663,5,1002
405,670,30,1105
192,626,982,1800
413,793,360,1566
995,259,588,1842
503,409,583,1495
638,607,984,2229
75,772,267,1114
279,714,646,1639
647,19,777,1443
616,202,762,1580
568,128,43,739
771,779,937,2487
176,210,227,613
495,965,600,2060
113,103,566,782
145,611,224,980
965,602,862,2429
391,971,652,2014
845,776,463,2084
457,684,664,1805
221,372,705,1298
172,719,353,1244
4,700,714,1418
363,407,97,867
292,791,195,1278
169,93,374,636
821,89,454,1364
843,563,257,1663
748,643,467,1858
891,267,988,2146
776,607,20,1403
815,29,387,1231
299,681,391,1371
204,825,948,1977
234,510,864,1608
644,207,109,960
200,108,316,624
206,947,6,1159
218,146,892,1256
104,891,885,1880
673,255,233,1161
764,979,640,2383
780,645,9,1434
834,588,699,2121
84,662,895,1641
305,988,968,2261
969,454,785,2208
267,401,781,1449
774,726,743,2243
896,921,822,2639
913,416,12,1341
147,690,7,844
197,2,423,622
226,535,20,781
21,533,359,913
601,579,68,1248
610,175,594,1379
14,556,600,1170
844,881,242,1967
116,18,919,1053
985,561,125,1671
258,560,540,1358
358,276,235,869
914,732,672,2318
527,263,529,1319
559,914,136,1609
767,40,378,1185
24,149,181,354
850,363,767,1980
593,801,223,1617
300,927,131,1358
557,610,996,2163
286,23,100,409
69,243,188,500
815,855,448,2118
979,179,79,1237
143,538,297,978
121,467,238,826
887,219,273,1379
491,352,247,1090
564,883,594,2041
579,779,854,2212
496,204,12,712
690,204,748,1642
175,866,661,1702
217,198,394,809
944,199,55,1198
603,968,823,2394
850,805,927,2582
899,872,905,2676
83,803,742,1628
316,944,491,1751
229,109,35,373
314,289,763,1366
795,73,172,1040
12,970,35,1017
278,445,999,1722
913,701,702,2316
975,7,488,1470
725,885,289,1899
736,712,445,1893
29,247,986,1262
823,506,862,2191
810,426,108,1344
560,372,262,1194
997,481,630,2108
347,525,360,1232
848,584,231,1663
86,664,726,1476
38,437,120,595
489,390,425,1304
310,474,83,867
832,156,572,1560
418,956,570,1944
135,26,998,1159
506,260,243,1009
310,855,999,2164
185,887,979,2051
895,502,595,1992
340,845,793,1978
55,47,131,233
233,934,231,1398
656,314,18,988
157,842,59,1058
814,476,992,2282
668,144,179,991
5,647,644,1296
618,474,470,1562
408,299,674,1381
126,964,31,1121
483,682,292,1457
484,837,548,1869
595,780,878,2253
393,416,115,924
811,830,319,1960
741,585,247,1573
158,560,274,992
363,576,663,1602
341,903,440,1684
34,777,170,981
575,290,792,1657
133,842,20,995
525,453,242,1220
204,501,159,864
214,845,325,1384
153,385,302,840
276,968,684,1928
17,308,393,718
177,846,803,1826
345,548,360,1253
741,818,43,1602
881,818,717,2416
801,713,482,1996
961,204,519,1684
821,295,350,1466
225,967,751,1943
963,55,113,1131
119,804,841,1764
898,349,883,2130
825,668,206,1699
659,440,363,1462
317,733,657,1707
193,466,364,1023
992,450,141,1583
94,449,634,1177
413,267,693,1373
227,602,297,1126
801,860,546,2207
505,380,441,1326
613,143,557,1313
255,706,151,1112
203,689,594,1486
879,924,162,1965
86,58,1000,1144
30,5,416,451
692,120,534,1346
878,935,905,2718
852,675,767,2294
780,316,138,1234
412,367,891,1670
832,333,985,2150
621,614,733,1968
823,329,31,1183
381,255,648,1284
655,887,94,1636
14,937,614,1565
444,212,638,1294
542,430,141,1113
651,866,207,1724
180,337,351,868
176,397,637,1210
551,466,802,1819
394,424,719,1537
802,974,762,2538
656,98,756,1510
887,109,704,1700
72,565,954,1591
281,428,442,1151
959,310,799,2068
211,138,656,1005
977,930,654,2561
506,14,66,586
80,20,308,408
825,413,338,1576
317,333,768,1418
28,685,782,1495
779,40,8,827
582,893,434,1909
817,771,150,1738
776,604,743,2123
805,685,612,2102
753,4,817,1574
772,81,490,1343
463,936,927,2326
245,162,241,648
796,230,226,1252
59,253,147,459
401,609,168,1178
342,329,452,1123
907,34,179,1120
620,274,217,1111
85,792,217,1094
52,780,766,1598
753,94,165,1012
306,488,527,1321
948,949,794,2691
403,923,179,1505
887,581,685,2153
946,164,609,1719
686,201,801,1688
148,195,628,971
978,467,84,1529
761,425,747,1933
13,752,709,1474
39,932,290,1261
881,79,24,984
430,31,500,961
341,602,785,1728
592,120,546,1258
128,2,484,614
374,176,42,592
683,714,423,1820
152,109,549,810
740,192,978,1910
387,117,323,827
515,784,155,1454
424,461,699,1584
576,313,683,1572
435,106,852,1393
834,809,730,2373
476,404,137,1017
390,478,166,1034
347,331,468,1146
125,245,454,824
400,719,893,2012
475,971,702,2148
782,713,674,2169
104,15,640,759
722,748,678,2148
774,968,630,2372
649,373,298,1320
121,391,910,1422
189,772,228,1189
253,239,301,793
963,795,115,1873
400,845,212,1457
386,648,381,1415
609,878,168,1655
934,396,81,1411
688,690,616,1994
836,521,939,2296
40,74,734,848
484,504,131,1119
678,300,642,1620
468,627,48,1143
195,62,192,449
493,379,680,1552
641,84,564,1289
310,700,957,1967
269,489,940,1698
125,99,525,749
232,779,626,1637
770,976,846,2592
848,918,114,1880
907,220,556,1683
727,747,661,2135
618,843,550,2011
329,151,145,625
335,565,382,1282
169,614,674,1457
78,556,663,1297
744,499,142,1385
417,590,291,1298
815,542,141,1498
264,309,430,1003
919,394,575,1888
781,918,567,2266
60,804,788,1652
457,816,724,1997
186,575,969,1730
864,797,890,2551
916,827,886,2629
863,842,451,2156
436,878,323,1637
268,352,749,1369
199,382,34,615
579,559,133,1271
93,126,605,824
763,130,806,1699
921,969,264,2154
469,810,232,1511
22,144,542,708
787,678,935,2400
915,396,347,1658
476,396,97,969
122,455,841,1418
696,129,537,1362
155,195,746,1096
41,870,121,1032
46,745,962,1753
448,572,278,1298
289,390,193,872
39,92,228,359
775,935,436,2146
573,120,471,1164
628,262,926,1816
868,607,74,1549
496,36,226,758
198,913,306,1417
951,513,680,2144
220,490,940,1650
117,63,136,316
138,13,562,713
888,379,125,1392
148,189,130,467
168,237,140,545
722,898,742,2362
968,894,197,2059
270,805,431,1506
605,354,483,1442
733,874,742,2349
520,946,103,1569
163,318,415,896
397,206,881,1484
477,548,436,1461
44,617,546,1207
465,18,219,702
434,473,515,1422
181,340,33,554
749,193,701,1643
383,185,264,832
307,591,830,1728
225,123,709,1057
130,505,622,1257
608,486,619,1713
613,261,714,1588
19,778,695,1492
911,139,711,1761
179,482,703,1364
166,533,77,776
289,863,793,1945
914,877,965,2756
94,144,874,1112
795,386,490,1671
397,96,815,1308
678,528,532,1738
729,398,936,2063
690,298,379,1367
86,618,274,978
699,275,619,1593
792,169,94,1055
979,244,547,1770
776,452,462,1690
979,760,476,2215
567,96,157,820
371,365,590,1326
464,626,596,1686
318,459,908,1685
645,591,364,1600
340,743,475,1558
897,326,385,1608
653,73,847,1573
580,415,732,1727
984,64,244,1292
579,642,169,1390
647,215,677,1539
597,360,689,1646
817,810,593,2220
45,965,316,1326
729,46,696,1471
977,577,442,1996
459,379,939,1777
299,782,745,1826
836,155,875,1866
927,470,191,1588
468,183,705,1356
671,962,124,1757
936,477,401,1814
330,209,216,755
972,0,529,1501
342,54,659,1055
440,594,505,1539
257,949,347,1553
604,74,156,834
28,14,365,407
64,20,263,347
363,574,955,1892
341,935,764,2040
221,310,109,640
766,977,351,2094
116,719,927,1762
458,962,799,2219
38,880,980,1898
508,440,340,1288
817,139,228,1184
106,398,997,1501
559,237,690,1486
319,784,216,1319
621,337,871,1829
743,751,919,2413
29,483,503,1015
650,652,34,1336
73,163,479,715
616,904,339,1859
185,729,431,1345
64,970,440,1474
506,922,160,1588
453,125,249,827
966,29,134,1129
38,315,356,709
185,221,679,1085
126,318,151,595
488,366,444,1298
749,957,151,1857
580,600,57,1237
35,647,137,819
653,16,179,848
739,69,400,1208
585,751,267,1603
335,976,786,2097
434,401,708,1543
801,997,20,1818
321,43,517,881
518,576,299,1393
446,22,395,863
568,277,183,1028
210,630,761,1601
212,328,968,1508
175,101,74,350
902,818,8,1728
672,604,489,1765
692,457,843,1992
98,978,114,1190
395,667,674,1736
912,844,896,2652
863,984,461,2308
654,823,957,2434
654,842,952,2448
960,619,766,2345
364,576,719,1659
11,541,161,713
576,778,286,1640
282,87,709,1078
266,304,853,1423
309,643,499,1451
560,208,680,1448
155,294,72,521
964,79,751,1794
900,210,198,1308
357,817,724,1898
661,339,204,1204
861,965,167,1993
363,134,714,1211
216,507,201,924
778,323,785,1886
389,919,914,2222
848,283,56,1187
717,543,656,1916
15,395,955,1365
266,188,750,1204
66,636,799,1501
482,22,290,794
766,169,764,1699
276,771,461,1508
703,29,196,928
31,204,24,259
955,526,22,1503
283,221,719,1223
962,861,127,1950
922,412,603,1937
664,222,125,1011
129,49,867,1045
327,524,534,1385
806,682,83,1571
465,47,611,1123
1000,997,592,2589
931,985,312,2228
199,67,125,391
285,212,565,1062
110,229,667,1006
852,993,567,2412
332,596,869,1797
328,899,720,1947
941,537,841,2319
656,335,681,1672
264,286,453,1003
133,820,853,1806
469,671,480,1620
790,643,271,1704
839,760,751,2350
746,12,470,1228
55,967,704,1726
71,703,635,1409
514,873,966,2353
398,94,439,931
648,203,902,1753
858,606,486,1950
115,485,582,1182
473,986,627,2086
605,519,907,2031
841,549,223,1613
482,684,22,1188
92,74,911,1077
142,907,531,1580
208,45,220,473
966,869,962,2797
461,435,546,1442
920,518,359,1797
921,690,401,2012
121,265,642,1028
110,933,347,1390
721,749,894,2364
761,108,38,907
907,538,995,2440
32,944,535,1511
266,972,497,1735
770,102,382,1254
533,490,55,1078
545,466,552,1563
270,576,403,1249
540,963,884,2387
854,872,78,1804
248,748,721,1717
677,542,680,1899
957,26,252,1235
251,609,960,1820
473,362,721,1556
941,142,490,1573
843,313,626,1782
67,555,384,1006
23,653,699,1375
111,242,717,1070
292,924,912,2128
100,264,335,699
606,29,498,1133
711,960,168,1839
623,785,209,1617
464,668,538,1670
366,366,771,1503
844,717,469,2030
317,888,423,1628
248,534,866,1648
284,248,780,1312
580,721,739,2040
5,640,621,1266
195,742,855,1792
97,50,463,610
189,395,192,776
275,267,734,1276
661,560,322,1543
497,900,884,2281
209,529,785,1523
223,932,722,1877
354,321,796,1471
513,364,437,1314
145,516,772,1433
985,346,842,2173
257,613,366,1236
327,242,954,1523
712,445,999,2156
503,347,812,1662
12,916,368,1296
548,157,407,1112
13,476,867,1356
814,30,992,1836
526,537,532,1595
216,14,526,756
501,570,208,1279
647,772,80,1499
37,899,755,1691
993,714,781,2488
702,757,692,2151
821,350,950,2121
458,235,34,727
357,865,958,2180
439,478,349,1266
709,439,372,1520
517,820,376,1713
425,783,636,1844
871,106,890,1867
945,674,483,2102
426,68,132,626
506,442,265,1213
190,710,944,1844
174,142,438,754
285,446,621,1352
666,995,834,2495
271,358,619,1248
638,835,777,2250
820,46,91,957
220,789,548,1557
768,452,807,2027
645,639,335,1619
922,804,13,1739
734,967,391,2092
93,580,47,720
994,279,187,1460
146,55,704,905
763,589,93,1445
111,784,945,1840
68,724,867,1659
739,357,811,1907
614,435,712,1761
528,843,301,1672
66,192,986,1244
15,334,570,919
170,966,800,1936
911,269,576,1756
468,96,87,651
461,792,463,1716
484,27,956,1467
738,989,748,2475
885,841,882,2608
436,233,495,1164
391,214,187,792
48,418,180,646
895,548,957,2400
286,201,745,1232
715,469,406,1590
86,79,2,167
117,890,75,1082
705,62,842,1609
638,435,10,1083
387,127,346,860
606,832,309,1747
689,172,904,1765
686,396,674,1756
283,229,894,1406
491,525,660,1676
317,10,59,386
317,954,132,1403
172,107,416,695
826,327,506,1659
900,993,308,2201
987,335,185,1507
193,581,551,1325
416,418,514,1348
221,188,752,1161
419,853,117,1389
208,892,87,1187
890,980,987,2857
557,204,882,1643
499,317,861,1677
365,512,590,1467
24,754,916,1694
270,622,212,1104
939,19,870,1828
89,730,279,1098
975,385,71,1431
534,634,788,1956
83,972,568,1623
262,771,752,1785
376,109,916,1401
797,365,977,2139
768,801,186,1755
671,962,439,2072
9,681,400,1090
268,53,299,620
647,394,317,1358
516,841,538,1895
406,837,586,1829
518,709,25,1252
768,815,76,1659
258,799,39,1096
100,883,625,1608
638,45,861,1544
752,141,697,1590
718,115,100,933
171,746,727,1644
515,984,244,1743
6,826,900,1732
660,477,752,1889
374,178,560,1112
353,596,855,1804
235,220,282,737
832,525,84,1441
578,216,357,1151
66,245,162,473
2,93,793,888
634,889,236,1759
782,88,556,1426
918,784,711,2413
703,894,950,2547
251,363,544,1158
719,452,990,2161
953,849,367,2169
568,280,877,1725
119,98,391,608
325,859,54,1238
711,927,278,1916
355,783,848,1986
24,671,829,1524
580,367,456,1403
218,703,347,1268
315,869,793,1977
170,551,197,918
389,307,641,1337
321,530,620,1471
503,172,143,818
986,968,30,1984
799,579,720,2098
144,461,725,1330
658,482,831,1971
139,645,731,1515
150,347,921,1418
55,602,868,1525
182,622,54,858
274,223,61,558
785,729,810,2324
78,950,854,1882
400,830,384,1614
146,334,25,505
5,811,358,1174
316,961,726,2003
78,886,968,1932
504,633,52,1189
642,473,13,1128
75,977,160,1212
623,335,462,1420
448,427,595,1470
428,851,208,1487
64,495,847,1406
381,353,27,761
77,813,55,945
795,146,377,1318
55,830,25,910
963,487,370,1820
807,13,636,1456
571,769,5,1345
130,577,927,1634
146,179,400,725
131,36,461,628
974,128,774,1876
343,87,965,1395
328,167,996,1491
942,541,669,2152
365,754,271,1390
309,134,238,681
264,974,958,2196
744,436,93,1273
552,28,652,1232
632,829,474,1935
341,143,489,973
399,572,774,1745
436,97,352,885
544,147,194,885
893,274,86,1253
21,522,376,919
854,52,227,1133
827,854,821,2502
72,268,692,1032
967,489,407,1863
713,207,157,1077
124,14,696,834
930,236,136,1302
775,327,524,1626
963,432,944,2339
893,512,771,2176
998,126,93,1217
206,91,147,444
5,274,111,390
32,606,764,1402
357,151,597,1105
485,884,531,1900
186,581,101,868
936,40,663,1639
646,793,961,2400
82,663,528,1273
739,773,846,2358
488,347,394,1229
561,528,158,1247
331,80,860,1271
314,534,345,1193
526,376,813,1715
621,955,581,2157
314,60,634,1008
446,23,430,899
719,274,851,1844
791,244,563,1598
635,752,625,2012
252,153,739,1144
108,845,665,1618
26,527,459,1012
876,432,853,2161
849,413,317,1579
862,81,763,1706
242,100,543,885
953,791,296,2040
185,844,771,1800
745,67,387,1199
106,801,101,1008
296,60,244,600
736,352,676,1764
330,343,153,826
687,21,479,1187
33,710,588,1331
242,984,441,1667
314,418,242,974
992,732,554,2278
855,130,520,1505
605,95,802,1502
350,423,165,938
963,493,829,2285
362,275,720,1357
500,416,491,1407
367,110,607,1084
976,851,694,2521
42,444,153,639
179,492,813,1484
403,34,213,650
734,491,121,1346
32,442,479,953
981,896,760,2637
584,816,407,1807
694,167,725,1586
972,282,936,2190
507,130,817,1454
668,492,823,1983
542,3,12,557
701,387,462,1550
297,210,397,904
245,246,975,1466
145,329,851,1325
17,253,789,1059
654,639,689,1982
21,189,554,764
641,183,931,1755
554,584,629,1767
666,14,778,1458
48,700,89,837
843,320,535,1698
702,905,384,1991
802,538,738,2078
36,282,617,935
517,382,387,1286
375,960,743,2078
396,62,395,853
995,439,316,1750
158,792,760,1710
779,259,93,1131
798,93,202,1093
541,352,640,1533
72,512,384,968
855,600,929,2384
770,687,267,1724
584,116,864,1564
904,344,763,2011
364,363,738,1465
486,480,630,1596
891,189,968,2048
326,728,393,1447
578,960,13,1551
575,980,35,1590
685,78,746,1509
406,498,13,917
938,802,82,1822
789,350,119,1258
28,964,857,1849
405,628,46,1079
590,535,938,2063
591,933,626,2150
924,13,977,1914
110,836,165,1111
989,826,540,2355
238,11,31,280
144,646,774,1564
82,832,63,977
711,486,520,1717
405,388,48,841
380,415,6,801
737,250,307,1294
158,792,762,1712
304,586,690,1580
622,805,549,1976
304,774,958,2036
982,940,10,1932
522,364,180,1066
250,936,812,1998
201,937,75,1213
666,464,313,1443
928,209,820,1957
414,661,829,1904
751,710,913,2374
113,822,97,1032
938,423,910,2271
123,314,125,562
802,571,852,2225
533,976,874,2383
231,607,429,1267
483,701,684,1868
277,652,827,1756
91,396,363,850
364,672,832,1868
706,965,736,2407
388,403,824,1615
23,304,741,1068
394,927,897,2218
290,899,93,1282
232,968,299,1499
38,508,773,1319
284,567,226,1077
493,44,412,949
763,1,525,1289
471,75,968,1514
401,627,48,1076
209,883,836,1928
850,250,755,1855
203,435,299,937
90,650,969,1709
641,846,148,1635
528,969,905,2402
355,276,480,1111
210,629,353,1192
45,257,426,728
396,771,398,1565
598,648,370,1616
290,588,66,944
352,886,208,1446
140,127,82,349
967,965,547,2479
469,500,786,1755
429,572,791,1792
307,167,289,763
701,90,123,914
215,593,671,1479
969,570,829,2368
710,217,538,1465
6,473,593,1072
477,466,202,1145
839,130,440,1409
437,582,857,1876
580,539,535,1654
925,396,933,2254
913,325,818,2056
383,780,840,2003
554,925,670,2149
532,528,358,1418
422,472,146,1040
327,963,393,1683
981,8,112,1101
553,555,917,2025
496,8,539,1043
97,185,377,659
946,693,179,1818
736,529,897,2162
750,327,795,1872
841,287,451,1579
133,657,446,1236
196,191,155,542
703,405,977,2085
883,252,630,1765
474,961,738,2173
609,792,966,2367
837,178,335,1350
336,656,529,1521
180,471,211,862
24,273,936,1233
890,285,952,2127
990,200,297,1487
753,114,386,1253
718,75,538,1331
247,164,516,927
661,92,321,1074
937,766,664,2367
782,636,80,1498
310,301,157,768
572,491,255,1318
500,332,815,1647
744,382,2,1128
130,57,449,636
724,470,831,2025
47,845,118,1010
585,421,701,1707
512,177,781,1470
233,589,690,1512
354,720,82,1156
687,730,460,1877
18,476,667,1161
104,568,705,1377
9,605,26,640
530,733,810,2073
197,320,487,1004
546,163,860,1569
479,81,510,1070
523,177,502,1202
980,144,48,1172
99,752,292,1143
829,667,112,1608
242,99,208,549
643,249,235,1127
504,444,644,1592
889,631,223,1743
409,553,225,1187
125,526,403,1054
809,221,642,1672
959,810,625,2394
870,660,449,1979
824,202,420,1446
602,662,421,1685
965,174,5,1144
434,924,530,1888
14,42,269,325
466,667,824,1957
279,224,524,1027
429,230,690,1349
136,494,980,1610
973,626,178,1777
200,862,199,1261
139,274,354,767
143,130,55,328
552,285,689,1526
645,825,994,2464
721,22,608,1351
916,125,758,1799
697,631,27,1355
35,193,279,507
584,529,529,1642
770,81,797,1648
259,149,996,1404
840,211,848,1899
965,272,841,2078
217,810,234,1261
981,318,497,1796
806,843,232,1881
610,412,329,1351
187,639,950,1776
11,705,49,765
719,782,419,1920
243,627,6,876
703,522,515,1740
919,410,551,1880
800,298,184,1282
594,899,65,1558
428,786,844,2058
816,394,579,1789
286,376,672,1334
636,300,396,1332
507,340,236,1083
387,574,847,1808
815,591,448,1854
17,133,3,153
734,883,255,1872
964,831,294,2089
835,781,706,2322
251,469,23,743
495,554,451,1500
835,695,388,1918
448,881,55,1384
161,725,930,1816
691,165,373,1229
671,291,435,1397
114,459,422,995
444,192,329,965
643,43,786,1472
497,528,823,1848
274,709,794,1777
449,422,1000,1871
688,775,556,2019
76,676,844,1596
425,299,838,1562
996,116,563,1675
44,335,310,689
295,236,685,1216
848,454,463,1765
650,905,478,2033
445,826,408,1679
265,644,486,1395
963,238,592,1793
960,801,358,2119
514,375,504,1393
550,641,814,2005
651,645,153,1449
154,362,674,1190
527,253,17,797
500,222,907,1629
920,288,209,1417
4,550,764,1318
345,353,939,1637
114,57,26,197
21,181,188,390
773,811,904,2488
897,276,335,1508
867,482,197,1546
955,269,710,1934
164,821,332,1317
812,129,679,1620
207,650,483,1340
446,558,408,1412
971,981,889,2841
455,191,700,1346
141,50,119,310
626,664,965,2255
797,660,768,2225
853,330,823,2006
109,556,454,1119
164,898,903,1965
892,527,474,1893
292,567,564,1423
298,861,196,1355
437,787,889,2113
143,140,430,713
944,546,190,1680
380,268,209,857
457,699,825,1981
926,12,919,1857
653,409,141,1203
521,742,894,2157
272,422,966,1660
939,41,613,1593
950,290,520,1760
572,330,436,1338
2,317,162,481
174,529,779,1482
964,894,781,2639
4,271,250,525
784,334,638,1756
609,117,49,775
870,625,340,1835
27,960,685,1672
951,719,433,2103
371,937,354,1662
315,276,791,1382
356,752,688,1796
533,52,100,685
188,919,956,2063
283,566,259,1108
149,328,752,1229
300,578,910,1788
73,980,680,1733
843,375,656,1874
74,960,147,1181
193,170,561,924
538,894,774,2206
486,978,966,2430
211,590,243,1044
623,269,574,1466
891,253,33,1177
119,693,805,1617
160,763,669,1592
864,608,539,2011
509,576,899,1984
902,101,887,1890
534,844,746,2124
199,203,121,523
659,649,161,1469
566,801,25,1392
770,809,898,2477
218,771,440,1429
89,262,147,498
702,639,574,1915
105,911,470,1486
115,99,109,323
577,376,61,1014
654,267,249,1170
44,145,37,226
888,813,614,2315
281,640,405,1326
730,161,738,1629
671,460,19,1150
552,646,904,2102
829,32,90,951
588,365,37,990
160,888,873,1921
590,734,48,1372
96,277,492,865
556,251,165,972
200,774,151,1125
652,784,331,1767
943,0,531,1474
34,721,918,1673
499,110,112,721
375,918,567,1860
257,92,462,811
740,505,227,1472
873,653,327,1853
361,914,201,1476
953,21,63,1037
944,246,203,1393
808,828,229,1865
612,785,408,1805
711,89,333,1133
809,295,267,1371
996,534,882,2412
786,311,241,1338
61,978,14,1053
326,648,964,1938
785,470,386,1641
477,438,181,1096
188,405,433,1026
663,651,314,1628
930,968,62,1960
691,968,659,2318
82,891,988,1961
115,266,133,514
139,533,366,1038
740,918,587,2245
920,997,628,2545
970,852,291,2113
654,965,811,2430
889,200,488,1577
65,667,976,1708
531,7,279,817
243,36,366,645
773,536,394,1703
301,403,446,1150
625,330,316,1271
402,912,659,1973
37,551,612,1200
605,997,651,2253
921,973,576,2470
569,384,229,1182
695,461,681,1837
908,962,712,2582
868,74,40,982
945,733,950,2628
34,7,723,764
672,491,696,1859
739,248,351,1338
405,150,143,698
347,863,792,2002
241,635,566,1442
320,383,660,1363
654,262,350,1266
422,344,496,1262
835,557,617,2009
372,947,68,1387
126,968,814,1908
425,915,481,1821
310,503,938,1751
547,261,948,1756
574,35,955,1564
436,957,262,1655
72,563,466,1101
746,211,425,1382
125,458,368,951
314,548,99,961
804,741,415,1960
110,420,402,932
754,711,547,2012
34,955,527,1516
838,558,711,2107
943,394,570,1907
332,761,734,1827
848,38,427,1313
944,807,737,2488
698,895,816,2409
97,572,407,1076
365,415,886,1666
380,424,398,1202
325,912,456,1693
669,34,248,951
990,702,613,2305
130,684,462,1276
728,829,211,1768
357,167,739,1263
759,347,421,1527
422,958,898,2278
396,995,393,1784
364,93,722,1179
733,34,987,1754
722,502,730,1954
588,753,390,1731
661,556,219,1436
811,473,765,2049
240,352,805,1397
281,634,430,1345
44,99,616,759
846,975,723,2544
242,236,753,1231
870,429,757,2056
315,81,995,1391
588,683,985,2256
820,92,801,1713
297,9,781,1087
385,935,487,1807
539,98,314,951
197,381,788,1366
717,320,800,1837
577,373,642,1592
975,553,631,2159
252,110,642,1004
167,509,533,1209
227,50,96,373
377,139,279,795
501,720,232,1453
677,887,725,2289
511,564,201,1276
183,735,258,1176
693,286,524,1503
676,219,381,1276
481,279,411,1171
721,382,273,1376
226,100,808,1134
495,886,604,1985
566,425,368,1359
120,73,456,649
272,229,213,714
713,753,977,2443
924,215,24,1163
730,478,534,1742
617,817,817,2251
715,424,303,1442
95,776,25,896
511,484,599,1594
795,39,34,868
656,845,692,2193
234,82,938,1254
953,303,869,2125
588,670,187,1445
63,651,820,1534
246,906,536,1688
470,429,227,1126
721,664,813,2198
108,545,232,885
398,968,266,1632
976,470,943,2389
20,199,887,1106
267,363,680,1310
704,409,999,2112
997,75,659,1731
230,270,641,1141
939,710,540,2189
151,195,65,411
787,442,512,1741
416,960,726,2102
51,222,739,1012
676,671,280,1627
520,193,698,1411
284,994,201,1479
947,959,145,2051
68,530,303,901
405,498,241,1144
113,465,293,871
407,428,826,1661
500,825,857,2182
245,829,497,1571
201,445,699,1345
59,273,476,808
772,396,210,1378
177,239,380,796
253,159,168,580
717,571,426,1714
50,378,494,922
850,905,364,2119
857,324,672,1853
990,229,1,1220
949,494,45,1488
69,453,900,1422
391,226,312,929
170,377,490,1037
784,124,426,1334
490,239,98,827
570,48,390,1008
875,556,453,1884
17,608,886,1511
7,599,979,1585
711,920,123,1754
609,221,387,1217
254,749,214,1217
541,391,136,1068
156,79,354,589
82,496,198,776
102,142,642,886
415,135,579,1129
137,774,819,1730
29,356,852,1237
754,254,97,1105
195,642,830,1667
881,345,132,1358
174,124,134,432
378,144,913,1435
574,995,446,2015
81,595,279,955
806,473,13,1292
543,882,115,1540
323,46,196,565
6,210,98,314
56,190,105,351
60,805,963,1828
155,117,536,808
915,896,644,2455
512,526,537,1575
193,572,811,1576
108,465,582,1155
870,239,455,1564
308,569,578,1455
124,347,948,1419
985,329,398,1712
643,873,150,1666
960,790,774,2524
908,31,853,1792
832,304,679,1815
597,573,417,1587
983,610,955,2548
57,954,131,1142
899,641,499,2039
989,734,108,1831
411,138,446,995
403,245,528,1176
908,229,622,1759
323,322,521,1166
567,46,17,630
481,714,686,1881
932,818,339,2089
281,671,400,1352
135,546,454,1135
350,282,614,1246
196,554,940,1690
649,705,257,1611
764,288,533,1585
242,746,365,1353
744,217,813,1774
928,351,996,2275
787,800,165,1752
288,186,889,1363
554,127,646,1327
53,366,527,946
909,208,623,1740
95,799,658,1552
887,281,141,1309
642,503,168,1313
194,401,455,1050
943,615,156,1714
915,941,30,1886
438,261,880,1579
828,826,845,2499
176,22,872,1070
434,654,598,1686
19,737,371,1127
833,413,757,2003
183,76,480,739
298,473,277,1048
741,838,315,1894
921,797,76,1794
811,398,205,1414
390,951,545,1886
432,865,122,1419
964,119,28,1111
615,104,956,1675
622,944,878,2444
510,520,463,1493
46,879,800,1725
187,44,723,954
946,370,598,1914
261,517,580,1358
934,190,168,1292
223,875,82,1180
228,132,61,421
296,791,496,1583
426,953,142,1521
686,877,471,2034
484,955,597,2036
11,920,395,1326
42,806,764,1612
815,986,700,2501
627,845,305,1777
971,71,632,1674
557,232,491,1280
3,807,525,1335
522,94,556,1172
913,860,532,2305
206,668,577,1451
734,941,540,2215
235,538,633,1406
47,847,533,1427
140,174,56,370
531,434,337,1302
110,641,99,850
967,587,834,2388
726,726,309,1761
427,374,441,1242
306,572,549,1427
628,533,459,1620
943,209,985,2137
924,668,583,2175
679,620,825,2124
663,236,181,1080
518,722,304,1544
855,297,104,1256
677,990,631,2298
851,547,655,2053
579,435,407,1421
481,200,331,1012
831,462,635,1928
929,657,643,2229
363,198,136,697
711,231,635,1577
877,585,45,1507
933,777,734,2444
29,566,684,1279
222,320,603,1145
751,689,520,1960
143,138,535,816
130,651,574,1355
312,21,381,714
593,829,993,2415
522,253,144,919
775,712,256,1743
34,102,721,857
43,549,154,746
929,360,587,1876
714,606,159,1479
806,219,641,1666
265,897,372,1534
112,115,487,714
638,489,439,1566
175,86,843,1104
370,270,939,1579
894,414,492,1800
941,983,723,2647
911,137,271,1319
322,22,667,1011
925,178,72,1175
966,624,329,1919
750,993,420,2163
140,907,26,1073
764,877,927,2568
845,105,442,1392
42,343,363,748
53,75,490,618
969,260,133,1362
799,634,691,2124
324,647,530,1501
308,383,849,1540
607,299,0,906
422,601,43,1066
37,352,979,1368
676,682,453,1811
385,849,728,1962
577,21,944,1542
355,1000,976,2331
938,848,1000,2786
65,29,798,892
308,730,550,1588
949,799,842,2590
501,738,74,1313
565,213,589,1367
348,491,911,1750
136,931,120,1187
434,119,98,651
881,306,886,2073
294,859,939,2092
85,709,380,1174
856,512,724,2092
908,272,241,1421
644,578,959,2181
569,501,622,1692
194,887,315,1396
689,111,304,1104
125,475,612,1212
515,756,570,1841
229,2,341,572
744,143,970,1857
169,423,672,1264
763,539,644,1946
125,788,829,1742
778,944,732,2454
607,249,704,1560
640,596,966,2202
374,350,765,1489
804,275,386,1465
109,603,374,1086
269,762,198,1229
578,328,808,1714
596,453,229,1278
893,169,312,1374
481,84,442,1007
757,108,450,1315
819,553,555,1927
647,331,786,1764
925,827,989,2741
442,707,989,2138
187,12,376,575
344,449,689,1482
201,316,40,557
988,622,405,2015
36,912,960,1908
259,496,536,1291
210,353,906,1469
649,818,712,2179
483,966,821,2270
79,390,594,1063
917,582,565,2064
721,312,373,1406
58,279,36,373
569,284,357,1210
428,291,633,1352
551,632,707,1890
81,931,723,1735
213,109,986,1308
530,96,498,1124
763,423,950,2136
819,398,674,1891
833,824,369,2026
72,596,597,1265
749,644,741,2134
602,503,799,1904
488,15,94,597
758,957,343,2058
435,15,904,1354
206,756,497,1459
532,289,956,1777
859,300,688,1847
210,160,917,1287
162,928,226,1316
404,417,263,1084
920,442,676,2038
158,30,628,816
570,481,905,1956
124,405,376,905
163,998,464,1625
220,291,705,1216
282,557,714,1553
504,344,474,1322
193,451,738,1382
142,814,929,1885
307,128,486,921
332,521,948,1801
304,93,599,996
402,958,475,1835
999,34,72,1105
598,313,548,1459
578,17,304,899
131,819,10,960
99,117,660,876
968,560,687,2215
946,419,705,2070
242,488,761,1491
154,401,730,1285
712,622,381,1715
126,724,745,1595
534,818,671,2023
821,2,506,1329
325,119,899,1343
641,994,947,2582
195,572,157,924
910,963,620,2493
369,828,880,2077
450,189,492,1131
185,752,143,1080
979,912,657,2548
868,676,487,2031
933,238,555,1726
266,870,930,2066
847,644,25,1516
237,498,48,783
441,861,51,1353
344,897,247,1488
558,876,576,2010
63,671,379,1113
254,141,336,731
53,558,288,899
47,835,364,1246
228,132,428,788
405,172,173,750
350,811,456,1617
93,552,349,994
407,836,417,1660
442,128,927,1497
279,814,875,1968
112,339,784,1235
684,874,792,2350
265,8,229,502
812,440,31,1283
393,822,252,1467
209,261,107,577
377,423,53,853
748,997,136,1881
386,36,828,1250
4,442,611,1057
287,85,555,927
846,712,745,2303
938,748,812,2498
615,456,398,1469
910,169,852,1931
53,291,769,1113
426,207,115,748
231,282,901,1414
825,62,187,1074
270,220,999,1489
516,372,82,970
251,584,216,1051
303,689,432,1424
387,210,989,1586
29,223,158,410
714,896,504,2114
564,912,282,1758
955,697,23,1675
859,325,113,1297
530,428,210,1168
73,30,473,576
966,876,658,2500
527,63,797,1387
140,271,176,587
520,688,154,1362
470,26,576,1072
337,67,673,1077
701,131,590,1422
944,915,715,2574
884,90,234,1208
382,946,589,1917
802,84,5,891
716,597,325,1638
29,919,994,1942
135,270,589,994
11,29,143,183
217,0,225,442
272,639,128,1039
865,616,809,2290
809,910,199,1918
784,25,526,1335
662,536,464,1662
320,490,480,1290
705,351,235,1291
752,452,980,2184
144,394,30,568
38,238,616,892
485,795,278,1558
756,380,37,1173
758,402,758,1918
808,830,490,2128
372,252,304,928
844,596,544,1984
100,843,106,1049
740,278,673,1691
505,431,374,1310
429,732,849,2010
970,780,63,1813
937,947,219,2103
951,884,415,2250
143,634,476,1253
96,187,61,344
391,695,980,2066
953,439,368,1760
501,860,480,1841
114,338,273,725
293,207,636,1136
512,216,706,1434
239,956,110,1305
410,548,414,1372
361,592,951,1904
688,367,684,1739
437,654,336,1427
616,692,889,2197
622,384,171,1177
842,139,45,1026
242,783,489,1514
26,405,480,911
764,858,45,1667
406,332,516,1254
640,929,1000,2569
38,182,255,475
422,684,813,1919
466,351,32,849
192,139,98,429
318,397,27,742
988,676,787,2451
973,57,126,1156
235,518,798,1551
113,338,197,648
619,571,888,2078
34,13,698,745
868,621,622,2111
398,989,968,2355
417,411,701,1529
185,99,888,1172
79,333,340,752
599,488,521,1608
274,60,486,820
799,431,798,2028
760,565,928,2253
621,656,166,1443
575,688,58,1321
738,700,626,2064
920,818,254,1992
702,573,821,2096
537,12,426,975
138,905,436,1479
365,286,860,1511
481,1,699,1181
178,129,96,403
876,391,841,2108
28,190,424,642
668,205,362,1235
241,832,66,1139
8,831,668,1507
554,636,642,1832
802,280,332,1414
720,689,200,1609
159,402,403,964
543,374,314,1231
986,16,99,1101
451,258,932,1641
71,43,112,226
844,950,689,2483
562,988,982,2532
223,490,333,1046
566,517,678,1761
928,776,898,2602
580,731,735,2046
254,847,980,2081
138,922,467,1527
969,540,720,2229
880,765,610,2255
939,786,181,1906
488,224,580,1292
514,160,976,1650
401,916,286,1603
335,661,570,1566
568,99,737,1404
180,116,404,700
117,20,309,446
751,469,636,1856
933,448,546,1927
253,485,135,873
278,66,748,1092
364,400,498,1262
500,107,861,1468
616,120,148,884
40,97,346,483
83,861,657,1601
376,394,395,1165
464,193,169,826
268,354,978,1600
174,271,628,1073
404,619,89,1112
892,905,315,2112
702,623,952,2277
518,671,274,1463
162,565,428,1155
63,444,66,573
57,294,83,434
937,829,939,2705
476,136,195,807
766,699,96,1561
722,339,830,1891
739,459,897,2095
940,847,473,2260
926,963,747,2636
798,587,784,2169
13,528,908,1449
661,218,341,1220
755,356,993,2104
716,816,998,2530
114,856,59,1029
977,868,404,2249
589,334,122,1045
685,452,143,1280
54,853,295,1202
245,276,924,1445
68,974,606,1648
849,780,409,2038
883,342,131,1356
105,589,760,1454
68,524,831,1423
199,25,716,940
541,932,941,2414
91,916,850,1857
111,509,896,1516
481,484,542,1507
231,257,178,666
471,77,714,1262
367,355,407,1129
907,664,465,2036
668,39,789,1496
650,67,260,977
777,615,364,1756
818,824,416,2058
264,414,973,1651
395,450,583,1428
748,32,357,1137
182,205,292,679
104,630,187,921
916,76,637,1629
608,293,92,993
207,353,647,1207
497,419,405,1321
262,125,718,1105
843,937,132,1912
974,254,655,1883
14,989,537,1540
491,498,52,1041
775,801,276,1852
755,789,769,2313
537,518,306,1361
170,265,863,1298
722,353,733,1808
187,427,349,963
7,358,519,884
123,695,906,1724
499,638,308,1445
339,97,844,1280
951,553,165,1669
796,318,71,1185
678,140,634,1452
725,523,183,1431
894,112,122,1128
937,511,735,2183
165,901,978,2044
50,297,258,605
854,74,993,1921
957,484,757,2198
363,854,73,1290
491,149,94,734
840,501,578,1919
139,824,265,1228
252,762,746,1760
955,620,531,2106
342,581,216,1139
491,943,330,1764
69,147,949,1165
587,844,272,1703
751,209,442,1402
619,225,211,1055
14,103,713,830
534,986,656,2176
317,534,493,1344
325,570,225,1120
457,464,207,1128
601,638,583,1822
695,539,919,2153
489,270,389,1148
11,804,101,916
427,118,60,605
809,647,958,2414
604,52,0,656
14,366,700,1080
902,489,607,1998
262,180,789,1231
312,567,597,1476
546,285,21,852
293,431,872,1596
159,280,218,657
206,851,230,1287
218,208,343,769
602,79,435,1116
957,515,627,2099
863,747,345,1955
182,976,547,1705
825,519,216,1560
98,505,476,1079
72,833,401,1306
199,939,695,1833
551,977,530,2058
240,245,155,640
611,838,14,1463
334,911,665,1910
441,809,887,2137
240,175,781,1196
531,333,658,1522
856,541,518,1915
102,107,893,1102
945,590,849,2384
940,591,191,1722
950,559,526,2035
419,150,597,1166
726,378,894,1998
63,7,662,732
295,36,679,1010
589,944,666,2199
149,627,633,1409
44,312,111,467
460,667,263,1390
604,279,792,1675
444,848,909,2201
203,57,548,808
900,973,375,2248
53,202,267,522
888,801,426,2115
460,408,701,1569
141,505,208,854
906,255,22,1183
39,542,956,1537
383,532,321,1236
159,807,719,1685
735,4,313,1052
503,428,798,1729
561,769,820,2150
78,253,331,662
121,447,830,1398
464,463,978,1905
169,97,145,411
238,831,853,1922
321,556,920,1797
991,873,476,2340
137,688,510,1335
145,904,937,1986
120,629,265,1014
219,111,961,1291
713,403,298,1414
522,753,338,1613
758,432,369,1559
680,27,254,961
931,264,458,1653
313,613,418,1344
836,998,55,1889
879,973,226,2078
39,74,115,228
168,952,530,1650
174,742,157,1073
552,394,204,1150
306,544,990,1840
156,401,312,869
682,14,494,1190
355,493,891,1739
262,437,523,1222
594,113,683,1390
106,653,812,1571
954,361,516,1831
654,81,24,759
659,188,98,945
359,702,464,1525
543,737,608,1888
879,811,651,2341
888,565,92,1545
988,140,784,1912
880,387,239,1506
433,562,21,1016
328,752,872,1952
51,617,560,1228
381,60,989,1430
493,112,983,1588
441,433,457,1331
959,351,404,1714
97,50,25,172
551,739,933,2223
165,841,906,1912
441,204,267,912
146,612,722,1480
533,249,695,1477
379,278,163,820
192,712,155,1059
92,70,3,165
457,79,866,1402
970,610,781,2361
130,150,46,326
485,234,769,1488
987,148,36,1171
683,337,709,1729
80,582,645,1307
502,11,63,576
231,960,56,1247
784,796,46,1626
891,293,170,1354
148,427,944,1519
640,947,300,1887
747,350,560,1657
24,581,90,695
645,299,18,962
482,297,787,1566
730,917,909,2556
414,646,637,1697
656,854,225,1735
851,200,24,1075
789,326,315,1430
170,266,130,566
536,382,743,1661
304,25,724,1053
594,405,708,1707
992,331,464,1787
380,692,76,1148
666,781,497,1944
378,548,751,1677
851,620,999,2470
715,395,47,1157
892,967,764,2623
142,571,339,1052
572,692,986,2250
854,839,774,2467
394,868,162,1424
140,736,619,1495
806,251,392,1449
434,836,221,1491
6,919,107,1032
767,935,364,2066
73,128,570,771
745,397,685,1827
906,655,70,1631
340,542,593,1475
25,141,232,398
283,72,761,1116
181,628,671,1480
350,834,756,1940
281,250,969,1500
610,112,112,834
688,70,866,1624
349,976,946,2271
287,600,737,1624
925,708,983,2616
746,518,853,2117
812,185,500,1497
435,433,433,1301
672,223,158,1053
396,862,701,1959
892,403,581,1876
179,439,512,1130
509,764,687,1960
299,307,867,1473
200,36,728,964
410,89,767,1266
950,915,174,2039
502,478,195,1175
631,864,252,1747
605,677,50,1332
689,686,603,1978
716,242,333,1291
477,984,650,2111
361,949,80,1390
443,223,492,1158
444,432,18,894
494,397,176,1067
971,484,448,1903
55,910,416,1381
847,42,517,1406
75,952,617,1644
754,701,671,2126
965,720,489,2174
120,823,287,1230
873,899,457,2229
429,348,351,1128
263,207,445,915
80,951,615,1646
369,65,564,998
404,623,373,1400
503,910,488,1901
681,994,352,2027
488,838,272,1598
646,838,782,2266
919,610,524,2053
578,844,164,1586
267,528,427,1222
251,952,748,1951
151,68,803,1022
353,762,379,1494
202,783,661,1646
987,595,548,2130
314,780,463,1557
491,749,447,1687
794,93,371,1258
576,718,410,1704
47,822,191,1060
28,491,961,1480
358,820,585,1763
722,109,932,1763
592,488,884,1964
391,523,615,1529
357,156,631,1144
525,670,302,1497
254,703,339,1296
121,440,556,1117
50,899,909,1858
669,477,781,1927
870,861,919,2650
749,899,492,2140
194,848,42,1084
939,120,157,1216
675,467,380,1522
383,420,51,854
977,90,169,1236
944,183,790,1917
521,274,692,1487
373,648,396,1417
552,153,741,1446
820,957,445,2222
192,98,15,305
349,911,604,1864
717,687,781,2185
76,134,890,1100
282,647,377,1306
106,692,553,1351
730,973,834,2537
241,538,409,1188
188,833,753,1774
164,867,197,1228
592,884,760,2236
722,848,213,1783
745,406,150,1301
803,286,400,1489
637,193,307,1137
776,971,802,2549
811,935,747,2493
23,589,416,1028
72,688,470,1230
616,524,26,1166
154,962,683,1799
977,600,361,1938
536,823,653,2012
200,628,745,1573
435,795,317,1547
852,569,951,2372
212,8,991,1211
327,279,149,755
709,838,198,1745
69,674,708,1451
547,306,250,1103
469,1,148,618
230,543,725,1498
775,660,973,2408
916,417,247,1580
133,681,214,1028
11,652,725,1388
323,368,441,1132
601,773,193,1567
46,266,967,1279
885,251,982,2118
637,974,365,1976
456,81,178,715
917,731,416,2064
726,401,737,1864
802,75,436,1313
892,260,245,1397
797,254,423,1474
709,898,263,1870
828,510,232,1570
186,324,61,571
486,932,580,1998
159,811,389,1359
542,337,470,1349
246,388,643,1277
649,80,719,1448
396,496,855,1747
763,53,553,1369
42,736,367,1145
24,907,505,1436
719,299,599,1617
679,143,7,829
248,981,957,2186
843,0,115,958
66,414,43,523
167,57,113,337
767,796,854,2417
929,300,82,1311
369,67,25,461
984,625,567,2176
30,218,438,686
8,700,790,1498
287,752,562,1601
759,741,417,1917
30,167,359,556
246,325,562,1133
105,32,911,1048
515,25,647,1187
353,742,851,1946
245,152,894,1291
683,629,416,1728
893,608,82,1583
846,387,881,2114
954,816,720,2490
967,917,661,2545
192,395,83,670
672,355,203,1230
344,26,930,1300
933,129,705,1767
597,799,542,1938
602,82,134,818
822,293,517,1632
238,855,669,1762
593,962,376,1931
569,914,687,2170
917,407,336,1660
131,185,33,349
759,86,354,1199
741,74,67,882
165,270,910,1345
460,635,264,1359
445,945,188,1578
291,713,172,1176
513,320,908,1741
936,952,104,1992
998,30,661,1689
433,816,92,1341
998,971,801,2770
174,710,630,1514
962,132,415,1509
972,712,990,2674
159,379,294,832
574,595,416,1585
414,723,169,1306
778,378,167,1323
990,683,423,2096
847,415,955,2217
904,730,861,2495
944,789,45,1778
63,485,357,905
364,886,266,1516
16,189,72,277
946,10,32,988
349,451,306,1106
509,235,751,1495
322,310,221,853
9,405,693,1107
918,186,442,1546
605,939,730,2274
474,919,565,1958
430,722,540,1692
702,811,13,1526
303,149,452,904
746,880,563,2189
636,213,831,1680
80,525,399,1004
0,676,368,1044
641,406,852,1899
800,178,822,1800
747,727,543,2017
536,768,758,2062
545,464,982,1991
223,501,232,956
805,511,534,1850
147,595,254,996
782,630,838,2250
89,766,118,973
254,734,390,1378
186,62,175,423
911,690,900,2501
714,667,745,2126
931,429,974,2334
18,533,610,1161
363,917,803,2083
645,509,32,1186
626,477,966,2069
699,545,644,1888
721,364,372,1457
751,378,534,1663
350,151,236,737
15,101,312,428
937,440,945,2322
543,414,517,1474
74,470,750,1294
427,518,32,977
566,47,774,1387
215,657,294,1166
15,119,856,990
382,888,38,1308
845,544,488,1877
361,251,236,848
36,212,262,510
76,441,539,1056
47,447,257,751
723,243,999,1965
845,605,615,2065
406,425,81,912
162,118,500,780
921,905,283,2109
327,247,821,1395
992,758,789,2539
996,92,221,1309
685,188,397,1270
927,150,644,1721
328,27,86,441
887,565,937,2389
743,872,280,1895
173,725,785,1683
466,918,765,2149
110,285,158,553
700,765,688,2153
135,504,929,1568
218,654,347,1219
760,167,413,1340
776,460,105,1341
797,753,430,1980
346,481,707,1534
340,987,169,1496
683,50,481,1214
470,60,722,1252
420,205,707,1332
794,258,76,1128
646,56,114,816
289,412,315,1016
466,877,754,2097
938,930,787,2655
79,146,566,791
101,851,407,1359
677,682,90,1449
258,977,693,1928
376,48,384,808
18,963,227,1208
889,563,10,1462
958,794,425,2177
726,85,85,896
611,577,909,2097
698,342,865,1905
825,936,253,2014
871,657,406,1934
378,917,152,1447
3,61,840,904
780,338,370,1488
917,907,888,2712
818,680,422,1920
567,53,304,924
391,838,177,1406
795,346,307,1448
655,283,144,1082
519,508,364,1391
26,230,923,1179
509,82,970,1561
791,138,505,1434
202,207,467,876
829,33,315,1177
769,808,295,1872
926,314,693,1933
990,267,663,1920
911,927,571,2409
828,840,8,1676
636,570,282,1488
515,47,112,674
379,690,240,1309
673,931,230,1834
51,161,353,565
353,554,343,1250
28,820,644,1492
348,737,753,1838
381,348,871,1600
687,659,927,2273
641,296,517,1454
414,86,543,1043
285,23,475,783
706,661,351,1718
214,550,351,1115
820,767,123,1710
504,375,786,1665
926,758,786,2470
183,437,413,1033
254,468,832,1554
314,384,716,1414
953,845,668,2466
185,24,378,587
628,447,635,1710
372,210,172,754
729,438,556,1723
647,921,665,2233
142,727,264,1133
276,668,761,1705
213,512,834,1559
156,901,12,1069
848,807,58,1713
633,486,278,1397
808,207,310,1325
992,501,989,2482
836,469,470,1775
361,800,340,1501
622,331,877,1830
846,100,423,1369
78,748,813,1639
887,383,475,1745
799,734,63,1596
685,270,480,1435
931,885,776,2592
491,817,965,2273
806,704,671,2181
471,543,711,1725
828,213,63,1104
202,457,29,688
266,945,599,1810
702,760,326,1788
296,695,422,1413
420,211,467,1098
891,254,119,1264
797,201,58,1056
442,195,367,1004
436,688,255,1379
827,872,562,2261
257,873,282,1412
989,573,317,1879
733,955,213,1901
532,534,862,1928
19,361,843,1223
970,416,150,1536
42,91,458,591
560,886,394,1840
216,440,576,1232
590,992,831,2413
403,712,760,1875
796,800,270,1866
49,938,963,1950
621,268,140,1029
29,497,302,828
409,253,505,1167
987,180,536,1703
251,184,655,1090
264,341,153,758
696,284,571,1551
313,31,621,965
466,100,693,1259
229,439,352,1020
591,576,397,1564
596,780,989,2365
348,389,178,915
262,582,567,1411
369,41,693,1103
616,408,182,1206
668,20,924,1612
483,636,758,1877
304,205,292,801
374,436,241,1051
974,226,178,1378
229,985,645,1859
475,311,611,1397
301,534,577,1412
898,836,123,1857
56,375,716,1147
494,381,733,1608
655,533,438,1626
144,556,328,1028
799,347,49,1195
264,833,256,1353
839,351,559,1749
336,679,836,1851
844,434,660,1938
294,287,910,1491
312,14,172,498
303,216,503,1022
220,193,236,649
303,871,868,2042
287,966,815,2068
69,869,35,973
915,851,576,2342
766,987,625,2378
228,229,304,761
950,366,686,2002
439,555,999,1993
360,807,73,1240
496,154,943,1593
565,892,234,1691
898,720,924,2542
610,329,248,1187
888,404,322,1614
508,968,634,2110
788,799,770,2357
355,155,170,680
984,553,199,1736
653,215,198,1066
297,447,505,1249
336,794,163,1293
986,563,651,2200
631,398,869,1898
607,743,12,1362
641,246,976,1863
427,859,450,1736
407,21,585,1013
511,612,736,1859
593,957,390,1940
935,517,778,2230
428,995,986,2409
695,951,152,1798
728,677,582,1987
820,746,381,1947
647,319,404,1370
649,226,154,1029
947,271,524,1742
7,189,870,1066
203,563,531,1297
17,528,436,981
536,927,866,2329
402,660,505,1567
761,416,354,1531
265,510,661,1436
911,856,504,2271
310,145,126,581
254,401,101,756
702,370,584,1656
737,677,997,2411
727,147,177,1051
668,45,804,1517
580,993,965,2538
941,321,570,1832
908,408,231,1547
825,186,389,1400
698,635,8,1341
967,458,115,1540
63,398,61,522
858,509,207,1574
265,508,946,1719
779,700,528,2007
502,182,229,913
504,830,994,2328
733,940,653,2326
553,626,628,1807
571,899,950,2420
377,438,264,1079
6,890,98,994
74,189,0,263
891,98,468,1457
904,778,966,2648
227,626,31,884
635,455,843,1933
286,328,707,1321
544,790,626,1960
845,82,446,1373
271,554,313,1138
170,839,594,1603
914,37,810,1761
993,548,4,1545
554,469,565,1588
261,511,418,1190
275,716,784,1775
806,163,787,1756
983,606,714,2303
613,284,155,1052
313,108,768,1189
117,229,623,969
195,661,53,909
177,533,523,1233
663,781,326,1770
631,714,185,1530
10,124,333,467
422,663,937,2022
457,85,546,1088
631,830,70,1531
561,255,171,987
741,835,480,2056
508,421,321,1250
864,408,172,1444
229,572,106,907
875,632,135,1642
835,787,199,1821
997,58,637,1692
557,437,809,1803
947,132,360,1439
625,757,833,2215
716,939,369,2024
24,915,938,1877
161,5,657,823
365,244,772,1381
745,823,565,2133
996,923,930,2849
191,885,14,1090
638,238,552,1428
469,775,662,1906
279,426,393,1098
841,529,811,2181
364,542,710,1616
626,265,201,1092
631,805,595,2031
799,783,259,1841
275,951,237,1463
835,623,106,1564
711,124,216,1051
464,99,856,1419
265,625,577,1467
535,475,79,1089
318,415,157,890
948,730,489,2167
829,3,506,1338
442,134,849,1425
831,459,124,1414
86,308,257,651
71,583,613,1267
235,86,249,570
49,275,553,877
194,465,968,1627
574,330,317,1221
971,66,480,1517
539,495,570,1604
146,791,269,1206
634,482,672,1788
346,57,559,962
594,298,335,1227
65,920,626,1611
52,743,502,1297
536,458,310,1304
504,160,505,1169
767,228,641,1636
420,306,58,784
37,613,334,984
329,576,526,1431
370,885,874,2129
346,613,896,1855
960,251,895,2106
324,207,134,665
642,752,394,1788
833,704,115,1652
843,640,749,2232
668,0,22,690
343,719,360,1422
626,526,109,1261
373,763,433,1569
672,35,512,1219
894,845,405,2144
467,728,385,1580
69,373,798,1240
284,577,633,1494
498,179,532,1209
457,121,818,1396
776,191,510,1477
700,445,636,1781
563,847,272,1682
386,688,149,1223
132,449,316,897
540,517,411,1468
194,777,816,1787
289,523,889,1701
157,139,752,1048
157,839,66,1062
508,466,858,1832
506,811,359,1676
426,610,13,1049
646,51,714,1411
273,27,341,641
937,514,965,2416
264,57,252,573
133,547,665,1345
895,678,796,2369
980,734,44,1758
772,646,472,1890
782,84,97,963
503,866,641,2010
751,402,633,1786
749,641,968,2358
602,853,743,2198
462,379,151,992
571,370,54,995
417,808,935,2160
999,954,219,2172
862,277,137,1276
507,504,89,1100
395,786,310,1491
556,656,833,2045
225,970,250,1445
777,127,71,975
182,56,743,981
441,359,911,1711
894,18,524,1436
565,167,332,1064
604,178,113,895
487,852,527,1866
358,990,331,1679
974,972,262,2208
327,185,482,994
137,957,988,2082
331,279,631,1241
637,665,777,2079
722,352,525,1599
394,654,392,1440
121,476,227,824
463,962,39,1464
417,578,545,1540
811,940,794,2545
154,759,556,1469
605,72,168,845
162,541,594,1297
417,455,191,1063
108,606,317,1031
458,443,922,1823
197,12,719,928
681,309,889,1879
532,985,171,1688
25,543,491,1059
44,736,225,1005
764,659,837,2260
526,714,199,1439
672,204,764,1640
141,833,503,1477
602,656,406,1664
734,702,903,2339
24,910,682,1616
642,879,362,1883
110,657,190,957
357,780,150,1287
252,30,724,1006
227,325,995,1547
862,112,383,1357
60,539,797,1396
560,112,746,1418
911,405,936,2252
643,809,29,1481
142,940,101,1183
185,370,588,1143
844,593,120,1557
394,685,366,1445
752,337,375,1464
589,835,14,1438
807,299,932,2038
423,407,213,1043
23,530,700,1253
251,684,529,1464
25,715,569,1309
736,781,34,1551
113,320,112,545
924,421,457,1802
888,109,279,1276
612,228,801,1641
394,0,386,780
127,125,151,403
401,208,377,986
416,340,293,1049
501,141,877,1519
18,635,962,1615
20,972,917,1909
536,931,11,1478
274,140,774,1188
21,192,260,473
198,741,271,1210
209,320,185,714
475,237,597,1309
477,453,354,1284
309,637,569,1515
591,861,745,2197
487,662,228,1377
717,679,631,2027
229,960,565,1754
861,34,704,1599
918,977,687,2582
102,729,525,1356
246,664,217,1127
921,931,924,2776
479,469,81,1029
704,553,168,1425
247,638,307,1192
262,357,943,1562
960,220,712,1892
425,743,66,1234
785,591,275,1651
747,728,135,1610
45,314,693,1052
335,160,66,561
159,570,102,831
422,318,415,1155
494,546,899,1939
863,180,121,1164
58,569,433,1060
719,326,87,1132
831,92,622,1545
415,908,976,2299
434,62,488,984
145,520,382,1047
225,182,551,958
824,634,661,2119
659,435,894,1988
760,944,917,2621
159,292,422,873
818,235,361,1414
223,222,779,1224
693,690,856,2239
470,211,54,735
600,151,707,1458
64,430,738,1232
576,21,935,1532
912,268,195,1375
697,902,132,1731
988,977,369,2334
402,743,48,1193
163,332,878,1373
278,134,801,1213
705,282,989,1976
878,793,497,2168
169,327,536,1032
997,914,918,2829
52,974,71,1097
598,392,292,1282
576,322,892,1790
897,664,274,1835
921,564,203,1688
462,599,546,1607
960,977,106,2043
693,948,682,2323
905,766,821,2492
757,114,673,1544
911,568,430,1909
865,41,886,1792
805,423,504,1732
47,544,13,604
752,895,142,1789
320,419,250,989
758,188,849,1795
722,452,147,1321
297,748,949,1994
734,586,630,1950
322,790,200,1312
689,793,322,1804
871,579,933,2383
346,309,349,1004
202,380,860,1442
508,226,1000,1734
861,525,750,2136
299,305,327,931
619,147,881,1647
784,598,572,1954
697,39,868,1604
702,545,471,1718
328,155,962,1445
488,688,455,1631
8,118,320,446
693,405,697,1795
638,480,70,1188
36,770,280,1086
150,61,282,493
247,143,770,1160
620,732,522,1874
25,355,500,880
660,432,333,1425
135,173,648,956
447,430,29,906
316,436,193,945
207,680,826,1713
80,147,789,1016
607,398,63,1068
843,370,180,1393
326,260,912,1498
369,338,501,1208
286,364,469,1119
697,164,111,972
86,483,835,1404
880,295,129,1304
251,339,690,1280
541,165,728,1434
881,550,896,2327
902,48,335,1285
826,712,546,2084
273,784,892,1949
565,825,280,1670
843,647,969,2459
223,575,625,1423
809,876,681,2366
891,994,127,2012
312,1000,261,1573
623,112,141,876
342,247,466,1055
657,338,932,1927
251,637,884,1772
420,932,812,2164
980,801,526,2307
53,520,14,587
876,149,511,1536
811,351,35,1197
527,327,939,1793
809,445,839,2093
62,603,840,1505
358,565,811,1734
834,106,226,1166
182,192,100,474
361,158,190,709
945,482,969,2396
555,943,718,2216
341,649,188,1178
593,132,400,1125
594,75,188,857
742,527,837,2106
520,459,669,1648
77,389,646,1112
108,603,163,874
150,515,456,1121
697,352,286,1335
137,658,801,1596
574,300,767,1641
237,211,247,695
497,807,283,1587
764,330,421,1515
81,48,575,704
22,65,154,241
932,86,800,1818
562,124,95,781
110,440,18,568
435,974,837,2246
812,760,695,2267
445,714,165,1324
374,944,45,1363
511,78,910,1499
407,395,979,1781
416,865,705,1986
689,909,755,2353
579,126,816,1521
499,41,10,550
487,464,335,1286
648,824,915,2387
765,629,533,1927
320,937,798,2055
630,32,613,1275
90,973,484,1547
821,611,47,1479
334,655,829,1818
999,222,672,1893
320,599,703,1622
297,702,703,1702
693,250,324,1267
874,650,797,2321
478,746,150,1374
11,410,725,1146
528,349,325,1202
326,273,357,956
330,937,727,1994
619,485,929,2033
557,89,743,1389
292,601,169,1062
997,30,752,1779
736,648,66,1450
191,946,788,1925
357,249,80,686
337,824,597,1758
601,701,103,1405
683,308,332,1323
211,837,982,2030
437,863,439,1739
174,449,527,1150
227,79,79,385
651,16,126,793
419,215,521,1155
103,565,349,1017
794,224,930,1948
345,121,536,1002
128,686,734,1548
754,94,842,1690
422,211,844,1477
311,697,391,1399
874,214,3,1091
882,484,786,2152
183,80,798,1061
319,692,488,1499
430,890,365,1685
497,344,309,1150
17,190,109,316
841,966,13,1820
783,224,597,1604
860,986,919,2765
310,42,858,1210
547,998,968,2513
387,125,144,656
724,162,358,1244
662,123,285,1070
875,72,304,1251
661,43,338,1042
829,383,122,1334
134,746,645,1525
315,729,944,1988
869,862,646,2377
134,282,573,989
150,971,472,1593
59,932,530,1521
539,649,505,1693
781,302,487,1570
65,492,569,1126
911,237,202,1350
954,888,111,1953
482,420,425,1327
8,523,643,1174
684,992,540,2216
658,513,799,1970
701,262,943,1906
53,654,809,1516
0,241,549,790
148,459,166,773
403,627,452,1482
60,923,243,1226
195,489,978,1662
316,656,98,1070
550,368,971,1889
831,552,309,1692
238,338,948,1524
329,95,929,1353
876,344,912,2132
533,730,601,1864
640,311,480,1431
402,698,148,1248
127,528,369,1024
525,732,746,2003
348,321,287,956
842,810,782,2434
761,259,846,1866
412,65,755,1232
865,904,751,2520
430,255,874,1559
549,337,304,1190
132,713,1000,1845
517,917,912,2346
198,161,543,902
73,513,482,1068
234,58,577,869
741,22,45,808
468,838,255,1561
794,658,635,2087
567,610,479,1656
762,593,950,2305
964,371,90,1425
134,190,229,553
501,823,211,1535
702,461,857,2020
579,238,491,1308
146,775,961,1882
432,644,47,1123
956,819,691,2466
924,400,853,2177
346,615,613,1574
215,413,98,726
868,249,250,1367
115,191,645,951
317,162,122,601
364,796,700,1860
559,376,503,1438
467,22,219,708
575,570,822,1967
858,559,356,1773
986,247,891,2124
958,948,939,2845
450,853,476,1779
788,845,843,2476
983,768,915,2666
334,39,466,839
129,57,798,984
664,656,36,1356
455,136,35,626
803,805,826,2434
617,811,752,2180
660,402,176,1238
156,907,66,1129
276,294,124,694
374,182,484,1040
654,579,559,1792
423,771,150,1344
62,424,137,623
575,958,547,2080
905,673,747,2325
643,513,813,1969
771,595,996,2362
687,916,690,2293
243,163,351,757
263,211,251,725
916,45,412,1373
892,56,822,1770
384,930,922,2236
673,908,767,2348
190,256,145,591
574,418,444,1436
837,900,555,2292
921,780,327,2028
318,722,323,1363
64,800,599,1463
778,410,575,1763
779,724,727,2230
866,957,868,2691
975,142,675,1792
298,256,14,568
926,576,591,2093
394,310,444,1148
168,520,665,1353
698,888,699,2285
585,389,284,1258
675,898,220,1793
520,400,24,944
4,176,51,231
582,130,942,1654
784,475,642,1901
469,491,909,1869
593,349,753,1695
569,612,381,1562
817,315,659,1791
951,567,873,2391
631,660,615,1906
252,344,928,1524
933,417,120,1470
336,510,650,1496
644,56,554,1254
557,774,934,2265
726,705,284,1715
492,362,602,1456
50,6,560,616
655,578,429,1662
711,550,817,2078
533,258,687,1478
339,700,561,1600
574,40,251,865
911,449,139,1499
524,13,40,577
841,444,895,2180
398,213,727,1338
32,706,348,1086
203,622,751,1576
151,132,881,1164
672,246,236,1154
803,866,910,2579
507,375,670,1552
193,104,548,845
512,311,540,1363
321,192,229,742
737,413,173,1323
964,201,521,1686
185,766,571,1522
773,743,689,2205
122,462,809,1393
919,581,494,1994
130,350,275,755
645,227,768,1640
608,338,48,994
194,363,320,877
772,999,239,2010
342,838,227,1407
451,892,273,1616
752,505,588,1845
193,611,668,1472
6,776,897,1679
727,103,653,1483
569,622,200,1391
692,48,764,1504
901,285,411,1597
630,364,188,1182
884,624,410,1918
161,844,842,1847
283,502,671,1456
934,463,455,1852
567,114,753,1434
905,58,280,1243
441,942,584,1967
386,978,136,1500
518,376,609,1503
185,60,180,425
411,442,20,873
956,406,175,1537
535,949,552,2036
890,6,530,1426
227,788,621,1636
430,433,66,929
2,676,799,1477
602,83,14,699
264,712,643,1619
796,730,794,2320
316,471,538,1325
100,706,823,1629
703,432,487,1622
111,800,344,1255
733,978,91,1802
783,281,848,1912
144,258,255,657
249,750,710,1709
626,683,231,1540
528,95,854,1477
708,904,11,1623
768,281,622,1671
306,373,479,1158
996,918,563,2477
533,147,420,1100
729,462,670,1861
390,18,330,738
239,98,471,808
503,504,948,1955
461,772,12,1245
236,269,979,1484
515,324,843,1682
873,93,552,1518
539,785,82,1406
256,875,780,1911
998,960,359,2317
237,461,416,1114
767,446,774,1987
266,425,424,1115
307,550,332,1189
362,23,437,822
866,643,226,1735
392,11,561,964
757,587,18,1362
987,641,698,2326
986,780,104,1870
205,323,493,1021
733,498,866,2097
326,700,481,1507
571,63,584,1218
212,590,503,1305
204,746,111,1061
888,323,475,1686
889,799,682,2370
573,184,489,1246
544,189,353,1086
431,691,510,1632
763,528,987,2278
230,310,884,1424
209,35,369,613
797,900,250,1947
873,944,704,2521
303,2,894,1199
133,882,858,1873
639,260,916,1815
950,823,584,2357
893,735,461,2089
652,30,551,1233
464,524,544,1532
67,336,433,836
81,544,139,764
280,475,276,1031
286,562,758,1606
896,475,580,1951
755,485,337,1577
264,338,727,1329
237,616,771,1624
873,822,494,2189
953,243,501,1697
587,916,274,1777
895,938,455,2288
556,749,441,1746
754,476,995,2225
665,188,690,1543
981,562,25,1568
603,471,108,1182
870,608,441,1919
742,587,703,2032
863,66,394,1323
875,616,299,1790
902,844,237,1983
843,19,563,1425
62,997,648,1707
339,365,64,768
600,700,211,1511
946,593,6,1545
67,761,772,1600
477,889,95,1461
733,234,496,1463
618,75,466,1159
191,364,469,1024
754,367,861,1982
206,536,460,1202
394,713,192,1299
139,488,373,1000
711,897,720,2328
257,434,31,722
212,161,986,1359
703,172,256,1131
890,654,848,2392
377,540,223,1140
3,125,755,883
509,272,480,1261
222,942,216,1380
166,279,794,1239
793,970,557,2320
666,793,992,2451
432,799,472,1703
379,415,546,1340
415,386,402,1203
939,548,183,1670
889,314,720,1923
48,161,510,719
26,390,177,593
642,996,707,2345
716,472,471,1659
835,509,876,2220
511,306,333,1150
884,884,206,1974
523,303,423,1249
464,769,909,2142
377,687,861,1925
569,246,970,1785
674,210,703,1587
53,31,19,103
958,258,748,1964
773,524,738,2035
929,347,167,1443
486,559,651,1696
452,363,58,873
796,332,974,2102
855,539,265,1659
433,428,732,1593
367,881,858,2106
283,615,993,1891
642,206,600,1448
470,862,967,2299
634,167,742,1543
454,202,507,1163
969,255,889,2113
533,90,55,678
701,563,500,1764
508,290,403,1201
273,134,467,874
608,946,646,2200
482,377,836,1695
707,105,601,1413
797,450,269,1516
741,545,800,2086
10,887,331,1228
668,8,388,1064
619,280,230,1129
963,72,447,1482
785,673,302,1760
499,965,242,1706
184,732,560,1476
714,599,942,2255
471,824,797,2092
615,653,166,1434
100,318,311,729
862,8,821,1691
881,920,456,2257
70,126,579,775
442,718,452,1612
911,29,937,1877
628,354,62,1044
579,41,87,707
875,416,579,1870
724,923,475,2122
479,782,64,1325
159,816,972,1947
275,591,464,1330
127,828,158,1113
239,922,201,1362
915,983,447,2345
862,857,213,1932
243,750,98,1091
612,583,398,1593
371,775,87,1233
634,179,967,1780
198,356,500,1054
939,77,990,2006
407,302,87,796
180,503,681,1364
883,208,777,1868
188,900,488,1576
530,260,505,1295
778,910,966,2654
510,117,275,902
674,456,57,1187
424,424,548,1396
286,564,567,1417
783,288,456,1527
863,968,187,2018
41,699,560,1300
312,185,160,657
586,153,847,1586
23,750,532,1305
629,138,604,1371
499,157,503,1159
506,339,493,1338
349,656,342,1347
548,212,743,1503
571,454,86,1111
396,59,162,617
270,758,206,1234
584,483,16,1083
438,642,63,1143
111,963,540,1614
901,765,841,2507
621,322,148,1091
19,117,445,581
913,926,47,1886
178,72,426,676
768,942,24,1734
109,244,687,1040
752,850,631,2233
630,453,332,1415
280,145,481,906
27,999,728,1754
624,420,924,1968
714,42,403,1159
963,42,236,1241
275,843,936,2054
510,715,167,1392
762,852,224,1838
282,548,558,1388
137,355,203,695
278,399,460,1137
743,903,114,1760
319,232,376,927
938,912,110,1960
405,210,33,648
274,806,536,1616
19,573,591,1183
384,857,438,1679
543,65,386,994
982,613,119,1714
572,598,446,1616
940,945,595,2480
616,442,88,1146
240,213,814,1267
936,120,288,1344
385,743,254,1382
531,77,483,1091
257,281,441,979
933,106,982,2021
626,224,362,1212
173,290,577,1040
198,170,139,507
567,490,282,1339
652,399,885,1936
622,698,8,1328
68,555,499,1122
943,596,840,2379
948,118,278,1344
53,248,805,1106
965,776,10,1751
802,573,247,1622
339,115,177,631
84,416,464,964
666,201,474,1341
38,506,933,1477
395,25,932,1352
184,489,359,1032
937,439,358,1734
486,900,989,2375
826,246,638,1710
135,417,114,666
163,863,918,1944
466,993,385,1844
540,184,775,1499
959,605,415,1979
530,453,935,1918
777,459,460,1696
404,417,556,1377
172,294,623,1089
743,313,145,1201
505,110,120,735
954,549,406,1909
119,337,195,651
924,106,237,1267
794,990,350,2134
242,989,263,1494
798,355,505,1658
740,884,630,2254
681,741,656,2078
550,653,210,1413
411,111,137,659
560,359,71,990
827,798,445,2070
311,243,386,940
282,309,154,745
726,247,802,1775
748,230,978,1956
706,462,447,1615
442,124,269,835
702,872,976,2550
38,701,711,1450
624,730,308,1662
374,540,521,1435
437,344,370,1151
66,593,548,1207
510,428,57,995
159,533,786,1478
845,743,321,1909
976,971,777,2724
288,237,427,952
241,31,339,611
460,258,368,1086
336,667,509,1512
92,226,361,679
233,842,987,2062
434,644,289,1367
187,446,909,1542
740,585,540,1865
299,752,913,1964
960,543,264,1767
586,951,360,1897
903,598,600,2101
759,938,584,2281
85,251,936,1272
934,890,981,2805
591,820,423,1834
809,412,849,2070
591,978,732,2301
600,756,913,2269
345,718,832,1895
603,252,935,1790
659,680,380,1719
590,11,305,906
380,414,240,1034
902,486,585,1973
441,200,70,711
166,485,298,949
946,354,422,1722
162,805,391,1358
292,296,636,1224
356,69,330,755
693,364,565,1622
385,12,984,1381
393,326,155,874
928,56,903,1887
154,134,68,356
185,216,720,1121
927,881,555,2363
882,60,925,1867
862,940,893,2695
238,5,368,611
299,205,508,1012
694,851,203,1748
913,495,583,1991
58,347,543,948
187,289,843,1319
740,806,925,2471
577,664,61,1302
242,530,660,1432
78,256,916,1250
935,704,763,2402
780,706,604,2090
473,778,102,1353
253,99,927,1279
655,699,363,1717
934,52,18,1004
73,911,452,1436
802,942,949,2693
122,113,469,704
45,229,314,588
670,494,376,1540
219,727,787,1733
469,693,239,1401
507,904,186,1597
72,544,201,817
583,795,689,2067
450,519,348,1317
643,89,779,1511
293,122,318,733
400,216,126,742
572,785,523,1880
101,428,222,751
33,841,767,1641
111,150,311,572
620,558,940,2118
880,648,941,2469
419,939,451,1809
776,331,912,2019
201,537,913,1651
641,582,443,1666
376,823,308,1507
901,511,192,1604
504,660,543,1707
752,257,985,1994
19,295,445,759
601,92,921,1614
298,330,439,1067
512,315,788,1615
98,649,633,1380
963,158,660,1781
360,985,284,1629
148,766,185,1099
832,354,448,1634
558,132,677,1367
903,459,910,2272
543,80,474,1097
210,72,353,635
139,672,510,1321
913,589,178,1680
84,35,18,137
236,275,778,1289
465,43,937,1445
95,236,863,1194
631,783,638,2052
183,171,299,653
424,650,546,1620
903,974,408,2285
333,422,781,1536
311,599,722,1632
958,208,299,1465
494,768,974,2236
723,8,245,976
938,901,517,2356
259,553,547,1359
594,780,146,1520
721,115,963,1799
285,375,741,1401
929,626,992,2547
102,483,836,1421
892,998,84,1974
677,671,700,2048
317,115,499,931
300,421,492,1213
713,83,598,1394
436,656,565,1657
239,895,74,1208
172,396,318,886
355,84,378,817
104,525,610,1239
402,919,853,2174
343,796,446,1585
291,417,141,849
880,190,425,1495
297,435,820,1552
714,266,17,997
900,315,569,1784
77,27,311,415
964,127,786,1877
385,59,264,708
24,662,700,1386
45,264,963,1272
109,290,488,887
490,738,819,2047
792,545,448,1785
67,139,384,590
977,317,951,2245
663,543,39,1245
993,889,55,1937
145,838,181,1164
242,677,274,1193
213,234,339,786
380,907,207,1494
21,333,744,1098
990,241,109,1340
925,913,761,2599
769,876,693,2338
324,817,997,2138
762,364,514,1640
207,297,310,814
223,227,589,1039
717,882,434,2033
895,377,539,1811
268,464,424,1156
896,664,753,2313
235,85,949,1269
283,454,665,1402
791,696,809,2296
963,993,964,2920
869,672,65,1606
224,731,424,1379
637,2,366,1005
14,192,102,308
874,971,942,2787
543,432,353,1328
371,497,91,959
242,395,835,1472
435,890,886,2211
944,852,1,1797
352,707,721,1780
579,692,824,2095
0,777,743,1520
172,565,908,1645
864,690,915,2469
924,230,940,2094
593,70,188,851
675,504,785,1964
440,166,792,1398
956,511,98,1565
848,282,181,1311
620,341,200,1161
300,800,523,1623
355,29,362,746
561,474,73,1108
954,293,829,2076
256,226,708,1190
718,137,154,1009
232,856,514,1602
250,108,173,531
485,136,402,1023
337,480,166,983
512,501,666,1679
649,786,595,2030
73,734,526,1333
923,41,175,1139
126,219,750,1095
19,495,425,939
361,806,950,2117
713,284,792,1789
19,449,882,1350
82,520,799,1401
932,486,816,2234
229,235,492,956
191,746,854,1791
126,625,222,973
555,770,924,2249
863,180,874,1917
846,574,118,1538
695,852,588,2135
542,699,428,1669
331,168,452,951
876,291,299,1466
383,985,679,2047
394,850,888,2132
856,100,826,1782
146,381,432,959
987,406,515,1908
92,775,590,1457
195,560,51,806
202,420,582,1204
216,234,104,554
931,384,952,2267
622,315,190,1127
998,307,618,1923
795,899,956,2650
747,455,750,1952
100,187,812,1099
846,819,507,2172
668,434,250,1352
257,403,531,1191
204,519,688,1411
993,711,977,2681
891,326,668,1885
615,868,333,1816
140,703,139,982
930,560,896,2386
344,134,142,620
80,591,927,1598
259,841,494,1594
743,135,682,1560
51,973,707,1731
678,423,788,1889
675,593,954,2222
566,441,740,1747
444,97,443,984
822,934,633,2389
413,769,524,1706
922,764,505,2191
350,284,786,1420
111,386,422,919
786,424,537,1747
293,173,874,1340
32,999,180,1211
70,54,52,176
117,859,691,1667
123,147,152,422
899,107,450,1456
692,585,976,2253
433,136,880,1449
764,649,202,1615
965,186,595,1746
808,795,152,1755
461,519,857,1837
833,115,988,1936
297,358,483,1138
468,3,650,1121
255,385,330,970
126,426,725,1277
196,252,531,979
143,287,278,708
291,556,325,1172
925,630,663,2218
985,428,26,1439
846,754,769,2369
516,543,340,1399
844,103,557,1504
108,312,844,1264
105,551,446,1102
365,476,596,1437
637,936,526,2099
896,777,108,1781
580,673,384,1637
184,350,118,652
936,516,50,1502
404,253,691,1348
319,320,599,1238
287,557,52,896
198,720,897,1815
382,242,116,740
27,655,645,1327
412,634,754,1800
76,157,980,1213
658,900,23,1581
826,381,873,2080
127,158,774,1059
439,919,650,2008
794,418,483,1695
335,28,43,406
326,88,778,1192
963,239,241,1443
804,630,325,1759
743,532,691,1966
576,659,682,1917
116,327,763,1206
114,531,452,1097
997,96,829,1922
51,442,828,1321
691,438,349,1478
168,124,433,725
932,798,364,2094
523,118,815,1456
306,718,211,1235
16,44,390,450
620,485,811,1916
26,143,943,1112
631,971,591,2193
49,74,285,408
728,692,329,1749
126,930,600,1656
813,457,865,2135
753,741,418,1912
534,642,306,1482
142,885,682,1709
342,251,775,1368
715,757,565,2037
914,300,350,1564
995,760,627,2382
632,694,107,1433
484,980,840,2304
979,813,248,2040
266,168,573,1007
658,838,858,2354
625,422,789,1836
947,386,197,1530
455,349,291,1095
676,893,204,1773
843,132,592,1567
36,210,325,571
641,223,247,1111
119,491,760,1370
560,106,141,807
677,820,232,1729
481,159,183,823
961,130,600,1691
473,667,333,1473
456,754,851,2061
765,789,485,2039
61,970,684,1715
534,550,932,2016
487,588,365,1440
191,88,17,296
221,864,856,1941
898,106,24,1028
629,571,255,1455
813,483,718,2014
69,872,733,1674
858,82,822,1762
896,242,489,1627
415,575,496,1486
979,699,138,1816
576,968,505,2049
793,872,565,2230
124,123,827,1074
10,836,175,1021
907,368,657,1932
755,735,112,1602
819,190,782,1791
170,870,394,1434
79,640,142,861
585,295,229,1109
500,80,20,600
359,622,467,1448
558,870,735,2163
494,674,73,1241
999,510,599,2108
898,370,500,1768
699,712,398,1809
892,159,425,1476
957,798,402,2157
244,11,654,909
415,536,770,1721
265,742,963,1970
726,697,266,1689
635,324,590,1549
866,334,408,1608
443,459,705,1607
918,115,483,1516
918,937,529,2384
190,998,181,1369
613,238,833,1684
642,556,939,2137
244,545,525,1314
573,727,207,1507
844,324,777,1945
339,572,591,1502
804,294,428,1526
161,697,972,1830
738,626,56,1420
914,614,14,1542
440,58,189,687
793,502,845,2140
923,655,429,2007
815,613,235,1663
345,216,232,793
953,81,353,1387
58,994,413,1465
364,85,287,736
626,513,661,1800
688,156,891,1735
353,122,13,488
765,416,500,1681
1,21,45,67
507,857,613,1977
272,360,680,1312
824,981,991,2796
885,506,452,1843
197,5,405,607
44,129,550,723
434,5,131,570
590,978,561,2129
633,609,646,1888
461,646,876,1983
64,959,352,1375
837,894,434,2165
552,872,332,1756
134,733,271,1138
679,632,618,1929
904,502,733,2139
472,732,1,1205
142,902,743,1787
367,861,895,2123
331,463,972,1766
795,493,800,2088
201,354,570,1125
485,828,5,1318
299,675,696,1670
35,786,979,1800
389,782,722,1893
9,648,212,869
15,950,276,1241
435,944,462,1841
213,383,25,621
127,46,621,794
246,247,211,704
548,886,289,1723
385,486,836,1707
666,476,391,1533
384,86,447,917
147,599,915,1661
746,678,281,1705
354,342,863,1559
166,40,48,254
327,706,987,2020
391,688,39,1118
97,796,441,1334
943,276,973,2192
272,393,5,670
397,146,768,1311
361,686,235,1282
653,410,217,1280
122,818,275,1215
415,958,400,1773
83,473,140,696
640,75,71,786
988,84,9,1081
860,725,755,2340
874,185,337,1396
822,193,344,1359
569,228,25,822
405,348,654,1407
36,318,613,967
211,285,379,875
547,700,233,1480
674,563,570,1807
794,191,355,1340
278,508,537,1323
492,278,969,1739
398,815,572,1785
312,104,664,1080
598,788,936,2322
90,833,903,1826
399,245,471,1115
160,985,379,1524
935,389,864,2188
262,984,218,1464
518,399,611,1528
698,986,772,2456
333,783,167,1283
87,926,555,1568
201,21,369,591
343,363,968,1674
260,450,56,766
423,856,456,1735
510,656,261,1427
210,47,363,620
327,519,841,1687
475,238,120,833
140,83,825,1048
696,617,805,2118
632,779,446,1857
843,13,252,1108
103,767,627,1497
529,293,717,1539
973,448,857,2278
594,237,486,1317
930,816,453,2199
665,512,642,1819
820,497,255,1572
812,507,542,1861
499,966,419,1884
819,416,373,1608
517,495,775,1787
713,799,838,2350
93,369,731,1193
842,197,422,1461
356,646,542,1544
108,941,638,1687
971,54,933,1958
374,812,8,1194
368,868,229,1465
418,396,7,821
330,93,628,1051
940,752,372,2064
529,361,811,1701
742,691,775,2208
785,688,452,1925
879,811,670,2360
820,583,527,1930
392,797,484,1673
802,648,392,1842
997,487,22,1506
666,83,102,851
348,917,124,1389
245,184,668,1097
919,7,645,1571
132,342,719,1193
965,659,854,2478
180,576,634,1390
430,899,93,1422
398,525,384,1307
5,333,544,882
599,1,840,1440
529,990,563,2082
607,972,955,2534
530,205,821,1556
664,340,265,1269
910,688,346,1944
935,923,118,1976
245,366,814,1425
714,593,979,2286
627,419,683,1729
48,563,492,1103
828,255,517,1600
864,484,696,2044
571,115,670,1356
402,914,725,2041
643,320,537,1500
502,129,60,691
102,388,245,735
548,288,981,1817
632,998,398,2028
52,449,570,1071
953,511,520,1984
598,409,809,1816
90,365,789,1244
390,905,348,1643
92,633,488,1213
437,823,444,1704
925,646,690,2261
676,875,690,2241
929,803,28,1760
143,723,438,1304
372,807,612,1791
952,701,258,1911
71,914,651,1636
40,801,886,1727
160,420,455,1035
657,455,187,1299
224,585,748,1557
24,461,394,879
342,735,206,1283
633,999,206,1838
865,257,794,1916
23,535,995,1553
204,428,889,1521
260,225,400,885
756,841,974,2571
590,6,927,1523
293,765,684,1742
263,317,266,846
262,669,90,1021
634,160,475,1269
279,554,43,876
293,590,918,1801
618,76,500,1194
381,23,77,481
226,833,971,2030
437,697,306,1440
208,462,875,1545
496,362,245,1103
256,866,862,1984
437,852,860,2149
516,320,756,1592
424,558,452,1434
501,319,414,1234
514,69,140,723
246,510,658,1414
598,695,830,2123
418,304,500,1222
611,606,460,1677
94,502,544,1140
910,605,801,2316
529,294,727,1550
175,188,907,1270
47,341,389,777
919,894,558,2371
852,651,730,2233
2,181,501,684
465,794,74,1333
551,562,331,1444
435,638,34,1107
960,721,552,2233
502,810,318,1630
470,724,670,1864
434,508,438,1380
547,214,315,1076
359,698,696,1753
534,211,251,996
462,995,184,1641
500,28,463,991
521,187,18,726
782,670,156,1608
305,731,651,1687
925,816,480,2221
252,802,719,1773
736,5,653,1394
698,271,434,1403
892,17,405,1314
864,488,357,1709
451,881,510,1842
642,593,306,1541
798,483,131,1412
937,91,823,1851
32,407,81,520
910,140,408,1458
334,664,931,1929
780,858,955,2593
337,494,987,1818
335,486,813,1634
416,823,179,1418
549,988,856,2393
132,924,888,1944
30,59,503,592
246,554,727,1527
918,894,234,2046
38,144,635,817
165,725,291,1181
439,31,100,570
525,206,156,887
449,697,631,1777
157,32,952,1141
336,538,946,1820
721,774,277,1772
199,681,666,1546
602,228,747,1577
741,113,277,1131
663,342,747,1752
680,527,837,2044
541,234,679,1454
21,345,955,1321
458,401,588,1447
952,484,601,2037
173,646,536,1355
758,101,881,1740
326,189,70,585
922,270,865,2057
130,639,629,1398
876,135,467,1478
639,325,770,1734
752,835,302,1889
773,914,420,2107
262,158,704,1124
608,62,798,1468
57,347,316,720
666,395,959,2020
805,326,433,1564
322,565,933,1820
942,56,916,1914
26,117,644,787
171,284,527,982
216,707,443,1366
197,176,885,1258
895,14,9,918
430,270,276,976
491,516,310,1317
801,675,984,2460
738,381,177,1296
874,65,860,1799
519,433,838,1790
871,286,695,1852
412,899,801,2112
246,877,959,2082
807,246,947,2000
955,899,246,2100
256,326,673,1255
804,923,486,2213
526,113,985,1624
529,363,226,1118
969,114,936,2019
999,770,705,2474
393,870,218,1481
925,617,249,1791
600,815,806,2221
806,846,614,2266
652,102,824,1578
297,896,998,2191
310,952,588,1850
147,548,174,869
750,233,924,1907
134,400,994,1528
244,19,694,957
130,794,96,1020
675,923,509,2107
533,986,872,2391
131,115,221,467
183,454,292,929
481,362,405,1248
578,39,914,1531
886,633,398,1917
952,873,22,1847
796,251,153,1200
278,869,606,1753
327,863,23,1213
618,955,491,2064
100,231,519,850
25,684,537,1246
613,133,60,806
234,884,782,1900
639,828,384,1851
731,711,173,1615
231,894,269,1394
700,557,725,1982
960,248,698,1906
652,658,428,1738
213,594,311,1118
822,975,24,1821
421,140,209,770
147,436,335,918
362,6,729,1097
423,289,32,744
715,316,748,1779
653,872,89,1614
806,962,555,2323
470,957,194,1621
396,273,720,1389
786,641,42,1469
505,602,7,1114
581,669,268,1518
691,204,370,1265
590,10,169,769
799,389,97,1285
10,51,588,649
782,514,983,2279
712,43,132,887
128,552,206,886
740,589,955,2284
664,855,973,2492
235,336,2,573
420,531,441,1392
876,364,257,1497
975,779,757,2511
351,312,348,1011
499,801,400,1700
808,17,262,1087
792,270,609,1671
211,449,419,1079
297,82,794,1173
301,339,529,1169
321,572,729,1622
62,937,663,1662
753,311,969,2033
372,647,675,1694
921,508,161,1590
810,952,954,2716
416,441,68,925
125,312,941,1378
139,462,508,1109
114,424,709,1247
650,926,495,2071
989,803,176,1968
672,996,797,2465
27,825,961,1813
361,142,389,892
381,440,90,911
322,417,778,1517
559,119,739,1417
757,693,351,1801
256,995,142,1393
618,136,446,1200
282,49,217,548
636,473,693,1802
508,940,645,2093
711,775,962,2448
176,878,907,1961
438,183,277,898
856,215,834,1905
51,953,460,1464
859,549,469,1877
942,864,282,2088
657,298,830,1785
241,742,563,1546
620,808,107,1535
746,17,188,951
700,518,957,2175
992,116,593,1701
621,593,410,1624
64,646,270,980
948,668,768,2384
123,910,801,1834
987,942,964,2893
179,710,990,1879
540,422,315,1277
909,323,898,2130
868,928,560,2356
547,514,69,1130
465,395,306,1166
272,392,749,1413
1,783,592,1376
564,78,30,672
38,6,466,510
680,464,899,2043
215,810,732,1757
91,974,876,1941
533,419,12,964
223,610,871,1704
546,621,365,1532
55,623,529,1207
403,216,353,972
948,248,613,1809
201,396,275,872
39,461,666,1166
983,264,317,1564
675,885,484,2044
16,479,435,930
764,532,545,1841
13,741,199,953
240,597,826,1663
458,727,299,1484
578,951,7,1536
755,497,991,2243
926,759,412,2097
503,618,871,1992
862,584,488,1934
422,108,305,835
382,576,525,1483
515,970,948,2433
523,624,896,2043
759,305,931,1995
38,618,847,1503
151,983,48,1182
475,269,339,1083
990,525,291,1806
869,548,463,1880
562,228,154,944
784,55,438,1277
982,214,890,2086
646,773,367,1786
277,658,587,1522
258,239,137,634
224,63,733,1020
966,874,849,2689
254,647,308,1209
536,582,327,1445
254,286,821,1361
202,440,844,1486
52,306,629,987
35,14,5,54
956,43,816,1815
301,464,315,1080
355,406,244,1005
236,73,343,652
926,805,694,2425
191,62,838,1091
567,177,885,1629
379,308,85,772
200,288,464,952
878,721,827,2426
755,499,616,1870
597,800,9,1406
429,744,2,1175
92,573,951,1616
438,811,230,1479
875,59,382,1316
101,672,99,872
649,227,602,1478
169,355,335,859
86,517,753,1356
441,35,380,856
339,266,804,1409
393,482,234,1109
38,843,570,1451
335,379,611,1325
904,7,93,1004
218,404,326,948
699,124,741,1564
654,904,360,1918
24,910,919,1853
527,56,12,595
899,204,465,1568
734,103,267,1104
460,343,427,1230
451,854,591,1896
790,61,261,1112
716,254,754,1724
542,466,475,1483
839,457,465,1761
703,120,215,1038
987,342,790,2119
248,178,217,643
108,951,178,1237
748,322,935,2005
976,488,363,1827
667,0,606,1273
363,172,303,838
246,720,336,1302
738,512,444,1694
982,871,171,2024
944,920,97,1961
135,693,869,1697
766,747,990,2503
553,529,164,1246
680,813,121,1614
779,519,928,2226
70,217,87,374
526,276,354,1156
828,64,130,1022
811,929,456,2196
268,808,910,1986
241,493,371,1105
60,400,435,895
717,263,145,1125
746,432,720,1898
922,905,647,2474
976,415,584,1975
33,235,719,987
530,211,631,1372
362,337,490,1189
551,44,521,1116
541,466,41,1048
678,247,886,1811
689,327,936,1952
748,593,176,1517
192,12,589,793
145,918,682,1745
682,438,826,1946
454,156,272,882
288,181,350,819
169,527,92,788
801,331,938,2070
54,602,80,736
741,159,653,1553
222,614,168,1004
576,202,971,1749
777,778,985,2540
440,519,423,1382
801,466,270,1537
921,206,751,1878
282,785,25,1092
132,368,636,1136
781,978,335,2094
700,178,18,896
74,254,107,435
883,821,804,2508
878,174,112,1164
245,572,115,932
628,348,768,1744
116,896,533,1545
503,198,142,843
709,368,160,1237
626,481,945,2052
96,878,150,1124
864,479,137,1480
598,2,276,876
526,627,885,2038
61,169,194,424
469,655,374,1498
209,764,924,1897
75,715,274,1064
138,914,494,1546
54,177,818,1049
988,951,155,2094
698,862,212,1772
468,527,490,1485
279,351,593,1223
818,931,845,2594
599,637,681,1917
362,868,757,1987
732,778,923,2433
394,553,1000,1947
896,846,549,2291
428,990,584,2002
69,643,125,837
805,6,353,1164
570,125,907,1602
841,839,74,1754
700,585,517,1802
385,654,747,1786
598,910,871,2379
253,283,302,838
847,929,632,2408
943,483,515,1941
443,542,114,1099
868,936,549,2353
719,263,779,1761
729,290,75,1094
846,861,795,2502
932,330,765,2027
704,792,304,1800
476,84,309,869
514,391,566,1471
623,954,931,2508
804,316,451,1571
729,955,727,2411
636,266,308,1210
180,21,659,860
109,101,72,282
671,164,976,1811
173,509,874,1556
334,333,705,1372
226,843,719,1788
722,843,812,2377
777,816,47,1640
674,795,464,1933
795,636,851,2282
815,872,23,1710
560,844,528,1932
452,733,816,2001
684,848,656,2188
941,335,628,1904
757,310,342,1409
160,515,526,1201
313,858,496,1667
207,5,724,936
575,468,109,1152
103,39,282,424
933,288,603,1824
339,566,271,1176
554,413,830,1797
859,721,381,1961
765,749,947,2461
223,838,651,1712
301,968,167,1436
622,196,224,1042
687,714,56,1457
634,324,766,1724
328,807,569,1704
142,56,178,376
970,117,22,1109
637,533,296,1466
322,76,588,986
776,586,660,2022
322,159,725,1206
703,518,72,1293
823,754,200,1777
629,850,289,1768
935,785,134,1854
659,939,623,2221
63,333,103,499
218,376,17,611
230,391,647,1268
707,185,949,1841
335,668,6,1009
736,679,587,2002
326,915,577,1818
427,444,33,904
349,901,733,1983
951,849,158,1958
697,528,340,1565
277,393,303,973
292,897,925,2114
309,904,331,1544
324,760,504,1588
611,726,553,1890
711,106,150,967
668,427,938,2033
514,500,293,1307
809,865,663,2337
497,39,16,552
8,995,289,1292
763,64,350,1177
469,195,405,1069
150,101,561,812
308,439,831,1578
612,953,958,2523
530,49,858,1437
884,887,699,2470
834,792,635,2261
620,113,519,1252
707,785,912,2404
910,697,222,1829
790,206,601,1597
712,746,21,1479
34,965,106,1105
567,253,110,930
882,269,543,1694
704,95,531,1330
504,830,370,1704
553,194,188,935
752,549,185,1486
13,327,909,1249
552,196,773,1521
473,176,576,1225
13,7,474,494
805,700,791,2296
199,627,891,1717
314,972,341,1627
50,84,796,930
35,126,622,783
367,475,612,1454
568,982,345,1895
473,222,67,762
677,100,148,925
860,117,403,1380
892,19,93,1004
830,410,389,1629
897,324,27,1248
324,945,173,1442
94,383,980,1457
705,572,149,1426
559,687,915,2161
762,677,473,1912
372,406,724,1502
448,430,826,1704
228,271,230,729
878,613,75,1566
650,460,973,2083
871,414,467,1752
139,75,353,567
273,341,135,749
369,808,118,1295
424,61,407,892
82,132,689,903
441,421,874,1736
244,395,951,1590
356,431,903,1690
222,379,181,782
242,811,796,1849
160,595,45,800
154,329,394,877
631,998,871,2500
616,314,14,944
919,174,610,1703
616,290,944,1850
865,902,881,2648
205,709,831,1745
755,704,581,2040
792,28,801,1621
605,629,941,2175
11,430,22,463
779,570,700,2049
91,440,269,800
557,177,837,1571
267,226,904,1397
117,573,715,1405
857,710,0,1567
454,535,53,1042
309,683,586,1578
931,551,677,2159
181,113,430,724
129,237,38,404
937,481,362,1780
498,305,480,1283
620,396,355,1371
26,583,547,1156
245,60,434,739
938,604,25,1567
780,12,542,1334
807,691,994,2492
704,964,387,2055
711,908,579,2198
312,436,147,895
121,818,912,1851
714,912,565,2191
480,741,275,1496
259,351,468,1078
261,579,562,1402
873,250,487,1610
700,91,917,1708
703,74,33,810
150,927,484,1561
658,385,366,1409
703,755,401,1859
177,962,828,1967
949,335,303,1587
678,566,425,1669
593,921,686,2200
276,437,876,1589
707,300,594,1601
746,321,356,1423
348,808,904,2060
28,405,297,730
439,314,347,1100
656,565,714,1935
114,462,478,1054
543,599,775,1917
546,517,883,1946
724,914,398,2036
772,807,459,2038
302,947,150,1399
114,789,207,1110
819,828,583,2230
666,432,698,1796
679,913,224,1816
232,996,519,1747
214,791,957,1962
624,498,118,1240
910,661,972,2543
801,378,218,1397
833,104,878,1815
548,967,696,2211
57,151,167,375
921,245,986,2152
131,735,862,1728
117,598,549,1264
105,73,949,1127
404,742,150,1296
871,393,444,1708
756,503,822,2081
812,348,778,1938
16,272,697,985
15,253,654,922
644,40,577,1261
95,975,978,2048
794,319,582,1695
534,606,613,1753
529,464,572,1565
315,947,383,1645
329,752,551,1632
127,893,529,1549
710,242,11,963
398,364,381,1143
312,281,122,715
33,633,541,1207
663,301,14,978
289,943,645,1877
749,605,628,1982
872,877,968,2717
203,877,607,1687
648,295,669,1612
553,387,896,1836
40,198,912,1150
815,369,511,1695
270,975,330,1575
755,550,501,1806
122,813,0,935
70,949,269,1288
324,169,510,1003
599,976,576,2151
854,401,639,1894
527,757,944,2228
482,725,305,1512
75,399,904,1378
680,330,183,1193
316,541,328,1185
200,249,534,983
191,175,716,1082
683,637,877,2197
136,373,496,1005
461,755,448,1664
209,332,90,631
954,686,388,2028
189,179,536,904
860,178,562,1600
643,709,530,1882
991,982,608,2581
231,339,290,860
893,268,841,2002
719,544,483,1746
414,270,186,870
465,169,516,1150
404,644,684,1732
679,389,596,1664
212,410,739,1361
321,952,995,2268
504,544,336,1384
206,549,975,1730
202,129,357,688
90,236,54,380
34,651,493,1178
460,109,82,651
350,622,791,1763
796,200,612,1608
547,949,147,1643
332,78,57,467
761,966,658,2385
596,673,9,1278
316,898,31,1245
234,220,764,1218
769,985,134,1888
964,827,768,2559
731,664,383,1778
806,287,257,1350
833,409,178,1420
958,805,58,1821
355,833,584,1772
848,847,36,1731
881,736,625,2242
895,151,547,1593
459,846,988,2293
614,931,88,1633
405,241,260,906
503,330,595,1428
248,151,184,583
446,298,991,1735
574,505,62,1141
749,739,874,2362
859,936,60,1855
943,890,780,2613
766,548,623,1937
511,814,290,1615
378,765,477,1620
55,950,757,1762
148,855,690,1693
469,279,94,842
174,496,928,1598
443,995,409,1847
649,685,616,1950
289,652,999,1940
736,496,880,2112
465,610,79,1154
173,476,605,1254
282,899,969,2150
99,715,972,1786
51,53,341,445
947,785,674,2406
71,351,871,1293
473,749,826,2048
727,783,693,2203
459,381,660,1500
787,798,231,1816
456,463,580,1499
585,422,442,1449
483,680,765,1928
54,658,818,1530
408,957,675,2040
382,125,540,1047
932,224,348,1504
196,252,521,969
139,656,942,1737
791,403,94,1288
830,344,127,1301
754,875,9,1638
462,740,696,1898
278,757,780,1815
184,856,571,1611
231,215,38,484
191,764,60,1015
461,612,148,1221
330,546,285,1161
472,173,38,683
277,826,307,1410
759,246,473,1478
489,271,909,1669
830,224,439,1493
890,213,661,1764
78,695,370,1143
996,690,114,1800
39,537,211,787
138,544,269,951
839,550,52,1441
517,928,7,1452
643,676,70,1389
304,982,582,1868
283,440,41,764
779,143,283,1205
348,428,786,1562
66,261,983,1310
109,213,291,613
468,258,900,1626
383,739,814,1936
668,895,230,1793
114,537,889,1540
769,291,194,1254
426,687,797,1910
932,600,959,2491
940,413,177,1530
696,734,855,2285
395,216,409,1020
555,348,402,1305
263,888,804,1955
807,674,219,1700
73,699,247,1019
326,373,16,715
736,50,357,1143
10,747,789,1546
463,224,466,1153
672,845,114,1631
905,343,675,1923
32,449,557,1038
807,955,362,2124
350,230,413,993
966,411,500,1877
477,315,424,1216
843,23,410,1276
375,763,911,2049
149,332,273,754
641,398,622,1661
842,141,656,1639
151,356,556,1063
7,193,531,731
591,208,494,1293
605,727,857,2189
445,570,712,1727
201,804,236,1241
483,949,901,2333
217,32,432,681
706,923,438,2067
472,695,46,1213
919,587,586,2092
384,638,753,1775
987,309,783,2079
823,445,797,2065
685,496,362,1543
916,236,316,1468
693,355,803,1851
667,707,363,1737
837,359,140,1336
204,610,60,874
47,215,625,887
998,776,107,1881
817,399,845,2061
13,254,489,756
949,747,305,2001
129,731,611,1471
527,807,153,1487
702,538,81,1321
630,122,989,1741
262,387,398,1047
388,455,313,1156
489,632,948,2069
890,838,176,1904
203,991,490,1684
927,737,569,2233
650,380,283,1313
741,440,189,1370
91,573,468,1132
956,286,870,2112
590,286,47,923
348,254,448,1050
514,568,883,1965
224,244,235,703
320,49,949,1318
205,845,427,1477
229,805,806,1840
394,153,887,1434
808,159,963,1930
163,240,524,927
972,126,411,1509
267,559,780,1606
696,179,38,913
317,408,251,976
87,651,776,1514
792,155,287,1234
667,416,469,1552
451,573,526,1550
266,828,139,1233
275,846,25,1146
250,807,884,1941
127,79,761,967
148,128,349,625
776,508,908,2192
194,939,137,1270
498,698,769,1965
120,280,33,433
563,94,691,1348
269,41,721,1031
301,464,89,854
883,822,340,2045
989,293,301,1583
892,45,465,1402
286,855,781,1922
629,174,328,1131
413,636,441,1490
738,439,726,1903
352,78,88,518
10,762,111,883
320,186,218,724
512,985,114,1611
938,942,104,1984
527,142,499,1168
92,676,647,1415
334,168,271,773
65,12,314,391
55,687,492,1234
133,890,170,1193
49,114,708,871
413,58,324,795
899,156,53,1108
658,908,690,2256
25,204,275,504
546,592,909,2047
550,1,103,654
232,794,905,1931
839,251,335,1425
80,137,235,452
568,431,764,1763
394,746,321,1461
666,660,531,1857
762,862,951,2575
699,190,498,1387
576,94,223,893
183,666,753,1602
73,250,917,1240
965,970,749,2684
681,173,944,1798
844,389,482,1715
495,848,575,1918
220,501,161,882
90,510,717,1317
153,1000,586,1739
937,708,250,1895
345,0,493,838
628,529,694,1851
41,520,374,935
844,119,31,994
333,511,829,1673
481,691,184,1356
848,238,469,1555
467,415,76,958
415,45,343,803
74,440,323,837
175,909,692,1776
887,911,829,2627
373,88,866,1327
846,583,504,1933
120,825,206,1151
176,748,454,1378
917,610,551,2078
993,83,541,1617
909,752,858,2519
697,242,31,970
249,336,450,1035
534,455,991,1980
764,562,544,1870
473,891,421,1785
226,202,810,1238
927,558,381,1866
523,267,540,1330
262,307,561,1130
798,883,453,2134
129,222,427,778
84,343,325,752
262,699,896,1857
100,104,521,725
38,491,106,635
353,621,197,1171
332,816,364,1512
92,952,770,1814
43,606,542,1191
120,759,356,1235
613,696,331,1640
588,766,504,1858
766,967,146,1879
429,603,568,1600
931,323,223,1477
188,964,905,2057
301,744,75,1120
675,25,118,818
556,483,344,1383
636,946,415,1997
15,282,469,766
544,805,647,1996
159,847,999,2005
551,686,680,1917
954,193,387,1534
62,905,331,1298
673,609,28,1310
227,937,56,1220
238,82,169,489
169,570,60,799
116,847,138,1101
829,128,839,1796
467,139,818,1424
877,601,286,1764
227,457,158,842
995,669,465,2129
359,868,364,1591
614,681,711,2006
213,251,504,968
398,205,298,901
469,631,526,1626
649,343,779,1771
132,915,227,1274
931,222,733,1886
260,58,884,1202
657,853,596,2106
287,371,906,1564
133,754,254,1141
247,3,297,547
384,814,287,1485
714,723,828,2265
414,151,171,736
853,665,857,2375
855,480,233,1568
664,943,934,2541
161,786,278,1225
194,518,574,1286
336,636,29,1001
884,276,827,1987
32,133,888,1053
290,217,865,1372
170,561,611,1342
147,888,686,1721
401,588,141,1130
250,418,602,1270
61,511,1000,1572
728,896,927,2551
599,189,532,1320
223,280,229,732
142,72,743,957
222,177,877,1276
304,487,110,901
114,735,400,1249
242,592,949,1783
959,943,982,2884
710,508,545,1763
148,304,795,1247
688,704,840,2232
366,968,768,2102
450,255,459,1164
499,541,511,1551
146,812,913,1871
490,56,382,928
509,235,119,863
639,493,728,1860
175,489,309,973
282,99,195,576
12,630,13,655
103,543,104,750
592,269,242,1103
79,655,35,769
10,902,823,1735
493,418,956,1867
386,883,123,1392
964,742,798,2504
277,864,438,1579
916,868,410,2194
849,322,528,1699
61,775,228,1064
892,233,286,1411
919,736,715,2370
314,866,787,1967
332,632,364,1328
747,329,774,1850
542,519,339,1400
998,151,753,1902
293,557,723,1573
20,835,337,1192
445,987,813,2245
763,739,675,2177
126,957,942,2025
293,326,78,697
808,414,842,2064
333,720,725,1778
507,586,654,1747
594,174,197,965
578,756,576,1910
2,828,985,1815
402,247,576,1225
430,623,830,1883
700,833,479,2012
123,580,690,1393
720,508,267,1495
311,527,786,1624
964,845,146,1955
737,422,101,1260
230,130,780,1140
528,313,113,954
16,200,821,1037
707,884,316,1907
220,501,460,1181
180,930,182,1292
491,256,332,1079
598,748,167,1513
4,673,151,828
470,275,610,1355
835,971,451,2257
988,74,793,1855
519,434,478,1431
358,43,308,709
809,115,944,1868
517,865,277,1659
424,277,938,1639
569,19,461,1049
227,337,301,865
123,6,430,559
388,835,587,1810
340,723,38,1101
689,783,815,2287
556,227,405,1188
660,880,417,1957
258,688,26,972
838,173,0,1011
139,583,169,891
108,418,483,1009
130,571,656,1357
670,424,552,1646
267,46,940,1253
462,793,525,1780
842,656,500,1998
355,324,401,1080
515,109,188,812
20,868,781,1669
840,758,978,2576
138,228,123,489
693,582,38,1313
680,780,634,2094
745,330,945,2020
156,927,964,2047
365,181,238,784
130,68,740,938
104,1,332,437
738,665,903,2306
645,824,9,1478
344,453,705,1502
181,337,364,882
106,527,537,1170
510,626,661,1797
619,167,326,1112
77,913,430,1420
263,1,238,502
257,521,349,1127
236,532,403,1171
576,20,340,936
569,899,417,1885
246,633,670,1549
734,433,471,1638
308,692,789,1789
216,867,424,1507
492,882,933,2307
364,386,452,1202
324,380,313,1017
928,476,115,1519
448,398,361,1207
69,809,943,1821
794,855,538,2187
854,127,976,1957
997,329,957,2283
725,607,117,1449
690,906,913,2509
575,529,963,2067
83,191,733,1007
91,569,107,767
640,473,666,1779
843,57,436,1336
923,254,225,1402
586,479,322,1387
339,0,70,409
432,181,523,1136
561,153,976,1690
227,252,742,1221
604,383,660,1647
525,807,423,1755
515,422,1,938
793,717,440,1950
468,411,446,1325
92,476,288,856
98,593,161,852
289,401,646,1336
829,240,616,1685
392,753,189,1334
241,775,954,1970
885,723,389,1997
638,779,475,1892
243,606,325,1174
743,856,778,2377
794,516,703,2013
285,671,789,1745
474,79,160,713
549,597,164,1310
992,515,241,1748
341,391,23,755
716,161,265,1142
478,198,815,1491
224,545,228,997
504,16,959,1479
28,942,997,1967
260,996,537,1793
309,506,981,1796
352,865,89,1306
143,337,107,587
609,759,812,2180
650,422,805,1877
991,236,652,1879
859,514,349,1722
394,135,977,1506
760,913,937,2610
561,300,65,926
364,189,250,803
289,822,557,1668
260,180,219,659
162,312,5,479
607,598,750,1955
689,964,513,2166
784,928,755,2467
360,588,118,1066
623,592,28,1243
772,946,420,2138
507,864,872,2243
219,95,338,652
274,350,58,682
392,884,130,1406
663,434,835,1932
262,652,152,1066
97,645,309,1051
462,28,296,786
199,373,396,968
722,72,812,1606
843,229,680,1752
53,225,249,527
769,97,782,1648
595,807,908,2310
842,471,985,2298
155,287,686,1128
591,239,668,1498
721,256,85,1062
918,19,916,1853
642,602,911,2155
8,591,231,830
762,655,605,2022
884,269,464,1617
217,455,621,1293
619,895,514,2028
479,950,175,1604
722,92,200,1014
560,500,343,1403
930,631,659,2220
464,256,95,815
848,706,561,2115
665,514,321,1500
297,909,32,1238
354,112,471,937
876,375,498,1749
766,218,57,1041
984,17,925,1926
183,439,121,743
740,393,884,2017
872,270,636,1778
856,118,624,1598
212,267,687,1166
26,996,993,2015
852,714,295,1861
733,297,796,1826
422,856,636,1914
100,485,778,1363
932,830,891,2653
555,415,239,1209
81,120,539,740
180,947,139,1266
675,464,480,1619
757,276,806,1839
455,180,67,702
837,647,394,1878
880,550,138,1568
428,183,39,650
959,657,286,1902
721,7,479,1207
213,156,53,422
971,254,931,2156
256,770,3,1029
468,673,865,2006
469,111,428,1008
391,967,315,1673
485,968,277,1730
241,952,81,1274
891,272,451,1614
215,830,731,1776
992,712,457,2161
472,623,273,1368
107,537,155,799
545,634,400,1579
956,420,118,1494
980,758,468,2206
341,414,405,1160
870,748,29,1647
441,813,481,1735
988,507,980,2475
367,848,156,1371
755,459,141,1355
478,636,160,1274
123,555,871,1549
590,103,87,780
515,140,568,1223
872,543,527,1942
848,733,51,1632
6,388,870,1264
244,306,837,1387
324,906,385,1615
701,909,307,1917
532,825,656,2013
860,388,784,2032
268,134,437,839
178,552,877,1607
443,616,639,1698
862,84,609,1555
906,964,98,1968
126,768,490,1384
627,22,824,1473
67,202,339,608
723,863,336,1922
402,815,74,1291
781,64,413,1258
220,593,701,1514
92,76,577,745
900,518,624,2042
32,462,102,596
227,954,663,1844
651,776,466,1893
464,375,860,1699
421,306,67,794
711,674,350,1735
927,474,942,2343
638,772,247,1657
988,911,697,2596
322,831,735,1888
506,924,420,1850
275,53,481,809
129,890,741,1760
778,550,197,1525
929,489,541,1959
218,50,801,1069
57,397,235,689
698,620,454,1772
532,627,124,1283
732,12,68,812
432,461,951,1844
695,890,681,2266
451,185,50,686
309,751,497,1557
481,365,393,1239
397,410,83,890
285,453,767,1505
819,977,750,2546
782,685,961,2428
93,500,286,879
463,228,346,1037
578,313,546,1437
811,375,909,2095
328,612,874,1814
986,26,220,1232
377,361,135,873
418,289,726,1433
888,473,662,2023
51,804,472,1327
210,314,79,603
236,901,993,2130
509,676,258,1443
680,817,326,1823
464,738,844,2046
451,735,850,2036
916,976,18,1910
248,466,804,1518
160,684,128,972
582,86,220,888
132,848,899,1879
602,336,857,1795
776,228,190,1194
820,895,257,1972
755,363,987,2105
393,645,898,1936
865,49,937,1851
110,185,402,697
784,936,109,1829
859,0,447,1306
752,907,562,2221
312,752,557,1621
866,826,180,1872
401,354,196,951
555,537,895,1987
395,143,27,565
571,239,526,1336
877,9,498,1384
235,590,325,1150
699,358,497,1554
14,538,633,1185
961,429,447,1837
293,716,679,1688
136,879,901,1916
150,899,379,1428
227,797,72,1096
910,915,115,1940
413,841,0,1254
140,460,349,949
450,221,84,755
998,521,154,1673
892,442,994,2328
315,808,928,2051
555,855,556,1966
45,238,706,989
336,445,224,1005
937,724,891,2552
814,611,927,2352
571,749,200,1520
291,436,621,1348
364,561,412,1337
59,101,19,179
10,900,186,1096
983,401,110,1494
361,329,991,1681
415,896,896,2207
640,210,869,1719
811,473,351,1635
685,428,529,1642
129,541,756,1426
891,88,124,1103
251,361,897,1509
487,286,327,1100
436,484,511,1431
646,722,350,1718
281,110,37,428
865,514,705,2084
18,109,443,570
621,702,427,1750
684,360,786,1830
44,895,75,1014
947,502,415,1864
184,855,400,1439
282,102,564,948
401,629,878,1908
510,996,477,1983
714,186,997,1897
674,959,386,2019
907,324,883,2114
213,431,717,1361
995,64,55,1114
808,894,720,2422
393,43,720,1156
691,770,918,2379
120,989,138,1247
400,266,462,1128
29,954,928,1911
653,240,468,1361
738,716,529,1983
262,318,588,1168
302,786,959,2047
368,119,220,707
78,758,529,1365
681,462,328,1471
470,123,973,1566
840,128,941,1909
807,436,702,1945
403,337,574,1314
988,803,295,2086
597,242,639,1478
115,837,983,1935
47,555,556,1158
161,297,429,887
457,832,665,1954
129,804,725,1658
753,995,836,2584
404,249,943,1596
37,569,958,1564
124,952,990,2066
684,645,246,1575
827,211,244,1282
887,476,496,1859
972,716,11,1699
252,72,181,505
95,518,549,1162
422,932,726,2080
433,372,634,1439
589,612,974,2175
731,528,709,1968
859,325,828,2012
455,49,864,1368
373,859,250,1482
120,476,450,1046
60,590,991,1641
262,157,633,1052
665,752,118,1535
861,789,732,2382
716,969,8,1693
689,857,254,1800
802,203,981,1986
221,917,316,1454
884,397,116,1397
718,247,141,1106
116,244,628,988
989,238,304,1531
557,718,790,2065
359,620,789,1768
968,461,930,2359
995,246,910,2151
637,917,326,1880
846,146,121,1113
633,808,47,1488
182,198,819,1199
104,546,455,1105
89,100,467,656
394,636,808,1838
984,205,882,2071
927,187,736,1850
186,418,217,821
257,70,653,980
263,478,997,1738
947,404,879,2230
569,313,402,1284
34,646,151,831
171,875,229,1275
797,328,375,1500
132,824,696,1652
400,507,758,1665
380,46,266,692
84,641,627,1352
820,513,404,1737
841,219,526,1586
343,908,681,1932
167,83,889,1139
483,176,590,1249
912,817,863,2592
322,880,992,2194
467,173,522,1162
709,742,534,1985
696,697,429,1822
831,463,468,1762
222,324,853,1399
282,946,321,1549
412,855,101,1368
802,132,777,1711
288,12,225,525
82,767,863,1712
879,338,789,2006
416,995,828,2239
557,308,472,1337
538,706,495,1739
729,380,427,1536
725,971,62,1758
927,361,95,1383
133,759,157,1049
2,446,969,1417
786,782,380,1948
104,120,264,488
448,184,833,1465
565,378,814,1757
119,259,137,515
482,567,410,1459
422,597,583,1602
860,680,856,2396
962,706,897,2565
540,380,900,1820
678,645,52,1375
772,599,861,2232
514,43,46,603
812,114,38,964
56,865,551,1472
738,557,2,1297
790,348,762,1900
592,607,158,1357
394,814,999,2207
479,229,957,1665
211,556,61,828
455,173,471,1099
990,656,25,1671
831,495,686,2012
53,21,181,255
485,488,845,1818
854,969,457,2280
20,12,342,374
175,579,21,775
182,294,242,718
263,544,21,828
107,53,694,854
123,461,718,1302
468,843,317,1628
968,758,919,2645
270,26,568,864
501,980,388,1869
650,222,948,1820
708,223,337,1268
947,511,916,2374
286,53,770,1109
829,402,590,1821
241,664,792,1697
862,30,287,1179
182,603,814,1599
424,677,428,1529
826,734,308,1868
119,468,855,1442
788,418,507,1713
569,17,576,1162
86,914,442,1442
456,629,957,2042
601,462,290,1353
917,953,514,2384
18,515,236,769
245,657,770,1672
444,783,243,1470
175,111,635,921
637,740,559,1936
970,681,984,2635
363,925,691,1979
844,394,231,1469
953,305,801,2059
127,211,163,501
908,811,9,1728
257,889,697,1843
48,398,890,1336
851,593,691,2135
600,441,530,1571
704,528,671,1903
522,419,12,953
783,533,764,2080
205,233,290,728
796,258,134,1188
598,97,683,1378
343,770,217,1330
358,217,655,1230
186,249,149,584
915,573,308,1796
602,659,507,1768
817,64,752,1633
168,760,364,1292
959,904,343,2206
132,800,108,1040
957,993,250,2200
544,372,67,983
876,280,787,1943
870,142,161,1173
463,794,526,1783
996,512,140,1648
834,644,563,2041
297,962,901,2160
330,912,206,1448
478,162,260,900
103,649,690,1442
506,143,358,1007
293,659,445,1397
470,101,82,653
807,870,838,2515
769,803,487,2059
363,923,161,1447
918,795,73,1786
265,321,869,1455
805,17,2,824
114,847,306,1267
581,249,206,1036
160,767,162,1089
507,722,379,1608
101,909,213,1223
159,398,188,745
595,471,46,1112
702,494,3,1199
462,769,20,1251
319,106,209,634
307,974,67,1348
445,511,170,1126
409,587,954,1950
94,88,636,818
212,803,130,1145
671,632,55,1358
680,596,264,1540
315,568,683,1566
433,940,736,2109
472,179,41,692
859,789,194,1842
884,784,291,1959
296,314,397,1007
791,781,948,2520
124,316,392,832
783,951,921,2655
522,524,484,1530
122,247,323,692
941,812,506,2259
305,34,556,895
361,896,999,2256
5,616,473,1094
982,883,646,2511
607,379,577,1563
835,887,944,2666
478,719,158,1355
791,593,956,2340
875,480,431,1786
227,665,160,1052
379,354,623,1356
623,742,285,1650
934,780,11,1725
800,456,253,1509
393,58,181,632
95,658,134,887
994,638,88,1720
25,954,56,1035
563,710,706,1979
468,812,844,2124
294,334,343,971
170,547,881,1598
112,258,162,532
133,115,502,750
721,95,712,1528
444,311,329,1084
450,248,7,705
538,341,650,1529
422,729,850,2001
805,631,409,1845
307,45,657,1009
497,762,815,2074
355,124,92,571
374,932,369,1675
498,103,86,687
154,477,575,1206
734,552,392,1678
97,80,430,607
942,378,359,1679
31,484,788,1303
451,355,412,1218
512,977,287,1776
705,198,181,1084
192,407,109,708
358,258,18,634
833,541,3,1377
228,585,706,1519
339,734,969,2042
885,312,315,1512
237,244,886,1367
615,985,673,2273
500,530,701,1731
696,988,707,2391
954,182,789,1925
805,4,753,1562
340,639,52,1031
15,15,542,572
46,153,329,528
972,457,864,2293
581,179,470,1230
630,881,38,1549
972,696,340,2008
384,363,865,1612
572,871,211,1654
487,671,743,1901
507,643,396,1546
487,323,111,921
398,866,345,1609
363,914,656,1933
671,641,841,2153
672,542,228,1442
459,678,168,1305
735,88,912,1735
873,399,3,1275
732,270,426,1428
43,623,379,1045
582,36,319,937
693,150,977,1820
333,923,779,2035
220,763,277,1260
595,162,854,1611
557,707,67,1331
322,643,240,1205
462,980,763,2205
389,684,993,2066
185,164,742,1091
662,384,763,1809
526,834,405,1765
674,953,555,2182
562,175,565,1302
389,259,297,945
490,799,542,1831
656,521,483,1660
353,333,426,1112
107,565,920,1592
892,829,805,2526
558,483,792,1833
730,406,944,2080
16,7,57,80
392,404,693,1489
788,375,94,1257
883,752,590,2225
521,880,7,1408
367,345,612,1324
169,849,732,1750
212,229,744,1185
485,163,819,1467
888,267,89,1244
83,331,200,614
512,805,791,2108
91,978,351,1420
874,251,731,1856
232,690,372,1294
931,839,731,2501
377,781,399,1557
814,143,424,1381
292,573,393,1258
343,178,89,610
689,14,814,1517
45,796,778,1619
320,2,570,892
206,927,962,2095
294,505,248,1047
495,77,910,1482
511,623,616,1750
304,606,719,1629
210,605,852,1667
540,801,987,2328
67,292,146,505
120,430,882,1432
765,94,54,913
280,124,982,1386
241,687,986,1914
968,929,462,2359
632,23,508,1163
521,966,899,2386
49,814,433,1296
141,343,545,1029
458,759,197,1414
503,911,86,1500
744,635,393,1772
441,849,327,1617
148,283,88,519
211,630,306,1147
983,128,514,1625
173,152,472,797
852,275,806,1933
894,27,215,1136
263,376,193,832
166,507,489,1162
608,2,799,1409
799,285,62,1146
712,690,976,2378
373,165,616,1154
641,624,705,1970
476,674,301,1451
607,957,519,2083
603,597,882,2082
452,243,722,1417
789,498,948,2235
151,436,29,616
354,109,562,1025
195,26,271,492
249,574,889,1712
584,605,414,1603
892,617,688,2197
426,424,809,1659
638,398,785,1821
352,817,483,1652
749,771,901,2421
378,958,51,1387
636,565,695,1896
859,142,915,1916
713,706,424,1843
672,352,414,1438
813,342,808,1963
63,380,395,838
213,588,372,1173
647,54,645,1346
659,60,137,856
747,216,786,1749
140,287,865,1292
193,67,63,323
900,578,573,2051
237,671,222,1130
440,872,290,1602
995,886,311,2192
911,655,935,2501
515,20,650,1185
330,361,14,705
505,965,522,1992
586,526,650,1762
25,926,92,1043
571,128,46,745
836,988,60,1884
834,53,216,1103
925,274,629,1828
431,606,237,1274
666,581,98,1345
222,589,391,1202
950,932,540,2422
120,205,109,434
917,351,394,1662
708,821,957,2486
150,104,700,954
860,279,511,1650
469,764,921,2154
793,216,847,1856
774,424,311,1509
393,504,389,1286
772,171,364,1307
519,664,596,1779
204,538,144,886
812,539,590,1941
707,162,91,960
182,932,633,1747
526,844,637,2007
275,727,649,1651
896,256,470,1622
228,761,168,1157
291,57,389,737
689,664,903,2256
780,150,455,1385
945,770,170,1885
3,797,308,1108
90,873,198,1161
722,263,101,1086
135,896,660,1691
976,620,848,2444
730,211,719,1660
632,244,241,1117
772,316,176,1264
901,271,134,1306
629,845,797,2271
451,347,690,1488
367,697,496,1560
207,889,354,1450
798,556,934,2288
364,808,22,1194
436,28,452,916
30,134,399,563
756,270,768,1794
318,537,820,1675
350,101,203,654
956,183,870,2009
715,681,935,2331
215,265,713,1193
788,476,705,1969
202,918,672,1792
375,596,173,1144
610,840,262,1712
422,811,366,1599
652,960,451,2063
94,789,900,1783
207,424,198,829
870,572,628,2070
302,885,347,1534
547,910,503,1960
610,893,651,2154
290,880,258,1428
996,225,117,1338
43,1,450,494
182,179,946,1307
784,397,506,1687
474,559,513,1546
363,431,665,1459
701,944,219,1864
904,972,423,2299
987,652,782,2421
682,443,529,1654
604,169,8,781
174,854,695,1723
992,885,519,2396
664,104,900,1668
819,797,31,1647
283,919,777,1979
93,564,633,1290
31,91,191,313
319,323,554,1196
652,793,315,1760
776,95,859,1730
235,336,508,1079
667,814,186,1667
967,408,25,1400
412,599,680,1691
465,948,472,1885
192,682,53,927
641,759,143,1543
439,949,1000,2388
674,681,868,2223
65,618,709,1392
941,202,985,2128
866,92,694,1652
972,895,823,2690
306,482,137,925
568,302,594,1464
120,867,171,1158
621,174,564,1359
646,424,100,1170
18,558,76,652
193,951,70,1214
14,497,666,1177
895,778,386,2059
340,675,328,1343
374,405,922,1701
494,490,596,1580
346,14,851,1211
512,128,525,1165
916,122,364,1402
568,68,431,1067
364,934,827,2125
212,290,397,899
606,649,139,1394
835,75,327,1237
165,577,456,1198
973,852,819,2644
877,69,859,1805
141,251,928,1320
945,113,972,2030
844,694,669,2207
239,106,227,572
277,211,118,606
590,717,248,1555
123,905,831,1859
129,71,506,706
566,660,839,2065
124,693,746,1563
256,354,249,859
774,312,543,1629
835,803,308,1946
772,603,505,1880
578,448,637,1663
947,516,263,1726
456,400,162,1018
647,137,125,909
917,75,956,1948
594,142,212,948
532,624,894,2050
83,298,488,869
575,90,545,1210
604,767,638,2009
211,540,975,1726
224,468,431,1123
680,73,883,1636
968,348,694,2010
570,588,534,1692
593,923,148,1664
921,560,103,1584
522,987,398,1907
253,524,197,974
105,791,991,1887
658,373,152,1183
709,458,106,1273
856,310,983,2149
143,830,403,1376
401,978,291,1670
165,718,488,1371
831,488,697,2016
740,688,382,1810
45,10,460,515
203,942,237,1382
89,133,144,366
821,312,92,1225
198,482,265,945
632,217,470,1319
129,286,328,743
323,365,811,1499
915,889,602,2406
330,922,516,1768
733,206,146,1085
975,236,331,1542
774,475,694,1943
634,535,484,1653
193,381,578,1152
496,479,956,1931
245,480,990,1715
78,611,521,1210
822,674,239,1735
725,585,358,1668
940,741,162,1843
211,591,853,1655
531,178,775,1484
16,913,593,1522
40,438,536,1014
983,380,686,2049
545,998,547,2090
874,634,794,2302
251,783,981,2015
456,916,212,1584
350,161,781,1292
489,121,433,1043
487,583,53,1123
746,465,606,1817
233,541,890,1664
640,451,909,2000
855,962,382,2199
322,752,333,1407
194,410,44,648
510,850,877,2237
64,904,67,1035
746,253,103,1102
182,231,94,507
222,442,380,1044
354,956,835,2145
713,78,817,1608
410,516,93,1019
898,286,652,1836
69,40,80,189
494,437,70,1001
375,856,861,2092
58,700,907,1665
137,517,488,1142
588,88,944,1620
830,514,900,2244
744,149,181,1074
142,317,946,1405
233,454,363,1050
826,15,826,1667
789,830,255,1874
658,585,86,1329
723,873,986,2582
399,56,327,782
904,630,824,2358
799,912,275,1986
404,883,497,1784
449,191,120,760
312,363,374,1049
971,644,223,1838
350,304,576,1230
905,380,141,1426
749,637,499,1885
650,789,388,1827
480,573,816,1869
195,382,293,870
472,856,814,2142
515,537,959,2011
501,543,581,1625
256,10,753,1019
120,762,966,1848
330,525,303,1158
589,938,127,1654
652,252,72,976
326,811,329,1466
981,624,687,2292
998,54,584,1636
53,291,869,1213
521,544,562,1627
593,568,156,1317
554,1,641,1196
687,310,218,1215
976,207,135,1318
513,588,356,1457
875,933,397,2205
261,237,644,1142
712,397,362,1471
481,146,259,886
25,466,332,823
700,62,85,847
262,198,903,1363
831,506,65,1402
660,839,968,2467
159,208,612,979
914,81,264,1259
197,519,131,847
926,477,459,1862
132,800,396,1328
114,583,709,1406
874,652,619,2145
258,467,149,874
904,611,999,2514
5,759,295,1059
529,740,6,1275
484,830,269,1583
979,649,905,2533
163,702,284,1149
359,745,735,1839
993,192,156,1341
344,301,328,973
91,626,94,811
188,505,84,777
936,703,294,1933
773,438,229,1440
630,824,873,2327
236,838,500,1574
300,961,669,1930
255,55,217,527
344,983,195,1522
11,1,863,875
694,751,105,1550
376,975,553,1904
797,296,232,1325
962,652,960,2574
700,594,911,2205
44,473,373,890
583,517,697,1797
888,339,409,1636
849,514,483,1846
957,33,464,1454
911,58,894,1863
116,97,647,860
480,326,692,1498
620,697,941,2258
393,369,562,1324
263,718,10,991
415,360,745,1520
18,610,6,634
217,714,827,1758
638,582,686,1906
330,765,282,1377
129,596,712,1437
406,94,209,709
925,566,958,2449
675,183,429,1287
51,106,737,894
295,307,594,1196
66,668,166,900
721,850,470,2041
577,523,114,1214
630,215,39,884
326,313,781,1420
63,991,35,1089
322,912,665,1899
815,536,369,1720
826,695,493,2014
637,603,655,1895
577,564,705,1846
695,956,49,1700
814,96,511,1421
526,400,707,1633
485,441,138,1064
512,639,115,1266
365,439,627,1431
131,610,213,954
355,802,143,1300
623,980,59,1662
375,501,445,1321
233,89,591,913
889,123,824,1836
675,473,235,1383
166,729,167,1062
885,197,856,1938
2,165,994,1161
374,39,247,660
457,542,209,1208
401,470,694,1565
464,535,44,1043
666,365,499,1530
569,419,328,1316
375,46,679,1100
783,795,655,2233
214,124,765,1103
300,223,316,839
91,751,606,1448
636,488,471,1595
16,869,891,1776
662,874,697,2233
522,957,225,1704
46,271,891,1208
890,899,667,2456
553,628,278,1459
5,502,560,1067
17,679,328,1024
443,111,708,1262
720,174,34,928
315,876,244,1435
74,848,259,1181
438,982,863,2283
881,151,941,1973
948,685,927,2560
655,657,793,2105
543,995,865,2403
737,737,237,1711
475,234,539,1248
123,208,313,644
651,586,560,1797
443,222,662,1327
744,120,88,952
359,991,893,2243
165,157,203,525
734,282,719,1735
637,105,594,1336
910,391,798,2099
805,540,805,2150
268,113,817,1198
666,927,67,1660
632,581,65,1278
961,530,977,2468
854,439,182,1475
339,318,391,1048
396,270,233,899
969,906,931,2806
535,841,438,1814
124,290,820,1234
130,123,224,477
769,225,854,1848
173,781,935,1889
727,493,476,1696
102,997,984,2083
684,865,26,1575
773,708,127,1608
111,577,827,1515
281,13,447,741
416,109,725,1250
812,731,488,2031
205,434,744,1383
980,186,80,1246
93,619,852,1564
113,48,189,350
964,117,62,1143
177,152,491,820
598,659,77,1334
763,960,91,1814
526,672,351,1549
404,692,504,1600
26,946,830,1802
878,168,19,1065
759,25,111,895
242,911,961,2114
164,653,718,1535
678,785,800,2263
64,341,46,451
259,808,209,1276
954,734,350,2038
281,498,251,1030
708,645,992,2345
425,577,841,1843
279,901,168,1348
142,203,333,678
494,827,729,2050
311,950,675,1936
824,465,238,1527
232,436,245,913
518,539,522,1579
834,116,193,1143
514,232,433,1179
788,593,258,1639
306,902,197,1405
975,640,678,2293
744,10,738,1492
162,505,844,1511
591,399,995,1985
904,52,978,1934
224,202,513,939
669,946,91,1706
411,510,855,1776
869,903,390,2162
30,650,28,708
905,281,733,1919
65,311,556,932
120,987,680,1787
201,839,551,1591
161,44,147,352
891,904,936,2731
809,779,593,2181
936,325,775,2036
333,557,38,928
559,254,490,1303
972,210,589,1771
947,127,646,1720
255,474,14,743
194,670,115,979
2,124,219,345
116,991,299,1406
988,584,574,2146
569,245,171,985
668,743,89,1500
308,585,653,1546
731,334,866,1931
549,966,994,2509
194,940,834,1968
318,455,216,989
472,402,171,1045
741,652,339,1732
764,867,961,2592
624,867,514,2005
30,615,122,767
932,218,41,1191
428,280,721,1429
496,291,101,888
753,937,954,2644
393,319,705,1417
920,416,566,1902
9,122,238,369
751,16,536,1303
192,362,956,1510
744,579,966,2289
954,893,733,2580
143,435,360,938
692,255,451,1398
124,218,477,819
670,472,422,1564
498,16,700,1214
921,236,529,1686
769,198,297,1264
644,68,724,1436
120,831,958,1909
522,6,433,961
727,501,384,1612
61,721,930,1712
773,614,829,2216
729,671,969,2369
125,44,475,644
758,113,458,1329
634,979,950,2563
309,739,223,1271
806,400,158,1364
735,888,994,2617
63,458,88,609
943,251,330,1524
282,32,682,996
549,254,611,1414
500,39,975,1514
716,201,561,1478
634,789,556,1979
405,780,452,1637
559,837,443,1839
694,670,905,2269
783,629,247,1659
723,577,608,1908
244,861,304,1409
538,767,214,1519
967,749,612,2328
417,663,2,1082
621,306,706,1633
204,965,948,2117
335,663,549,1547
577,468,309,1354
913,833,311,2057
201,495,501,1197
324,519,202,1045
221,220,758,1199
917,634,330,1881
899,13,369,1281
621,974,787,2382
902,761,468,2131
392,706,407,1505
987,976,819,2782
34,538,655,1227
951,33,690,1674
381,743,581,1705
650,396,886,1932
286,620,996,1902
663,436,782,1881
696,255,469,1420
819,871,181,1871
504,912,124,1540
419,587,431,1437
566,322,818,1706
117,581,857,1555
76,127,511,714
41,410,272,723
250,403,119,772
999,289,177,1465
443,534,992,1969
547,927,474,1948
878,790,275,1943
654,772,990,2416
146,891,894,1931
740,332,979,2051
720,93,209,1022
142,251,264,657
265,839,752,1856
778,25,313,1116
673,68,135,876
139,867,806,1812
511,385,590,1486
331,832,922,2085
690,528,851,2069
811,469,197,1477
90,168,522,780
504,456,668,1628
519,941,395,1855
348,421,746,1515
732,392,381,1505
215,638,344,1197
896,686,853,2435
571,532,886,1989
219,967,255,1441
226,141,734,1101
332,461,539,1332
193,100,82,375
206,915,317,1438
646,159,846,1651
910,128,139,1177
541,36,704,1281
972,169,709,1850
805,75,672,1552
94,654,72,820
243,531,203,977
233,747,929,1909
82,490,669,1241
209,22,789,1020
760,635,980,2375
956,317,585,1858
436,316,427,1179
756,661,108,1525
215,685,832,1732
3,348,859,1210
780,440,500,1720
347,427,817,1591
238,357,207,802
762,269,338,1369
730,476,40,1246
286,516,391,1193
583,530,715,1828
73,561,61,695
468,575,514,1557
340,890,103,1333
602,211,662,1475
262,983,977,2222
301,945,218,1464
371,630,283,1284
807,152,848,1807
364,785,403,1552
376,388,312,1076
987,105,231,1323
539,86,600,1225
379,152,684,1215
709,822,311,1842
678,459,243,1380
414,180,490,1084
679,869,646,2194
853,307,890,2050
683,203,948,1834
553,285,554,1392
252,376,711,1339
182,770,446,1398
56,962,484,1502
957,593,180,1730
843,434,270,1547
499,631,986,2116
767,327,567,1661
486,717,397,1600
214,721,405,1340
435,175,811,1421
55,300,3,358
59,164,148,371
284,503,890,1677
666,237,480,1383
295,864,277,1436
247,818,271,1336
103,540,2,645
818,778,641,2237
729,824,485,2038
560,964,839,2363
391,173,812,1376
190,429,489,1108
448,577,240,1265
931,619,100,1650
491,580,620,1691
483,132,548,1163
607,134,61,802
584,818,367,1769
706,449,216,1371
628,658,514,1800
196,414,108,718
818,682,32,1532
448,421,886,1755
319,58,842,1219
729,376,966,2071
428,817,838,2083
561,864,239,1664
301,67,845,1213
992,970,316,2278
711,242,620,1573
485,774,841,2100
926,649,185,1760
969,996,383,2348
364,797,695,1856
723,795,623,2141
955,1,924,1880
258,856,436,1550
716,744,333,1793
669,659,940,2268
466,222,281,969
502,956,452,1910
515,694,213,1422
687,907,553,2147
778,522,93,1393
328,149,614,1091
453,96,892,1441
535,358,83,976
157,426,239,822
8,676,486,1170
391,420,151,962
381,688,839,1908
840,335,23,1198
524,621,860,2005
688,648,261,1597
476,312,58,846
66,188,744,998
601,580,254,1435
355,240,858,1453
270,748,528,1546
908,705,429,2042
651,790,748,2189
147,42,407,596
834,940,604,2378
210,241,721,1172
890,505,453,1848
774,678,628,2080
36,966,550,1552
566,227,964,1757
187,896,595,1678
928,471,790,2189
315,610,923,1848
327,154,428,909
222,562,221,1005
918,151,664,1733
209,641,147,997
927,564,328,1819
519,926,696,2141
933,979,362,2274
345,744,762,1851
827,294,70,1191
155,461,565,1181
963,549,127,1639
309,886,474,1669
267,391,539,1197
565,666,938,2169
394,969,107,1470
2,141,846,989
376,438,394,1208
52,466,123,641
374,775,890,2039
102,501,504,1107
758,462,231,1451
78,211,622,911
41,275,325,641
546,245,88,879
524,715,111,1350
300,517,85,902
626,949,739,2314
65,699,271,1035
840,689,913,2442
258,87,225,570
923,649,815,2387
201,373,713,1287
627,821,608,2056
502,562,999,2063
747,366,107,1220
128,553,72,753
982,27,266,1275
961,780,406,2147
148,999,339,1486
704,956,122,1782
126,77,509,712
270,571,278,1119
705,605,352,1662
1000,401,501,1902
18,715,243,976
21,920,861,1802
999,817,143,1959
88,654,412,1154
939,160,911,2010
255,765,527,1547
713,446,597,1756
288,501,540,1329
189,260,893,1342
861,970,262,2093
674,761,955,2390
682,87,54,823
154,53,348,555
94,373,764,1231
902,216,586,1704
223,150,963,1336
230,30,478,738
967,256,299,1522
312,388,203,903
842,808,21,1671
936,382,526,1844
402,700,326,1428
806,147,947,1900
943,911,740,2594
592,286,547,1425
41,655,571,1267
844,666,791,2301
275,776,807,1858
628,264,830,1722
611,961,377,1949
4,473,716,1193
762,23,473,1258
389,496,504,1389
491,522,711,1724
825,449,581,1855
296,735,249,1280
379,251,823,1453
414,61,577,1052
863,48,224,1135
189,347,768,1304
169,34,482,685
810,889,616,2315
885,713,686,2284
858,511,790,2159
699,902,239,1840
580,867,140,1587
144,835,693,1672
190,628,853,1671
117,948,914,1979
724,909,799,2432
199,175,964,1338
308,310,543,1161
98,951,880,1929
331,873,618,1822
329,107,321,757
809,102,713,1624
964,507,76,1547
336,976,393,1705
732,837,120,1689
275,806,469,1550
112,508,438,1058
420,520,747,1687
33,870,447,1350
484,310,850,1644
768,118,848,1734
766,92,953,1811
455,554,275,1284
293,803,481,1577
138,303,760,1201
899,664,51,1614
468,97,258,823
881,597,268,1746
654,779,946,2379
33,227,239,499
627,105,267,999
686,708,958,2352
189,871,642,1702
823,211,354,1388
739,656,94,1489
387,895,88,1370
120,946,895,1961
695,755,490,1940
719,183,583,1485
119,662,832,1613
75,924,908,1907
929,534,166,1629
552,874,34,1460
629,161,27,817
609,435,911,1955
440,837,946,2223
946,658,694,2298
516,682,236,1434
484,758,249,1491
340,901,148,1389
746,314,23,1083
773,853,294,1920
898,463,533,1894
635,488,450,1573
734,555,463,1752
815,479,380,1674
722,737,186,1645
849,9,234,1092
235,812,434,1481
559,790,128,1477
404,973,147,1524
739,713,662,2114
451,31,475,957
954,12,317,1283
769,412,244,1425
415,241,586,1242
362,959,804,2125
3,781,396,1180
224,568,556,1348
272,48,255,575
598,451,42,1091
725,547,617,1889
204,21,974,1199
801,457,727,1985
269,168,199,636
74,638,994,1706
916,183,595,1694
405,212,122,739
649,579,223,1451
381,25,161,567
730,126,84,940
573,290,186,1049
902,276,965,2143
270,785,253,1308
247,428,570,1245
662,628,428,1718
106,261,488,855
752,598,476,1826
982,28,273,1283
917,950,602,2469
81,56,326,463
126,147,595,868
205,292,114,611
460,723,598,1781
327,351,968,1646
698,45,843,1586
61,311,291,663
485,489,399,1373
68,496,300,864
414,778,398,1590
152,282,748,1182
136,989,523,1648
268,600,290,1158
367,321,704,1392
605,97,200,902
202,29,104,335
206,262,978,1446
801,535,99,1435
911,453,505,1869
473,631,675,1779
659,757,433,1849
711,59,21,791
164,59,335,558
320,189,946,1455
966,460,743,2169
828,480,571,1879
497,418,853,1768
917,484,552,1953
626,41,119,786
292,854,971,2117
500,497,143,1140
180,167,283,630
768,33,424,1225
672,149,23,844
381,714,269,1364
981,27,831,1839
289,489,138,916
337,311,267,915
449,295,80,824
591,453,562,1606
496,359,309,1164
937,476,129,1542
640,800,437,1877
508,574,696,1778
393,570,0,963
3,80,128,211
610,484,434,1528
257,134,615,1006
170,476,399,1045
903,43,744,1690
199,945,854,1998
916,279,610,1805
997,739,829,2565
249,431,692,1372
820,270,426,1516
904,488,13,1405
746,634,241,1621
309,846,114,1269
744,739,194,1677
418,522,289,1229
727,104,369,1200
701,357,627,1685
952,257,925,2134
364,637,62,1063
130,297,424,851
403,577,445,1425
478,504,66,1048
665,827,947,2439
769,838,732,2339
41,181,144,366
723,211,887,1821
454,503,637,1594
160,754,772,1686
82,690,46,818
320,117,484,921
499,146,608,1253
110,276,301,687
251,481,355,1087
611,710,366,1687
267,575,920,1762
691,764,862,2317
270,540,753,1563
983,791,578,2352
825,317,919,2061
970,417,630,2017
720,7,881,1608
489,829,757,2075
167,420,289,876
867,574,356,1797
92,85,730,907
973,110,244,1327
973,712,639,2324
425,123,222,770
657,397,115,1169
101,947,583,1631
604,723,548,1875
0,999,491,1490
696,821,914,2431
244,457,589,1290
87,247,260,594
528,814,137,1479
570,56,366,992
691,983,369,2043
772,228,300,1300
436,625,771,1832
993,478,254,1725
132,757,630,1519
243,404,152,799
15,257,810,1082
245,254,95,594
122,363,687,1172
783,178,637,1598
478,809,328,1615
225,223,886,1334
397,582,917,1896
536,505,674,1715
33,601,651,1285
662,232,725,1619
624,477,370,1471
817,349,13,1179
824,589,614,2027
978,484,628,2090
408,729,757,1894
298,259,192,749
292,734,714,1740
582,295,656,1533
663,84,629,1376
18,89,557,664
144,372,785,1301
986,95,760,1841
892,296,267,1455
19,238,645,902
154,582,687,1423
550,196,832,1578
156,695,137,988
431,737,16,1184
842,435,398,1675
540,123,642,1305
948,86,855,1889
53,272,121,446
989,523,493,2005
684,380,560,1624
581,867,415,1863
22,11,174,207
691,210,933,1834
672,536,503,1711
576,90,806,1472
856,293,135,1284
779,562,989,2330
912,847,509,2268
976,397,178,1551
53,178,197,428
668,191,437,1296
674,834,469,1977
82,371,207,660
953,707,40,1700
66,468,824,1358
498,333,970,1801
817,610,669,2096
903,308,368,1579
878,445,430,1753
31,520,336,887
195,476,653,1324
251,558,745,1554
156,962,946,2064
72,399,489,960
967,174,39,1180
997,498,781,2276
919,80,933,1932
707,639,191,1537
610,328,231,1169
68,562,288,918
916,403,686,2005
716,581,289,1586
636,439,874,1949
670,165,116,951
709,338,700,1747
729,381,487,1597
372,696,866,1934
947,577,447,1971
808,295,142,1245
454,36,413,903
258,887,122,1267
389,682,164,1235
706,640,581,1927
194,641,170,1005
494,83,857,1434
849,617,912,2378
666,397,314,1377
117,286,793,1196
973,659,919,2551
815,687,855,2357
332,278,403,1013
709,993,761,2463
866,139,425,1430
250,504,935,1689
135,923,586,1644
968,697,556,2221
580,758,65,1403
589,139,101,829
912,827,717,2456
993,472,59,1524
171,821,623,1615
949,382,379,1710
422,179,537,1138
699,563,563,1825
21,936,435,1392
952,891,277,2120
547,799,496,1842
509,972,870,2351
993,919,652,2564
299,523,380,1202
880,365,573,1818
925,956,447,2328
73,269,526,868
35,572,466,1073
815,953,390,2158
822,1000,631,2453
559,886,372,1817
563,198,669,1430
982,930,504,2416
494,153,698,1345
921,624,603,2148
301,725,415,1441
956,239,8,1203
73,860,22,955
795,324,47,1166
436,328,43,807
887,235,971,2093
835,847,617,2299
566,768,505,1839
5,271,31,307
820,734,259,1813
973,661,334,1968
786,967,28,1781
371,690,130,1191
546,277,727,1550
779,682,152,1613
834,274,838,1946
312,28,562,902
794,985,310,2089
789,450,947,2186
711,290,617,1618
82,372,428,882
893,968,307,2168
786,430,434,1650
790,593,630,2013
900,480,918,2298
672,308,587,1567
169,966,643,1778
609,421,23,1053
154,699,394,1247
243,348,171,762
762,567,934,2263
974,61,42,1077
974,683,265,1922
697,923,987,2607
768,924,446,2138
279,745,274,1298
921,250,627,1798
70,420,958,1448
788,169,419,1376
913,750,491,2154
91,774,106,971
105,147,82,334
426,593,237,1256
776,264,316,1356
658,432,181,1271
186,829,249,1264
674,143,877,1694
385,171,120,676
263,412,46,721
919,758,912,2589
455,778,397,1630
220,617,367,1204
802,936,37,1775
84,493,281,858
248,230,482,960
605,986,35,1626
52,139,549,740
360,951,702,2013
852,166,705,1723
821,495,511,1827
415,7,591,1013
70,567,767,1404
491,757,250,1498
468,781,621,1870
882,135,338,1355
458,700,313,1471
346,689,155,1190
271,254,656,1181
759,797,371,1927
673,5,585,1263
563,208,104,875
587,832,972,2391
808,81,81,970
3,971,156,1130
543,195,86,824
816,226,670,1712
445,601,964,2010
118,222,212,552
715,591,863,2169
38,276,760,1074
412,116,887,1415
928,94,952,1974
53,52,554,659
304,944,928,2176
0,8,556,564
136,567,429,1132
241,946,935,2122
544,28,235,807
723,258,829,1810
228,170,356,754
170,795,259,1224
797,556,535,1888
840,173,477,1490
85,43,419,547
278,647,826,1751
62,492,257,811
688,139,777,1604
132,259,683,1074
977,298,832,2107
26,386,940,1352
934,44,344,1322
217,594,440,1251
213,612,844,1669
963,793,213,1969
596,826,61,1483
855,409,37,1301
255,58,416,729
230,218,198,646
920,862,829,2611
929,533,943,2405
729,437,646,1812
423,157,664,1244
142,71,893,1106
167,935,894,1996
27,5,248,280
207,948,308,1463
265,384,741,1390
705,843,537,2085
741,146,287,1174
170,12,830,1012
484,373,56,913
408,854,164,1426
799,90,535,1424
289,498,447,1234
210,537,475,1222
424,394,230,1048
936,306,572,1814
745,557,981,2283
259,10,408,677
595,995,461,2051
360,126,218,704
332,118,937,1387
187,180,565,932
849,811,219,1879
905,235,51,1191
943,119,108,1170
653,644,951,2248
260,165,815,1240
41,557,311,909
304,422,822,1548
252,548,240,1040
122,362,230,714
243,118,176,537
77,297,255,629
379,515,41,935
630,835,648,2113
277,59,851,1187
537,168,832,1537
29,525,847,1401
543,593,20,1156
552,953,705,2210
304,303,128,735
686,81,842,1609
759,734,30,1523
148,599,419,1166
555,478,462,1495
851,484,402,1737
126,760,119,1005
259,367,570,1196
25,674,419,1118
354,662,78,1094
413,499,23,935
240,621,359,1220
208,437,705,1350
589,190,158,937
319,796,778,1893
622,793,324,1739
602,339,97,1038
722,85,187,994
978,209,83,1270
95,377,546,1018
627,638,152,1417
205,754,893,1852
762,626,852,2240
638,98,526,1262
85,317,903,1305
569,739,743,2051
423,442,708,1573
791,82,817,1690
382,663,261,1306
555,480,29,1064
808,782,284,1874
936,321,310,1567
219,847,158,1224
96,126,620,842
773,406,281,1460
607,834,598,2039
288,699,57,1044
61,520,469,1050
503,656,892,2051
892,546,296,1734
464,863,284,1611
642,393,738,1773
157,528,396,1081
402,525,149,1076
477,421,83,981
667,709,520,1896
228,679,13,920
128,965,45,1138
478,637,654,1769
744,608,190,1542
306,442,635,1383
445,768,54,1267
955,688,417,2060
557,160,154,871
846,573,416,1835
174,200,36,410
214,462,459,1135
545,214,454,1213
231,259,584,1074
835,477,747,2059
55,323,906,1284
882,814,177,1873
846,869,664,2379
189,10,452,651
276,143,325,744
540,585,255,1380
832,421,1,1254
274,71,318,663
126,279,267,672
823,138,530,1491
553,304,875,1732
114,917,620,1651
200,875,732,1807
730,514,541,1785
714,763,58,1535
343,747,26,1116
520,430,500,1450
513,82,192,787
281,921,360,1562
58,705,427,1190
502,487,640,1629
453,807,427,1687
997,733,763,2493
503,868,14,1385
782,743,796,2321
246,623,628,1497
121,490,709,1320
104,822,839,1765
790,125,639,1554
329,12,843,1184
797,424,644,1865
980,155,59,1194
401,12,303,716
493,88,631,1212
786,91,459,1336
356,717,912,1985
403,256,694,1353
405,519,759,1683
211,642,425,1278
609,919,814,2342
40,593,211,844
588,189,462,1239
145,359,338,842
300,975,638,1913
487,61,216,764
938,75,590,1603
666,678,7,1351
441,325,752,1518
539,268,428,1235
929,549,984,2462
494,635,201,1330
110,354,449,913
970,230,7,1207
549,941,516,2006
135,102,581,818
657,353,996,2006
963,884,352,2199
393,148,303,844
530,346,291,1167
668,749,395,1812
743,772,513,2028
86,76,984,1146
918,66,313,1297
597,215,786,1598
719,761,438,1918
289,364,826,1479
514,903,486,1903
717,375,55,1147
668,826,91,1585
157,747,123,1027
801,496,353,1650
686,702,348,1736
783,583,624,1990
490,58,447,995
971,814,59,1844
248,351,541,1140
415,590,545,1550
766,439,659,1864
302,697,896,1895
513,39,853,1405
709,875,465,2049
295,38,238,571
307,977,106,1390
877,13,446,1336
771,703,570,2044
881,935,665,2481
290,322,649,1261
711,73,697,1481
97,328,547,972
805,332,318,1455
422,145,582,1149
90,787,960,1837
531,409,967,1907
568,896,516,1980
298,359,742,1399
93,105,736,934
391,407,211,1009
507,630,398,1535
923,526,312,1761
16,478,87,581
999,585,882,2466
874,10,664,1548
811,983,493,2287
576,259,869,1704
276,295,102,673
867,724,428,2019
580,469,973,2022
817,882,441,2140
603,72,964,1639
254,587,802,1643
504,662,634,1800
78,797,67,942
884,132,494,1510
516,921,251,1688
699,165,387,1251
408,45,439,892
454,274,684,1412
910,87,272,1269
400,315,494,1209
698,367,203,1268
536,719,645,1900
648,983,435,2066
787,359,739,1885
251,879,682,1812
67,781,435,1283
515,496,712,1723
547,271,78,896
420,567,163,1150
344,144,13,501
909,916,530,2355
309,758,224,1291
442,148,338,928
357,989,508,1854
871,521,433,1825
146,458,908,1512
887,542,857,2286
450,904,950,2304
958,847,177,1982
771,435,102,1308
202,766,536,1504
113,791,9,913
0,921,796,1717
171,263,510,944
589,565,593,1747
866,645,679,2190
549,802,500,1851
171,811,804,1786
96,633,329,1058
380,390,906,1676
141,635,135,911
295,765,123,1183
706,181,738,1625
969,405,872,2246
594,719,628,1941
20,298,861,1179
979,104,612,1695
361,686,35,1082
576,590,149,1315
288,416,15,719
473,441,329,1243
575,469,866,1910
62,801,558,1421
270,569,263,1102
825,745,69,1639
832,683,398,1913
774,334,424,1532
17,673,201,891
290,378,349,1017
993,758,100,1851
275,606,398,1279
294,390,221,905
848,944,425,2217
281,112,589,982
268,578,291,1137
469,515,27,1011
595,760,470,1825
771,319,132,1222
721,365,375,1461
667,501,457,1625
978,778,777,2533
462,892,289,1643
639,197,952,1788
7,323,249,579
585,234,822,1641
382,859,623,1864
963,452,798,2213
142,535,238,915
461,92,59,612
153,164,19,336
416,652,952,2020
27,470,267,764
587,867,848,2302
922,755,898,2575
102,648,439,1189
702,423,653,1778
832,457,316,1605
557,170,936,1663
993,749,742,2484
743,504,563,1810
312,276,124,712
318,7,692,1017
63,957,177,1197
912,484,377,1773
997,467,52,1516
275,563,75,913
770,445,192,1407
149,30,53,232
759,824,588,2171
450,332,751,1533
934,328,712,1974
694,379,24,1097
58,809,373,1240
826,825,854,2505
217,152,898,1267
983,7,280,1270
621,556,896,2073
520,170,943,1633
788,337,370,1495
891,824,181,1896
284,60,58,402
384,150,850,1384
51,656,783,1490
289,109,509,907
599,110,311,1020
724,66,305,1095
645,203,171,1019
611,705,452,1768
669,323,821,1813
65,817,747,1629
226,547,440,1213
243,8,341,592
274,546,251,1071
730,649,753,2132
872,41,915,1828
935,298,253,1486
370,820,753,1943
457,869,443,1769
707,318,427,1452
89,233,713,1035
289,511,466,1266
137,749,812,1698
716,878,226,1820
173,136,782,1091
989,417,68,1474
24,965,492,1481
763,312,428,1503
490,457,510,1457
828,876,140,1844
390,624,221,1235
599,176,792,1567
750,953,290,1993
654,758,908,2320
698,464,659,1821
770,959,969,2698
847,889,194,1930
710,56,982,1748
370,835,774,1979
953,830,275,2058
370,313,163,846
281,858,579,1718
438,70,389,897
717,155,416,1288
886,490,446,1822
968,665,155,1788
722,463,510,1695
460,700,82,1242
937,683,73,1693
469,244,129,842
140,992,592,1724
401,489,732,1622
629,991,290,1910
666,63,999,1728
752,547,211,1510
456,751,963,2170
672,920,263,1855
544,611,988,2143
427,81,972,1480
919,73,45,1037
315,3,54,372
669,197,196,1062
617,33,476,1126
448,803,78,1329
787,425,340,1552
84,199,227,510
236,379,745,1360
961,461,24,1446
318,813,292,1423
896,283,749,1928
230,561,892,1683
597,844,662,2103
118,983,701,1802
735,641,928,2304
562,628,334,1524
8,328,955,1291
403,824,331,1558
773,988,153,1914
494,312,972,1778
574,434,659,1667
666,495,934,2095
635,570,624,1829
887,862,664,2413
599,863,484,1946
120,806,48,974
287,648,346,1281
831,432,396,1659
613,90,155,858
652,561,411,1624
256,196,932,1384
427,776,22,1225
725,581,637,1943
860,530,138,1528
65,62,574,701
378,429,770,1577
982,632,729,2343
906,662,859,2427
42,214,200,456
266,392,490,1148
662,167,316,1145
371,972,209,1552
694,617,306,1617
375,323,30,728
466,204,567,1237
388,110,726,1224
363,765,130,1258
295,878,767,1940
456,990,867,2313
718,681,239,1638
457,625,319,1401
947,785,375,2107
356,1000,154,1510
20,17,586,623
353,5,546,904
61,590,908,1559
723,897,677,2297
463,916,967,2346
993,880,118,1991
929,211,808,1948
697,860,927,2484
786,159,489,1434
500,337,913,1750
669,893,841,2403
762,36,516,1314
543,397,920,1860
740,843,814,2397
322,78,306,706
67,231,823,1121
667,762,666,2095
794,868,768,2430
305,13,125,443
588,634,40,1262
604,128,428,1160
941,462,377,1780
3,108,729,840
300,441,882,1623
941,949,758,2648
385,657,794,1836
432,633,936,2001
357,426,930,1713
729,322,280,1331
606,668,457,1731
151,757,70,978
649,561,165,1375
183,178,761,1122
76,552,851,1479
714,257,744,1715
888,705,103,1696
238,174,252,664
942,898,398,2238
141,828,234,1203
519,721,370,1610
995,387,676,2058
779,41,696,1516
282,367,418,1067
605,45,774,1424
771,139,413,1323
221,356,417,994
706,233,305,1244
330,839,582,1751
74,557,142,773
897,405,347,1649
160,11,544,715
106,231,807,1144
606,908,395,1909
258,10,74,342
165,944,976,2085
584,65,574,1223
603,390,485,1478
757,130,928,1815
479,303,643,1425
87,70,959,1116
494,928,125,1547
233,829,995,2057
607,147,451,1205
539,208,615,1362
584,814,151,1549
8,171,367,546
998,455,762,2215
393,902,351,1646
915,660,251,1826
143,394,746,1283
404,501,662,1567
343,322,804,1469
826,838,536,2200
506,532,35,1073
160,190,674,1024
30,763,545,1338
754,942,560,2256
268,155,927,1350
614,111,70,795
890,702,968,2560
84,883,797,1764
392,645,37,1074
836,77,125,1038
775,359,649,1783
965,259,759,1983
25,748,431,1204
363,965,724,2052
426,92,254,772
892,232,674,1798
266,475,150,891
53,579,131,763
382,170,589,1141
510,23,402,935
576,830,658,2064
535,940,217,1692
478,939,497,1914
631,198,81,910
165,577,420,1162
485,653,534,1672
628,698,392,1718
816,803,274,1893
520,89,699,1308
931,783,186,1900
220,44,934,1198
576,539,356,1471
436,222,506,1164
957,380,588,1925
253,472,426,1151
798,728,642,2168
923,177,760,1860
460,367,353,1180
253,310,73,636
776,383,666,1825
560,167,309,1036
406,225,874,1505
611,364,833,1808
831,153,333,1317
907,596,102,1605
825,677,382,1884
930,312,712,1954
384,104,453,941
145,788,981,1914
719,882,449,2050
607,111,706,1424
696,351,261,1308
471,182,845,1498
632,846,495,1973
467,676,959,2102
610,882,461,1953
240,819,599,1658
159,218,756,1133
526,673,294,1493
312,32,208,552
132,833,393,1358
284,282,347,913
732,522,446,1700
265,706,464,1435
235,476,99,810
398,963,457,1818
536,981,474,1991
973,229,954,2156
757,147,518,1422
80,440,469,989
709,347,169,1225
868,846,168,1882
640,716,162,1518
189,683,655,1527
794,454,237,1485
345,663,600,1608
996,576,639,2211
748,433,19,1200
706,643,185,1534
301,22,794,1117
968,952,839,2759
48,408,504,960
163,364,291,818
402,742,224,1368
314,34,77,425
283,754,276,1313
600,54,543,1197
684,67,41,792
768,20,59,847
771,519,119,1409
613,299,893,1805
518,951,46,1515
230,269,659,1158
649,659,309,1617
742,809,293,1844
374,503,765,1642
978,841,885,2704
928,853,649,2430
231,688,57,976
467,790,274,1531
501,78,87,666
934,223,882,2039
286,478,402,1166
446,442,442,1330
815,793,664,2272
943,555,666,2164
861,536,255,1652
43,764,534,1341
29,731,174,934
739,225,833,1797
557,893,395,1845
955,638,824,2417
676,282,163,1121
670,901,526,2097
922,553,898,2373
953,107,433,1493
434,358,975,1767
97,772,715,1584
444,493,425,1362
685,131,445,1261
329,419,625,1373
758,568,461,1787
709,469,27,1205
569,537,563,1669
529,843,253,1625
357,113,220,690
552,556,261,1369
928,385,611,1924
580,365,741,1686
117,742,293,1152
642,304,974,1920
561,711,240,1512
762,85,933,1780
251,162,248,661
819,981,752,2552
31,930,543,1504
823,66,929,1818
126,469,909,1504
954,96,726,1776
408,326,41,775
127,803,330,1260
837,632,280,1749
162,248,443,853
498,860,765,2123
926,640,857,2423
611,382,256,1249
127,346,683,1156
895,226,993,2114
932,565,270,1767
908,499,335,1742
359,697,293,1349
994,700,883,2577
408,187,415,1010
281,71,156,508
590,379,583,1552
498,288,560,1346
645,780,79,1504
566,615,792,1973
544,468,511,1523
270,118,98,486
422,244,515,1181
532,186,117,835
279,835,977,2091
245,398,645,1288
124,868,127,1119
591,299,962,1852
188,701,228,1117
20,852,679,1551
238,102,165,505
656,488,723,1867
576,446,757,1779
145,974,748,1867
261,55,834,1150
704,636,612,1952
857,102,435,1394
201,303,832,1336
658,67,992,1717
655,213,466,1334
950,528,113,1591
777,671,364,1812
692,503,975,2170
836,240,757,1833
626,730,267,1623
54,552,970,1576
522,933,759,2214
185,122,343,650
876,193,271,1340
571,930,683,2184
738,107,174,1019
468,45,992,1505
860,255,702,1817
886,62,38,986
657,544,951,2152
476,827,599,1902
641,883,741,2265
40,974,742,1756
147,178,775,1100
88,412,704,1204
19,155,851,1025
601,653,587,1841
468,322,390,1180
751,403,833,1987
34,64,894,992
131,360,408,899
275,638,316,1229
542,513,203,1258
150,715,804,1669
229,176,807,1212
402,773,267,1442
314,240,286,840
47,3,274,324
163,182,402,747
499,720,938,2157
595,995,928,2518
654,313,439,1406
517,830,774,2121
429,429,497,1355
463,413,230,1106
492,261,906,1659
229,325,130,684
493,241,42,776
828,141,163,1132
407,973,72,1452
30,272,107,409
930,16,522,1468
195,611,381,1187
166,136,242,544
576,249,943,1768
152,84,283,519
794,362,524,1680
988,650,586,2224
901,472,417,1790
962,20,356,1338
960,558,702,2220
12,975,889,1876
672,778,951,2401
460,981,188,1629
379,840,535,1754
532,552,326,1410
569,393,571,1533
187,768,813,1768
520,760,217,1497
593,612,907,2112
237,625,547,1409
342,77,685,1104
147,687,721,1555
221,774,195,1190
323,998,287,1608
838,524,530,1892
96,324,682,1102
12,807,605,1424
922,766,237,1925
194,25,918,1137
318,279,58,655
916,734,248,1898
614,246,817,1677
810,878,47,1735
204,397,37,638
796,218,502,1516
464,195,77,736
118,512,180,810
735,811,961,2507
124,219,773,1116
120,484,300,904
241,183,635,1059
68,132,116,316
875,466,419,1760
917,912,31,1860
725,442,19,1186
317,262,143,722
807,500,222,1529
246,447,305,998
786,776,316,1878
535,611,8,1154
369,478,835,1682
182,246,855,1283
49,643,961,1653
181,827,686,1694
885,49,227,1161
645,332,312,1289
550,296,146,992
212,915,577,1704
799,586,102,1487
110,313,424,847
963,290,898,2151
903,975,684,2562
59,740,166,965
129,491,689,1309
419,931,683,2033
953,402,113,1468
440,678,258,1376
484,134,413,1031
390,605,769,1764
24,616,314,954
741,967,838,2546
61,511,465,1037
806,213,496,1515
782,213,956,1951
188,727,981,1896
805,310,917,2032
126,107,577,810
733,707,152,1592
945,861,730,2536
356,618,13,987
184,383,811,1378
444,34,962,1440
785,92,687,1564
560,925,56,1541
970,200,22,1192
884,514,378,1776
885,923,80,1888
570,217,555,1342
758,980,388,2126
680,496,711,1887
428,339,893,1660
203,330,446,979
713,961,439,2113
336,390,869,1595
387,734,90,1211
573,543,97,1213
470,541,982,1993
271,730,104,1105
735,630,873,2238
735,142,330,1207
680,55,511,1246
415,247,764,1426
23,904,180,1107
705,480,384,1569
587,969,20,1576
985,156,58,1199
35,508,434,977
751,833,164,1748
135,834,420,1389
152,931,273,1356
220,252,620,1092
886,318,705,1909
546,300,56,902
138,261,216,615
363,760,262,1385
893,760,956,2609
775,137,339,1251
426,343,83,852
174,94,858,1126
339,518,410,1267
674,777,284,1735
397,669,773,1839
83,267,498,848
837,444,95,1376
279,18,115,412
182,637,487,1306
14,51,639,704
271,531,541,1343
491,49,307,847
571,566,833,1970
173,190,161,524
699,574,632,1905
84,940,136,1160
967,405,593,1965
963,626,390,1979
442,829,11,1282
802,923,866,2591
168,888,359,1415
693,699,989,2381
530,577,717,1824
405,196,395,996
343,613,523,1479
810,69,877,1756
747,0,779,1526
824,727,302,1853
943,255,637,1835
307,368,102,777
83,943,812,1838
486,73,507,1066
824,297,646,1767
865,68,182,1115
847,690,320,1857
191,337,592,1120
459,464,242,1165
824,279,466,1569
536,424,677,1637
820,706,901,2427
83,465,642,1190
343,325,622,1290
588,288,586,1462
232,259,346,837
257,312,447,1016
739,302,838,1879
249,830,72,1151
613,701,757,2071
688,564,25,1277
38,725,124,887
776,584,481,1841
550,667,233,1450
648,756,214,1618
516,359,514,1389
915,5,552,1472
215,568,960,1743
331,424,633,1388
201,446,65,712
812,377,113,1302
749,141,555,1445
554,28,820,1402
669,795,616,2080
220,940,0,1160
582,272,133,987
839,423,394,1656
96,647,944,1687
466,7,532,1005
611,808,140,1559
780,650,404,1834
945,389,836,2170
649,878,364,1891
794,756,982,2532
247,114,760,1121
588,820,598,2006
993,50,450,1493
635,83,457,1175
25,914,682,1621
275,336,144,755
929,153,985,2067
88,413,294,795
78,283,589,950
117,603,234,954
154,969,92,1215
143,820,248,1211
929,930,911,2770
838,535,453,1826
110,457,332,899
153,276,598,1027
214,744,980,1938
761,746,937,2444
720,824,432,1976
802,82,630,1514
225,644,223,1092
776,673,817,2266
9,427,978,1414
421,619,955,1995
356,21,106,483
342,252,955,1549
607,566,656,1829
585,358,725,1668
389,561,943,1893
724,368,211,1303
329,498,824,1651
851,137,555,1543
995,395,173,1563
233,308,170,711
283,998,60,1341
855,644,488,1987
544,855,479,1878
683,24,826,1533
349,43,822,1214
740,88,427,1255
760,897,305,1962
14,462,209,685
212,714,411,1337
714,547,803,2064
612,336,520,1468
302,804,446,1552
995,949,730,2674
972,370,967,2309
276,597,117,990
87,391,324,802
590,126,686,1402
210,314,646,1170
590,408,585,1583
414,926,706,2046
510,567,862,1939
589,361,410,1360
251,861,388,1500
180,872,15,1067
124,449,890,1463
76,86,411,573
653,773,794,2220
825,720,691,2236
201,794,520,1515
682,957,231,1870
203,6,756,965
648,38,333,1019
606,599,554,1759
185,829,834,1848
995,381,764,2140
332,734,134,1200
317,633,367,1317
111,416,931,1458
228,517,398,1143
167,105,119,391
196,603,352,1151
117,712,598,1427
26,976,548,1550
618,868,239,1725
644,986,207,1837
18,855,675,1548
780,928,704,2412
976,532,758,2266
446,686,988,2120
59,175,634,868
282,674,248,1204
144,749,474,1367
646,722,648,2016
629,90,342,1061
690,473,375,1538
412,356,579,1347
257,457,708,1422
519,154,815,1488
3,457,479,939
333,702,699,1734
606,316,439,1361
904,80,758,1742
79,713,928,1720
464,268,25,757
863,411,716,1990
361,1000,355,1716
678,7,543,1228
529,752,81,1362
225,539,383,1147
728,936,634,2298
763,466,586,1815
764,189,411,1364
276,990,297,1563
233,364,559,1156
196,317,419,932
221,932,211,1364
329,161,930,1420
585,471,143,1199
794,974,155,1923
633,889,436,1958
471,490,242,1203
790,411,686,1887
201,217,790,1208
950,147,743,1840
784,701,263,1748
448,102,283,833
134,420,610,1164
30,682,278,990
937,316,89,1342
171,756,242,1169
727,929,951,2607
320,583,475,1378
272,667,469,1408
524,793,154,1471
586,329,293,1208
333,79,687,1099
71,858,639,1568
298,565,57,920
247,796,500,1543
116,627,116,859
216,843,587,1646
21,175,91,287
830,795,750,2375
945,201,147,1293
82,679,782,1543
164,898,881,1943
665,845,567,2077
461,998,657,2116
383,381,864,1628
993,872,136,2001
220,190,899,1309
558,464,817,1839
643,647,873,2163
576,415,117,1108
977,670,598,2245
897,387,751,2035
632,221,687,1540
93,170,291,554
760,512,742,2014
705,726,652,2083
80,235,425,740
717,168,184,1069
478,810,226,1514
680,54,172,906
505,97,47,649
852,231,980,2063
351,700,26,1077
708,496,410,1614
853,984,357,2194
872,808,441,2121
873,471,637,1981
590,63,499,1152
896,117,533,1546
862,62,157,1081
288,432,928,1648
512,881,26,1419
463,12,556,1031
426,865,431,1722
980,874,114,1968
933,945,497,2375
647,256,390,1293
94,721,92,907
601,115,38,754
99,989,920,2008
230,771,96,1097
645,942,923,2510
758,293,956,2007
612,807,287,1706
483,894,469,1846
467,542,310,1319
891,789,229,1909
684,915,804,2403
591,251,319,1161
671,713,26,1410
847,43,497,1387
779,895,431,2105
132,795,688,1615
106,265,68,439
918,80,92,1090
156,434,551,1141
438,71,22,531
553,313,162,1028
308,500,28,836
52,992,309,1353
236,524,395,1155
453,650,695,1798
37,468,773,1278
979,903,580,2462
896,942,726,2564
294,564,809,1667
297,829,283,1409
350,579,850,1779
112,80,53,245
70,735,636,1441
703,944,333,1980
875,477,842,2194
9,252,493,754
901,12,296,1209
345,473,972,1790
608,135,877,1620
388,403,820,1611
403,141,863,1407
978,712,787,2477
502,758,192,1452
421,421,279,1121
157,363,302,822
361,645,41,1047
77,806,249,1132
492,135,299,926
935,483,610,2028
833,838,587,2258
86,248,484,818
142,404,244,790
529,46,551,1126
658,788,582,2028
117,189,444,750
198,115,694,1007
151,592,830,1573
975,196,93,1264
478,834,291,1603
444,538,413,1395
462,398,424,1284
85,423,592,1100
480,114,443,1037
383,323,205,911
494,14,179,687
895,703,405,2003
3,656,758,1417
533,966,219,1718
926,398,774,2098
772,384,138,1294
528,492,673,1693
748,140,205,1093
305,811,379,1495
587,219,49,855
270,417,740,1427
538,327,307,1172
551,649,645,1845
520,959,253,1732
872,211,925,2008
184,901,236,1321
892,873,804,2569
640,271,422,1333
132,377,96,605
471,742,217,1430
466,682,736,1884
345,765,538,1648
260,732,895,1887
317,367,83,767
935,123,499,1557
819,492,803,2114
865,561,2,1428
547,633,213,1393
707,811,975,2493
464,474,271,1209
269,513,664,1446
516,103,479,1098
258,676,148,1082
448,569,597,1614
544,216,581,1341
222,718,226,1166
200,660,748,1608
488,134,257,879
75,420,503,998
349,447,30,826
724,302,830,1856
860,269,286,1415
668,354,340,1362
210,736,247,1193
120,128,395,643
597,464,65,1126
271,398,251,920
357,227,256,840
443,763,815,2021
880,970,613,2463
701,486,93,1280
848,365,257,1470
187,140,376,703
511,240,314,1065
813,816,969,2598
568,915,441,1924
124,284,515,923
262,987,527,1776
847,664,178,1689
735,719,196,1650
756,255,57,1068
904,28,19,951
641,463,758,1862
961,354,166,1481
592,14,934,1540
467,694,189,1350
180,409,186,775
525,115,42,682
208,13,61,282
256,121,897,1274
482,932,677,2091
828,176,571,1575
547,77,221,845
431,625,544,1600
498,383,900,1781
817,670,639,2126
425,206,856,1487
775,307,646,1728
642,815,574,2031
10,656,601,1267
633,928,121,1682
813,236,408,1457
516,730,964,2210
716,998,200,1914
782,654,450,1886
882,954,0,1836
230,172,322,724
685,847,650,2182
730,798,94,1622
644,230,612,1486
397,972,117,1486
242,834,55,1131
834,192,246,1272
915,382,173,1470
815,227,887,1929
420,232,666,1318
907,482,625,2014
349,837,594,1780
625,504,441,1570
452,381,766,1599
825,813,57,1695
194,88,772,1054
724,341,302,1367
949,224,672,1845
344,827,286,1457
590,677,749,2016
571,171,727,1469
662,499,79,1240
412,196,313,921
2,593,469,1064
740,684,452,1876
755,609,778,2142
618,403,139,1160
887,744,696,2327
403,729,670,1802
9,488,749,1246
442,513,22,977
560,934,84,1578
202,178,873,1253
436,348,19,803
517,8,4,529
842,668,284,1794
192,824,694,1710
169,856,760,1785
584,838,855,2277
645,826,180,1651
70,492,237,799
747,650,865,2262
83,903,912,1898
755,990,601,2346
232,530,12,774
127,898,703,1728
843,838,992,2673
757,291,598,1646
294,219,669,1182
34,285,440,759
674,951,334,1959
620,591,597,1808
302,426,820,1548
860,664,92,1616
968,206,298,1472
231,598,677,1506
959,947,194,2100
206,388,714,1308
908,162,439,1509
731,859,58,1648
997,787,400,2184
135,371,740,1246
545,550,643,1738
545,808,967,2320
857,996,558,2411
679,633,696,2008
983,204,256,1443
333,460,828,1621
513,120,654,1287
578,658,517,1753
143,483,20,646
539,184,433,1156
974,375,609,1958
641,598,166,1405
769,567,842,2178
319,756,916,1991
186,36,148,370
25,441,101,567
407,232,310,949
743,587,493,1823
870,186,455,1511
59,28,372,459
85,731,131,947
337,707,713,1757
270,308,992,1570
883,330,866,2079
85,556,194,835
605,887,670,2162
81,11,627,719
332,364,216,912
708,899,99,1706
631,934,792,2357
736,810,878,2424
51,232,687,970
871,602,691,2164
562,272,58,892
843,87,171,1101
85,995,635,1715
624,524,119,1267
902,389,715,2006
8,698,598,1304
231,220,157,608
448,14,222,684
606,490,527,1623
41,725,416,1182
494,982,519,1995
675,185,297,1157
809,41,751,1601
860,582,42,1484
402,623,25,1050
574,227,37,838
861,402,796,2059
779,12,586,1377
367,700,579,1646
685,53,267,1005
92,808,8,908
969,763,790,2522
753,296,622,1671
93,485,743,1321
522,398,95,1015
172,79,336,587
556,375,223,1154
234,260,450,944
123,655,188,966
138,768,33,939
565,668,817,2050
949,590,945,2484
698,916,469,2083
472,765,795,2032
495,40,914,1449
925,298,219,1442
690,487,108,1285
511,569,162,1242
215,702,746,1663
8,557,504,1069
244,845,926,2015
928,98,130,1156
939,245,883,2067
228,382,375,985
974,172,586,1732
6,905,675,1586
230,195,721,1146
911,644,358,1913
112,525,945,1582
883,193,390,1466
179,948,812,1939
329,435,829,1593
348,293,681,1322
783,30,589,1402
722,844,16,1582
70,929,587,1586
46,387,87,520
564,643,717,1924
674,7,266,947
142,34,587,763
113,313,170,596
342,147,381,870
539,985,494,2018
761,797,49,1607
241,400,766,1407
391,968,131,1490
879,175,14,1068
373,53,11,437
138,144,272,554
699,229,278,1206
448,665,625,1738
840,233,22,1095
78,862,192,1132
378,79,614,1071
965,165,259,1389
2,509,153,664
119,935,924,1978
835,506,388,1729
30,219,619,868
336,302,41,679
214,137,980,1331
758,552,971,2281
815,701,580,2096
335,708,233,1276
500,979,69,1548
169,754,501,1424
974,154,14,1142
457,987,436,1880
430,513,16,959
221,513,388,1122
257,585,638,1480
124,728,609,1461
655,438,72,1165
854,190,172,1216
693,734,179,1606
966,401,822,2189
415,827,467,1709
529,207,277,1013
312,771,252,1335
600,554,1,1155
173,625,253,1051
216,0,730,946
974,817,327,2118
560,362,581,1503
534,413,952,1899
125,12,187,324
376,14,547,937
841,622,779,2242
738,147,43,928
219,616,469,1304
507,231,680,1418
498,28,610,1136
335,353,352,1040
328,889,437,1654
111,224,15,350
478,916,713,2107
598,790,164,1552
146,837,55,1038
201,413,970,1584
697,397,45,1139
62,255,745,1062
743,128,536,1407
219,74,703,996
606,99,138,843
675,81,225,981
291,400,806,1497
779,571,563,1913
705,523,794,2022
354,378,644,1376
186,92,327,605
234,553,700,1487
654,544,537,1735
930,928,348,2206
138,309,363,810
559,857,788,2204
251,444,276,971
659,497,191,1347
135,578,478,1191
86,151,228,465
844,619,551,2014
619,774,736,2129
789,233,970,1992
281,722,356,1359
206,747,185,1138
483,74,4,561
282,315,412,1009
55,719,900,1674
941,95,215,1251
110,200,1000,1310
123,878,51,1052
6,50,302,358
737,493,51,1281
717,339,896,1952
227,978,787,1992
56,241,799,1096
526,670,220,1416
504,388,997,1889
627,521,381,1529
290,719,726,1735
528,311,730,1569
940,994,274,2208
296,670,599,1565
600,406,502,1508
311,568,84,963
261,296,315,872
117,173,929,1219
662,814,229,1705
48,205,917,1170
460,856,581,1897
107,871,400,1378
918,223,539,1680
642,355,3,1000
370,986,57,1413
537,99,455,1091
436,534,609,1579
880,670,127,1677
747,854,948,2549
934,796,58,1788
840,211,42,1093
173,307,630,1110
334,936,322,1592
844,493,194,1531
688,47,398,1133
454,221,295,970
809,308,635,1752
32,258,298,588
926,700,255,1881
916,216,55,1187
537,30,207,774
773,298,306,1377
949,744,497,2190
721,579,142,1442
454,64,808,1326
958,175,320,1453
83,420,218,721
27,772,964,1763
860,151,116,1127
287,356,980,1623
750,122,369,1241
848,649,396,1893
209,516,320,1045
258,242,628,1128
747,321,366,1434
631,418,257,1306
365,698,348,1411
937,906,250,2093
380,199,496,1075
704,291,239,1234
90,649,406,1145
506,723,941,2170
979,840,633,2452
869,486,678,2033
917,304,762,1983
140,286,361,787
905,834,142,1881
769,96,772,1637
504,680,557,1741
41,434,558,1033
137,984,436,1557
933,413,237,1583
653,986,892,2531
124,519,988,1631
42,229,896,1167
590,974,442,2006
604,108,370,1082
700,323,539,1562
353,696,405,1454
172,421,227,820
468,494,559,1521
956,560,338,1854
140,409,829,1378
659,578,51,1288
286,346,272,904
483,173,464,1120
326,796,394,1516
10,974,816,1800
465,357,602,1424
631,795,936,2362
343,422,584,1349
579,238,369,1186
136,657,235,1028
174,929,266,1369
864,322,989,2175
310,597,822,1729
386,78,554,1018
827,545,297,1669
526,451,328,1305
859,748,332,1939
990,324,394,1708
534,206,921,1661
271,970,642,1883
146,298,285,729
338,75,632,1045
318,437,284,1039
568,354,545,1467
856,430,419,1705
621,639,17,1277
657,861,873,2391
562,676,157,1395
508,219,683,1410
751,419,438,1608
759,470,741,1970
864,479,437,1780
422,17,7,446
428,748,373,1549
797,893,834,2524
878,664,454,1996
908,104,39,1051
61,722,567,1350
525,640,218,1383
578,296,233,1107
43,382,774,1199
554,58,725,1337
422,799,268,1489
197,267,250,714
944,702,115,1761
318,808,319,1445
451,604,265,1320
58,702,590,1350
952,18,267,1237
34,244,343,621
53,280,826,1159
269,347,415,1031
425,21,211,657
58,804,40,902
124,429,247,800
949,914,799,2662
685,94,486,1265
2,929,29,960
87,536,471,1094
243,424,686,1353
264,269,485,1018
73,974,248,1295
413,527,954,1894
326,671,263,1260
631,686,786,2103
989,566,763,2318
633,389,998,2020
954,695,999,2648
380,846,720,1946
735,54,144,933
633,927,563,2123
696,720,456,1872
244,237,884,1365
858,994,16,1868
37,815,561,1413
316,2,316,634
359,796,324,1479
920,935,643,2498
13,117,468,598
712,301,410,1423
28,915,758,1701
27,440,961,1428
822,587,412,1821
245,445,593,1283
129,216,177,522
252,811,99,1162
870,77,914,1861
534,307,787,1628
706,484,183,1373
559,586,48,1193
843,527,308,1678
460,754,66,1280
947,700,517,2164
770,799,729,2298
159,732,655,1546
95,802,829,1726
324,969,698,1991
405,718,893,2016
96,348,793,1237
342,9,608,959
51,860,467,1378
913,932,332,2177
44,150,897,1091
171,817,323,1311
979,165,297,1441
517,349,751,1617
662,912,625,2199
310,269,729,1308
361,71,109,541
48,66,958,1072
635,958,601,2194
827,997,328,2152
664,201,710,1575
751,31,320,1102
763,996,578,2337
225,925,778,1928
273,802,18,1093
288,828,247,1363
874,466,888,2228
682,230,835,1747
988,214,142,1344
390,53,604,1047
365,96,556,1017
329,192,221,742
850,105,926,1881
331,392,739,1462
928,544,74,1546
648,965,583,2196
695,735,116,1546
704,862,754,2320
864,131,5,1000
231,194,979,1404
669,279,427,1375
288,904,906,2098
586,605,840,2031
565,7,671,1243
309,953,247,1509
867,563,876,2306
922,316,678,1916
537,764,152,1453
874,281,67,1222
939,185,30,1154
856,608,774,2238
827,40,126,993
617,886,499,2002
694,335,700,1729
582,137,304,1023
356,929,162,1447
540,633,882,2055
644,571,953,2168
211,710,14,935
574,451,191,1216
639,703,526,1868
890,484,531,1905
424,284,119,827
391,236,68,695
972,141,633,1746
592,849,644,2085
869,779,286,1934
506,583,754,1843
115,144,453,712
497,775,442,1714
419,994,92,1505
500,791,689,1980
987,951,619,2557
387,375,803,1565
52,764,905,1721
4,535,241,780
91,479,419,989
893,273,539,1705
914,742,991,2647
195,791,833,1819
554,528,554,1636
872,830,306,2008
711,974,990,2675
217,168,235,620
425,619,128,1172
259,860,907,2026
814,700,462,1976
537,689,145,1371
181,449,52,682
27,886,701,1614
802,842,722,2366
334,734,875,1943
219,827,28,1074
919,408,683,2010
0,911,879,1790
858,716,776,2350
277,329,147,753
95,161,318,574
546,765,111,1422
804,252,77,1133
623,301,486,1410
993,678,484,2155
371,453,158,982
439,778,241,1458
810,585,842,2237
468,164,92,724
655,117,511,1283
119,93,104,316
704,346,571,1621
27,171,721,919
537,487,776,1800
333,983,718,2034
773,621,931,2325
780,52,214,1046
170,161,726,1057
367,949,29,1345
772,302,415,1489
228,149,171,548
10,776,152,938
5,999,22,1026
294,139,997,1430
805,781,611,2197
445,632,654,1731
286,55,81,422
110,346,951,1407
318,981,646,1945
893,223,342,1458
392,616,938,1946
207,58,931,1196
166,277,46,489
464,134,817,1415
848,969,781,2598
373,676,319,1368
514,824,304,1642
897,559,456,1912
179,753,169,1101
775,319,688,1782
188,653,93,934
770,454,181,1405
814,446,431,1691
868,71,975,1914
817,888,351,2056
890,183,372,1445
162,210,686,1058
617,766,203,1586
478,263,631,1372
399,632,898,1929
352,410,241,1003
412,488,764,1664
394,224,95,713
573,723,694,1990
713,199,106,1018
471,634,405,1510
40,890,378,1308
474,814,334,1622
972,650,812,2434
961,165,868,1994
889,295,457,1641
303,748,214,1265
108,616,642,1366
388,814,450,1652
743,347,883,1973
673,64,128,865
771,394,298,1463
315,503,504,1322
91,895,837,1823
906,321,269,1496
130,489,310,929
665,304,531,1500
367,355,292,1014
882,640,484,2006
261,939,112,1312
116,494,119,729
738,641,914,2293
742,48,641,1431
361,71,47,479
806,862,157,1825
317,223,31,571
174,922,644,1740
90,489,377,956
181,158,796,1135
302,207,741,1250
75,88,347,510
287,234,137,658
16,555,416,987
335,20,888,1243
583,245,390,1218
258,617,63,938
956,393,760,2109
18,210,758,986
364,191,99,654
939,838,120,1897
184,405,388,977
746,995,954,2695
485,619,555,1659
723,71,725,1519
208,456,747,1411
232,860,141,1233
372,52,843,1267
645,60,369,1074
261,229,154,644
543,781,825,2149
612,311,390,1313
316,872,948,2136
464,625,908,1997
359,208,248,815
766,922,839,2527
260,492,157,909
517,719,861,2097
199,11,197,407
533,681,680,1894
533,15,442,990
798,963,707,2468
803,704,531,2038
654,763,355,1772
940,936,391,2267
669,562,337,1568
651,213,1,865
862,424,490,1776
3,845,314,1162
341,473,44,858
34,297,340,671
304,230,842,1376
525,145,633,1303
420,402,434,1256
866,41,307,1214
253,70,508,831
318,920,347,1585
594,902,567,2063
206,350,451,1007
15,233,919,1167
479,12,149,640
975,247,250,1472
465,867,972,2304
269,204,349,822
701,424,325,1450
344,215,409,968
498,639,615,1752
946,32,228,1206
866,785,460,2111
374,574,933,1881
373,472,932,1777
346,120,875,1341
871,230,466,1567
511,8,386,905
723,357,756,1836
60,296,220,576
77,865,56,998
63,199,286,548
12,254,439,705
824,643,309,1776
667,337,562,1566
381,518,814,1713
510,101,580,1191
97,603,305,1005
13,152,428,593
56,365,583,1004
323,347,458,1128
546,429,409,1384
764,799,34,1597
444,702,259,1405
663,942,559,2164
331,933,209,1473
637,970,949,2556
986,425,727,2138
158,282,826,1266
183,662,824,1669
264,620,203,1087
280,350,544,1174
949,18,216,1183
511,959,439,1909
612,328,23,963
675,559,806,2040
45,899,30,974
794,909,124,1827
177,676,84,937
415,77,537,1029
384,297,56,737
293,505,397,1195
644,771,999,2414
606,521,190,1317
582,80,587,1249
743,350,593,1686
917,686,158,1761
491,721,283,1495
915,513,19,1447
837,155,401,1393
58,140,211,409
96,290,55,441
373,365,522,1260
637,606,211,1454
178,248,325,751
324,481,120,925
604,318,548,1470
979,393,658,2030
314,971,767,2052
161,627,731,1519
379,687,45,1111
413,634,853,1900
847,777,711,2335
519,676,485,1680
855,618,148,1621
430,781,186,1397
453,596,609,1658
458,348,406,1212
511,732,178,1421
584,186,478,1248
283,49,153,485
634,954,120,1708
670,178,830,1678
977,86,632,1695
877,556,302,1735
542,386,568,1496
434,926,400,1760
91,725,31,847
82,882,843,1807
883,320,42,1245
419,770,701,1890
593,824,744,2161
160,662,522,1344
858,948,242,2048
758,890,245,1893
941,779,201,1921
647,877,717,2241
305,747,62,1114
656,746,862,2264
864,344,343,1551
425,22,776,1223
799,275,820,1894
361,490,194,1045
566,568,908,2042
947,628,371,1946
399,69,218,686
493,886,168,1547
88,14,940,1042
194,293,383,870
115,927,983,2025
759,681,382,1822
478,755,56,1289
861,926,325,2112
549,630,20,1199
870,382,296,1548
163,293,523,979
976,929,69,1974
623,835,337,1795
805,783,536,2124
418,178,143,739
817,961,991,2769
395,851,7,1253
883,823,829,2535
206,790,989,1985
896,39,714,1649
448,464,672,1584
136,291,359,786
229,331,301,861
660,757,206,1623
239,818,480,1537
524,703,946,2173
621,400,135,1156
247,862,465,1574
26,699,875,1600
989,766,804,2559
292,623,922,1837
254,751,393,1398
121,197,885,1203
251,403,80,734
111,636,843,1590
704,533,145,1382
283,40,33,356
686,490,848,2024
942,935,553,2430
153,999,886,2038
796,514,770,2080
938,595,252,1785
591,346,135,1072
165,87,436,688
245,729,94,1068
688,627,676,1991
538,119,404,1061
606,366,937,1909
477,894,384,1755
172,787,719,1678
511,682,622,1815
160,600,303,1063
499,151,575,1225
695,661,867,2223
819,273,91,1183
277,980,893,2150
892,414,804,2110
113,934,235,1282
497,430,833,1760
402,863,625,1890
524,118,768,1410
825,868,370,2063
717,256,753,1726
443,366,474,1283
718,702,568,1988
248,43,194,485
1,268,251,520
788,187,295,1270
658,484,138,1280
850,649,309,1808
871,920,806,2597
751,437,976,2164
869,668,810,2347
530,103,30,663
71,110,866,1047
427,585,503,1515
758,854,216,1828
780,658,757,2195
843,768,27,1638
686,839,204,1729
573,870,365,1808
475,528,294,1297
148,285,566,999
158,783,653,1594
26,746,929,1701
542,656,968,2166
107,835,592,1534
732,709,602,2043
167,572,979,1718
999,606,98,1703
467,670,22,1159
902,652,497,2051
322,982,338,1642
45,161,937,1143
446,905,737,2088
321,40,760,1121
86,866,457,1409
18,306,876,1200
520,21,258,799
462,338,13,813
443,645,715,1803
709,878,459,2046
882,990,278,2150
37,749,138,924
663,11,259,933
563,943,212,1718
597,576,93,1266
964,621,219,1804
629,893,8,1530
10,779,488,1277
845,463,95,1403
557,526,584,1667
734,990,888,2612
460,462,780,1702
501,89,532,1122
38,389,775,1202
410,8,130,548
366,863,214,1443
858,953,316,2127
318,870,544,1732
7,931,123,1061
881,81,473,1435
502,636,817,1955
454,600,863,1917
322,274,820,1416
689,585,527,1801
286,618,88,992
82,513,370,965
828,64,422,1314
275,383,296,954
300,641,735,1676
877,100,914,1891
589,853,526,1968
836,587,572,1995
486,341,891,1718
359,116,866,1341
220,993,516,1729
625,7,98,730
635,739,341,1715
755,18,239,1012
848,46,40,934
320,748,718,1786
301,60,301,662
540,131,455,1126
340,78,269,687
356,804,19,1179
591,153,21,765
542,866,489,1897
70,665,365,1100
552,74,591,1217
300,695,887,1882
278,412,119,809
514,0,42,556
228,855,129,1212
925,891,864,2680
848,434,200,1482
433,105,430,968
897,671,372,1940
402,316,271,989
750,746,443,1939
834,77,251,1162
946,157,961,2064
239,733,465,1437
716,165,57,938
367,91,591,1049
875,737,542,2154
785,61,316,1162
833,127,839,1799
258,854,268,1380
785,914,49,1748
82,408,25,515
694,662,298,1654
340,478,463,1281
980,169,196,1345
590,143,533,1266
748,930,20,1698
946,839,98,1883
200,214,304,718
343,67,520,930
676,944,404,2024
95,197,209,501
320,145,290,755
16,312,614,942
371,589,670,1630
426,489,653,1568
759,28,911,1698
194,728,564,1486
250,122,820,1192
152,238,872,1262
874,573,149,1596
339,229,449,1017
931,325,437,1693
410,911,730,2051
357,1000,975,2332
661,116,741,1518
522,398,461,1381
516,91,804,1411
67,39,958,1064
442,559,650,1651
657,897,411,1965
540,271,571,1382
670,721,180,1571
126,239,564,929
672,825,745,2242
21,874,938,1833
823,507,317,1647
71,530,895,1496
399,238,189,826
180,524,561,1265
574,13,650,1237
828,731,787,2346
701,785,37,1523
977,184,821,1982
158,8,59,225
269,776,591,1636
138,539,357,1034
946,930,532,2408
688,60,256,1004
469,172,800,1441
104,823,161,1088
678,90,487,1255
987,578,891,2456
574,12,734,1320
541,897,567,2005
38,810,234,1082
474,648,876,1998
43,908,667,1618
385,127,305,817
553,862,986,2401
85,539,791,1415
556,826,784,2166
700,140,734,1574
482,83,24,589
739,3,431,1173
313,503,734,1550
407,552,730,1689
265,488,679,1432
527,250,606,1383
956,293,957,2206
180,247,675,1102
875,377,591,1843
506,256,993,1755
302,889,699,1890
347,880,985,2212
835,176,672,1683
851,622,491,1964
531,454,938,1923
452,267,82,801
316,120,508,944
7,326,964,1297
140,196,761,1097
151,580,445,1176
417,985,924,2326
660,707,517,1884
9,477,507,993
521,636,877,2034
277,253,867,1397
713,494,782,1989
793,967,464,2224
406,654,892,1952
448,672,732,1852
719,557,27,1303
941,790,86,1817
521,172,914,1607
539,925,12,1476
624,78,803,1505
138,904,574,1616
580,521,176,1277
554,411,688,1653
271,457,747,1475
951,282,259,1492
69,517,423,1009
584,890,567,2041
246,103,887,1236
599,328,846,1773
209,122,532,863
642,866,521,2029
806,498,92,1396
364,153,410,927
340,375,512,1227
965,221,692,1878
930,143,35,1108
405,274,475,1154
234,264,768,1266
643,670,475,1788
996,404,444,1844
995,727,451,2173
333,122,588,1043
700,214,278,1192
818,998,164,1980
52,709,392,1153
63,133,603,799
198,810,699,1707
61,374,767,1202
605,629,461,1695
791,321,256,1368
904,804,960,2668
857,510,993,2360
494,272,105,871
349,443,477,1269
840,964,949,2753
177,156,38,371
206,350,829,1385
768,931,164,1863
97,690,723,1510
639,575,520,1734
853,776,0,1629
628,697,900,2225
712,415,461,1588
928,820,510,2258
259,779,956,1994
125,620,884,1629
998,195,607,1800
828,699,147,1674
279,743,3,1025
584,828,533,1945
520,134,581,1235
238,279,297,814
568,361,877,1806
193,201,491,885
88,257,311,656
213,490,91,794
860,671,796,2327
356,75,866,1297
279,345,423,1047
206,344,930,1480
327,825,856,2008
611,606,473,1690
575,53,774,1402
477,118,873,1468
948,925,450,2323
571,579,680,1830
491,740,899,2130
492,88,992,1572
825,565,35,1425
194,217,503,914
651,745,764,2160
140,368,92,600
559,680,908,2147
23,408,809,1240
843,592,637,2072
243,819,635,1697
243,465,874,1582
287,547,628,1462
207,547,100,854
360,475,382,1217
242,266,321,829
861,631,175,1667
282,492,191,965
573,596,36,1205
15,885,78,978
573,664,872,2109
893,854,932,2679
361,647,134,1142
305,246,184,735
638,902,40,1580
607,176,852,1635
938,553,298,1789
370,783,198,1351
32,174,816,1022
54,183,813,1050
379,610,179,1168
979,640,16,1635
594,999,254,1847
855,607,719,2181
825,560,71,1456
660,113,63,836
67,30,397,494
952,607,858,2417
962,437,884,2283
349,643,539,1531
899,487,448,1834
76,442,848,1366
63,722,750,1535
108,677,136,921
328,106,41,475
859,427,344,1630
547,462,34,1043
733,237,20,990
489,99,31,619
628,295,865,1788
425,435,508,1368
952,742,849,2543
814,225,71,1110
996,13,490,1499
167,49,221,437
952,444,738,2134
373,442,148,963
257,5,707,969
560,192,592,1344
452,544,702,1698
319,699,952,1970
98,457,428,983
834,702,703,2239
592,202,901,1695
937,475,87,1499
658,599,71,1328
762,382,606,1750
670,297,831,1798
859,196,88,1143
216,882,303,1401
53,271,77,401
532,857,481,1870
342,697,338,1377
486,187,424,1097
967,557,774,2298
655,952,406,2013
868,305,915,2088
583,186,952,1721
907,45,720,1672
780,148,899,1827
440,212,660,1312
121,755,790,1666
227,621,198,1046
993,44,14,1051
964,897,459,2320
563,855,111,1529
997,826,139,1962
831,80,704,1615
694,82,805,1581
583,460,512,1555
868,574,781,2223
252,647,348,1247
580,384,691,1655
757,540,588,1885
253,586,834,1673
360,335,755,1450
858,514,759,2131
591,715,651,1957
63,463,712,1238
3,151,506,660
280,829,941,2050
351,288,517,1156
221,704,807,1732
732,692,445,1869
497,751,244,1492
261,324,244,829
344,202,622,1168
69,521,549,1139
708,325,44,1077
224,596,775,1595
296,976,273,1545
279,267,886,1432
369,569,158,1096
866,603,214,1683
802,79,506,1387
184,63,16,263
826,237,191,1254
926,485,27,1438
494,359,62,915
742,356,622,1720
846,27,388,1261
953,781,856,2590
147,310,818,1275
905,295,690,1890
792,278,656,1726
920,771,645,2336
967,652,585,2204
21,490,10,521
289,731,663,1683
112,500,468,1080
203,336,960,1499
555,441,841,1837
184,967,279,1430
771,282,51,1104
574,665,760,1999
231,591,846,1668
147,928,726,1801
573,758,852,2183
590,660,879,2129
226,459,200,885
95,179,304,578
771,57,153,981
157,110,364,631
754,545,221,1520
445,817,925,2187
384,775,976,2135
224,922,641,1787
275,231,426,932
749,925,243,1917
843,13,929,1785
625,866,49,1540
149,207,335,691
806,994,135,1935
415,835,915,2165
23,451,75,549
180,903,228,1311
211,243,268,722
875,541,766,2182
47,695,79,821
997,747,689,2433
404,219,952,1575
234,220,917,1371
415,288,630,1333
710,38,480,1228
373,222,90,685
326,744,484,1554
646,595,938,2179
95,830,408,1333
124,624,515,1263
388,52,208,648
4,175,379,558
729,685,523,1937
880,410,509,1799
320,281,996,1597
629,238,94,961
490,555,252,1297
914,136,486,1536
742,239,181,1162
683,868,965,2516
198,195,832,1225
663,842,764,2269
6,689,697,1392
268,70,575,913
97,539,281,917
805,397,176,1378
593,151,858,1602
725,743,56,1524
690,6,607,1303
598,14,695,1307
580,986,439,2005
953,302,177,1432
972,408,312,1692
695,676,535,1906
609,175,811,1595
830,201,196,1227
781,39,300,1120
568,227,430,1225
499,12,342,853
830,237,49,1116
984,646,841,2471
770,152,375,1297
327,953,29,1309
890,544,702,2136
90,972,341,1403
407,400,433,1240
192,857,467,1516
168,834,708,1710
135,72,900,1107
776,51,202,1029
876,918,432,2226
115,99,935,1149
874,824,995,2693
101,529,700,1330
104,852,731,1687
516,874,805,2195
304,290,631,1225
124,351,257,732
745,257,797,1799
499,97,744,1340
270,475,77,822
990,124,143,1257
76,610,128,814
522,91,587,1200
604,100,825,1529
787,214,963,1964
664,21,920,1605
653,748,266,1667
233,627,120,980
873,35,823,1731
10,780,489,1279
927,968,631,2526
159,433,196,788
491,966,956,2413
966,809,755,2530
221,137,855,1213
481,745,658,1884
403,605,566,1574
968,745,560,2273
216,73,210,499
916,764,240,1920
982,148,186,1316
616,400,615,1631
640,523,919,2082
279,23,783,1085
504,873,680,2057
948,663,124,1735
128,885,793,1806
212,679,995,1886
650,603,483,1736
832,814,111,1757
145,449,677,1271
604,260,771,1635
806,956,81,1843
605,19,960,1584
223,142,921,1286
244,307,437,988
510,892,771,2173
830,24,709,1563
987,943,827,2757
282,816,336,1434
470,910,773,2153
579,15,780,1374
198,933,721,1852
738,622,825,2185
358,264,554,1176
160,244,22,426
680,807,42,1529
464,144,562,1170
889,250,826,1965
614,16,934,1564
240,770,762,1772
155,585,351,1091
818,722,2,1542
79,478,123,680
894,361,90,1345
257,584,562,1403
56,271,571,898
371,939,632,1942
899,499,976,2374
888,847,142,1877
991,299,616,1906
643,866,804,2313
680,12,444,1136
332,821,503,1656
411,369,267,1047
898,440,325,1663
829,489,759,2077
241,980,331,1552
335,379,484,1198
687,14,580,1281
822,113,264,1199
815,664,169,1648
820,118,647,1585
39,32,95,166
436,894,793,2123
128,707,115,950
556,16,514,1086
814,229,590,1633
949,59,220,1228
759,490,832,2081
168,684,503,1355
429,835,484,1748
306,930,196,1432
702,187,621,1510
431,337,530,1298
594,90,735,1419
435,658,245,1338
385,158,852,1395
345,929,743,2017
749,896,710,2355
249,518,37,804
844,732,709,2285
335,243,50,628
267,804,456,1527
569,964,533,2066
277,779,463,1519
84,55,723,862
780,258,637,1675
931,27,159,1117
505,977,855,2337
415,181,110,706
383,343,880,1606
890,745,498,2133
725,53,42,820
536,287,277,1100
143,612,366,1121
49,485,646,1180
339,899,615,1853
822,745,196,1763
482,783,635,1900
603,367,333,1303
556,393,807,1756
356,32,717,1105
306,322,7,635
555,698,812,2065
188,304,642,1134
597,632,519,1748
949,394,878,2221
67,661,893,1621
691,810,418,1919
598,894,644,2136
738,378,223,1339
234,673,32,939
987,385,632,2004
555,877,390,1822
262,398,763,1423
591,666,92,1349
69,311,402,782
49,589,465,1103
631,460,921,2012
619,838,599,2056
430,821,663,1914
15,213,610,838
634,833,694,2161
699,798,614,2111
333,906,609,1848
663,101,273,1037
916,972,399,2287
180,277,267,724
579,834,694,2107
271,309,51,631
358,830,130,1318
280,447,572,1299
610,281,772,1663
407,502,223,1132
741,680,841,2262
453,104,259,816
898,702,913,2513
649,122,7,778
25,852,876,1753
555,101,361,1017
190,280,791,1261
783,626,370,1779
381,361,950,1692
37,357,116,510
455,212,22,689
245,401,126,772
684,34,850,1568
58,601,799,1458
569,210,648,1427
845,134,18,997
133,897,639,1669
783,381,704,1868
906,774,626,2306
361,828,326,1515
4,107,550,661
6,989,23,1018
313,398,263,974
981,701,767,2449
834,665,598,2097
138,957,911,2006
368,418,144,930
187,571,102,860
163,339,529,1031
978,828,613,2419
300,818,663,1781
865,675,10,1550
491,321,52,864
402,328,910,1640
346,673,582,1601
539,677,998,2214
469,925,778,2172
534,999,88,1621
108,841,280,1229
892,565,540,1997
637,544,861,2042
928,581,866,2375
337,790,391,1518
809,80,384,1273
446,781,709,1936
427,958,239,1624
362,410,310,1082
583,724,176,1483
398,861,725,1984
923,343,450,1716
213,251,83,547
745,721,157,1623
804,99,107,1010
13,306,453,772
402,360,424,1186
416,40,56,512
149,105,629,883
665,447,677,1789
330,353,163,846
0,467,675,1142
558,808,414,1780
161,940,668,1769
51,349,44,444
854,961,737,2552
511,467,891,1869
578,671,656,1905
901,863,385,2149
630,231,907,1768
879,514,947,2340
393,267,461,1121
647,555,956,2158
625,815,808,2248
464,232,843,1539
774,912,774,2460
944,941,266,2151
476,207,611,1294
609,207,961,1777
492,52,115,659
13,632,682,1327
881,310,838,2029
863,618,166,1647
963,275,907,2145
515,885,375,1775
71,536,439,1046
607,445,559,1611
116,490,603,1209
391,122,174,687
363,973,881,2217
711,442,303,1456
499,559,208,1266
846,360,584,1790
840,138,130,1108
55,882,669,1606
464,133,179,776
892,160,128,1180
188,918,661,1767
584,657,102,1343
108,109,402,619
92,913,604,1609
492,376,724,1592
717,751,740,2208
182,663,377,1222
810,332,380,1522
642,285,662,1589
557,313,43,913
737,57,784,1578
631,930,486,2047
438,415,723,1576
389,717,629,1735
185,765,172,1122
667,488,101,1256
695,173,163,1031
839,837,344,2020
986,792,859,2637
327,3,398,728
988,583,157,1728
73,58,487,618
926,572,818,2316
965,574,68,1607
738,717,850,2305
351,120,902,1373
116,622,635,1373
700,846,694,2240
924,645,199,1768
9,473,691,1173
154,62,494,710
190,635,632,1457
997,64,193,1254
851,323,674,1848
540,637,359,1536
424,884,807,2115
252,623,944,1819
970,479,423,1872
431,346,999,1776
242,704,332,1278
149,69,749,967
697,149,156,1002
288,865,394,1547
171,681,599,1451
182,92,116,390
186,16,96,298
130,481,631,1242
64,450,155,669
934,950,150,2034
656,589,938,2183
693,884,498,2075
983,214,104,1301
248,112,672,1032
709,593,85,1387
296,431,495,1222
277,169,870,1316
422,127,584,1133
158,598,332,1088
883,122,8,1013
247,821,937,2005
81,344,688,1113
426,382,413,1221
548,925,218,1691
669,580,737,1986
443,826,175,1444
523,951,290,1764
971,701,353,2025
947,61,450,1458
242,554,930,1726
669,934,132,1735
824,91,251,1166
235,527,625,1387
585,898,262,1745
235,262,184,681
636,790,850,2276
777,689,61,1527
748,741,975,2464
341,170,491,1002
161,263,157,581
143,665,574,1382
865,897,406,2168
282,950,734,1966
968,13,512,1493
523,305,71,899
412,629,844,1885
971,350,475,1796
190,479,844,1513
713,444,337,1494
712,81,910,1703
802,687,703,2192
533,987,431,1951
70,461,59,590
731,108,99,938
934,889,814,2637
42,920,619,1581
928,905,126,1959
248,48,937,1233
264,555,70,889
268,906,529,1703
194,199,330,723
317,878,471,1666
314,995,741,2050
371,652,63,1086
322,406,939,1667
259,232,784,1275
0,483,561,1044
843,34,943,1820
837,665,733,2235
304,653,561,1518
882,630,963,2475
485,787,356,1628
560,703,583,1846
132,976,464,1572
592,811,424,1827
617,842,258,1717
596,710,36,1342
762,967,118,1847
104,214,432,750
846,525,941,2312
110,683,385,1178
258,64,586,908
41,843,169,1053
65,218,269,552
348,97,580,1025
749,237,728,1714
854,100,388,1342
125,653,204,982
38,471,233,742
510,308,219,1037
493,744,351,1588
459,925,14,1398
720,357,641,1718
324,646,917,1887
218,689,915,1822
910,783,645,2338
929,686,881,2496
203,315,254,772
88,857,71,1016
523,672,149,1344
93,899,903,1895
900,25,294,1219
798,481,844,2123
101,205,437,743
681,799,473,1953
22,819,449,1290
777,172,239,1188
8,1000,59,1067
977,179,893,2049
199,983,698,1880
53,248,8,309
553,365,198,1116
151,733,868,1752
407,545,965,1917
460,147,208,815
659,715,715,2089
280,583,128,991
245,635,702,1582
824,841,938,2603
683,341,50,1074
982,192,190,1364
734,937,348,2019
62,224,832,1118
804,282,944,2030
830,22,195,1047
951,751,745,2447
120,752,205,1077
799,934,682,2415
568,601,777,1946
213,225,817,1255
722,919,62,1703
319,623,578,1520
341,426,332,1099
691,80,469,1240
527,492,180,1199
481,618,997,2096
444,631,248,1323
152,937,725,1814
465,694,237,1396
685,806,359,1850
228,328,481,1037
52,549,757,1358
6,673,743,1422
460,531,828,1819
269,3,504,776
388,331,43,762
263,821,104,1188
895,465,533,1893
589,688,728,2005
45,367,175,587
289,999,254,1542
930,434,853,2217
291,838,464,1593
614,340,457,1411
547,743,68,1358
187,714,233,1134
189,560,660,1409
467,152,368,987
947,126,516,1589
344,451,951,1746
31,845,467,1343
860,304,696,1860
864,216,994,2074
771,242,647,1660
10,888,332,1230
961,975,43,1979
334,427,272,1033
807,842,162,1811
648,341,123,1112
513,595,271,1379
704,878,239,1821
244,933,731,1908
109,224,441,774
607,462,609,1678
193,617,109,919
820,104,285,1209
597,275,197,1069
534,904,685,2123
916,906,786,2608
208,586,417,1211
753,57,781,1591
629,849,428,1906
93,967,822,1882
796,624,975,2395
194,121,759,1074
815,403,851,2069
766,763,433,1962
238,363,994,1595
476,281,358,1115
208,614,740,1562
730,897,596,2223
296,192,180,668
954,954,497,2405
675,867,221,1763
53,350,146,549
14,65,432,511
373,455,774,1602
379,251,26,656
139,443,505,1087
509,121,399,1029
328,875,581,1784
570,745,275,1590
241,400,683,1324
93,526,185,804
982,986,413,2381
254,697,60,1011
816,428,156,1400
628,279,716,1623
339,450,364,1153
151,79,170,400
148,663,158,969
903,174,732,1809
983,997,936,2916
169,779,565,1513
610,250,421,1281
328,290,167,785
187,742,674,1603
825,51,282,1158
774,925,717,2416
937,824,363,2124
269,654,954,1877
867,87,110,1064
760,146,734,1640
592,979,629,2200
517,517,321,1355
3,240,801,1044
0,270,950,1220
894,533,223,1650
453,585,721,1759
198,171,435,804
520,980,171,1671
606,317,351,1274
71,528,440,1039
153,616,416,1185
91,308,758,1157
342,528,24,894
406,856,267,1529
739,587,158,1484
141,637,472,1250
203,281,371,855
594,506,745,1845
175,516,431,1122
452,26,753,1231
393,407,24,824
555,221,429,1205
409,424,756,1589
971,894,921,2786
281,343,593,1217
795,436,360,1591
98,61,255,414
500,44,445,989
248,202,801,1251
21,32,146,199
926,955,177,2058
183,356,557,1096
206,818,789,1813
765,762,641,2168
105,581,689,1375
767,349,317,1433
497,49,751,1297
145,770,473,1388
396,135,161,692
60,164,818,1042
176,854,226,1256
788,672,62,1522
13,638,445,1096
820,459,614,1893
816,189,176,1181
242,23,200,465
235,866,757,1858
832,548,648,2028
98,648,559,1305
552,89,391,1032
12,214,791,1017
715,507,95,1317
821,872,108,1801
705,152,934,1791
77,172,331,580
341,529,934,1804
138,467,458,1063
689,808,568,2065
483,997,408,1888
226,298,250,774
416,54,767,1237
815,944,328,2087
46,288,73,407
366,299,871,1536
262,738,410,1410
2,950,743,1695
83,566,193,842
51,928,33,1012
884,838,442,2164
574,557,636,1767
190,471,70,731
689,919,221,1829
384,520,495,1399
864,981,956,2801
353,342,715,1410
957,89,653,1699
249,350,272,871
867,62,697,1626
771,315,419,1505
283,616,764,1663
779,486,692,1957
889,63,51,1003
35,242,423,700
324,107,150,581
950,791,620,2361
8,141,584,733
487,543,918,1948
660,513,982,2155
506,488,563,1557
628,918,383,1929
673,80,614,1367
980,312,722,2014
202,285,243,730
11,492,860,1363
672,863,758,2293
955,176,218,1349
543,513,816,1872
276,436,10,722
155,468,696,1319
125,910,150,1185
466,137,571,1174
482,974,904,2360
253,533,21,807
444,559,740,1743
842,393,179,1414
204,919,742,1865
562,257,801,1620
604,575,698,1877
207,591,810,1608
667,953,811,2431
777,652,270,1699
670,516,729,1915
36,254,719,1009
372,738,576,1686
814,643,162,1619
743,22,614,1379
268,236,265,769
781,963,606,2350
618,18,416,1052
247,835,382,1464
599,459,411,1469
120,686,874,1680
329,145,311,785
208,207,370,785
740,440,76,1256
339,186,444,969
863,709,535,2107
790,328,512,1630
190,453,992,1635
57,373,176,606
710,943,728,2381
869,340,953,2162
181,46,414,641
140,952,731,1823
19,600,572,1191
925,961,246,2132
611,239,97,947
687,770,576,2033
498,851,634,1983
493,420,839,1752
132,813,278,1223
911,75,905,1891
205,827,991,2023
880,4,368,1252
341,509,486,1336
764,250,981,1995
942,787,855,2584
726,207,429,1362
522,144,615,1281
57,897,646,1600
691,766,176,1633
726,370,286,1382
834,439,182,1455
169,977,95,1241
189,573,120,882
699,786,369,1854
654,954,298,1906
508,269,197,974
610,205,493,1308
261,651,366,1278
126,781,164,1071
632,594,53,1279
394,142,752,1288
613,777,24,1414
251,975,387,1613
649,643,150,1442
215,215,993,1423
755,372,439,1566
858,331,335,1524
389,909,488,1786
836,508,819,2163
683,752,159,1594
481,289,9,779
766,935,851,2552
953,538,195,1686
977,65,976,2018
293,213,823,1329
542,910,483,1935
935,734,924,2593
48,143,84,275
808,234,174,1216
329,290,627,1246
160,347,235,742
218,128,293,639
605,625,450,1680
404,571,486,1461
570,411,102,1083
983,841,339,2163
572,766,749,2087
364,381,541,1286
915,399,77,1391
68,35,155,258
163,925,587,1675
747,7,380,1134
14,144,651,809
389,75,969,1433
424,503,591,1518
628,484,590,1702
762,707,72,1541
54,138,566,758
57,697,38,792
963,333,179,1475
94,373,132,599
723,787,592,2102
171,41,328,540
631,921,123,1675
883,369,188,1440
792,548,772,2112
81,458,577,1116
770,827,369,1966
950,475,942,2367
34,191,85,310
960,766,781,2507
195,929,858,1982
731,327,562,1620
322,56,838,1216
870,270,979,2119
698,598,147,1443
847,655,650,2152
391,249,598,1238
240,278,976,1494
207,329,358,894
678,526,237,1441
249,348,431,1028
986,683,293,1962
621,347,385,1353
286,707,105,1098
262,281,751,1294
363,497,188,1048
142,307,518,967
272,962,553,1787
8,39,400,447
200,745,706,1651
148,155,324,627
459,12,485,956
749,448,837,2034
48,572,814,1434
721,870,745,2336
112,343,921,1376
622,191,994,1807
7,236,283,526
432,231,223,886
968,799,136,1903
743,867,777,2387
622,751,709,2082
516,623,36,1175
455,343,968,1766
761,227,241,1229
578,676,64,1318
198,927,475,1600
141,656,41,838
644,223,737,1604
672,887,64,1623
27,382,379,788
669,991,439,2099
808,341,591,1740
607,41,730,1378
903,636,220,1759
578,285,105,968
428,752,497,1677
252,884,328,1464
646,605,952,2203
748,390,595,1733
874,547,742,2163
743,307,871,1921
235,201,623,1059
450,400,958,1808
323,152,653,1128
694,150,793,1637
868,839,573,2280
724,712,13,1449
958,733,520,2211
67,5,474,546
626,842,59,1527
494,449,442,1385
62,243,440,745
849,960,733,2542
383,51,336,770
130,791,204,1125
600,802,707,2109
619,675,130,1424
828,409,40,1277
219,190,883,1292
543,1,249,793
519,991,286,1796
329,237,864,1430
759,385,250,1394
314,339,661,1314
145,390,251,786
140,512,707,1359
960,562,140,1662
662,731,53,1446
451,2,484,937
850,339,261,1450
627,942,106,1675
795,850,440,2085
740,759,692,2191
503,839,911,2253
44,774,745,1563
9,869,33,911
834,943,711,2488
9,518,759,1286
358,298,115,771
370,536,314,1220
568,272,709,1549
178,373,638,1189
497,983,975,2455
709,151,86,946
583,286,840,1709
141,204,270,615
923,529,506,1958
619,753,173,1545
917,223,195,1335
218,740,578,1536
657,919,603,2179
137,381,890,1408
933,513,609,2055
119,318,708,1145
518,1000,434,1952
36,50,510,596
631,422,60,1113
506,975,634,2115
921,396,600,1917
152,604,472,1228
885,280,601,1766
132,874,950,1956
53,242,463,758
241,481,228,950
802,549,753,2104
103,387,781,1271
855,196,579,1630
580,427,421,1428
798,866,482,2146
302,847,268,1417
509,783,404,1696
602,198,99,899
660,423,965,2048
135,318,818,1271
902,582,31,1515
966,365,953,2284
933,959,658,2550
720,703,986,2409
217,674,881,1772
273,207,578,1058
74,823,111,1008
395,589,44,1028
923,132,477,1532
616,21,534,1171
294,267,933,1494
164,760,396,1320
236,638,104,978
631,65,987,1683
693,154,631,1478
730,904,501,2135
513,943,574,2030
38,723,943,1704
15,462,459,936
768,574,738,2080
11,168,632,811
509,963,332,1804
892,393,620,1905
13,637,344,994
545,733,321,1599
396,222,18,636
511,285,44,840
153,444,944,1541
741,294,170,1205
526,354,845,1725
270,260,44,574
736,959,723,2418
807,143,602,1552
955,482,344,1781
420,477,26,923
984,221,28,1233
933,816,325,2074
67,486,429,982
204,269,470,943
799,105,120,1024
862,188,45,1095
825,115,592,1532
469,655,307,1431
953,137,422,1512
423,694,543,1660
747,897,64,1708
893,347,720,1960
252,789,557,1598
649,719,847,2215
141,325,164,630
219,245,62,526
187,866,216,1269
45,640,259,944
624,574,55,1253
539,737,935,2211
921,100,527,1548
405,304,524,1233
419,258,149,826
651,179,535,1365
596,230,251,1077
878,951,176,2005
26,74,96,196
20,975,498,1493
588,529,961,2078
576,269,785,1630
513,374,605,1492
324,840,421,1585
244,917,215,1376
723,922,465,2110
433,888,367,1688
309,612,670,1591
321,737,754,1812
577,120,994,1691
85,154,367,606
203,432,645,1280
93,219,115,427
427,827,677,1931
384,406,451,1241
888,204,248,1340
861,8,855,1724
865,727,443,2035
114,388,474,976
235,24,393,652
14,674,516,1204
597,2,48,647
169,329,971,1469
51,342,1000,1393
765,15,51,831
825,570,914,2309
290,507,770,1567
269,639,1,909
302,265,700,1267
400,683,591,1674
980,3,576,1559
507,175,334,1016
178,513,684,1375
881,315,572,1768
981,350,669,2000
321,585,132,1038
408,263,618,1289
765,118,995,1878
249,405,686,1340
0,701,529,1230
17,187,972,1176
2,235,682,919
556,987,701,2244
216,997,466,1679
549,197,843,1589
945,591,813,2349
38,653,887,1578
674,680,799,2153
773,125,368,1266
633,920,105,1658
929,859,541,2329
870,162,82,1114
235,571,483,1289
940,872,568,2380
520,675,12,1207
184,947,1000,2131
326,325,609,1260
826,513,372,1711
43,39,737,819
513,398,804,1715
479,901,840,2220
484,169,915,1568
783,981,518,2282
710,15,798,1523
781,601,202,1584
140,112,847,1099
636,176,502,1314
101,340,815,1256
654,526,765,1945
276,492,737,1505
123,413,57,593
814,605,62,1481
649,127,314,1090
410,179,730,1319
808,351,736,1895
5,332,57,394
552,401,59,1012
939,363,261,1563
341,991,903,2235
686,721,998,2405
335,511,684,1530
50,797,323,1170
230,920,101,1251
412,455,743,1610
771,114,721,1606
315,400,219,934
491,415,69,975
533,471,485,1489
713,818,913,2444
503,398,148,1049
428,383,851,1662
135,756,418,1309
946,622,326,1894
22,842,608,1472
670,98,549,1317
920,244,908,2072
707,631,582,1920
222,269,76,567
517,303,501,1321
670,605,17,1292
893,832,263,1988
502,690,800,1992
771,697,682,2150
993,813,454,2260
693,721,842,2256
250,529,638,1417
699,656,296,1651
22,721,395,1138
571,193,904,1668
54,469,883,1406
110,599,808,1517
574,725,20,1319
63,740,771,1574
215,37,874,1126
521,11,769,1301
635,817,309,1761
140,599,895,1634
760,338,325,1423
941,275,587,1803
547,948,998,2493
800,939,340,2079
667,469,962,2098
522,127,966,1615
386,250,371,1007
99,513,384,996
678,591,579,1848
53,738,212,1003
185,366,314,865
427,256,707,1390
449,600,168,1217
676,588,816,2080
301,971,737,2009
918,856,593,2367
740,57,782,1579
904,993,126,2023
421,705,43,1169
550,259,316,1125
155,946,655,1756
639,865,711,2215
967,814,139,1920
252,631,202,1085
439,653,787,1879
723,6,242,971
620,552,399,1571
621,457,284,1362
630,395,974,1999
220,361,30,611
379,849,997,2225
376,674,900,1950
999,302,213,1514
710,814,999,2523
463,422,664,1549
8,68,573,649
966,712,364,2042
320,189,553,1062
65,105,384,554
305,119,47,471
262,819,485,1566
507,45,726,1278
770,342,690,1802
973,821,919,2713
768,104,550,1422
185,618,198,1001
274,246,765,1285
199,218,808,1225
288,125,396,809
387,135,69,591
421,518,265,1204
125,56,120,301
28,342,221,591
371,556,100,1027
14,551,288,853
956,924,86,1966
975,732,889,2596
630,155,329,1114
322,624,267,1213
14,752,573,1339
47,411,402,860
942,914,300,2156
665,520,495,1680
808,440,67,1315
351,817,81,1249
800,116,261,1177
40,241,371,652
967,597,385,1949
493,606,690,1789
341,679,471,1491
924,620,967,2511
202,879,838,1919
961,164,866,1991
713,95,73,881
969,550,360,1879
311,886,266,1463
258,819,135,1212
842,835,756,2433
920,67,114,1101
636,531,316,1483
469,869,84,1422
116,222,914,1252
529,208,355,1092
6,742,752,1500
396,290,412,1098
9,739,412,1160
671,884,920,2475
192,883,636,1711
165,831,618,1614
323,144,656,1123
702,69,862,1633
857,43,865,1765
102,516,789,1407
345,48,484,877
365,41,380,786
92,300,706,1098
847,929,617,2393
931,477,536,1944
218,577,908,1703
230,611,511,1352
603,361,977,1941
816,195,76,1087
526,914,333,1773
331,60,603,994
242,490,410,1142
71,747,759,1577
490,521,451,1462
504,780,659,1943
656,949,321,1926
581,47,102,730
682,799,512,1993
279,551,66,896
344,207,827,1378
611,607,411,1629
491,858,995,2344
458,313,625,1396
439,261,609,1309
148,32,694,874
472,996,445,1913
45,107,62,214
462,622,309,1393
802,232,320,1354
227,852,172,1251
385,474,102,961
132,769,312,1213
215,598,105,918
893,939,658,2490
646,580,555,1781
463,176,130,769
334,43,929,1306
322,21,382,725
367,932,359,1658
534,977,971,2482
993,140,774,1907
420,216,751,1387
594,593,500,1687
397,70,866,1333
660,209,595,1464
405,812,938,2155
803,768,941,2512
45,212,53,310
640,592,585,1817
220,228,591,1039
740,148,207,1095
565,987,777,2329
505,119,49,673
188,794,944,1926
694,294,36,1024
487,984,270,1741
469,925,536,1930
727,886,365,1978
37,34,949,1020
485,521,662,1668
297,127,890,1314
719,497,164,1380
0,50,638,688
486,271,119,876
145,271,29,445
998,51,775,1824
792,418,725,1935
549,374,402,1325
44,272,132,448
826,515,982,2323
340,872,306,1518
89,682,652,1423
912,658,379,1949
931,162,156,1249
918,422,64,1404
27,74,834,935
337,312,533,1182
654,459,449,1562
310,918,780,2008
326,186,912,1424
741,875,10,1626
249,677,271,1197
651,50,663,1364
685,331,661,1677
865,782,309,1956
293,685,443,1421
966,925,813,2704
352,152,511,1015
646,733,245,1624
327,454,967,1748
434,634,722,1790
152,67,411,630
739,126,655,1520
364,648,802,1814
727,413,49,1189
440,170,692,1302
712,528,432,1672
97,9,853,959
428,949,579,1956
316,524,70,910
349,608,566,1523
951,672,388,2011
926,474,153,1553
647,374,791,1812
564,435,281,1280
852,887,12,1751
636,896,100,1632
306,209,329,844
138,210,103,451
197,779,167,1143
404,133,180,717
547,510,985,2042
395,169,214,778
374,917,254,1545
395,407,242,1044
355,828,384,1567
128,371,412,911
597,954,226,1777
342,74,629,1045
181,540,250,971
227,154,564,945
481,816,237,1534
810,233,852,1895
934,75,450,1459
468,320,550,1338
316,320,835,1471
169,608,834,1611
103,823,245,1171
152,890,409,1451
310,50,195,555
370,717,46,1133
685,545,462,1692
241,749,461,1451
713,924,380,2017
143,317,891,1351
949,503,988,2440
125,513,608,1246
480,322,354,1156
522,508,790,1820
215,535,105,855
912,891,485,2288
193,1000,265,1458
978,197,391,1566
943,378,755,2076
552,22,270,844
607,980,233,1820
602,350,320,1272
332,766,935,2033
6,351,744,1101
693,111,737,1541
927,921,873,2721
856,954,343,2153
904,197,949,2050
159,558,3,720
247,119,704,1070
865,593,163,1621
734,803,853,2390
377,430,779,1586
534,7,304,845
958,52,525,1535
580,747,878,2205
511,874,310,1695
36,555,739,1330
94,984,772,1850
742,383,523,1648
20,350,623,993
453,608,462,1523
431,609,740,1780
537,812,101,1450
305,832,749,1886
965,933,741,2639
510,634,499,1643
400,349,966,1715
649,884,314,1847
337,203,251,791
46,753,887,1686
293,376,860,1529
365,994,604,1963
853,593,473,1919
17,351,292,660
127,416,884,1427
327,299,729,1355
111,426,582,1119
424,865,307,1596
859,636,137,1632
501,56,969,1526
352,209,373,934
740,227,650,1617
788,15,74,877
506,914,310,1730
423,508,79,1010
21,794,364,1179
575,509,983,2067
432,759,62,1253
15,137,960,1112
818,597,235,1650
465,720,420,1605
540,774,981,2295
293,413,475,1181
169,710,243,1122
869,48,225,1142
291,422,291,1004
646,978,1,1625
895,883,739,2517
18,606,371,995
958,98,448,1504
979,648,760,2387
779,657,887,2323
577,574,840,1991
326,610,445,1381
892,402,538,1832
4,874,977,1855
120,721,835,1676
551,671,387,1609
423,918,728,2069
235,675,406,1316
523,421,301,1245
239,107,316,662
603,194,464,1261
802,739,185,1726
618,533,693,1844
383,133,942,1458
681,7,704,1392
374,48,784,1206
173,584,34,791
683,963,150,1796
285,663,995,1943
872,712,59,1643
934,436,418,1788
82,846,699,1627
501,518,400,1419
492,538,650,1680
783,193,325,1301
251,266,824,1341
839,256,953,2048
143,446,737,1326
683,872,595,2150
188,985,618,1791
516,456,983,1955
671,229,848,1748
182,805,894,1881
121,352,205,678
240,498,571,1309
535,928,858,2321
968,432,292,1692
316,689,997,2002
138,534,863,1535
702,174,524,1400
121,132,679,932
237,919,912,2068
402,393,251,1046
620,55,269,944
593,322,240,1155
397,557,503,1457
678,847,690,2215
875,742,988,2605
99,977,927,2003
738,985,546,2269
103,665,452,1220
395,620,429,1444
153,559,621,1333
543,110,599,1252
198,475,4,677
639,978,589,2206
249,732,831,1812
289,456,919,1664
824,410,205,1439
360,623,745,1728
699,317,637,1653
280,960,856,2096
15,452,218,685
657,465,414,1536
189,997,549,1735
405,485,443,1333
549,654,533,1736
755,357,698,1810
298,71,658,1027
103,490,653,1246
352,540,693,1585
229,494,483,1206
442,114,204,760
356,906,848,2110
821,428,242,1491
95,710,72,877
1000,748,491,2239
423,222,703,1348
936,458,462,1856
844,323,998,2165
444,175,309,928
439,786,191,1416
591,260,306,1157
887,591,363,1841
444,648,769,1861
690,884,264,1838
540,96,193,829
787,114,619,1520
159,853,484,1496
433,116,889,1438
300,805,837,1942
467,182,611,1260
648,451,230,1329
71,260,995,1326
884,501,973,2358
927,543,874,2344
236,398,273,907
52,729,994,1775
950,645,936,2531
701,742,895,2338
257,236,985,1478
586,798,764,2148
597,499,979,2075
251,338,626,1215
925,867,828,2620
888,856,663,2407
818,844,392,2054
226,277,135,638
11,465,539,1015
332,538,106,976
445,890,59,1394
822,472,945,2239
298,537,209,1044
430,559,558,1547
448,794,841,2083
479,288,276,1043
845,510,461,1816
305,593,469,1367
979,334,120,1433
372,282,443,1097
717,179,709,1605
369,814,160,1343
946,239,72,1257
259,938,246,1443
355,269,46,670
633,16,925,1574
522,201,591,1314
926,492,587,2005
378,158,859,1395
948,439,892,2279
935,584,276,1795
5,785,849,1639
536,552,904,1992
410,261,483,1154
596,192,588,1376
365,612,310,1287
191,704,247,1142
236,886,504,1626
638,939,421,1998
42,320,958,1320
360,622,724,1706
993,311,958,2262
603,218,583,1404
450,631,635,1716
827,400,961,2188
986,296,453,1735
351,405,390,1146
162,401,780,1343
171,681,616,1468
842,59,677,1578
859,241,122,1222
912,170,65,1147
927,125,486,1538
479,60,499,1038
221,288,674,1183
817,641,256,1714
237,47,508,792
698,653,436,1787
276,462,310,1048
135,913,454,1502
714,579,463,1756
694,636,735,2065
951,451,520,1922
304,54,529,887
313,700,975,1988
710,74,830,1614
222,200,523,945
719,227,987,1933
741,392,255,1388
806,614,460,1880
620,220,228,1068
843,201,934,1978
289,323,861,1473
715,283,367,1365
761,586,613,1960
823,993,757,2573
97,40,818,955
526,81,145,752
842,223,751,1816
381,762,863,2006
949,314,982,2245
835,564,209,1608
577,694,757,2028
768,402,167,1337
498,629,346,1473
370,216,210,796
986,310,106,1402
448,409,246,1103
96,906,577,1579
507,322,407,1236
277,306,706,1289
132,669,575,1376
874,326,864,2064
640,944,214,1798
712,157,402,1271
75,656,587,1318
612,454,205,1271
652,457,443,1552
223,103,842,1168
631,7,997,1635
899,588,659,2146
612,61,109,782
843,113,918,1874
963,611,757,2331
261,825,855,1941
730,898,437,2065
825,535,455,1815
13,224,973,1210
290,479,627,1396
936,548,693,2177
767,624,279,1670
461,273,681,1415
602,584,96,1282
779,949,826,2554
126,592,205,923
198,144,121,463
467,176,822,1465
320,45,513,878
80,313,294,687
244,559,353,1156
318,851,531,1700
220,398,171,789
671,213,463,1347
575,644,17,1236
252,572,914,1738
12,62,961,1035
672,389,51,1112
644,471,555,1670
438,151,75,664
139,61,521,721
774,127,47,948
883,755,953,2591
111,816,28,955
206,235,120,561
671,545,48,1264
134,141,293,568
119,999,222,1340
619,663,106,1388
224,843,746,1813
827,108,321,1256
942,664,13,1619
753,726,172,1651
856,188,100,1144
372,58,894,1324
180,189,512,881
998,930,584,2512
87,545,566,1198
373,297,280,950
972,782,498,2252
583,615,577,1775
92,358,334,784
143,651,797,1591
308,583,999,1890
625,37,494,1156
729,63,565,1357
230,129,344,703
330,762,685,1777
737,513,467,1717
202,572,133,907
255,256,122,633
271,432,416,1119
432,941,281,1654
543,691,26,1260
541,685,745,1971
987,920,769,2676
683,496,54,1233
408,997,302,1707
593,665,115,1373
297,462,964,1723
169,300,331,800
24,694,905,1623
39,705,407,1151
847,366,556,1769
596,857,133,1586
519,189,361,1069
753,925,147,1825
570,318,693,1581
180,219,461,860
569,914,503,1986
577,336,23,936
350,696,414,1460
592,505,379,1476
398,745,774,1917
259,958,969,2186
51,797,113,961
844,280,652,1776
569,706,153,1428
697,694,581,1972
898,65,846,1809
849,893,714,2456
178,153,414,745
515,667,363,1545
771,274,247,1292
644,455,972,2071
907,628,390,1925
721,613,354,1688
984,838,579,2401
296,100,540,936
965,322,385,1672
292,211,124,627
136,245,427,808
680,3,95,778
372,516,559,1447
856,107,772,1735
982,519,863,2364
991,396,5,1392
29,285,992,1306
1000,304,438,1742
753,497,141,1391
823,770,511,2104
409,29,384,822
252,186,883,1321
93,44,440,577
601,42,86,729
843,990,484,2317
481,297,844,1622
722,786,915,2423
673,598,98,1369
59,408,869,1336
476,294,164,934
430,333,425,1188
586,793,262,1641
190,42,667,899
129,286,319,734
732,527,815,2074
444,177,810,1431
545,549,728,1822
197,811,263,1271
609,894,516,2019
129,885,288,1302
602,722,59,1383
715,156,778,1649
815,985,892,2692
258,32,169,459
47,384,879,1310
338,145,583,1066
197,24,38,259
621,168,804,1593
585,219,1,805
770,327,452,1549
294,449,305,1048
464,74,227,765
770,183,276,1229
634,504,608,1746
548,970,288,1806
546,560,270,1376
913,32,960,1905
881,929,664,2474
916,711,321,1948
595,210,932,1737
341,364,611,1316
692,922,666,2280
734,192,824,1750
857,776,663,2296
143,483,191,817
402,477,538,1417
674,50,886,1610
756,661,690,2107
481,29,988,1498
410,687,713,1810
482,279,148,909
5,135,569,709
912,451,155,1518
722,587,395,1704
929,309,928,2166
730,207,992,1929
13,944,107,1064
910,947,539,2396
304,757,472,1533
160,339,712,1211
909,262,348,1519
790,279,411,1480
510,40,411,961
509,977,535,2021
968,432,668,2068
704,733,743,2180
702,522,496,1720
592,697,486,1775
599,966,778,2343
463,135,388,986
165,195,246,606
2,947,391,1340
360,909,36,1305
811,391,284,1486
131,128,340,599
604,153,28,785
613,533,428,1574
685,437,535,1657
860,393,836,2089
983,211,680,1874
47,606,496,1149
456,27,702,1185
134,858,741,1733
284,995,694,1973
846,711,32,1589
135,520,79,734
332,721,543,1596
755,456,865,2076
556,183,739,1478
359,444,268,1071
618,328,903,1849
734,767,487,1988
584,801,920,2305
642,664,592,1898
214,35,822,1071
483,734,668,1885
192,220,432,844
454,955,777,2186
777,396,407,1580
824,986,46,1856
492,591,290,1373
338,354,848,1540
131,433,936,1500
905,920,654,2479
973,792,869,2634
372,868,455,1695
338,382,885,1605
368,830,80,1278
321,105,258,684
329,762,138,1229
287,980,46,1313
112,954,362,1428
595,788,658,2041
834,759,658,2251
709,44,515,1268
774,159,316,1249
288,31,537,856
415,975,669,2059
668,237,717,1622
839,425,388,1652
294,659,821,1774
238,465,877,1580
787,427,190,1404
404,153,777,1334
407,253,441,1101
663,848,377,1888
823,108,781,1712
935,815,276,2026
914,540,136,1590
627,770,59,1456
931,562,283,1776
80,869,740,1689
752,551,401,1704
844,859,681,2384
505,340,683,1528
398,580,678,1656
698,346,334,1378
470,235,157,862
187,339,435,961
492,104,161,757
966,251,677,1894
803,176,592,1571
10,369,358,737
645,669,470,1784
927,285,936,2148
262,436,318,1016
303,809,391,1503
843,679,23,1545
186,300,303,789
668,34,246,948
685,674,513,1872
902,139,96,1137
2,881,585,1468
117,587,415,1119
665,744,807,2216
447,665,305,1417
268,589,57,914
149,596,722,1467
122,253,443,818
548,432,756,1736
615,464,735,1814
163,73,676,912
234,123,706,1063
120,200,810,1130
949,35,183,1167
791,569,786,2146
60,322,839,1221
685,413,756,1854
489,122,963,1574
301,749,924,1974
674,687,522,1883
949,590,599,2138
738,764,146,1648
358,303,98,759
86,30,215,331
745,811,602,2158
605,721,792,2118
912,662,514,2088
203,248,300,751
310,279,308,897
925,291,21,1237
891,618,247,1756
406,569,464,1439
96,271,284,651
526,545,520,1591
292,342,195,829
561,934,116,1611
488,830,209,1527
314,123,107,544
780,468,96,1344
690,761,797,2248
404,495,911,1810
60,843,142,1045
930,616,629,2175
169,66,924,1159
32,196,474,702
10,179,344,533
341,432,925,1698
139,494,659,1292
11,988,787,1786
740,768,53,1561
757,785,710,2252
942,307,735,1984
943,497,260,1700
499,444,49,992
820,929,345,2094
513,706,114,1333
467,556,733,1756
98,15,289,402
243,906,130,1279
116,1,482,599
361,632,480,1473
735,990,688,2413
864,520,623,2007
299,591,68,958
287,514,618,1419
98,845,275,1218
677,780,649,2106
259,286,973,1518
666,76,704,1446
611,871,664,2146
548,646,175,1369
172,660,377,1209
673,95,62,830
406,783,958,2147
761,868,521,2150
107,92,817,1016
691,381,555,1627
267,453,709,1429
25,182,942,1149
53,522,167,742
348,842,552,1742
982,578,904,2464
509,713,143,1365
234,266,588,1088
322,146,619,1087
304,867,667,1838
413,428,626,1467
418,430,861,1709
617,599,790,2006
657,144,528,1329
689,752,679,2120
433,615,623,1671
805,888,927,2620
147,497,592,1236
698,644,639,1981
646,121,686,1453
786,676,590,2052
463,13,274,750
323,447,815,1585
171,481,912,1564
549,205,822,1576
590,513,663,1766
514,666,862,2042
800,457,436,1693
181,421,38,640
513,539,371,1423
657,236,975,1868
945,409,601,1955
269,529,826,1624
499,591,462,1552
360,472,817,1649
321,42,119,482
683,185,853,1721
34,197,38,269
842,464,8,1314
821,361,526,1708
383,542,777,1702
303,982,964,2249
696,579,885,2160
475,71,698,1244
396,545,214,1155
997,774,218,1989
788,572,53,1413
434,92,980,1506
173,680,464,1317
160,81,519,760
547,590,61,1198
223,995,960,2178
706,723,275,1704
212,884,225,1321
498,919,685,2102
278,831,950,2059
873,248,859,1980
826,686,698,2210
950,669,600,2219
58,718,581,1357
111,906,556,1573
65,111,988,1164
996,157,567,1720
153,94,56,303
163,609,792,1564
584,90,889,1563
983,455,971,2409
536,937,726,2199
966,327,327,1620
6,961,432,1399
252,614,82,948
103,892,347,1342
701,274,307,1282
120,500,436,1056
532,359,942,1833
780,799,365,1944
718,649,268,1635
432,790,648,1870
220,416,806,1442
268,123,251,642
372,303,737,1412
363,461,636,1460
69,55,257,381
614,816,776,2206
640,683,9,1332
591,28,819,1438
93,697,616,1406
339,685,895,1919
222,547,917,1686
945,716,534,2195
863,597,755,2215
164,719,478,1361
300,837,937,2074
430,757,545,1732
433,75,971,1479
757,644,652,2053
365,883,824,2072
91,104,633,828
892,16,735,1643
877,471,335,1683
658,390,417,1465
647,564,445,1656
306,555,988,1849
634,342,699,1675
585,271,591,1447
338,193,31,562
616,641,212,1469
669,736,545,1950
195,720,694,1609
466,283,725,1474
646,993,38,1677
501,883,358,1742
466,526,190,1182
883,798,135,1816
650,191,540,1381
9,910,859,1778
1,843,445,1289
281,493,451,1225
612,973,688,2273
701,249,854,1804
849,66,805,1720
703,421,38,1162
923,492,334,1749
794,985,245,2024
213,485,479,1177
387,793,627,1807
164,598,506,1268
73,236,759,1068
456,24,412,892
568,531,236,1335
351,684,408,1443
958,257,397,1612
492,875,127,1494
818,780,827,2425
417,394,206,1017
243,941,174,1358
846,850,593,2289
552,798,721,2071
123,214,206,543
667,619,972,2258
364,314,40,718
651,826,973,2450
892,47,713,1652
303,742,843,1888
785,917,309,2011
908,925,617,2450
830,90,428,1348
668,302,591,1561
91,646,349,1086
550,739,959,2248
349,545,612,1506
156,211,954,1321
479,146,498,1123
104,407,762,1273
658,396,543,1597
982,62,837,1881
688,625,284,1597
457,443,187,1087
585,57,592,1234
560,265,538,1363
292,711,556,1559
615,523,86,1224
141,395,97,633
492,549,338,1379
363,506,523,1392
264,185,606,1055
492,909,563,1964
794,411,832,2037
198,445,262,905
143,742,260,1145
271,398,17,686
404,746,444,1594
395,564,907,1866
628,954,783,2365
837,298,166,1301
502,991,360,1853
911,35,430,1376
808,664,188,1660
268,470,390,1128
800,686,182,1668
185,627,437,1249
965,348,509,1822
111,625,576,1312
314,764,660,1738
679,826,907,2412
517,940,51,1508
982,54,298,1334
805,900,516,2221
935,641,568,2144
254,82,746,1082
954,595,432,1981
173,92,588,853
909,488,845,2242
286,444,10,740
134,196,311,641
401,590,305,1296
612,852,922,2386
920,191,18,1129
320,807,122,1249
645,267,909,1821
670,250,203,1123
263,796,461,1520
4,743,75,822
526,740,690,1956
450,776,827,2053
795,646,634,2075
664,186,200,1050
299,762,426,1487
906,370,133,1409
569,798,406,1773
517,491,295,1303
827,589,866,2282
791,395,79,1265
15,437,249,701
364,641,277,1282
672,624,295,1591
668,663,281,1612
65,478,311,854
652,825,516,1993
438,973,352,1763
53,392,766,1211
134,114,762,1010
315,113,483,911
294,283,625,1202
781,88,254,1123
897,583,835,2315
995,270,138,1403
215,858,643,1716
453,437,793,1683
880,253,796,1929
200,305,349,854
87,408,671,1166
772,654,189,1615
586,903,982,2471
194,478,256,928
923,973,113,2009
202,914,587,1703
915,927,693,2535
483,496,957,1936
737,68,696,1501
704,447,474,1625
941,140,529,1610
208,331,618,1157
589,193,382,1164
852,144,510,1506
584,927,793,2304
880,380,140,1400
597,801,725,2123
598,49,328,975
562,383,604,1549
971,994,444,2409
202,689,469,1360
137,27,80,244
529,442,118,1089
110,55,354,519
164,966,619,1749
102,102,950,1154
433,618,745,1796
685,499,934,2118
408,627,921,1956
894,82,40,1016
81,325,610,1016
741,151,872,1764
863,416,686,1965
862,323,425,1610
376,973,585,1934
420,645,379,1444
794,1,250,1045
246,679,446,1371
460,227,795,1482
168,905,426,1499
763,98,337,1198
250,599,520,1369
326,721,649,1696
201,367,878,1446
49,441,917,1407
224,54,742,1020
394,771,675,1840
829,499,343,1671
760,338,858,1956
5,68,499,572
117,626,397,1140
9,590,22,621
561,217,841,1619
943,804,969,2716
41,599,928,1568
354,727,149,1230
749,918,794,2461
463,734,835,2032
220,450,664,1334
660,647,230,1537
272,878,259,1409
413,995,503,1911
282,574,638,1494
759,855,18,1632
612,39,849,1500
310,1000,282,1592
389,946,44,1379
152,511,525,1188
134,421,878,1433
488,978,326,1792
857,311,556,1724
241,654,822,1717
95,369,599,1063
323,113,94,530
989,601,761,2351
41,612,412,1065
752,345,399,1496
787,510,991,2288
461,863,313,1637
923,23,293,1239
639,808,164,1611
481,530,504,1515
184,772,528,1484
133,245,386,764
303,874,399,1576
843,679,34,1556
251,525,200,976
201,799,301,1301
592,257,556,1405
449,330,42,821
196,326,508,1030
316,113,118,547
457,246,348,1051
336,421,790,1547
188,991,882,2061
651,909,11,1571
288,654,63,1005
804,923,191,1918
902,620,179,1701
823,848,793,2464
366,534,976,1876
772,358,949,2079
71,244,576,891
966,229,954,2149
440,719,86,1245
880,586,68,1534
604,63,404,1071
42,189,957,1188
871,791,866,2528
4,654,403,1061
786,588,156,1530
318,336,406,1060
996,964,795,2755
264,952,13,1229
415,682,610,1707
197,296,794,1287
686,875,974,2535
57,225,99,381
101,85,473,659
83,207,257,547
379,63,584,1026
156,501,865,1522
304,418,744,1466
528,721,293,1542
693,115,567,1375
436,76,16,528
189,183,364,736
122,649,206,977
440,496,23,959
277,516,66,859
884,4,269,1157
322,800,799,1921
837,195,446,1478
266,199,910,1375
698,795,652,2145
438,205,168,811
913,469,484,1866
599,969,662,2230
815,866,666,2347
309,450,651,1410
968,453,418,1839
965,961,447,2373
400,510,900,1810
329,863,719,1911
844,128,994,1966
281,328,858,1467
406,97,871,1374
233,463,688,1384
257,169,6,432
578,808,998,2384
851,183,340,1374
92,147,59,298
827,192,460,1479
476,577,613,1666
84,729,38,851
752,829,172,1753
732,606,59,1397
904,962,912,2778
68,516,465,1049
731,896,224,1851
887,237,600,1724
958,565,571,2094
419,343,95,857
260,2,1,263
152,910,316,1378
377,365,218,960
891,499,78,1468
545,772,545,1862
537,655,355,1547
663,910,569,2142
234,440,886,1560
108,587,595,1290
798,161,509,1468
492,375,708,1575
186,586,885,1657
260,194,498,952
657,288,686,1631
372,983,562,1917
697,323,355,1375
136,514,178,828
827,283,248,1358
12,228,541,781
698,359,962,2019
658,333,311,1302
374,498,571,1443
851,984,635,2470
895,583,130,1608
390,654,777,1821
534,819,41,1394
358,486,525,1369
223,284,770,1277
610,242,774,1626
815,936,969,2720
308,367,15,690
470,644,199,1313
640,804,466,1910
611,393,775,1779
685,49,835,1569
931,425,661,2017
333,752,918,2003
315,418,413,1146
195,850,54,1099
564,39,403,1006
37,875,888,1800
341,950,760,2051
560,317,233,1110
920,290,490,1700
123,184,969,1276
934,979,713,2626
284,50,63,397
55,603,940,1598
57,198,79,334
810,526,715,2051
468,721,580,1769
362,634,594,1590
542,260,376,1178
972,599,221,1792
73,134,433,640
995,667,132,1794
865,626,617,2108
289,880,193,1362
71,81,470,622
371,564,113,1048
383,757,573,1713
60,7,160,227
309,144,818,1271
635,326,561,1522
594,180,819,1593
908,231,76,1215
161,140,11,312
681,102,25,808
27,508,850,1385
42,67,596,705
135,827,235,1197
543,996,954,2493
626,370,45,1041
359,964,135,1458
397,743,782,1922
425,104,433,962
315,124,234,673
816,298,287,1401
52,564,133,749
667,809,989,2465
544,666,357,1567
534,906,474,1914
998,95,28,1121
673,287,101,1061
432,153,161,746
188,932,42,1162
637,909,382,1928
711,826,329,1866
545,308,472,1325
616,13,730,1359
79,758,629,1466
289,1000,822,2111
3,221,181,405
231,873,100,1204
653,38,643,1334
590,317,452,1359
747,545,370,1662
148,957,844,1949
195,698,300,1193
397,996,377,1770
927,689,332,1948
610,923,452,1985
583,17,603,1203
974,478,82,1534
109,544,717,1370
521,311,301,1133
9,50,144,203
671,38,847,1556
43,452,467,962
618,956,33,1607
45,307,269,621
165,847,984,1996
582,600,799,1981
211,616,429,1256
744,27,684,1455
854,719,391,1964
267,889,993,2149
705,284,647,1636
143,144,892,1179
885,608,276,1769
737,38,388,1163
205,441,538,1184
187,825,923,1935
907,93,534,1534
830,23,878,1731
978,827,138,1943
760,849,293,1902
585,437,36,1058
221,982,991,2194
560,344,136,1040
455,441,902,1798
389,56,704,1149
10,64,6,80
969,14,218,1201
158,968,796,1922
639,110,549,1298
1000,470,882,2352
814,9,202,1025
754,671,375,1800
252,99,665,1016
376,402,701,1479
470,282,106,858
888,328,227,1443
255,653,606,1514
664,876,711,2251
854,579,216,1649
217,105,649,971
821,153,457,1431
987,172,536,1695
67,664,154,885
945,785,2,1732
598,806,356,1760
267,380,456,1103
640,199,330,1169
468,487,618,1573
248,179,33,460
174,355,851,1380
568,733,261,1562
684,525,492,1701
790,74,187,1051
652,273,769,1694
907,30,598,1535
576,16,946,1538
762,439,530,1731
796,223,957,1976
696,738,16,1450
1,644,679,1324
204,662,938,1804
602,882,640,2124
767,347,990,2104
566,962,788,2316
574,40,750,1364
546,481,376,1403
19,484,81,584
368,0,847,1215
272,240,518,1030
991,209,829,2029
670,654,594,1918
376,808,953,2137
105,296,954,1355
208,52,495,755
892,455,441,1788
17,611,305,933
808,84,277,1169
643,234,49,926
498,950,811,2259
46,580,119,745
735,953,894,2582
913,778,235,1926
506,791,772,2069
201,616,23,840
577,579,282,1438
11,478,112,601
646,794,520,1960
90,83,919,1092
126,501,476,1103
167,849,97,1113
619,385,997,2001
447,598,625,1670
316,816,5,1137
479,572,424,1475
216,192,683,1091
451,792,705,1948
269,591,789,1649
82,326,414,822
162,356,885,1403
247,483,415,1145
599,333,516,1448
975,767,317,2059
633,892,880,2405
381,632,905,1918
76,292,845,1213
950,671,851,2472
780,92,903,1775
768,978,33,1779
172,603,146,921
41,925,783,1749
897,341,691,1929
959,512,692,2163
393,414,655,1462
654,409,516,1579
793,141,218,1152
377,911,593,1881
847,934,464,2245
567,404,780,1751
323,206,204,733
54,472,867,1393
967,713,23,1703
837,955,88,1880
567,319,987,1873
531,681,160,1372
418,508,585,1511
169,547,721,1437
699,216,45,960
843,951,759,2553
21,707,226,954
126,664,403,1193
921,178,163,1262
771,266,238,1275
275,541,571,1387
300,367,968,1635
11,136,302,449
386,914,199,1499
773,28,1000,1801
803,349,47,1199
497,237,736,1470
6,543,150,699
236,795,512,1543
190,53,28,271
507,981,715,2203
354,496,827,1677
462,975,136,1573
555,539,244,1338
711,726,984,2421
979,140,680,1799
502,921,241,1664
592,318,558,1468
580,617,232,1429
615,174,458,1247
229,54,7,290
262,971,806,2039
133,543,782,1458
119,823,857,1799
801,829,717,2347
158,320,849,1327
59,715,789,1563
238,841,379,1458
765,508,607,1880
989,850,185,2024
851,512,720,2083
981,123,489,1593
410,846,128,1384
654,375,358,1387
959,735,821,2515
627,17,368,1012
385,841,305,1531
586,365,660,1611
301,815,463,1579
483,845,208,1536
625,366,39,1030
805,27,461,1293
559,389,732,1680
473,519,375,1367
469,320,935,1724
607,81,480,1168
496,886,90,1472
97,717,172,986
257,261,106,624
723,331,140,1194
641,267,481,1389
375,524,612,1511
270,710,860,1840
378,311,531,1220
676,83,287,1046
554,74,971,1599
561,944,725,2230
31,493,573,1097
543,318,77,938
297,222,383,902
850,998,310,2158
994,200,173,1367
702,5,658,1365
370,133,487,990
222,685,854,1761
423,6,498,927
695,161,622,1478
741,786,711,2238
379,125,608,1112
170,752,519,1441
440,137,270,847
865,129,456,1450
238,843,553,1634
565,935,92,1592
210,212,718,1140
258,503,930,1691
172,159,463,794
541,774,212,1527
153,369,635,1157
568,163,339,1070
483,415,438,1336
878,370,932,2180
31,817,418,1266
513,524,98,1135
281,439,438,1158
418,603,447,1468
178,556,217,951
652,538,176,1366
140,774,51,965
824,574,669,2067
32,918,242,1192
875,345,775,1995
653,39,671,1363
204,69,530,803
858,51,810,1719
641,639,245,1525
630,803,10,1443
348,359,563,1270
942,831,473,2246
496,457,593,1546
188,837,131,1156
245,244,450,939
562,636,10,1208
609,644,674,1927
0,729,730,1459
554,819,863,2236
415,622,61,1098
2,694,633,1329
330,856,938,2124
654,939,154,1747
198,832,593,1623
980,370,484,1834
33,668,899,1600
586,281,595,1462
795,780,147,1722
835,661,151,1647
597,292,935,1824
317,382,685,1384
324,745,444,1513
671,928,245,1844
703,481,106,1290
731,42,748,1521
605,578,254,1437
22,632,804,1458
461,242,605,1308
967,133,789,1889
509,570,734,1813
717,136,870,1723
884,282,4,1170
93,94,807,994
595,131,333,1059
392,978,126,1496
448,541,511,1500
8,474,928,1410
602,534,996,2132
553,527,680,1760
421,478,335,1234
347,719,31,1097
412,922,978,2312
531,765,904,2200
815,399,162,1376
566,28,282,876
248,709,535,1492
550,813,634,1997
660,506,106,1272
593,818,836,2247
285,979,718,1982
457,80,459,996
228,39,316,583
605,513,362,1480
670,858,682,2210
85,852,952,1889
525,491,853,1869
497,272,405,1174
774,852,841,2467
492,663,889,2044
766,4,942,1712
345,408,553,1306
971,215,267,1453
748,117,321,1186
701,40,765,1506
67,109,922,1098
341,560,638,1539
380,837,263,1480
951,308,730,1989
536,809,245,1590
195,192,501,888
655,780,815,2250
516,773,399,1688
896,750,686,2332
876,607,435,1918
663,892,94,1649
526,952,754,2232
472,228,961,1661
997,44,829,1870
374,111,939,1424
480,155,518,1153
711,629,231,1571
775,536,990,2301
976,678,632,2286
599,105,842,1546
596,664,614,1874
283,167,787,1237
764,392,276,1432
428,486,554,1468
78,250,751,1079
351,509,571,1431
741,536,122,1399
422,591,368,1381
287,778,129,1194
512,307,205,1024
73,935,612,1620
677,333,668,1678
100,970,498,1568
31,193,724,948
805,403,844,2052
411,923,481,1815
450,299,890,1639
397,701,344,1442
244,334,283,861
531,228,722,1481
207,179,176,562
576,449,668,1693
245,747,385,1377
422,286,101,809
704,69,763,1536
150,210,989,1349
754,459,173,1386
991,203,189,1383
439,604,221,1264
889,256,735,1880
146,473,319,938
674,435,235,1344
839,640,289,1768
135,107,608,850
879,222,563,1664
552,482,936,1970
460,320,203,983
693,763,984,2440
15,534,643,1192
710,266,467,1443
617,592,439,1648
851,523,768,2142
140,209,161,510
89,141,504,734
264,616,995,1875
9,974,807,1790
289,912,420,1621
907,850,147,1904
149,955,491,1595
113,757,719,1589
705,52,155,912
371,717,894,1982
381,154,77,612
377,69,490,936
847,549,499,1895
266,783,464,1513
165,806,832,1803
844,659,811,2314
458,216,851,1525
444,58,647,1149
936,417,887,2240
252,418,823,1493
609,555,49,1213
448,681,621,1750
522,295,511,1328
519,336,703,1558
113,289,417,819
335,37,652,1024
766,384,104,1254
170,25,14,209
652,857,509,2018
977,925,704,2606
140,949,409,1498
637,80,761,1478
378,802,972,2152
573,925,877,2375
51,84,11,146
423,161,928,1512
536,17,353,906
633,673,879,2185
347,933,305,1585
982,532,224,1738
641,243,859,1743
982,730,68,1780
906,950,989,2845
206,403,410,1019
57,904,59,1020
534,436,332,1302
314,595,366,1275
485,739,931,2155
317,196,112,625
418,955,185,1558
114,586,814,1514
693,447,945,2085
803,224,386,1413
175,4,588,767
106,730,72,908
75,883,660,1618
656,170,734,1560
206,17,431,654
162,596,18,776
218,310,950,1478
71,51,153,275
888,302,12,1202
771,172,727,1670
995,476,716,2187
299,411,792,1502
925,588,103,1616
763,298,142,1203
31,446,355,832
592,516,679,1787
463,827,175,1465
467,405,5,877
291,305,855,1451
699,693,614,2006
823,268,317,1408
766,657,158,1581
529,116,439,1084
487,483,340,1310
736,709,546,1991
580,540,8,1128
890,244,513,1647
913,202,60,1175
440,902,76,1418
3,769,265,1037
772,798,58,1628
432,68,854,1354
494,934,231,1659
270,196,795,1261
678,222,713,1613
982,374,917,2273
978,367,89,1434
150,19,279,448
408,761,427,1596
686,165,560,1411
190,685,144,1019
743,845,447,2035
468,742,91,1301
577,26,599,1202
385,189,950,1524
554,671,838,2063
398,539,673,1610
144,312,146,602
440,155,54,649
571,269,535,1375
326,145,732,1203
670,549,87,1306
892,335,784,2011
884,450,625,1959
454,281,294,1029
785,395,406,1586
430,160,401,991
228,566,743,1537
510,559,714,1783
812,534,3,1349
515,331,609,1455
53,937,536,1526
249,922,420,1591
68,769,929,1766
882,180,357,1419
778,882,395,2055
346,596,532,1474
956,198,496,1650
181,367,740,1288
600,555,134,1289
60,986,394,1440
209,597,46,852
755,257,539,1551
643,436,774,1853
244,63,985,1292
843,736,109,1688
36,968,162,1166
270,505,996,1771
74,912,49,1035
261,628,518,1407
177,478,592,1247
887,370,50,1307
384,150,693,1227
591,663,222,1476
299,70,460,829
490,768,695,1953
453,960,361,1774
581,848,165,1594
786,932,207,1925
19,572,957,1548
581,576,347,1504
694,661,601,1956
474,147,488,1109
826,497,80,1403
137,449,403,989
773,568,82,1423
166,667,285,1118
221,382,287,890
328,208,826,1362
740,845,324,1909
470,333,294,1097
497,862,179,1538
306,31,310,647
291,498,107,896
110,459,592,1161
225,190,512,927
771,989,71,1831
661,340,517,1518
689,913,251,1853
801,385,995,2181
541,669,458,1668
268,362,577,1207
574,427,252,1253
5,143,718,866
69,8,407,484
123,621,688,1432
538,887,940,2365
675,219,517,1411
783,338,927,2048
647,811,667,2125
268,524,984,1776
88,634,208,930
968,83,930,1981
548,783,807,2138
369,168,251,788
76,67,600,743
891,288,107,1286
737,313,866,1916
674,113,986,1773
969,475,835,2279
297,483,929,1709
411,963,680,2054
346,554,585,1485
429,531,739,1699
499,967,958,2424
87,189,762,1038
93,163,489,745
604,846,151,1601
394,182,791,1367
100,239,919,1258
426,473,996,1895
532,816,60,1408
194,260,282,736
723,802,374,1899
371,406,868,1645
485,601,441,1527
159,38,268,465
533,367,512,1412
756,395,583,1734
876,268,580,1724
130,861,756,1747
920,991,106,2017
19,209,385,613
202,468,894,1564
796,186,448,1430
747,914,750,2411
393,576,370,1339
802,751,886,2439
396,743,30,1169
992,79,815,1886
729,578,48,1355
667,294,158,1119
683,608,415,1706
813,748,48,1609
780,187,174,1141
304,584,810,1698
677,729,874,2280
706,408,999,2113
953,403,65,1421
69,425,915,1409
26,530,969,1525
605,149,753,1507
754,586,897,2237
125,843,885,1853
197,222,768,1187
671,367,674,1712
261,693,424,1378
203,637,587,1427
676,103,36,815
388,680,577,1645
648,136,298,1082
255,93,348,696
136,775,498,1409
562,781,149,1492
303,758,498,1559
652,871,286,1809
848,813,116,1777
90,733,751,1574
762,61,186,1009
148,610,575,1333
28,519,410,957
889,199,786,1874
639,160,158,957
634,255,791,1680
434,381,449,1264
156,529,84,769
492,661,790,1943
426,751,29,1206
774,722,269,1765
410,409,394,1213
316,389,810,1515
227,396,386,1009
731,907,182,1820
223,459,555,1237
854,725,925,2504
854,845,482,2181
874,623,937,2434
682,521,725,1928
348,489,290,1127
925,314,600,1839
330,575,951,1856
906,728,632,2266
802,634,742,2178
85,754,941,1780
959,176,644,1779
438,494,512,1444
70,687,463,1220
537,572,641,1750
419,396,149,964
8,842,242,1092
660,163,138,961
994,957,184,2135
423,87,552,1062
601,356,678,1635
167,242,306,715
959,602,44,1605
190,854,936,1980
538,964,321,1823
269,835,950,2054
460,565,574,1599
910,912,303,2125
5,211,591,807
419,678,352,1449
194,896,61,1151
697,503,959,2159
46,243,34,323
49,965,590,1604
225,449,855,1529
392,552,690,1634
635,540,587,1762
246,28,19,293
257,277,222,756
885,222,531,1638
399,18,207,624
254,125,178,557
229,356,208,793
319,352,420,1091
673,744,172,1589
151,900,636,1687
126,969,65,1160
846,864,443,2153
484,477,159,1120
713,68,180,961
0,223,909,1132
546,412,322,1280
301,844,171,1316
27,645,905,1577
470,612,932,2014
216,460,250,926
467,388,452,1307
409,466,934,1809
246,919,569,1734
592,755,148,1495
382,947,788,2117
122,710,758,1590
641,931,711,2283
292,687,182,1161
111,959,109,1179
177,714,3,894
606,966,870,2442
817,88,939,1844
124,530,280,934
271,543,896,1710
452,693,527,1672
746,152,662,1560
38,98,879,1015
909,517,129,1555
407,398,267,1072
840,599,784,2223
690,24,588,1302
112,710,7,829
138,911,927,1976
11,912,978,1901
128,735,734,1597
964,246,322,1532
48,944,899,1891
988,368,742,2098
808,437,699,1944
767,47,772,1586
724,773,530,2027
359,623,171,1153
148,132,107,387
220,16,279,515
318,95,313,726
376,864,753,1993
725,507,39,1271
413,494,299,1206
428,759,74,1261
106,165,219,490
368,394,507,1269
184,929,423,1536
661,315,87,1063
665,160,811,1636
977,142,115,1234
658,308,380,1346
547,460,882,1889
388,667,90,1145
607,664,97,1368
584,407,834,1825
301,240,978,1519
966,862,41,1869
727,883,737,2347
768,172,99,1039
866,507,218,1591
151,487,813,1451
548,667,177,1392
757,177,236,1170
728,646,383,1757
71,530,749,1350
25,617,338,980
196,76,147,419
273,394,223,890
711,840,612,2163
368,529,106,1003
623,761,128,1512
651,806,797,2254
322,980,478,1780
64,297,175,536
27,789,562,1378
116,172,896,1184
461,857,713,2031
358,500,820,1678
466,991,469,1926
50,161,275,486
382,801,524,1707
432,480,169,1081
726,628,103,1457
885,98,172,1155
528,834,962,2324
576,766,838,2180
943,581,409,1933
629,667,144,1440
315,919,509,1743
585,924,524,2033
957,481,817,2255
3,932,313,1248
14,413,834,1261
115,351,514,980
222,393,385,1000
261,517,608,1386
283,450,815,1548
89,783,324,1196
734,466,545,1745
239,327,64,630
87,806,914,1807
89,477,795,1361
690,51,544,1285
733,974,29,1736
618,814,270,1702
93,672,141,906
565,967,193,1725
878,631,697,2206
447,98,908,1453
767,640,662,2069
691,202,64,957
384,145,679,1208
360,93,428,881
448,513,489,1450
944,657,764,2365
701,190,688,1579
78,431,39,548
8,150,472,630
658,745,282,1685
683,29,67,779
561,393,321,1275
381,324,388,1093
930,190,549,1669
809,954,491,2254
313,734,906,1953
295,925,262,1482
959,653,766,2378
572,210,619,1401
810,501,346,1657
788,998,950,2736
221,829,634,1684
797,587,76,1460
190,850,872,1912
228,524,578,1330
418,719,353,1490
662,553,499,1714
33,243,444,720
43,576,541,1160
730,414,381,1525
675,584,569,1828
548,41,974,1563
693,909,417,2019
313,717,880,1910
817,321,984,2122
726,485,198,1409
835,831,163,1829
219,840,868,1927
837,320,471,1628
259,174,182,615
329,965,576,1870
681,214,389,1284
197,774,290,1261
720,976,909,2605
667,204,147,1018
430,747,146,1323
370,511,180,1061
892,596,228,1716
204,214,460,878
525,356,230,1111
787,264,653,1704
234,217,923,1374
176,72,719,967
589,666,837,2092
447,259,496,1202
874,564,554,1992
290,509,409,1208
142,363,553,1058
81,961,663,1705
329,924,147,1400
13,434,689,1136
160,657,950,1767
575,718,504,1797
419,213,725,1357
898,556,335,1789
433,801,667,1901
775,640,425,1840
985,37,199,1221
156,640,873,1669
895,217,824,1936
54,512,165,731
585,471,212,1268
722,693,575,1990
794,715,935,2444
470,615,882,1967
521,318,734,1573
438,394,773,1605
688,140,973,1801
665,626,611,1902
867,811,583,2261
792,110,352,1254
922,930,45,1897
290,566,216,1072
222,613,559,1394
880,828,134,1842
412,994,368,1774
175,478,947,1600
630,852,877,2359
325,371,109,805
565,115,252,932
393,641,137,1171
852,824,245,1921
101,931,984,2016
709,650,312,1671
14,673,464,1151
253,987,737,1977
312,242,411,965
310,262,294,866
883,265,509,1657
856,982,821,2659
278,505,92,875
369,638,140,1147
196,39,741,976
575,753,126,1454
166,475,140,781
312,744,36,1092
516,457,611,1584
61,677,84,822
681,817,304,1802
525,389,146,1060
17,680,82,779
840,840,949,2629
201,224,433,858
873,806,130,1809
513,839,747,2099
777,18,101,896
498,754,895,2147
130,196,478,804
183,183,193,559
350,360,63,773
864,864,492,2220
83,221,993,1297
403,570,153,1126
151,419,103,673
804,940,961,2705
496,773,826,2095
285,310,651,1246
444,327,934,1705
777,502,708,1987
466,584,889,1939
770,88,311,1169
851,38,471,1360
236,970,535,1741
593,162,70,825
816,214,247,1277
179,305,416,900
471,335,894,1700
688,398,963,2049
212,458,607,1277
273,533,972,1778
502,558,726,1786
85,978,498,1561
327,670,973,1970
135,221,11,367
698,316,485,1499
607,747,819,2173
241,357,518,1116
796,639,815,2250
890,142,744,1776
25,750,733,1508
695,928,874,2497
741,739,672,2152
487,930,905,2322
24,829,202,1055
415,943,722,2080
180,735,127,1042
598,993,807,2398
159,371,749,1279
875,843,637,2355
742,633,604,1979
616,106,623,1345
646,312,660,1618
345,940,782,2067
551,474,382,1407
398,787,330,1515
57,788,767,1612
294,767,204,1265
698,508,587,1793
469,735,665,1869
494,901,971,2366
663,146,200,1009
53,923,343,1319
441,826,47,1314
318,172,592,1082
608,226,329,1163
643,373,73,1089
892,954,387,2233
206,747,295,1248
232,711,910,1853
168,74,697,939
510,359,332,1201
158,863,985,2006
562,578,902,2042
247,616,629,1492
728,873,107,1708
939,955,801,2695
143,351,636,1130
279,415,630,1324
274,393,14,681
348,61,828,1237
857,941,1000,2798
956,437,239,1632
205,716,633,1554
811,662,315,1788
138,144,394,676
300,431,422,1153
63,839,762,1664
892,205,461,1558
88,25,164,277
754,13,989,1756
409,756,19,1184
620,125,782,1527
574,534,648,1756
203,460,727,1390
398,549,478,1425
181,213,914,1308
165,939,743,1847
54,244,514,812
662,823,237,1722
272,835,906,2013
268,351,196,815
771,343,401,1515
756,878,943,2577
103,448,370,921
421,803,520,1744
769,317,392,1478
230,210,69,509
130,983,40,1153
462,773,939,2174
855,114,733,1702
485,803,1000,2288
68,243,300,611
657,580,938,2175
483,165,313,961
790,311,719,1820
843,69,947,1859
524,828,311,1663
46,255,112,413
257,456,126,839
343,452,940,1735
396,39,906,1341
104,157,881,1142
571,602,421,1594
924,474,512,1910
546,852,940,2338
482,129,559,1170
368,602,136,1106
188,929,489,1606
318,265,818,1401
830,770,882,2482
650,465,998,2113
439,953,205,1597
717,40,203,960
44,828,821,1693
841,337,416,1594
381,12,158,551
569,524,517,1610
534,39,507,1080
536,840,667,2043
192,86,575,853
786,785,151,1722
306,623,111,1040
541,498,26,1065
740,440,952,2132
981,539,680,2200
91,712,168,971
81,357,818,1256
744,577,6,1327
173,732,102,1007
357,681,677,1715
50,602,584,1236
716,657,188,1561
971,198,372,1541
790,994,164,1948
732,536,651,1919
379,943,440,1762
118,236,307,661
575,143,17,735
276,372,639,1287
474,597,496,1567
611,579,255,1445
980,223,184,1387
145,858,345,1348
430,153,224,807
687,553,17,1257
648,574,14,1236
250,332,574,1156
891,748,478,2117
381,555,914,1850
711,874,278,1863
11,965,447,1423
844,542,334,1720
343,117,264,724
796,418,447,1661
355,813,777,1945
902,151,17,1070
505,480,782,1767
629,489,161,1279
194,770,352,1316
698,69,490,1257
123,687,313,1123
879,164,816,1859
212,373,862,1447
294,239,247,780
301,803,142,1246
5,670,849,1524
357,839,610,1806
282,469,287,1038
693,646,204,1543
761,751,52,1564
778,95,663,1536
274,980,244,1498
761,418,404,1583
201,299,581,1081
515,683,245,1443
140,258,107,505
886,768,676,2330
388,898,811,2097
201,924,197,1322
657,706,595,1958
218,656,735,1609
436,873,417,1726
129,458,628,1215
710,704,401,1815
398,207,450,1055
773,973,628,2374
218,860,967,2045
579,583,530,1692
675,298,857,1830
218,679,990,1887
835,499,736,2070
358,644,652,1654
570,226,822,1618
29,406,29,464
657,749,473,1879
890,639,504,2033
642,784,319,1745
433,142,338,913
922,354,930,2206
614,262,3,879
507,513,988,2008
281,740,714,1735
477,496,875,1848
310,143,96,549
903,358,311,1572
489,348,993,1830
943,898,74,1915
493,925,599,2017
755,776,701,2232
571,460,906,1937
847,264,367,1478
755,372,265,1392
516,575,542,1633
988,869,307,2164
796,400,764,1960
163,902,97,1162
282,718,720,1720
58,279,423,760
934,637,154,1725
791,924,240,1955
277,408,671,1356
825,841,606,2272
985,141,65,1191
791,243,137,1171
959,766,762,2487
485,874,511,1870
92,468,819,1379
817,602,728,2147
331,160,341,832
213,91,793,1097
266,714,735,1715
370,461,351,1182
4,639,225,868
627,386,14,1027
527,148,23,698
191,473,222,886
202,850,525,1577
502,947,203,1652
823,473,587,1883
688,26,480,1194
85,653,476,1214
376,339,666,1381
604,284,640,1528
575,629,814,2018
595,829,242,1666
575,210,692,1477
619,531,274,1424
808,361,322,1491
87,131,95,313
696,200,38,934
568,924,786,2278
708,632,146,1486
844,534,499,1877
667,682,195,1544
893,651,664,2208
497,483,709,1689
886,692,825,2403
568,563,735,1866
995,38,35,1068
799,740,311,1850
178,209,216,603
204,494,1,699
208,123,584,915
646,842,176,1664
131,326,859,1316
150,8,121,279
861,738,343,1942
613,668,463,1744
894,220,398,1512
310,72,769,1151
798,48,668,1514
787,379,678,1844
998,761,161,1920
778,722,597,2097
141,346,17,504
557,359,243,1159
19,856,235,1110
253,738,485,1476
168,99,764,1031
815,228,744,1787
163,810,362,1335
737,182,637,1556
714,628,50,1392
225,124,661,1010
508,99,56,663
94,758,802,1654
335,906,98,1339
220,284,27,531
598,292,336,1226
267,913,216,1396
998,79,487,1564
878,290,536,1704
136,679,723,1538
903,228,521,1652
625,351,773,1749
383,300,865,1548
568,151,47,766
922,175,464,1561
270,465,512,1247
281,272,587,1140
203,296,75,574
551,648,256,1455
545,304,237,1086
481,2,435,918
291,41,113,445
118,382,778,1278
152,895,746,1793
990,722,348,2060
627,677,83,1387
751,631,966,2348
28,607,99,734
289,29,88,406
475,660,535,1670
115,667,416,1198
572,484,47,1103
701,255,466,1422
650,339,484,1473
975,946,722,2643
59,19,632,710
365,909,797,2071
590,743,225,1558
204,499,210,913
583,557,824,1964
619,949,56,1624
99,899,146,1144
485,247,1000,1732
886,328,819,2033
520,157,829,1506
244,50,980,1274
134,886,864,1884
685,595,313,1593
987,895,90,1972
252,460,27,739
918,179,776,1873
179,87,464,730
133,526,434,1093
289,341,540,1170
234,551,623,1408
507,291,732,1530
735,401,70,1206
805,786,568,2159
63,75,957,1095
910,508,944,2362
873,684,246,1803
887,968,889,2744
892,929,378,2199
481,480,52,1013
345,693,41,1079
586,488,639,1713
166,188,613,967
920,715,198,1833
749,834,1000,2583
599,694,202,1495
522,486,45,1053
57,950,135,1142
568,308,31,907
496,738,691,1925
849,765,411,2025
655,90,286,1031
77,945,619,1641
884,729,464,2077
497,972,116,1585
857,39,290,1186
676,766,427,1869
530,602,973,2105
352,913,528,1793
911,286,984,2181
765,991,592,2348
618,803,338,1759
286,758,36,1080
483,993,273,1749
758,907,700,2365
729,900,173,1802
931,627,821,2379
555,391,11,957
761,351,536,1648
897,700,972,2569
489,85,349,923
656,828,554,2038
388,303,813,1504
62,390,707,1159
423,709,917,2049
531,243,345,1119
172,654,379,1205
274,664,701,1639
35,610,20,665
437,619,499,1555
864,902,727,2493
693,152,108,953
835,269,778,1882
632,182,139,953
383,231,10,624
737,256,982,1975
845,358,182,1385
693,755,272,1720
481,934,262,1677
25,619,821,1465
973,543,137,1653
328,172,244,744
329,41,330,700
596,110,765,1471
729,70,41,840
184,132,147,463
612,450,758,1820
0,452,84,536
339,698,367,1404
666,83,752,1501
803,213,363,1379
156,283,653,1092
730,654,570,1954
155,140,697,992
63,566,808,1437
910,738,108,1756
429,376,760,1565
26,170,779,975
49,952,617,1618
444,235,730,1409
563,279,772,1614
335,983,925,2243
68,626,921,1615
279,243,95,617
572,640,483,1695
175,622,421,1218
205,486,130,821
613,407,300,1320
213,270,414,897
263,320,629,1212
767,435,795,1997
829,818,737,2384
664,538,803,2005
179,591,702,1472
237,148,392,777
472,945,846,2263
169,317,406,892
825,341,945,2111
531,911,739,2181
222,516,493,1231
294,101,30,425
257,540,78,875
52,891,362,1305
90,924,301,1315
789,795,459,2043
839,340,927,2106
507,421,383,1311
593,964,223,1780
746,733,939,2418
781,598,177,1556
355,755,69,1179
326,603,488,1417
810,566,207,1583
772,955,703,2430
262,815,982,2059
430,972,297,1699
446,114,63,623
575,354,302,1231
502,801,513,1816
206,264,171,641
625,158,520,1303
780,706,870,2356
124,788,956,1868
256,114,975,1345
436,719,426,1581
554,996,98,1648
956,887,131,1974
241,994,937,2172
900,382,839,2121
883,795,777,2455
465,649,594,1708
575,742,978,2295
154,90,459,703
838,788,602,2228
516,906,872,2294
175,982,741,1898
867,2,556,1425
350,736,407,1493
9,952,530,1491
503,729,174,1406
131,256,216,603
218,14,857,1089
723,758,302,1783
575,623,221,1419
382,379,642,1403
309,49,600,958
625,953,717,2295
980,664,754,2398
11,782,485,1278
362,228,435,1025
528,579,174,1281
297,871,271,1439
786,852,38,1676
965,164,697,1826
677,751,958,2386
968,967,294,2229
549,331,915,1795
414,52,830,1296
86,425,694,1205
783,446,686,1915
344,294,364,1002
827,918,758,2503
593,277,226,1096
636,69,188,893
4,675,762,1441
352,248,64,664
159,539,366,1064
410,473,606,1489
664,154,794,1612
508,834,671,2013
163,492,57,712
449,669,140,1258
642,156,865,1663
780,3,60,843
721,273,967,1961
544,543,449,1536
799,819,333,1951
274,442,670,1386
962,344,437,1743
521,196,529,1246
628,515,34,1177
765,583,432,1780
902,533,249,1684
790,375,328,1493
708,826,500,2034
596,518,467,1581
331,676,766,1773
868,112,629,1609
781,522,836,2139
406,429,642,1477
29,710,11,750
943,144,641,1728
685,43,457,1185
738,453,450,1641
941,418,337,1696
137,672,463,1272
540,460,141,1141
806,527,756,2089
772,507,851,2130
458,800,898,2156
1,895,612,1508
706,93,854,1653
113,154,606,873
344,534,997,1875
689,501,209,1399
346,149,565,1060
361,391,523,1275
257,27,23,307
52,362,172,586
335,508,435,1278
509,771,25,1305
257,687,760,1704
919,699,730,2348
121,755,17,893
137,429,569,1135
531,796,108,1435
835,203,410,1448
899,485,244,1628
413,992,451,1856
959,998,642,2599
262,515,506,1283
866,294,56,1216
820,759,5,1584
911,388,117,1416
163,520,378,1061
279,157,261,697
236,959,287,1482
543,735,158,1436
138,575,455,1168
45,466,177,688
453,473,940,1866
117,808,688,1613
248,350,879,1477
130,873,762,1765
105,252,205,562
666,4,883,1553
409,832,275,1516
909,242,216,1367
972,671,138,1781
931,278,616,1825
932,863,859,2654
180,448,673,1301
941,771,504,2216
989,673,149,1811
694,47,399,1140
276,492,930,1698
604,930,63,1597
251,275,746,1272
252,150,830,1232
538,917,551,2006
431,628,521,1580
742,514,506,1762
816,653,851,2320
254,56,211,521
789,334,177,1300
971,904,724,2599
169,497,253,919
55,936,316,1307
582,977,999,2558
653,142,866,1661
744,84,612,1440
323,738,779,1840
132,839,135,1106
751,77,427,1255
379,74,152,605
392,708,529,1629
436,539,519,1494
804,408,126,1338
553,387,720,1660
861,518,258,1637
329,747,853,1929
415,296,574,1285
440,79,227,746
188,764,642,1594
387,569,151,1107
800,299,539,1638
713,878,51,1642
425,801,712,1938
722,198,307,1227
360,405,405,1170
585,332,583,1500
449,729,477,1655
108,673,202,983
879,421,879,2179
429,75,348,852
958,402,975,2335
652,652,678,1982
948,813,963,2724
315,23,358,696
565,969,870,2404
58,841,968,1867
934,773,169,1876
348,830,99,1277
54,665,676,1395
519,885,788,2192
380,633,215,1228
149,85,23,257
572,396,315,1283
490,485,505,1480
820,384,584,1788
736,98,605,1439
524,288,469,1281
408,37,839,1284
178,991,390,1559
319,196,761,1276
808,191,490,1489
45,839,524,1408
474,164,5,643
622,564,126,1312
503,606,401,1510
666,184,264,1114
569,357,341,1267
467,665,405,1537
409,177,170,756
801,580,992,2373
353,548,790,1691
418,705,119,1242
55,475,375,905
877,526,542,1945
788,188,774,1750
443,935,451,1829
789,135,161,1085
644,962,766,2372
618,27,494,1139
705,462,481,1648
810,761,721,2292
183,425,21,629
609,617,447,1673
819,305,714,1838
617,20,47,684
29,622,78,729
720,737,801,2258
618,605,95,1318
501,210,378,1089
851,643,77,1571
933,532,771,2236
764,155,209,1128
395,746,778,1919
99,480,445,1024
527,845,659,2031
671,559,968,2198
492,829,137,1458
59,164,466,689
422,923,818,2163
180,674,919,1773
527,532,849,1908
263,544,687,1494
552,299,819,1670
353,14,493,860
91,598,622,1311
159,467,648,1274
636,577,926,2139
998,544,246,1788
22,319,823,1164
345,814,193,1352
605,171,42,818
666,801,33,1500
150,644,890,1684
80,834,648,1562
18,515,6,539
432,607,465,1504
809,207,708,1724
504,419,536,1459
528,289,144,961
941,899,328,2168
847,747,621,2215
493,786,334,1613
173,129,80,382
875,425,253,1553
344,419,589,1352
863,591,489,1943
269,375,502,1146
243,778,540,1561
493,695,662,1850
665,954,508,2127
915,807,862,2584
888,866,709,2463
34,948,430,1412
564,319,811,1694
864,906,122,1892
201,483,163,847
433,476,822,1731
311,915,24,1250
720,400,874,1994
356,487,243,1086
349,777,129,1255
332,199,790,1321
746,105,647,1498
876,755,729,2360
750,607,122,1479
776,760,823,2359
870,700,708,2278
218,694,165,1077
546,341,482,1369
238,974,179,1391
210,942,869,2021
561,91,271,923
296,254,824,1374
456,724,830,2010
680,708,651,2039
678,667,797,2142
997,480,831,2308
397,19,832,1248
621,817,767,2205
949,15,716,1680
577,689,46,1312
713,616,967,2296
954,169,863,1986
190,343,241,774
823,825,22,1670
851,142,131,1124
883,412,567,1862
678,616,177,1471
396,965,908,2269
335,672,678,1685
548,267,625,1440
218,495,824,1537
216,432,536,1184
489,113,119,721
242,836,738,1816
250,111,63,424
404,604,597,1605
368,906,496,1770
217,431,129,777
799,124,462,1385
705,608,114,1427
707,223,186,1116
444,686,397,1527
565,818,152,1535
761,842,768,2371
586,101,881,1568
76,956,964,1996
463,422,493,1378
694,445,519,1658
406,290,441,1137
940,230,416,1586
297,120,913,1330
201,715,273,1189
768,647,12,1427
798,643,43,1484
593,159,559,1311
97,545,654,1296
930,467,717,2114
892,163,869,1924
953,718,533,2204
892,920,322,2134
538,470,189,1197
98,97,183,378
52,285,61,398
123,692,367,1182
52,41,365,458
181,411,585,1177
72,284,304,660
106,343,76,525
66,637,599,1302
823,395,743,1961
172,602,71,845
46,768,367,1181
897,137,385,1419
420,452,931,1803
295,567,206,1068
240,952,821,2013
400,789,478,1667
176,212,511,899
490,67,641,1198
143,491,937,1571
418,430,218,1066
137,178,179,494
22,610,390,1022
117,680,89,886
982,422,57,1461
782,904,343,2029
513,372,953,1838
560,758,879,2197
215,328,364,907
29,726,679,1434
797,85,536,1418
38,853,465,1356
170,661,308,1139
590,222,333,1145
962,195,624,1781
311,711,947,1969
277,387,718,1382
202,191,941,1334
422,616,516,1554
473,302,580,1355
526,679,318,1523
258,31,650,939
445,71,569,1085
743,651,304,1698
752,936,992,2680
238,735,665,1638
290,95,713,1098
431,692,31,1154
66,19,964,1049
167,116,665,948
794,349,117,1260
960,432,254,1646
178,892,693,1763
905,520,528,1953
70,839,95,1004
509,257,56,822
617,865,501,1983
274,649,743,1666
268,431,667,1366
42,470,823,1335
83,502,728,1313
822,9,927,1758
356,857,768,1981
668,898,201,1767
607,771,590,1968
695,676,15,1386
671,262,988,1921
764,772,997,2533
823,210,434,1467
28,289,922,1239
306,300,792,1398
527,470,554,1551
546,804,56,1406
242,718,426,1386
576,459,990,2025
158,637,432,1227
128,815,892,1835
607,715,346,1668
149,858,826,1833
874,632,23,1529
262,505,45,812
910,965,286,2161
795,4,629,1428
627,806,556,1989
609,608,815,2032
823,740,132,1695
67,480,317,864
917,362,697,1976
686,512,36,1234
162,533,925,1620
310,773,496,1579
314,216,172,702
770,658,96,1524
868,933,950,2751
722,412,907,2041
213,777,327,1317
478,720,286,1484
246,153,440,839
342,728,818,1888
541,14,426,981
227,391,11,629
38,351,795,1184
22,609,533,1164
392,100,353,845
102,574,478,1154
369,747,769,1885
416,332,437,1185
274,939,228,1441
291,568,292,1151
904,318,362,1584
881,482,901,2264
112,958,654,1724
881,209,402,1492
885,656,954,2495
271,300,125,696
454,259,999,1712
64,28,306,398
440,417,151,1008
595,835,695,2125
794,123,541,1458
775,767,956,2498
340,761,805,1906
675,238,194,1107
425,307,260,992
783,263,298,1344
249,923,646,1818
315,896,450,1661
852,49,699,1600
890,721,785,2396
598,546,338,1482
173,560,633,1366
232,39,937,1208
793,797,250,1840
830,344,539,1713
178,434,419,1031
603,783,579,1965
189,640,487,1316
33,311,358,702
341,894,765,2000
364,108,156,628
722,45,913,1680
768,116,942,1826
360,272,868,1500
67,28,549,644
238,983,817,2038
29,283,139,451
993,155,396,1544
416,18,189,623
178,681,468,1327
461,578,671,1710
811,33,727,1571
183,786,434,1403
541,138,745,1424
24,73,426,523
890,538,276,1704
179,793,886,1858
119,782,56,957
21,123,777,921
775,81,300,1156
590,562,187,1339
945,470,84,1499
47,447,283,777
331,43,153,527
311,193,820,1324
468,385,399,1252
327,725,94,1146
946,296,197,1439
124,611,645,1380
66,818,190,1074
355,559,319,1233
835,398,463,1696
226,415,265,906
29,819,749,1597
99,883,172,1154
246,837,325,1408
748,257,396,1401
471,337,683,1491
686,899,737,2322
733,131,649,1513
49,136,510,695
248,405,49,702
235,28,217,480
757,831,905,2493
784,633,197,1614
329,190,400,919
544,191,979,1714
838,593,505,1936
635,955,344,1934
713,193,732,1638
972,565,180,1717
991,399,512,1902
486,856,324,1666
806,948,853,2607
399,171,844,1414
659,19,435,1113
553,757,183,1493
920,97,93,1110
681,503,94,1278
567,27,861,1455
49,649,866,1564
405,102,174,681
940,697,757,2394
764,702,34,1500
451,234,613,1298
665,354,860,1879
842,83,870,1795
391,614,316,1321
646,800,587,2033
777,663,614,2054
196,906,858,1960
857,963,292,2112
732,874,226,1832
627,85,745,1457
109,198,299,606
498,654,496,1648
596,512,375,1483
874,510,403,1787
578,177,657,1412
246,865,132,1243
454,269,12,735
685,221,394,1300
410,989,907,2306
936,522,581,2039
238,225,671,1134
551,408,919,1878
738,997,129,1864
829,21,754,1604
447,871,720,2038
468,591,86,1145
690,37,424,1151
203,306,884,1393
919,271,953,2143
370,691,732,1793
567,28,888,1483
876,966,666,2508
739,357,769,1865
858,8,503,1369
327,655,47,1029
544,234,296,1074
633,827,419,1879
988,52,108,1148
630,257,15,902
465,478,18,961
148,222,249,619
993,957,705,2655
970,316,16,1302
165,410,811,1386
677,27,452,1156
106,237,22,365
183,151,413,747
619,464,913,1996
677,394,63,1134
10,15,951,976
230,364,648,1242
298,380,141,819
327,566,166,1059
877,826,89,1792
251,87,523,861
825,189,973,1987
871,209,48,1128
50,721,82,853
288,919,673,1880
303,975,439,1717
302,231,480,1013
273,186,629,1088
948,838,551,2337
726,574,198,1498
753,829,453,2035
383,720,495,1598
699,48,790,1537
238,702,75,1015
858,845,250,1953
585,592,326,1503
345,767,353,1465
143,820,871,1834
385,409,90,884
374,19,475,868
271,878,796,1945
683,650,39,1372
624,769,184,1577
912,120,502,1534
663,61,44,768
575,868,325,1768
47,293,883,1223
268,70,703,1041
712,893,209,1814
253,920,928,2101
363,255,586,1204
554,391,611,1556
899,786,884,2569
404,533,825,1762
980,688,888,2556
954,22,182,1158
315,775,271,1361
981,84,144,1209
95,85,132,312
568,291,247,1106
84,452,712,1248
576,237,927,1740
778,782,860,2420
327,951,427,1705
231,980,781,1992
433,448,113,994
86,702,467,1255
939,564,697,2200
598,70,47,715
674,541,430,1645
590,328,128,1046
136,137,52,325
501,364,568,1433
570,975,938,2483
476,410,383,1269
697,123,448,1268
138,180,89,407
813,183,907,1903
945,547,77,1569
904,279,968,2151
229,943,846,2018
709,651,692,2052
675,519,687,1881
820,311,287,1418
251,796,621,1668
507,465,980,1952
13,590,701,1304
848,223,91,1162
461,296,301,1058
99,628,172,899
254,425,941,1620
918,522,330,1770
752,326,660,1738
239,437,29,705
237,664,495,1396
30,434,966,1430
989,358,311,1658
912,993,882,2787
920,99,543,1562
179,748,844,1771
301,31,462,794
849,331,135,1315
17,931,224,1172
741,897,678,2316
565,311,839,1715
127,809,631,1567
842,309,230,1381
371,145,395,911
240,329,484,1053
474,516,123,1113
575,181,249,1005
328,39,777,1144
198,323,951,1472
629,74,478,1181
244,516,323,1083
387,521,619,1527
489,599,153,1241
604,326,872,1802
278,651,516,1445
193,871,287,1351
28,647,890,1565
572,609,822,2003
212,622,736,1570
665,181,780,1626
941,534,89,1564
928,111,917,1956
853,203,182,1238
620,318,984,1922
467,270,398,1135
373,258,124,755
281,404,996,1681
413,696,463,1572
264,680,153,1097
233,22,805,1060
791,445,940,2176
435,397,991,1823
825,970,923,2718
18,340,75,433
515,710,818,2043
957,837,141,1935
968,59,62,1089
797,866,914,2577
630,252,681,1563
711,190,194,1095
499,749,932,2180
803,114,221,1138
964,181,506,1651
824,35,525,1384
855,974,30,1859
39,35,947,1021
728,773,801,2302
690,207,439,1336
213,402,91,706
515,793,395,1703
453,529,379,1361
767,241,223,1231
881,236,890,2007
178,546,441,1165
884,518,460,1862
532,394,688,1614
685,465,698,1848
116,368,59,543
940,376,521,1837
242,500,135,877
423,41,126,590
321,596,915,1832
635,659,375,1669
375,418,79,872
952,63,280,1295
199,630,173,1002
579,461,533,1573
535,323,411,1269
318,107,826,1251
823,643,687,2153
135,120,4,259
353,982,67,1402
88,564,206,858
339,94,124,557
35,152,689,876
83,614,853,1550
862,558,563,1983
921,900,815,2636
514,672,121,1307
79,311,281,671
668,223,132,1023
42,40,645,727
662,34,335,1031
947,787,91,1825
79,775,90,944
474,424,348,1246
320,548,151,1019
874,774,178,1826
429,740,510,1679
476,404,306,1186
330,281,353,964
855,881,776,2512
732,213,66,1011
473,21,726,1220
573,585,156,1314
556,271,940,1767
955,489,592,2036
95,28,194,317
76,610,70,756
187,517,398,1102
640,947,350,1937
399,1,470,870
336,907,121,1364
4,689,917,1610
602,362,306,1270
1000,229,796,2025
83,365,577,1025
995,705,336,2036
633,720,542,1895
697,806,953,2456
24,885,672,1581
419,882,858,2159
493,920,96,1509
662,870,200,1732
62,669,412,1143
809,318,329,1456
429,238,621,1288
302,293,473,1068
112,892,338,1342
431,484,763,1678
409,764,929,2102
133,28,516,677
476,663,295,1434
194,526,17,737
102,732,594,1428
448,987,931,2366
709,217,912,1838
664,180,687,1531
923,504,203,1630
911,570,581,2062
717,86,843,1646
501,724,114,1339
579,859,925,2363
58,954,374,1386
87,829,2,918
855,259,748,1862
297,366,396,1059
261,996,309,1566
467,425,37,929
979,729,193,1901
164,788,418,1370
656,987,945,2588
59,32,473,564
325,797,463,1585
55,193,494,742
404,935,211,1550
120,84,303,507
134,67,441,642
841,119,896,1856
928,641,7,1576
950,73,849,1872
60,12,407,479
268,329,450,1047
879,662,653,2194
37,853,181,1071
208,400,999,1607
892,479,728,2099
175,709,453,1337
693,183,991,1867
457,271,911,1639
467,515,196,1178
496,807,52,1355
658,802,911,2371
48,952,332,1332
456,768,886,2110
376,85,527,988
428,669,320,1417
517,719,951,2187
304,834,83,1221
723,352,417,1492
846,910,792,2548
330,702,999,2031
213,347,489,1049
732,555,621,1908
202,975,388,1565
851,617,507,1975
211,343,583,1137
905,575,257,1737
498,810,824,2132
907,49,777,1733
984,600,802,2386
878,794,146,1818
43,798,60,901
138,98,774,1010
676,371,445,1492
428,70,108,606
740,420,294,1454
915,292,624,1831
171,490,364,1025
887,889,158,1934
207,882,657,1746
552,307,163,1022
524,241,81,846
124,463,754,1341
911,256,557,1724
577,407,435,1419
828,976,526,2330
419,989,952,2360
168,261,155,584
694,349,285,1328
25,1000,155,1180
626,621,784,2031
448,888,864,2200
601,197,210,1008
787,141,151,1079
418,950,684,2052
393,238,774,1405
618,486,870,1974
835,703,398,1936
937,543,504,1984
764,801,23,1588
579,287,791,1657
147,410,309,866
174,492,696,1362
668,317,518,1503
985,588,593,2166
200,382,379,961
621,705,261,1587
614,565,545,1724
628,859,994,2481
564,248,937,1749
888,675,136,1699
308,575,758,1641
695,41,975,1711
969,933,859,2761
843,546,159,1548
70,235,670,975
967,654,244,1865
347,790,15,1152
805,803,280,1888
124,933,193,1250
160,736,720,1616
114,48,747,909
514,959,998,2471
33,123,335,491
849,692,203,1744
274,542,782,1598
238,627,990,1855
181,925,6,1112
580,916,504,2000
574,759,724,2057
683,882,179,1744
47,639,925,1611
692,726,225,1643
130,891,883,1904
990,228,345,1563
20,348,889,1257
226,713,41,980
304,109,970,1383
480,844,808,2132
415,479,460,1354
108,386,430,924
912,732,12,1656
512,820,933,2265
709,312,31,1052
974,601,440,2015
189,341,547,1077
558,129,601,1288
247,450,877,1574
220,572,788,1580
502,232,318,1052
143,901,968,2012
880,31,940,1851
513,718,116,1347
324,451,279,1054
38,642,936,1616
147,111,107,365
43,672,770,1485
130,594,878,1602
357,795,150,1302
159,248,784,1191
24,276,335,635
987,196,414,1597
385,135,61,581
843,16,620,1479
785,363,131,1279
265,366,425,1056
968,967,380,2315
661,788,293,1742
503,865,820,2188
72,441,572,1085
581,477,668,1726
606,683,299,1588
906,600,104,1610
20,801,24,845
388,794,130,1312
612,40,35,687
44,822,620,1486
451,783,537,1771
327,422,52,801
188,126,820,1134
319,551,18,888
308,831,915,2054
775,342,622,1739
637,186,434,1257
159,515,25,699
83,571,840,1494
612,1,217,830
500,939,576,2015
211,244,411,866
944,814,572,2330
355,382,57,794
707,21,731,1459
258,701,575,1534
154,780,528,1462
692,946,502,2140
57,497,184,738
59,458,100,617
370,840,866,2076
874,814,84,1772
507,382,472,1361
939,205,644,1788
454,666,341,1461
122,504,562,1188
967,600,588,2155
614,85,81,780
12,556,748,1316
190,380,743,1313
951,446,946,2343
934,290,800,2024
678,502,168,1348
743,571,178,1492
478,251,487,1216
521,195,507,1223
356,374,407,1137
245,814,429,1488
262,21,210,493
585,225,852,1662
266,246,314,826
390,789,212,1391
334,54,350,738
714,617,275,1606
418,795,445,1658
258,297,418,973
879,833,168,1880
397,417,517,1331
265,924,511,1700
308,843,167,1318
251,698,35,984
336,54,376,766
547,191,750,1488
240,680,21,941
379,31,294,704
559,894,455,1908
566,631,34,1231
938,164,461,1563
811,663,437,1911
2,234,658,894
582,50,548,1180
821,56,501,1378
364,507,467,1338
810,217,275,1302
904,951,596,2451
591,140,632,1363
594,158,234,986
209,62,240,511
786,586,50,1422
822,748,94,1664
617,198,802,1617
393,996,808,2197
730,406,63,1199
897,818,244,1959
895,826,856,2577
828,526,434,1788
1,810,599,1410
498,946,579,2023
157,792,371,1320
195,734,828,1757
138,906,648,1692
262,212,652,1126
155,192,767,1114
134,661,108,903
949,535,684,2168
952,572,307,1831
546,653,532,1731
915,195,88,1198
83,435,151,669
271,270,147,688
143,233,529,905
794,982,886,2662
100,44,687,831
49,443,674,1166
568,71,945,1584
491,139,51,681
30,693,281,1004
15,265,953,1233
610,713,470,1793
772,175,919,1866
95,797,236,1128
736,373,529,1638
896,664,735,2295
767,782,607,2156
948,387,953,2288
425,312,421,1158
257,907,629,1793
771,403,893,2067
268,917,31,1216
67,357,234,658
684,535,893,2112
900,784,587,2271
899,214,494,1607
621,583,450,1654
553,209,6,768
601,649,743,1993
15,616,986,1617
660,736,200,1596
182,418,223,823
177,807,241,1225
988,909,234,2131
269,816,539,1624
82,725,973,1780
794,845,855,2494
882,489,45,1416
504,474,180,1158
882,122,120,1124
586,339,433,1358
527,623,488,1638
661,343,824,1828
356,391,566,1313
905,485,320,1710
951,155,201,1307
843,614,507,1964
86,31,948,1065
476,562,231,1269
886,323,907,2116
188,497,32,717
564,824,318,1706
170,974,237,1381
202,222,55,479
368,370,100,838
590,565,806,1961
635,193,534,1362
977,45,201,1223
983,944,286,2213
61,681,900,1642
595,177,455,1227
580,698,855,2133
964,441,385,1790
903,242,912,2057
22,653,686,1361
305,599,701,1605
193,138,283,614
409,259,702,1370
716,344,978,2038
68,566,305,939
253,442,757,1452
420,365,536,1321
419,868,517,1804
612,475,196,1283
515,676,811,2002
472,276,366,1114
849,680,316,1845
179,629,521,1329
77,290,774,1141
277,584,657,1518
731,145,656,1532
984,523,730,2237
109,136,237,482
570,873,942,2385
240,390,538,1168
274,331,253,858
170,721,886,1777
218,949,339,1506
590,555,541,1686
432,811,911,2154
990,895,502,2387
976,461,168,1605
870,70,718,1658
736,312,322,1370
195,985,557,1737
592,389,348,1329
124,442,848,1414
156,101,45,302
6,136,31,173
785,346,882,2013
237,333,408,978
720,249,565,1534
580,543,631,1754
956,365,763,2084
470,923,602,1995
42,888,608,1538
960,498,777,2235
107,81,829,1017
960,629,997,2586
988,67,251,1306
488,995,53,1536
103,785,457,1345
990,780,118,1888
247,911,302,1460
528,919,942,2389
372,478,542,1392
175,712,211,1098
179,213,590,982
297,736,83,1116
594,450,806,1850
409,993,712,2114
513,466,900,1879
984,273,282,1539
524,289,53,866
841,588,832,2261
96,509,77,682
767,755,781,2303
909,682,328,1919
539,112,927,1578
524,260,427,1211
458,957,491,1906
681,33,574,1288
653,160,261,1074
585,124,489,1198
380,61,344,785
842,264,22,1128
224,136,1000,1360
606,695,705,2006
648,975,279,1902
42,592,51,685
799,831,770,2400
75,78,514,667
664,360,481,1505
663,936,233,1832
507,811,816,2134
581,235,997,1813
555,200,574,1329
132,847,331,1310
999,20,439,1458
267,599,831,1697
904,28,643,1575
838,750,900,2488
714,981,908,2603
782,688,740,2210
830,359,254,1443
360,586,456,1402
449,728,977,2154
320,331,820,1471
232,943,889,2064
997,484,836,2317
68,911,133,1112
964,453,355,1772
802,888,551,2241
394,552,5,951
218,69,25,312
486,334,308,1128
264,34,612,910
805,649,352,1806
236,413,645,1294
316,442,260,1018
170,437,210,817
801,898,431,2130
408,597,41,1046
120,251,531,902
873,798,518,2189
365,783,771,1919
241,802,945,1988
32,448,847,1327
956,331,204,1491
113,789,308,1210
265,414,451,1130
89,532,153,774
636,391,268,1295
255,290,430,975
353,456,547,1356
526,933,933,2392
275,388,204,867
60,982,946,1988
115,696,408,1219
330,204,214,748
6,671,619,1296
136,519,982,1637
93,145,870,1108
380,812,959,2151
215,585,493,1293
342,425,637,1404
451,345,192,988
706,402,508,1616
210,304,955,1469
519,545,528,1592
890,147,680,1717
508,304,996,1808
727,480,868,2075
732,477,258,1467
548,931,197,1676
839,600,641,2080
226,302,915,1443
485,453,927,1865
857,4,468,1329
403,126,42,571
934,838,311,2083
821,37,461,1319
555,744,122,1421
80,519,821,1420
47,829,317,1193
163,865,60,1088
738,892,833,2463
361,680,788,1829
919,25,371,1315
540,456,781,1777
670,759,40,1469
272,548,828,1648
579,982,551,2112
949,223,270,1442
154,132,1000,1286
802,491,348,1641
746,65,926,1737
940,719,295,1954
885,493,154,1532
661,567,736,1964
5,670,677,1352
244,509,665,1418
472,57,682,1211
688,421,262,1371
266,64,305,635
990,966,761,2717
422,983,109,1514
85,96,101,282
42,393,94,529
81,167,645,893
472,318,472,1262
937,248,335,1520
484,502,108,1094
260,124,714,1098
316,924,565,1805
394,403,735,1532
385,479,390,1254
482,489,659,1630
245,758,273,1276
413,390,518,1321
70,165,524,759
80,342,692,1114
833,727,692,2252
399,532,655,1586
398,574,826,1798
853,500,577,1930
317,337,385,1039
686,108,328,1122
114,892,716,1722
32,1,914,947
269,499,246,1014
125,160,895,1180
976,212,10,1198
556,236,18,810
608,350,397,1355
169,963,806,1938
525,246,57,828
96,450,911,1457
858,934,77,1869
319,770,413,1502
345,311,338,994
109,442,726,1277
763,984,881,2628
511,60,751,1322
300,677,114,1091
635,615,245,1495
594,214,330,1138
516,605,10,1131
760,839,520,2119
851,623,380,1854
639,264,435,1338
579,799,709,2087
617,679,650,1946
993,958,637,2588
168,877,318,1363
639,389,642,1670
608,831,40,1479
979,453,868,2300
837,593,941,2371
239,270,346,855
790,951,402,2143
561,99,31,691
531,452,907,1890
203,345,692,1240
892,381,47,1320
357,570,475,1402
163,971,469,1603
246,420,308,974
832,290,690,1812
137,526,206,869
504,136,947,1587
326,911,833,2070
366,363,102,831
281,522,486,1289
534,545,806,1885
263,998,556,1817
626,409,521,1556
91,837,876,1804
930,402,321,1653
494,590,961,2045
116,894,654,1664
357,741,492,1590
283,453,913,1649
52,707,756,1515
837,988,800,2625
762,919,675,2356
486,462,913,1861
516,35,961,1512
679,707,587,1973
227,48,198,473
900,455,565,1920
465,303,981,1749
786,54,296,1136
182,896,329,1407
285,309,197,791
815,154,413,1382
322,77,204,603
712,793,831,2336
215,790,242,1247
606,611,177,1394
469,595,528,1592
886,829,810,2525
998,237,754,1989
163,118,275,556
969,799,634,2402
70,631,325,1026
826,302,330,1458
950,306,318,1574
745,149,260,1154
70,971,150,1191
192,427,137,756
146,310,380,836
967,45,105,1117
357,232,865,1454
727,427,140,1294
897,229,283,1409
962,227,303,1492
242,112,141,495
187,952,451,1590
479,613,285,1377
667,282,338,1287
182,332,301,815
639,255,904,1798
236,819,676,1731
808,394,982,2184
956,201,92,1249
451,655,625,1731
202,819,990,2011
723,639,448,1810
929,511,732,2172
699,776,393,1868
887,785,139,1811
298,318,295,911
506,616,27,1149
848,581,190,1619
639,137,239,1015
701,99,270,1070
597,947,473,2017
416,391,685,1492
772,944,689,2405
692,606,553,1851
997,756,834,2587
532,451,214,1197
509,353,203,1065
67,865,961,1893
322,769,920,2011
459,246,689,1394
859,145,642,1646
951,934,751,2636
665,525,105,1295
185,239,316,740
678,492,134,1304
658,886,421,1965
148,568,846,1562
383,151,39,573
344,200,31,575
352,135,79,566
547,730,964,2241
584,818,631,2033
24,577,130,731
810,202,129,1141
344,71,464,879
362,865,754,1981
599,706,550,1855
181,626,593,1400
674,608,709,1991
830,330,160,1320
131,429,835,1395
532,353,421,1306
236,18,601,855
287,480,166,933
248,446,517,1211
433,246,413,1092
65,485,111,661
570,236,497,1303
910,117,271,1298
795,962,847,2604
229,145,358,732
984,983,30,1997
748,951,830,2529
491,231,473,1195
814,195,803,1812
644,486,237,1367
103,112,792,1007
500,872,439,1811
17,640,384,1041
978,578,21,1577
19,36,501,556
207,652,274,1133
393,988,948,2329
294,785,584,1663
162,43,723,928
510,975,420,1905
406,874,806,2086
865,413,57,1335
100,410,415,925
478,130,563,1171
639,258,702,1599
737,401,892,2030
731,782,602,2115
666,13,743,1422
558,133,924,1615
640,288,765,1693
754,428,882,2064
313,37,559,909
628,942,225,1795
461,394,554,1409
970,999,995,2964
680,420,83,1183
20,979,516,1515
506,756,396,1658
5,975,744,1724
749,738,380,1867
73,950,384,1407
285,805,255,1345
467,890,699,2056
388,500,562,1450
559,157,754,1470
115,201,803,1119
79,661,456,1196
860,864,914,2638
90,225,402,717
726,516,131,1373
160,523,825,1508
75,849,896,1820
816,117,558,1491
673,911,313,1897
750,1000,745,2495
30,935,936,1901
45,655,185,885
790,725,92,1607
339,191,278,808
650,524,752,1926
346,677,296,1319
319,789,29,1137
700,958,847,2505
666,337,188,1191
750,263,311,1324
763,795,54,1612
915,469,389,1773
138,151,949,1238
906,322,805,2033
799,509,115,1423
496,113,187,796
948,283,637,1868
27,693,773,1493
320,251,78,649
466,198,628,1292
285,775,634,1694
240,465,563,1268
798,443,220,1461
298,623,15,936
623,880,92,1595
572,630,561,1763
399,482,738,1619
885,374,331,1590
331,717,757,1805
774,124,37,935
998,320,873,2191
581,789,274,1644
647,166,854,1667
67,999,990,2056
259,544,712,1515
644,548,381,1573
851,266,473,1590
643,214,271,1128
872,230,744,1846
936,297,333,1566
46,590,984,1620
672,511,117,1300
843,154,41,1038
39,124,185,348
90,670,764,1524
391,251,62,704
582,906,617,2105
189,655,182,1026
773,887,408,2068
605,56,377,1038
626,227,902,1755
231,692,91,1014
278,2,210,490
579,864,957,2400
27,28,835,890
742,819,372,1933
247,847,67,1161
327,533,348,1208
868,445,132,1445
816,975,151,1942
812,626,847,2285
581,318,133,1032
955,95,891,1941
379,979,87,1445
806,876,402,2084
153,555,98,806
899,434,82,1415
813,251,409,1473
726,379,599,1704
265,239,241,745
335,391,672,1398
138,513,704,1355
294,998,206,1498
463,378,596,1437
650,624,442,1716
917,733,590,2240
154,291,225,670
90,922,844,1856
716,719,288,1723
688,182,38,908
262,737,180,1179
523,606,385,1514
923,367,318,1608
282,12,385,679
338,609,337,1284
978,76,420,1474
489,2,880,1371
492,645,54,1191
253,256,461,970
424,80,340,844
681,659,572,1912
86,892,964,1942
459,589,561,1609
497,738,219,1454
410,719,680,1809
699,80,435,1214
720,992,218,1930
878,986,932,2796
473,511,931,1915
375,97,84,556
837,993,545,2375
730,657,519,1906
493,576,812,1881
862,325,882,2069
368,239,855,1462
706,442,332,1480
565,529,713,1807
348,882,931,2161
143,516,377,1036
788,353,524,1665
22,61,561,644
324,391,101,816
625,12,357,994
723,583,186,1492
190,725,291,1206
786,713,426,1925
848,83,78,1009
647,565,125,1337
158,585,575,1318
823,204,549,1576
162,482,644,1288
862,364,239,1465
415,120,424,959
532,291,165,988
32,412,859,1303
627,371,589,1587
182,953,138,1273
612,784,5,1401
235,756,813,1804
323,943,823,2089
935,46,239,1220
283,602,549,1434
723,708,794,2225
238,292,707,1237
246,508,411,1165
91,551,134,776
228,323,962,1513
505,465,355,1325
247,554,460,1261
180,84,410,674
104,1,657,762
364,512,878,1754
213,98,733,1044
382,534,380,1296
432,265,826,1523
407,979,536,1922
853,279,297,1429
764,355,281,1400
120,88,512,720
499,983,990,2472
220,939,42,1201
454,303,827,1584
28,642,883,1553
70,261,878,1209
565,723,112,1400
954,539,434,1927
912,804,601,2317
788,925,187,1900
876,431,787,2094
939,893,376,2208
549,126,221,896
855,881,276,2012
435,669,523,1627
218,433,8,659
398,610,542,1550
129,524,170,823
334,240,252,826
152,155,894,1201
780,944,894,2618
619,2,980,1601
465,64,810,1339
660,363,710,1733
718,116,691,1525
855,449,630,1934
931,542,514,1987
959,786,563,2308
721,707,293,1721
669,812,775,2256
201,142,878,1221
373,533,486,1392
175,983,429,1587
112,422,453,987
500,103,827,1430
276,660,733,1669
964,572,227,1763
775,518,667,1960
624,735,447,1806
5,18,153,176
764,542,193,1499
473,264,924,1661
843,900,28,1771
173,148,673,994
352,178,747,1277
706,9,211,926
512,400,283,1195
874,456,919,2249
755,595,853,2203
452,114,253,819
332,201,78,611
529,397,589,1515
833,505,851,2189
280,834,513,1627
876,28,774,1678
856,720,900,2476
766,626,431,1823
390,325,64,779
285,393,44,722
910,66,3,979
518,181,21,720
840,976,825,2641
17,933,746,1696
63,32,291,386
925,212,184,1321
620,951,351,1922
198,217,507,922
737,58,940,1735
127,878,19,1024
661,183,483,1327
824,217,115,1156
727,417,42,1186
194,772,26,992
66,759,661,1486
231,120,892,1243
413,820,237,1470
296,828,349,1473
564,172,341,1077
837,932,261,2030
488,879,82,1449
757,899,611,2267
486,517,149,1152
28,133,604,765
886,119,753,1758
21,415,672,1108
431,401,994,1826
683,985,267,1935
356,221,415,992
470,297,351,1118
470,13,18,501
276,414,830,1520
200,377,370,947
665,814,988,2467
872,182,280,1334
643,79,915,1637
202,113,60,375
676,340,416,1432
644,300,289,1233
345,0,807,1152
199,389,584,1172
455,376,283,1114
365,45,912,1322
42,455,571,1068
546,360,696,1602
73,174,341,588
632,408,430,1470
371,885,978,2234
281,794,196,1271
748,468,198,1414
132,863,545,1540
178,316,848,1342
192,252,69,513
163,679,21,863
589,406,200,1195
973,109,662,1744
820,53,231,1104
786,239,141,1166
368,520,236,1124
720,399,456,1575
856,62,992,1910
260,718,179,1157
652,115,654,1421
850,72,769,1691
234,902,234,1370
477,455,281,1213
32,399,201,632
965,99,857,1921
408,568,628,1604
269,309,931,1509
632,768,838,2238
294,797,17,1108
97,749,195,1041
904,326,344,1574
953,91,236,1280
862,310,442,1614
969,816,303,2088
958,629,584,2171
932,836,548,2316
929,932,521,2382
95,427,357,879
481,383,44,908
568,406,514,1488
258,903,696,1857
985,396,890,2271
998,917,896,2811
727,951,27,1705
76,533,462,1071
525,446,195,1166
951,57,389,1397
438,54,229,721
220,828,450,1498
115,720,898,1733
241,166,555,962
333,49,790,1172
165,363,690,1218
770,71,230,1071
714,805,550,2069
783,365,929,2077
910,599,448,1957
568,712,821,2101
873,541,477,1891
635,236,677,1548
593,13,735,1341
628,953,600,2181
863,297,65,1225
806,694,131,1631
420,356,685,1461
218,694,521,1433
430,843,946,2219
843,120,848,1811
558,456,498,1512
526,359,189,1074
762,87,190,1039
183,444,378,1005
888,768,630,2286
205,779,841,1825
296,147,324,767
103,791,28,922
815,498,285,1598
774,565,423,1762
816,435,221,1472
305,96,248,649
634,850,774,2258
990,148,338,1476
794,995,399,2188
218,525,570,1313
722,500,520,1742
806,949,273,2028
875,332,1000,2207
867,810,364,2041
591,683,528,1802
698,363,172,1233
401,341,415,1157
546,338,747,1631
162,138,140,440
814,641,807,2262
88,320,673,1081
766,984,190,1940
764,653,632,2049
750,579,368,1697
252,294,41,587
269,688,740,1697
654,321,792,1767
852,103,75,1030
726,480,953,2159
290,557,981,1828
121,138,505,764
554,514,887,1955
284,867,333,1484
69,636,53,758
324,733,335,1392
870,339,92,1301
649,175,155,979
645,204,67,916
545,246,634,1425
335,151,774,1260
23,102,83,208
253,266,87,606
888,374,458,1720
504,8,805,1317
672,144,21,837
774,911,513,2198
703,600,963,2266
80,920,359,1359
578,906,344,1828
993,913,124,2030
518,278,648,1444
836,107,834,1777
800,629,544,1973
772,154,192,1118
311,86,325,722
516,819,470,1805
98,373,304,775
704,719,317,1740
458,54,353,865
814,414,154,1382
668,371,129,1168
69,61,997,1127
792,306,391,1489
298,138,367,803
482,535,238,1255
375,675,750,1800
691,155,670,1516
1,500,529,1030
628,969,332,1929
477,271,472,1220
955,404,760,2119
638,661,598,1897
935,950,263,2148
982,985,961,2928
727,831,127,1685
269,785,700,1754
140,476,460,1076
57,599,622,1278
420,818,814,2052
602,719,10,1331
822,337,55,1214
628,722,366,1716
920,948,289,2157
928,919,518,2365
564,520,740,1824
798,557,844,2199
930,7,383,1320
983,776,338,2097
216,141,51,408
206,933,825,1964
162,31,650,843
502,754,537,1793
579,841,252,1672
562,455,225,1242
760,443,91,1294
414,374,579,1367
315,698,477,1490
81,777,57,915
782,810,799,2391
817,802,432,2051
722,289,533,1544
426,746,479,1651
132,893,250,1275
200,972,337,1509
803,534,462,1799
960,920,646,2526
298,208,784,1290
268,515,290,1073
471,280,109,860
925,151,45,1121
689,349,538,1576
184,265,70,519
954,206,140,1300
621,459,786,1866
314,459,802,1575
408,866,272,1546
253,355,375,983
81,325,334,740
556,380,842,1778
588,313,877,1778
111,331,866,1308
322,640,736,1698
290,878,387,1555
253,612,374,1239
857,101,586,1544
915,315,733,1963
379,907,824,2110
370,797,933,2100
710,445,939,2094
848,205,618,1671
239,637,607,1483
418,377,909,1704
428,680,245,1353
363,524,325,1212
172,834,479,1485
64,354,84,502
798,756,558,2112
942,645,449,2036
684,405,4,1093
797,997,157,1951
512,784,791,2087
63,838,704,1605
200,998,249,1447
723,828,90,1641
750,384,397,1531
119,831,889,1839
82,551,140,773
27,291,276,594
225,239,897,1361
157,404,109,670
199,512,595,1306
761,566,626,1953
239,246,105,590
706,499,413,1618
176,621,673,1470
984,180,766,1930
882,336,741,1959
431,528,671,1630
110,106,865,1081
8,191,97,296
408,717,128,1253
505,799,899,2203
0,227,817,1044
897,44,975,1916
348,855,625,1828
787,254,569,1610
244,877,224,1345
525,906,396,1827
633,508,766,1907
951,71,891,1913
57,581,589,1227
545,586,288,1419
513,427,856,1796
524,225,843,1592
26,745,467,1238
449,577,564,1590
638,293,513,1444
658,410,156,1224
311,292,103,706
519,29,562,1110
488,571,722,1781
570,744,245,1559
593,402,265,1260
289,890,942,2121
606,537,681,1824
790,392,593,1775
922,17,936,1875
961,617,461,2039
633,540,778,1951
326,752,404,1482
945,781,321,2047
690,227,244,1161
924,650,324,1898
494,193,904,1591
772,620,361,1753
459,486,124,1069
745,275,248,1268
960,427,862,2249
965,307,399,1671
653,206,564,1423
522,913,141,1576
274,115,776,1165
955,402,252,1609
269,685,963,1917
22,363,883,1268
569,591,839,1999
76,584,307,967
645,340,927,1912
173,997,698,1868
584,550,155,1289
352,755,30,1137
620,531,839,1990
68,833,733,1634
88,146,687,921
171,801,507,1479
863,977,169,2009
991,904,525,2420
579,411,835,1825
972,997,13,1982
20,845,234,1099
269,991,22,1282
634,490,771,1895
569,928,639,2136
554,666,66,1286
213,52,779,1044
245,339,116,700
22,606,942,1570
350,314,40,704
312,464,498,1274
680,557,434,1671
135,892,802,1829
828,996,718,2542
749,201,577,1527
460,707,716,1883
946,420,310,1676
911,401,500,1812
840,499,350,1689
842,801,12,1655
170,597,938,1705
724,300,223,1247
755,970,193,1918
515,847,756,2118
66,42,646,754
584,82,306,972
398,102,599,1099
728,39,45,812
576,71,719,1366
720,951,634,2305
697,928,37,1662
422,33,262,717
685,727,368,1780
19,991,823,1833
632,288,119,1039
733,485,870,2088
611,280,799,1690
855,214,873,1942
674,943,298,1915
808,777,183,1768
610,136,480,1226
973,229,379,1581
337,952,177,1466
628,573,995,2196
700,136,148,984
281,134,613,1028
581,254,197,1032
762,451,276,1489
84,737,469,1290
654,638,472,1764
917,220,909,2046
984,901,179,2064
371,443,189,1003
98,113,880,1091
29,697,347,1073
977,258,851,2086
730,448,224,1402
11,856,216,1083
613,191,133,937
368,509,719,1596
333,469,949,1751
769,347,623,1739
653,573,97,1323
946,880,601,2427
347,137,209,693
565,748,234,1547
278,115,396,789
693,275,714,1682
109,441,835,1385
116,170,318,604
440,374,883,1697
178,8,18,204
766,44,973,1783
617,460,872,1949
994,485,902,2381
828,297,729,1854
301,517,386,1204
939,294,568,1801
41,871,159,1071
280,726,614,1620
663,471,186,1320
527,975,634,2136
902,753,505,2160
969,285,22,1276
622,636,634,1892
50,422,781,1253
643,802,417,1862
270,820,410,1500
475,105,309,889
700,566,74,1340
897,359,917,2173
552,559,935,2046
146,324,750,1220
618,200,996,1814
322,382,865,1569
828,743,533,2104
104,644,495,1243
422,753,574,1749
719,941,328,1988
915,324,754,1993
581,511,396,1488
504,655,456,1615
123,612,453,1188
334,301,778,1413
846,833,297,1976
11,886,575,1472
654,172,980,1806
865,748,562,2175
93,457,787,1337
7,362,726,1095
462,152,375,989
50,17,954,1021
195,747,168,1110
371,468,754,1593
31,422,939,1392
310,847,541,1698
327,522,14,863
564,672,741,1977
20,47,354,421
965,427,594,1986
747,618,78,1443
148,362,883,1393
327,504,266,1097
189,172,427,788
527,122,657,1306
185,515,549,1249
572,918,237,1727
264,423,561,1248
297,734,46,1077
513,972,58,1543
276,557,202,1035
384,397,542,1323
589,565,515,1669
659,675,271,1605
506,980,751,2237
110,489,140,739
907,195,396,1498
541,10,60,611
747,950,861,2558
918,91,136,1145
808,662,980,2450
283,565,668,1516
15,616,423,1054
906,63,996,1965
142,760,843,1745
564,231,794,1589
715,205,331,1251
145,630,351,1126
483,168,269,920
432,654,195,1281
614,878,452,1944
300,865,155,1320
951,384,518,1853
760,152,736,1648
186,664,615,1465
732,566,213,1511
599,88,588,1275
915,99,427,1441
633,306,44,983
560,197,205,962
127,694,334,1155
763,78,672,1513
216,326,627,1169
976,667,585,2228
400,41,129,570
483,877,97,1457
841,480,999,2320
13,155,429,597
753,559,984,2296
743,183,618,1544
563,950,581,2094
451,113,508,1072
280,121,308,709
138,399,628,1165
364,264,675,1303
533,675,266,1474
579,133,657,1369
816,291,810,1917
356,622,821,1799
916,445,834,2195
286,610,479,1375
49,92,256,397
832,799,386,2017
567,554,682,1803
832,390,756,1978
395,830,482,1707
447,464,988,1899
714,819,332,1865
755,67,611,1433
557,331,455,1343
825,88,162,1075
343,38,571,952
142,753,465,1360
11,345,463,819
652,678,385,1715
19,940,941,1900
884,591,340,1815
292,140,603,1035
348,697,992,2037
967,719,791,2477
477,904,575,1956
364,60,513,937
925,826,746,2497
145,518,812,1475
471,742,938,2151
13,943,293,1249
455,767,386,1608
841,566,567,1974
451,645,41,1137
888,652,579,2119
248,916,238,1402
795,841,276,1912
478,228,900,1606
54,237,590,881
207,278,155,640
584,878,364,1826
599,970,357,1926
423,464,812,1699
876,135,466,1477
899,47,729,1675
137,100,735,972
303,550,326,1179
179,428,584,1191
51,72,915,1038
504,284,601,1389
934,942,118,1994
280,785,81,1146
559,896,426,1881
969,398,513,1880
42,743,378,1163
454,532,288,1274
489,153,141,783
710,241,823,1774
601,1000,695,2296
63,907,207,1177
426,840,848,2114
142,721,52,915
758,469,2,1229
500,345,960,1805
485,440,389,1314
114,323,539,976
433,144,227,804
199,423,360,982
855,327,519,1701
916,495,605,2016
714,309,0,1023
260,850,720,1830
187,554,761,1502
962,291,123,1376
305,0,274,579
239,621,30,890
484,826,196,1506
970,520,79,1569
189,438,237,864
170,874,455,1499
843,335,863,2041
889,540,127,1556
639,964,43,1646
218,878,237,1333
911,916,998,2825
420,590,686,1696
158,200,226,584
990,240,724,1954
364,459,903,1726
393,457,194,1044
436,495,123,1054
81,329,873,1283
189,918,986,2093
526,447,188,1161
550,280,449,1279
66,441,489,996
579,985,799,2363
246,58,697,1001
173,228,207,608
84,61,807,952
140,299,401,840
289,141,117,547
600,852,388,1840
425,777,31,1233
728,454,865,2047
266,886,723,1875
172,809,637,1618
265,831,552,1648
887,923,382,2192
552,303,177,1032
387,172,218,777
225,592,896,1713
668,977,75,1720
6,164,418,588
387,276,340,1003
155,312,13,480
976,808,300,2084
810,706,127,1643
442,415,530,1387
935,645,854,2434
436,58,519,1013
549,647,984,2180
9,476,263,748
5,414,842,1261
143,883,93,1119
292,61,175,528
418,765,942,2125
511,310,428,1249
325,336,366,1027
212,641,638,1491
340,361,799,1500
927,926,647,2500
574,1000,70,1644
621,309,220,1150
768,204,121,1093
525,489,434,1448
255,816,940,2011
971,660,686,2317
726,125,310,1161
18,624,857,1499
808,577,795,2180
558,351,419,1328
152,985,744,1881
706,552,530,1788
585,173,728,1486
954,303,36,1293
763,414,93,1270
54,836,672,1562
854,815,355,2024
224,144,387,755
689,451,240,1380
166,235,578,979
755,319,341,1415
967,198,908,2073
656,853,274,1783
454,649,883,1986
46,965,288,1299
680,611,603,1894
593,601,268,1462
259,687,674,1620
344,281,819,1444
425,196,966,1587
608,747,5,1360
288,175,555,1018
11,909,364,1284
970,754,922,2646
421,539,316,1276
518,51,408,977
973,222,724,1919
181,312,391,884
651,878,140,1669
765,457,724,1946
96,70,974,1140
742,637,591,1970
653,627,537,1817
794,945,149,1888
721,284,564,1569
994,542,615,2151
684,480,189,1353
484,501,537,1522
874,654,857,2385
846,530,277,1653
525,828,813,2166
700,863,526,2089
787,17,778,1582
410,276,285,971
113,701,557,1371
506,359,969,1834
892,973,292,2157
224,797,639,1660
737,268,367,1372
623,979,132,1734
277,928,409,1614
764,392,217,1373
612,621,867,2100
467,511,881,1859
135,386,309,830
949,959,413,2321
900,989,799,2688
728,198,596,1522
641,788,808,2237
626,41,209,876
399,420,353,1172
246,433,302,981
615,496,401,1512
408,585,330,1323
745,729,536,2010
102,694,137,933
883,609,583,2075
353,529,927,1809
905,11,68,984
546,463,640,1649
734,992,292,2018
769,296,76,1141
320,763,916,1999
310,125,33,468
169,380,424,973
348,374,788,1510
987,674,882,2543
325,401,126,852
673,284,633,1590
903,675,348,1926
26,641,869,1536
412,792,708,1912
2,779,752,1533
999,889,677,2565
418,989,284,1691
497,192,517,1206
160,608,9,777
39,895,901,1835
0,857,196,1053
226,712,795,1733
147,973,855,1975
145,77,989,1211
432,435,713,1580
311,915,37,1263
766,654,940,2360
956,333,533,1822
606,923,954,2483
408,406,535,1349
802,305,245,1352
789,104,606,1499
220,565,298,1083
837,743,926,2506
901,142,949,1992
436,860,361,1657
384,747,904,2035
928,186,706,1820
481,814,401,1696
994,28,834,1856
911,434,912,2257
107,261,693,1061
364,150,10,524
962,416,219,1597
768,694,160,1622
680,953,259,1892
97,387,865,1349
891,686,432,2009
591,92,233,916
244,183,465,892
257,219,985,1461
823,785,725,2333
12,380,5,397
449,582,74,1105
746,663,41,1450
226,874,701,1801
161,386,192,739
647,325,837,1809
439,8,427,874
482,95,643,1220
724,284,89,1097
599,192,631,1422
453,359,158,970
403,781,184,1368
88,415,935,1438
569,755,419,1743
452,597,909,1958
341,597,397,1335
854,142,0,996
806,418,54,1278
64,14,980,1058
869,609,425,1903
156,53,817,1026
153,168,829,1150
333,98,100,531
684,11,139,834
411,644,31,1086
383,118,721,1222
936,288,201,1425
651,396,71,1118
122,642,681,1445
883,780,892,2555
587,194,84,865
462,465,270,1197
528,443,405,1376
18,875,190,1083
303,323,713,1339
59,989,242,1290
47,129,516,692
170,543,451,1164
350,969,497,1816
419,330,545,1294
736,467,622,1825
3,599,682,1284
555,43,700,1298
389,639,350,1378
598,609,611,1818
400,991,590,1981
264,590,807,1661
569,602,423,1594
107,579,191,877
293,508,876,1677
416,237,309,962
856,290,902,2048
903,404,40,1347
312,199,241,752
52,19,644,715
804,535,993,2332
526,572,732,1830
641,658,844,2143
437,789,456,1682
403,837,993,2233
486,241,670,1397
619,718,826,2163
758,500,292,1550
885,275,541,1701
263,725,616,1604
427,278,436,1141
133,405,554,1092
601,895,702,2198
59,633,928,1620
606,693,916,2215
543,103,346,992
364,883,633,1880
50,926,841,1817
569,502,203,1274
427,164,10,601
800,632,563,1995
572,687,547,1806
940,130,374,1444
431,156,10,597
269,337,627,1233
346,442,510,1298
49,91,942,1082
217,39,485,741
910,735,561,2206
206,371,388,965
203,937,560,1700
904,661,687,2252
316,977,453,1746
835,162,384,1381
723,533,118,1374
92,362,199,653
388,45,353,786
246,589,705,1540
927,959,534,2420
162,324,104,590
4,776,553,1333
996,13,218,1227
461,915,472,1848
862,446,286,1594
787,20,762,1569
615,436,360,1411
907,120,618,1645
554,606,990,2150
514,417,684,1615
9,798,902,1709
562,197,830,1589
720,914,35,1669
148,607,167,922
74,582,686,1342
567,102,323,992
102,815,849,1766
454,651,381,1486
198,514,433,1145
671,149,12,832
989,432,702,2123
548,774,84,1406
190,259,845,1294
609,120,668,1397
217,243,386,846
302,160,679,1141
157,41,13,211
858,129,827,1814
449,454,1000,1903
648,918,938,2504
85,159,501,745
889,712,59,1660
299,97,586,982
858,451,909,2218
108,385,566,1059
171,472,165,808
735,258,377,1370
24,54,295,373
365,135,339,839
505,152,252,909
398,559,700,1657
861,554,656,2071
40,399,25,464
992,157,159,1308
501,172,337,1010
566,876,995,2437
703,368,582,1653
454,25,689,1168
936,342,951,2229
837,567,887,2291
11,776,382,1169
957,889,79,1925
263,459,508,1230
327,771,598,1696
132,584,79,795
195,425,495,1115
228,696,473,1397
283,997,703,1983
212,580,869,1661
853,560,343,1756
488,822,855,2165
511,203,49,763
938,727,29,1694
219,210,939,1368
895,536,898,2329
535,437,173,1145
793,938,654,2385
468,253,95,816
977,50,803,1830
124,372,566,1062
640,333,71,1044
667,569,669,1905
977,782,912,2671
906,1000,738,2644
730,138,791,1659
706,898,933,2537
620,732,562,1914
29,914,280,1223
301,628,373,1302
186,193,352,731
302,811,557,1670
876,808,505,2189
999,339,326,1664
432,155,539,1126
860,757,220,1837
799,12,994,1805
12,253,499,764
763,482,857,2102
433,776,422,1631
1,396,668,1065
706,579,823,2108
275,504,253,1032
631,227,601,1459
463,867,974,2304
777,867,753,2397
946,95,414,1455
866,102,504,1472
423,907,102,1432
629,548,37,1214
667,891,276,1834
49,982,828,1859
798,477,270,1545
19,254,609,882
732,178,508,1418
731,180,617,1528
186,360,466,1012
439,172,315,926
756,453,667,1876
88,664,638,1390
335,26,684,1045
26,931,914,1871
954,769,474,2197
706,536,614,1856
6,255,286,547
813,1,161,975
791,46,712,1549
971,607,449,2027
706,105,603,1414
935,689,242,1866
61,985,91,1137
412,794,958,2164
864,419,550,1833
703,946,621,2270
212,510,392,1114
76,192,761,1029
951,538,228,1717
967,902,277,2146
340,897,520,1757
776,826,566,2168
27,791,786,1604
75,689,940,1704
267,101,431,799
371,420,176,967
940,86,329,1355
529,429,195,1153
516,414,33,963
195,232,568,995
477,757,958,2192
236,503,683,1422
226,726,292,1244
441,840,741,2022
270,549,998,1817
663,442,977,2082
713,699,305,1717
509,683,333,1525
728,542,13,1283
677,990,134,1801
347,515,796,1658
686,509,146,1341
334,49,811,1194
667,461,677,1805
316,832,518,1666
172,581,663,1416
32,491,277,800
1,936,424,1361
706,751,369,1826
675,593,401,1669
709,467,491,1667
597,608,474,1679
198,878,605,1681
0,596,703,1299
982,654,444,2080
789,278,479,1546
580,314,536,1430
326,481,801,1608
951,895,859,2705
888,41,654,1583
522,628,977,2127
381,567,978,1926
150,284,810,1244
465,532,14,1011
499,717,373,1589
732,66,6,804
13,72,320,405
245,986,98,1329
327,975,640,1942
535,23,446,1004
374,198,35,607
728,819,818,2365
377,350,168,895
686,428,870,1984
242,364,915,1521
618,581,175,1374
692,10,761,1463
30,448,911,1389
491,471,409,1371
301,185,836,1322
105,891,197,1193
877,583,49,1509
565,47,247,859
954,346,9,1309
950,422,446,1818
910,957,733,2600
247,22,625,894
560,315,78,953
696,55,557,1308
48,164,820,1032
171,276,478,925
859,789,619,2267
793,636,46,1475
328,734,291,1353
300,636,940,1876
795,187,106,1088
654,639,194,1487
115,220,323,658
544,355,217,1116
473,144,823,1440
975,792,985,2752
345,450,794,1589
241,751,297,1289
586,341,440,1367
941,430,147,1518
523,28,761,1312
99,110,117,326
362,298,970,1630
862,477,800,2139
418,108,905,1431
860,799,844,2503
226,791,120,1137
570,679,819,2068
985,66,358,1409
69,893,36,998
793,506,545,1844
933,534,695,2162
551,540,318,1409
999,315,406,1720
425,592,387,1404
954,277,269,1500
703,647,843,2193
332,587,121,1040
731,235,64,1030
493,751,672,1916
117,666,490,1273
656,891,572,2119
838,582,739,2159
702,77,160,939
20,545,606,1171
200,436,851,1487
535,267,620,1422
856,579,428,1863
828,360,931,2119
773,247,490,1510
83,661,837,1581
833,80,30,943
442,972,996,2410
980,847,172,1999
669,697,218,1584
418,649,552,1619
167,862,836,1865
519,160,223,902
483,453,94,1030
275,817,92,1184
865,542,986,2393
548,241,673,1462
802,724,468,1994
256,38,627,921
295,274,642,1211
442,23,910,1375
476,678,631,1785
798,532,268,1598
605,513,233,1351
952,245,617,1814
879,369,134,1382
928,539,188,1655
867,836,760,2463
46,174,348,568
700,2,287,989
777,657,162,1596
771,71,534,1376
460,889,407,1756
892,160,19,1071
73,961,920,1954
396,655,803,1854
953,278,2,1233
950,89,927,1966
940,360,777,2077
451,978,853,2282
887,870,408,2165
144,791,745,1680
245,569,705,1519
394,638,319,1351
966,499,228,1693
175,274,378,827
25,972,161,1158
669,587,310,1566
933,571,172,1676
968,183,294,1445
383,208,465,1056
482,612,429,1523
893,221,85,1199
59,547,552,1158
379,885,444,1708
519,886,51,1456
293,731,591,1615
706,781,690,2177
758,873,802,2433
537,818,939,2294
137,295,308,740
787,834,753,2374
657,722,357,1736
462,866,819,2147
962,65,101,1128
375,448,143,966
214,382,698,1294
217,360,936,1513
510,331,792,1633
296,759,617,1672
111,408,13,532
448,6,745,1199
684,340,748,1772
29,167,568,764
903,910,268,2081
819,731,54,1604
655,34,785,1474
228,306,950,1484
382,630,213,1225
877,997,920,2794
94,950,406,1450
588,498,613,1699
615,541,965,2121
418,928,39,1385
754,498,642,1894
469,883,801,2153
364,705,203,1272
53,476,378,907
135,633,347,1115
302,420,929,1651
491,506,230,1227
417,749,686,1852
294,530,656,1480
239,102,475,816
824,659,799,2282
669,129,559,1357
858,682,622,2162
968,624,405,1997
93,405,996,1494
938,974,410,2322
476,799,751,2026
525,817,818,2160
590,138,698,1426
793,13,732,1538
330,557,236,1123
758,626,704,2088
623,881,361,1865
210,543,258,1011
826,799,678,2303
676,614,508,1798
473,103,436,1012
266,108,807,1181
577,774,596,1947
243,902,344,1489
379,452,119,950
494,799,323,1616
767,114,55,936
234,68,759,1061
309,97,446,852
915,532,953,2400
131,177,0,308
917,756,24,1697
372,193,545,1110
992,246,294,1532
919,474,619,2012
801,454,512,1767
661,1000,902,2563
870,218,195,1283
760,306,104,1170
71,808,516,1395
573,112,899,1584
343,976,879,2198
656,960,675,2291
574,65,396,1035
3,813,109,925
926,740,182,1848
178,260,4,442
841,893,875,2609
583,681,803,2067
818,238,933,1989
773,604,821,2198
463,94,391,948
916,306,839,2061
654,456,15,1125
612,635,552,1799
132,979,299,1410
542,142,364,1048
95,455,695,1245
737,405,333,1475
627,864,597,2088
680,376,524,1580
298,283,686,1267
554,803,232,1589
60,462,29,551
274,959,970,2203
510,737,566,1813
387,334,931,1652
264,62,812,1138
434,700,583,1717
781,518,303,1602
578,919,121,1618
974,562,133,1669
886,971,553,2410
354,800,900,2054
871,464,731,2066
238,302,740,1280
80,464,492,1036
450,100,24,574
445,99,136,680
259,366,952,1577
276,396,198,870
330,47,84,461
722,356,72,1150
513,505,75,1093
672,756,328,1756
700,455,135,1290
630,630,147,1407
29,647,478,1154
991,352,272,1615
145,884,286,1315
881,498,762,2141
191,460,25,676
56,962,123,1141
801,451,412,1664
629,9,157,795
38,795,189,1022
370,111,566,1047
721,200,487,1408
775,987,53,1815
33,502,411,946
850,705,293,1848
437,75,574,1086
568,482,123,1173
845,187,73,1105
480,621,750,1851
10,108,151,269
640,689,385,1714
361,749,174,1284
620,844,935,2399
705,988,12,1705
779,174,289,1242
616,603,428,1647
180,657,509,1346
845,8,320,1173
900,675,960,2535
660,564,75,1299
707,843,390,1940
325,586,966,1877
405,592,939,1936
421,168,401,990
275,207,167,649
128,569,390,1087
1000,508,692,2200
262,248,909,1419
190,430,171,791
978,364,788,2130
139,872,888,1899
283,604,753,1640
55,50,265,370
445,539,588,1572
580,272,234,1086
40,570,148,758
874,43,877,1794
532,825,993,2350
898,230,42,1170
117,801,324,1242
805,995,200,2000
51,217,663,931
233,890,736,1859
542,221,218,981
444,640,235,1319
731,519,274,1524
449,209,905,1563
995,494,357,1846
143,660,895,1698
432,458,718,1608
497,95,805,1397
0,551,840,1391
960,359,124,1443
742,159,184,1085
715,738,803,2256
227,530,207,964
92,74,306,472
192,249,180,621
304,324,113,741
641,558,617,1816
152,416,949,1517
766,265,441,1472
629,644,502,1775
863,971,559,2393
154,376,584,1114
685,168,768,1621
811,382,734,1927
456,179,64,699
225,317,619,1161
300,160,987,1447
615,324,242,1181
351,396,608,1355
378,844,632,1854
684,53,484,1221
204,419,68,691
412,794,134,1340
995,467,950,2412
611,386,670,1667
970,600,5,1575
355,111,556,1022
58,19,980,1057
703,523,352,1578
570,706,89,1365
736,399,199,1334
732,267,106,1105
134,293,777,1204
509,532,441,1482
252,708,682,1642
234,32,510,776
592,395,322,1309
351,968,574,1893
970,64,828,1862
149,993,357,1499
856,629,355,1840
711,188,612,1511
650,491,223,1364
803,595,726,2124
945,738,557,2240
106,343,724,1173
100,673,715,1488
455,857,130,1442
218,470,74,762
262,116,307,685
794,71,788,1653
790,724,59,1573
541,866,370,1777
659,595,167,1421
538,864,582,1984
497,834,897,2228
388,115,294,797
12,642,965,1619
828,842,641,2311
376,474,762,1612
303,336,721,1360
97,782,486,1365
788,108,370,1266
253,230,876,1359
841,699,586,2126
211,965,597,1773
453,239,597,1289
802,639,839,2280
603,547,968,2118
936,385,80,1401
324,821,460,1605
123,353,495,971
262,106,597,965
492,91,253,836
678,912,715,2305
52,245,564,861
65,530,154,749
713,335,640,1688
457,686,238,1381
358,900,319,1577
410,296,304,1010
243,704,305,1252
410,744,786,1940
225,943,595,1763
128,934,98,1160
949,689,487,2125
390,646,920,1956
50,427,484,961
948,185,369,1502
846,254,759,1859
166,22,237,425
535,904,760,2199
363,108,66,537
411,396,815,1622
310,325,685,1320
238,714,539,1491
794,767,692,2253
593,318,504,1415
290,941,499,1730
302,469,161,932
974,702,213,1889
507,684,518,1709
80,465,1,546
249,327,332,908
741,627,963,2331
782,562,306,1650
2,853,748,1603
124,542,861,1527
661,310,331,1302
753,280,307,1340
334,656,669,1659
161,527,595,1283
614,922,316,1852
170,388,250,808
284,353,77,714
798,21,202,1021
593,209,664,1466
351,515,187,1053
497,612,846,1955
684,896,617,2197
683,833,117,1633
306,591,719,1616
114,915,109,1138
19,673,10,702
326,950,121,1397
82,681,818,1581
980,615,736,2331
963,598,170,1731
0,827,666,1493
361,463,132,956
587,285,805,1677
476,168,63,707
791,586,123,1500
661,10,857,1528
170,999,132,1301
246,512,604,1362
337,851,126,1314
940,843,100,1883
524,232,204,960
556,611,94,1261
305,810,857,1972
939,748,764,2451
506,870,269,1645
221,252,112,585
634,429,614,1677
386,216,260,862
198,56,887,1141
484,222,446,1152
499,389,927,1815
334,80,249,663
262,258,970,1490
283,262,203,748
688,756,251,1695
803,740,405,1948
303,681,859,1843
10,580,111,701
446,566,809,1821
837,422,381,1640
12,440,271,723
694,448,979,2121
88,12,483,583
621,593,622,1836
382,422,341,1145
28,710,733,1471
866,902,871,2639
434,361,399,1194
405,510,736,1651
802,773,844,2419
127,451,508,1086
615,73,64,752
423,274,619,1316
881,861,61,1803
102,684,621,1407
410,31,284,725
10,741,50,801
663,976,587,2226
589,33,706,1328
759,767,733,2259
891,97,829,1817
738,114,897,1749
999,395,403,1797
905,377,673,1955
714,263,71,1048
387,578,12,977
920,847,657,2424
403,728,913,2044
43,340,201,584
131,429,921,1481
906,301,265,1472
340,116,270,726
48,446,971,1465
232,84,973,1289
669,997,782,2448
226,567,588,1381
231,478,418,1127
954,741,777,2472
834,606,701,2141
230,491,725,1446
207,141,172,520
708,457,493,1658
109,967,125,1201
571,846,289,1706
570,382,293,1245
79,250,710,1039
400,51,211,662
603,312,472,1387
377,390,512,1279
128,922,543,1593
613,865,55,1533
269,20,924,1213
268,273,132,673
493,339,984,1816
504,765,364,1633
804,748,565,2117
844,969,560,2373
662,788,912,2362
682,479,595,1756
385,701,123,1209
269,706,571,1546
254,127,853,1234
266,750,188,1204
620,584,87,1291
89,692,698,1479
147,778,18,943
167,436,504,1107
390,62,366,818
509,950,452,1911
922,151,310,1383
367,590,552,1509
891,283,455,1629
350,130,254,734
225,982,508,1715
495,84,950,1529
489,114,767,1370
791,50,509,1350
290,752,604,1646
96,110,55,261
94,112,443,649
227,572,505,1304
749,484,715,1948
180,27,595,802
102,369,423,894
41,957,509,1507
380,200,93,673
208,544,871,1623
272,484,230,986
844,443,213,1500
393,156,198,747
688,537,986,2211
91,386,313,790
841,640,523,2004
592,816,360,1768
765,179,988,1932
225,558,309,1092
760,882,393,2035
488,436,912,1836
352,387,767,1506
625,375,975,1975
759,903,596,2258
448,115,732,1295
995,967,921,2883
605,669,574,1848
471,681,745,1897
223,858,216,1297
440,696,526,1662
208,599,367,1174
100,788,835,1723
967,570,73,1610
389,771,966,2126
556,106,453,1115
776,97,447,1320
380,831,47,1258
737,539,704,1980
395,532,890,1817
633,514,763,1910
208,432,339,979
520,299,659,1478
300,305,739,1344
406,889,455,1750
362,453,454,1269
881,839,650,2370
373,873,966,2212
270,985,108,1363
698,442,149,1289
82,693,834,1609
405,554,580,1539
405,937,299,1641
456,401,933,1790
981,887,744,2612
944,353,53,1350
235,445,715,1395
879,892,520,2291
443,539,599,1581
54,481,207,742
564,134,639,1337
637,390,81,1108
321,861,735,1917
694,783,471,1948
734,923,782,2439
71,665,439,1175
133,165,539,837
186,411,120,717
330,552,327,1209
814,128,708,1650
180,484,493,1157
260,482,763,1505
338,270,812,1420
544,673,59,1276
686,635,631,1952
15,86,991,1092
102,982,449,1533
617,686,62,1365
124,128,984,1236
775,462,376,1613
80,596,77,753
257,744,130,1131
622,237,664,1523
417,590,473,1480
483,49,42,574
311,685,849,1845
321,635,271,1227
141,500,643,1284
538,770,746,2054
841,680,94,1615
173,554,367,1094
926,963,388,2277
294,830,612,1736
382,994,283,1659
155,720,811,1686
630,674,141,1445
322,775,315,1412
468,311,79,858
592,626,790,2008
245,632,492,1369
330,338,875,1543
714,379,781,1874
297,84,249,630
970,671,216,1857
974,537,671,2182
90,61,938,1089
971,227,307,1505
2,187,999,1188
601,341,427,1369
12,62,704,778
845,892,749,2486
210,430,400,1040
157,536,979,1672
974,28,839,1841
636,601,75,1312
831,677,593,2101
232,535,696,1463
20,618,584,1222
627,746,970,2343
193,354,189,736
383,745,843,1971
395,346,602,1343
29,547,51,627
943,570,169,1682
551,350,11,912
947,387,956,2290
356,399,304,1059
792,867,485,2144
52,438,351,841
90,605,771,1466
755,541,83,1379
335,419,326,1080
261,210,191,662
324,561,201,1086
198,823,273,1294
220,766,844,1830
252,31,812,1095
939,58,995,1992
266,393,233,892
62,306,559,927
869,104,757,1730
734,968,495,2197
561,3,169,733
157,568,751,1476
996,676,618,2290
355,522,853,1730
448,585,767,1800
55,936,175,1166
690,446,745,1881
9,389,531,929
862,344,268,1474
514,737,474,1725
280,631,479,1390
968,687,227,1882
296,467,273,1036
73,878,411,1362
823,554,674,2051
878,498,492,1868
673,968,949,2590
995,650,858,2503
509,972,248,1729
928,559,722,2209
811,710,590,2111
705,880,53,1638
128,440,687,1255
212,399,663,1274
843,641,238,1722
262,57,983,1302
764,533,604,1901
981,985,426,2392
719,969,142,1830
228,974,956,2158
725,321,405,1451
484,595,646,1725
613,600,599,1812
595,914,399,1908
374,168,759,1301
414,190,516,1120
518,930,516,1964
711,79,105,895
401,307,88,796
411,293,171,875
668,574,974,2216
20,402,133,555
575,460,266,1301
582,946,233,1761
938,316,5,1259
390,443,653,1486
937,608,33,1578
790,783,906,2479
991,12,306,1309
172,863,277,1312
680,250,224,1154
544,568,33,1145
628,838,664,2130
310,318,777,1405
279,816,685,1780
872,586,833,2291
741,384,465,1590
920,345,577,1842
110,926,304,1340
452,352,138,942
205,343,255,803
408,529,621,1558
107,684,633,1424
906,962,949,2817
233,836,760,1829
600,879,739,2218
398,191,453,1042
234,391,588,1213
639,952,809,2400
579,884,456,1919
2,539,674,1215
548,555,251,1354
155,848,681,1684
355,81,110,546
343,453,959,1755
691,536,736,1963
1000,263,688,1951
287,94,355,736
963,103,985,2051
684,148,853,1685
296,766,370,1432
470,520,20,1010
821,956,332,2109
749,653,876,2278
450,805,318,1573
983,368,309,1660
761,462,777,2000
481,945,798,2224
865,798,996,2659
713,242,921,1876
491,220,814,1525
382,613,858,1853
478,712,915,2105
892,601,50,1543
956,397,500,1853
251,949,636,1836
598,876,568,2042
685,460,407,1552
611,728,821,2160
832,298,898,2028
623,643,499,1765
647,777,122,1546
9,844,615,1468
626,149,73,848
255,53,289,597
481,156,527,1164
775,203,437,1415
818,319,845,1982
517,969,550,2036
48,806,994,1848
748,463,978,2189
478,797,678,1953
508,350,62,920
131,862,785,1778
983,704,988,2675
858,261,367,1486
908,346,604,1858
938,701,57,1696
253,185,777,1215
185,566,856,1607
81,753,440,1274
303,969,609,1881
774,823,482,2079
270,44,26,340
211,385,57,653
485,329,29,843
217,641,858,1716
124,822,760,1706
235,458,565,1258
603,972,221,1796
273,639,353,1265
966,33,18,1017
80,936,759,1775
684,58,205,947
641,78,894,1613
963,76,650,1689
998,131,416,1545
548,940,493,1981
134,927,450,1511
420,66,244,730
774,117,106,997
716,718,852,2286
793,976,572,2341
565,673,411,1649
615,43,398,1056
590,818,445,1853
289,39,358,686
214,348,177,739
239,512,985,1736
267,798,821,1886
597,281,764,1642
399,579,448,1426
710,771,479,1960
730,78,350,1158
563,441,824,1828
828,32,361,1221
355,347,354,1056
664,267,208,1139
431,956,220,1607
338,689,228,1255
476,926,896,2298
333,390,173,896
640,302,144,1086
892,548,177,1617
791,965,940,2696
251,978,859,2088
576,506,222,1304
631,498,140,1269
398,925,757,2080
511,435,916,1862
123,683,496,1302
543,34,157,734
946,222,131,1299
999,749,847,2595
891,891,509,2291
793,740,496,2029
810,286,125,1221
782,184,405,1371
440,483,577,1500
207,694,13,914
535,635,253,1423
221,735,665,1621
11,235,391,637
404,253,62,719
356,931,823,2110
329,693,786,1808
12,515,767,1294
951,61,348,1360
121,949,120,1190
623,123,1000,1746
191,36,842,1069
514,118,197,829
363,630,759,1752
527,289,564,1380
18,799,122,939
422,162,849,1433
320,847,677,1844
680,495,166,1341
618,340,273,1231
958,254,768,1980
864,676,123,1663
953,644,392,1989
819,586,567,1972
493,372,943,1808
718,10,456,1184
637,578,212,1427
365,273,923,1561
629,678,725,2032
44,870,863,1777
463,256,443,1162
992,562,76,1630
353,935,149,1437
404,32,18,454
355,411,52,818
307,496,690,1493
856,592,542,1990
230,421,574,1225
477,936,126,1539
926,431,597,1954
759,998,502,2259
407,318,211,936
371,777,301,1449
467,324,173,964
906,855,501,2262
760,823,506,2089
261,358,911,1530
173,186,531,890
472,197,111,780
153,1000,428,1581
290,747,65,1102
991,548,821,2360
320,939,96,1355
419,910,214,1543
587,985,539,2111
331,308,788,1427
55,466,969,1490
310,427,660,1397
813,86,424,1323
880,849,956,2685
283,181,853,1317
45,834,409,1288
117,284,883,1284
203,489,712,1404
340,167,493,1000
694,601,755,2050
274,466,839,1579
130,964,812,1906
768,29,319,1116
226,390,443,1059
608,768,666,2042
791,817,976,2584
841,315,985,2141
642,316,78,1036
45,126,641,812
684,279,421,1384
91,739,384,1214
646,16,611,1273
41,716,428,1185
543,978,581,2102
538,446,848,1832
702,746,709,2157
993,714,172,1879
763,800,154,1717
11,200,589,800
455,381,828,1664
74,31,148,253
203,574,200,977
674,314,957,1945
469,521,690,1680
392,889,4,1285
915,382,366,1663
423,471,714,1608
120,286,843,1249
524,417,564,1505
297,948,966,2211
801,671,779,2251
744,192,172,1108
526,855,379,1760
531,505,479,1515
810,693,635,2138
327,565,220,1112
440,556,456,1452
100,932,485,1517
908,694,209,1811
988,23,279,1290
339,493,650,1482
282,124,941,1347
21,366,817,1204
522,451,401,1374
395,506,496,1397
784,32,785,1601
295,802,743,1840
69,690,77,836
307,886,699,1892
589,79,694,1362
744,490,604,1838
630,588,337,1555
837,775,321,1933
657,954,642,2253
416,720,757,1893
262,897,29,1188
318,643,105,1066
970,332,288,1590
555,552,921,2028
503,841,36,1380
171,581,700,1452
828,226,588,1642
176,224,918,1318
89,800,828,1717
662,657,984,2303
375,791,732,1898
107,547,109,763
903,373,21,1297
340,500,353,1193
882,125,255,1262
391,492,508,1391
592,5,428,1025
802,468,684,1954
618,397,492,1507
39,332,50,421
781,909,983,2673
453,537,810,1800
237,966,47,1250
922,762,769,2453
563,158,66,787
104,138,386,628
473,779,267,1519
544,741,631,1916
669,430,134,1233
117,788,786,1691
747,917,14,1678
10,315,734,1059
180,892,290,1362
802,559,824,2185
918,691,126,1735
876,210,330,1416
717,800,496,2013
602,632,782,2016
221,235,988,1444
420,683,556,1659
314,184,799,1297
72,812,388,1272
944,32,315,1291
431,12,9,452
504,984,823,2311
248,279,818,1345
881,51,699,1631
174,231,430,835
928,1,482,1411
912,411,915,2238
258,591,220,1069
500,519,115,1134
470,796,980,2246
240,51,260,551
746,497,593,1836
66,860,261,1187
559,179,307,1045
373,503,676,1552
696,594,320,1610
957,530,919,2406
367,938,771,2076
169,158,885,1212
454,154,822,1430
62,26,5,93
851,524,837,2212
831,603,20,1454
53,340,957,1350
509,394,243,1146
135,81,907,1123
863,842,693,2398
188,180,421,789
584,480,968,2032
362,906,904,2172
375,419,200,994
991,174,874,2039
198,377,53,628
296,525,157,978
806,517,5,1328
380,570,459,1409
783,358,349,1490
407,476,962,1845
709,687,1000,2396
236,255,568,1059
393,655,94,1142
911,972,118,2001
846,935,106,1887
385,211,359,955
143,296,712,1151
978,70,439,1487
513,880,325,1718
97,329,876,1302
405,722,671,1798
332,385,808,1525
819,588,424,1831
929,322,430,1681
658,228,66,952
643,744,690,2077
49,631,991,1671
878,32,243,1153
360,976,648,1984
408,391,643,1442
68,162,213,443
935,817,155,1907
706,137,280,1123
934,625,423,1982
856,38,140,1034
566,849,869,2284
81,277,264,622
743,389,35,1167
823,436,534,1793
1000,180,693,1873
586,394,192,1172
947,61,735,1743
13,958,737,1708
858,461,44,1363
544,600,369,1513
399,153,648,1200
618,453,724,1795
435,790,726,1951
828,114,216,1158
132,781,470,1383
519,557,622,1698
411,518,251,1180
599,511,319,1429
894,362,40,1296
66,670,363,1099
480,66,848,1394
845,900,420,2165
516,54,304,874
590,194,555,1339
305,35,971,1311
321,801,315,1437
865,663,831,2359
827,492,865,2184
466,353,370,1189
983,203,770,1956
275,477,651,1403
967,599,24,1590
547,686,278,1511
25,341,447,813
717,489,529,1735
56,74,468,598
718,68,684,1470
809,148,982,1939
415,960,662,2037
220,775,299,1294
227,189,493,909
530,585,893,2008
574,841,920,2335
989,336,119,1444
216,398,155,769
914,273,104,1291
126,251,206,583
946,322,304,1572
750,216,692,1658
638,996,538,2172
523,625,394,1542
540,38,716,1294
720,703,636,2059
877,300,146,1323
882,35,507,1424
439,817,844,2100
767,79,376,1222
999,270,574,1843
555,547,700,1802
736,144,553,1433
395,93,221,709
686,802,218,1706
687,628,212,1527
222,108,478,808
83,384,501,968
635,71,546,1252
678,377,649,1704
458,125,24,607
163,420,681,1264
466,721,553,1740
692,979,9,1680
525,851,151,1527
420,661,189,1270
705,0,464,1169
657,12,724,1393
154,972,475,1601
936,308,573,1817
577,31,113,721
965,94,33,1092
31,911,842,1784
131,120,65,316
93,109,723,925
331,716,322,1369
949,135,352,1436
7,668,809,1484
585,650,432,1667
947,391,458,1796
486,999,333,1818
213,997,779,1989
213,558,808,1579
368,612,587,1567
786,77,514,1377
739,218,609,1566
651,39,254,944
531,841,809,2181
103,155,634,892
835,340,540,1715
136,57,801,994
603,264,485,1352
720,622,923,2265
599,535,711,1845
826,353,66,1245
604,863,25,1492
219,341,130,690
373,569,262,1204
221,470,265,956
321,192,121,634
555,982,258,1795
478,644,945,2067
741,533,756,2030
532,830,990,2352
361,708,601,1670
527,143,296,966
418,611,342,1371
199,925,75,1199
881,808,593,2282
442,200,893,1535
744,655,421,1820
348,489,676,1513
504,328,600,1432
636,9,273,918
851,806,7,1664
641,966,927,2534
528,579,723,1830
235,552,286,1073
620,138,601,1359
411,543,861,1815
855,983,976,2814
135,76,993,1204
714,693,135,1542
760,684,305,1749
100,594,853,1547
690,661,61,1412
89,979,857,1925
9,339,875,1223
801,768,70,1639
915,842,910,2667
220,367,343,930
823,799,465,2087
166,345,103,614
190,631,694,1515
421,149,554,1124
885,13,106,1004
216,553,750,1519
315,310,444,1069
512,928,116,1556
792,99,864,1755
31,237,784,1052
543,990,1000,2533
57,786,210,1053
709,168,13,890
681,623,957,2261
693,850,794,2337
375,550,163,1088
108,153,194,455
417,257,851,1525
818,672,666,2156
921,472,67,1460
395,79,701,1175
465,929,847,2241
961,471,90,1522
4,333,462,799
951,436,571,1958
196,921,140,1257
560,84,354,998
622,938,502,2062
678,589,159,1426
112,670,411,1193
263,95,751,1109
486,630,308,1424
176,788,766,1730
676,495,106,1277
705,591,892,2188
62,96,268,426
292,511,41,844
888,152,17,1057
982,802,990,2774
706,886,607,2199
261,526,741,1528
634,955,523,2112
665,652,297,1614
452,232,804,1488
35,442,29,506
732,90,154,976
948,327,308,1583
169,541,80,790
394,300,510,1204
97,151,173,421
330,427,144,901
928,178,209,1315
112,908,829,1849
610,822,49,1481
778,926,640,2344
106,875,259,1240
687,931,13,1631
11,173,642,826
620,679,564,1863
90,96,84,270
315,99,752,1166
444,888,811,2143
276,26,632,934
958,924,106,1988
700,241,762,1703
499,113,576,1188
469,289,403,1161
63,542,331,936
482,981,30,1493
38,562,374,974
551,635,499,1685
429,505,274,1208
753,864,333,1950
122,516,775,1413
937,443,565,1945
861,720,735,2316
355,109,17,481
460,610,651,1721
55,624,318,997
632,538,295,1465
293,502,412,1207
889,207,559,1655
136,228,274,638
106,450,31,587
464,135,498,1097
983,367,918,2268
756,47,257,1060
789,958,370,2117
805,411,490,1706
487,20,934,1441
774,121,64,959
773,995,313,2081
239,874,947,2060
488,706,327,1521
14,783,594,1391
598,192,474,1264
32,532,76,640
838,274,173,1285
638,779,941,2358
600,672,306,1578
237,385,155,777
549,336,205,1090
91,152,428,671
598,153,479,1230
175,486,817,1478
788,163,566,1517
678,553,357,1588
114,142,33,289
275,225,166,666
835,670,627,2132
670,482,787,1939
101,989,644,1734
765,399,849,2013
615,280,607,1502
338,745,938,2021
225,330,345,900
858,161,729,1748
857,627,703,2187
281,208,513,1002
210,667,130,1007
300,653,287,1240
66,569,187,822
885,593,590,2068
567,981,200,1748
618,630,184,1432
568,73,6,647
992,662,998,2652
698,436,890,2024
110,813,141,1064
75,856,718,1649
833,615,202,1650
279,205,22,506
457,612,909,1978
719,731,515,1965
867,844,689,2400
91,103,795,989
797,950,984,2731
740,194,56,990
365,537,219,1121
62,269,910,1241
591,254,588,1433
384,833,476,1693
213,917,469,1599
324,18,944,1286
805,340,497,1642
873,817,898,2588
928,601,324,1853
691,525,267,1483
966,999,520,2485
480,246,461,1187
516,352,162,1030
777,957,750,2484
37,78,317,432
722,658,231,1611
727,415,949,2091
213,638,145,996
596,100,414,1110
384,158,209,751
867,633,571,2071
39,994,894,1927
862,486,546,1894
793,92,285,1170
864,342,981,2187
594,799,292,1685
492,842,366,1700
991,7,417,1415
180,794,959,1933
81,528,981,1590
63,782,300,1145
751,798,305,1854
567,476,341,1384
750,874,779,2403
784,838,955,2577
648,920,850,2418
579,616,669,1864
124,978,695,1797
680,734,531,1945
107,240,915,1262
24,837,498,1359
549,945,413,1907
778,36,29,843
538,687,605,1830
733,153,34,920
847,104,698,1649
880,614,518,2012
117,401,6,524
702,879,443,2024
226,893,547,1666
94,535,689,1318
105,304,568,977
285,386,154,825
459,113,885,1457
643,192,716,1551
631,593,499,1723
756,289,891,1936
300,548,331,1179
212,559,356,1127
360,369,184,913
228,441,391,1060
906,131,192,1229
561,459,331,1351
673,702,667,2042
753,469,50,1272
410,361,985,1756
688,396,556,1640
985,483,215,1683
936,662,491,2089
945,521,884,2350
581,136,455,1172
991,872,284,2147
623,568,201,1392
456,756,74,1286
104,419,835,1358
498,579,922,1999
98,646,326,1070
522,337,726,1585
442,513,293,1248
879,695,720,2294
376,901,375,1652
166,228,909,1303
79,533,27,639
175,857,38,1070
477,473,88,1038
709,258,343,1310
493,196,156,845
298,119,409,826
478,56,951,1485
334,237,451,1022
220,129,752,1101
32,781,535,1348
526,704,59,1289
555,307,977,1839
124,713,414,1251
370,42,835,1247
86,663,878,1627
661,455,641,1757
894,555,907,2356
342,219,643,1204
645,376,468,1489
462,644,977,2083
946,911,686,2543
992,324,520,1836
200,472,465,1137
425,248,642,1315
170,213,63,446
675,793,123,1591
124,184,222,530
537,127,965,1629
754,566,947,2267
363,446,457,1266
953,677,591,2221
530,369,212,1111
344,214,933,1491
595,498,237,1330
65,421,498,984
299,220,81,600
608,809,111,1528
65,861,94,1020
169,30,620,819
137,286,648,1071
723,150,576,1449
215,958,172,1345
598,524,116,1238
727,741,379,1847
253,827,358,1438
135,529,193,857
690,31,973,1694
859,790,914,2563
355,686,149,1190
914,868,110,1892
592,831,449,1872
897,937,696,2530
319,170,247,736
844,359,931,2134
512,486,464,1462
832,548,224,1604
335,328,521,1184
956,791,615,2362
459,414,778,1651
823,844,921,2588
133,394,792,1319
130,962,657,1749
835,700,53,1588
630,854,518,2002
563,97,705,1365
884,432,112,1428
106,628,504,1238
150,221,820,1191
357,449,18,824
705,985,695,2385
807,987,589,2383
921,690,159,1770
732,194,339,1265
438,308,300,1046
539,273,715,1527
626,484,357,1467
772,157,633,1562
32,876,905,1813
694,119,391,1204
335,985,827,2147
603,598,665,1866
448,191,695,1334
863,240,716,1819
240,473,434,1147
757,803,139,1699
965,918,706,2589
999,364,482,1845
561,621,913,2095
721,843,271,1835
256,9,867,1132
63,791,845,1699
365,442,469,1276
951,278,209,1438
811,274,221,1306
46,30,779,855
898,20,836,1754
958,458,934,2350
130,9,375,514
846,676,971,2493
635,860,904,2399
560,861,184,1605
599,224,847,1670
160,346,407,913
505,481,842,1828
964,126,833,1923
934,16,971,1921
619,165,648,1432
846,311,123,1280
44,897,361,1302
254,909,580,1743
206,608,567,1381
849,645,52,1546
429,288,531,1248
935,242,489,1666
839,678,167,1684
356,496,460,1312
410,854,792,2056
397,273,736,1406
270,395,582,1247
894,3,104,1001
670,184,93,947
973,439,898,2310
794,206,138,1138
901,576,361,1838
639,53,561,1253
885,246,958,2089
595,953,152,1700
431,532,216,1179
386,572,546,1504
170,157,907,1234
400,658,489,1547
376,68,319,763
328,310,488,1126
641,815,284,1740
141,326,490,957
973,581,215,1769
152,993,833,1978
281,93,325,699
237,560,102,899
845,87,502,1434
916,734,875,2525
494,883,228,1605
8,384,300,692
664,118,245,1027
902,640,353,1895
195,645,232,1072
610,486,517,1613
684,369,923,1976
858,43,301,1202
519,340,731,1590
416,987,253,1656
293,232,827,1352
243,877,576,1696
993,960,722,2675
843,910,187,1940
224,232,1,457
803,621,346,1770
57,252,379,688
690,785,444,1919
402,190,618,1210
307,826,183,1316
975,823,15,1813
912,301,216,1429
871,487,121,1479
782,62,715,1559
295,260,124,679
15,358,127,500
252,883,490,1625
773,857,904,2534
410,474,581,1465
857,941,625,2423
994,519,371,1884
974,708,676,2358
40,213,198,451
811,644,811,2266
920,186,511,1617
792,873,95,1760
234,226,224,684
443,166,223,832
218,456,714,1388
503,817,383,1703
325,338,189,852
793,954,62,1809
548,579,397,1524
325,466,62,853
345,308,435,1088
516,360,240,1116
983,186,111,1280
609,681,221,1511
380,231,272,883
579,379,450,1408
516,457,584,1557
225,208,75,508
997,271,562,1830
227,483,173,883
334,364,406,1104
951,574,754,2279
862,436,645,1943
88,201,224,513
530,794,909,2233
459,730,472,1661
303,493,461,1257
122,720,263,1105
372,713,173,1258
276,31,155,462
87,121,750,958
128,585,84,797
307,889,694,1890
912,551,414,1877
185,787,868,1840
782,250,828,1860
489,968,789,2246
215,342,283,840
958,456,864,2278
204,574,442,1220
829,701,623,2153
42,806,210,1058
302,491,170,963
899,530,63,1492
45,172,972,1189
46,642,565,1253
315,826,971,2112
699,772,74,1545
133,398,705,1236
611,258,344,1213
924,715,52,1691
523,880,509,1912
877,316,281,1474
58,30,945,1033
125,181,24,330
284,245,564,1093
953,100,610,1663
389,348,120,857
477,971,613,2061
187,248,678,1113
473,118,576,1167
737,245,22,1004
379,606,395,1380
803,711,722,2236
338,848,884,2070
468,5,466,939
182,580,95,857
804,696,93,1593
96,390,159,645
412,448,930,1790
837,90,623,1550
189,185,494,868
158,705,255,1118
167,544,750,1461
122,656,809,1587
788,528,612,1928
580,187,590,1357
339,483,96,918
972,925,65,1962
341,259,791,1391
70,411,541,1022
472,632,966,2070
490,796,943,2229
769,59,989,1817
25,14,395,434
254,830,330,1414
817,635,401,1853
627,312,352,1291
849,82,350,1281
919,855,613,2387
878,889,58,1825
253,672,796,1721
326,163,554,1043
872,4,778,1654
717,272,694,1683
531,66,4,601
692,194,266,1152
444,256,163,863
260,840,650,1750
213,388,978,1579
468,158,991,1617
733,533,807,2073
178,644,943,1765
149,307,829,1285
562,378,383,1323
634,782,411,1827
203,857,363,1423
286,249,128,663
599,499,835,1933
760,700,521,1981
195,897,536,1628
522,137,373,1032
867,648,780,2295
864,576,516,1956
963,111,338,1412
1,690,129,820
170,626,962,1758
227,354,160,741
24,337,999,1360
706,795,654,2155
581,963,30,1574
153,387,674,1214
78,422,745,1245
98,893,244,1235
647,860,169,1676
829,338,635,1802
419,550,121,1090
284,438,447,1169
600,889,137,1626
397,785,482,1664
244,358,381,983
248,889,192,1329
130,54,925,1109
223,971,797,1991
795,992,584,2371
869,878,517,2264
441,349,416,1206
97,545,819,1461
247,817,60,1124
686,163,988,1837
808,637,328,1773
493,299,600,1392
428,285,39,752
255,874,581,1710
839,676,618,2133
832,63,462,1357
822,888,364,2074
13,474,723,1210
644,677,337,1658
755,815,69,1639
455,467,787,1709
732,961,927,2620
918,507,439,1864
898,707,480,2085
98,50,357,505
931,90,353,1374
67,718,232,1017
406,569,460,1435
114,444,578,1136
203,895,186,1284
660,734,587,1981
108,16,15,139
905,691,918,2514
512,713,664,1889
434,116,593,1143
436,784,612,1832
870,441,947,2258
997,205,520,1722
802,345,372,1519
372,669,710,1751
997,194,432,1623
258,834,534,1626
146,13,36,195
965,686,580,2231
994,945,232,2171
710,943,651,2304
345,321,97,763
320,78,545,943
916,567,603,2086
250,561,691,1502
302,842,501,1645
147,972,68,1187
667,653,257,1577
534,930,644,2108
786,486,803,2075
594,28,814,1436
378,925,270,1573
318,859,801,1978
367,435,281,1083
352,537,778,1667
680,683,79,1442
493,820,987,2300
43,964,175,1182
891,514,381,1786
548,571,694,1813
505,796,205,1506
291,557,966,1814
596,188,223,1007
919,163,408,1490
139,824,879,1842
817,805,2,1624
288,458,587,1333
663,891,150,1704
911,590,472,1973
125,16,694,835
460,726,933,2119
542,761,792,2095
654,95,397,1146
897,460,532,1889
707,642,73,1422
239,940,571,1750
732,824,934,2490
429,555,535,1519
934,183,418,1535
660,308,447,1415
495,210,863,1568
315,493,870,1678
10,903,342,1255
670,984,726,2380
739,4,59,802
818,386,602,1806
886,607,658,2151
453,837,552,1842
727,240,295,1262
504,236,632,1372
580,268,928,1776
206,738,664,1608
36,88,735,859
707,359,561,1627
69,49,717,835
162,763,619,1544
287,273,407,967
872,740,412,2024
982,441,512,1935
164,853,392,1409
521,883,996,2400
961,918,228,2107
184,421,635,1240
935,77,410,1422
478,198,122,798
161,966,570,1697
728,885,636,2249
215,328,801,1344
240,732,190,1162
179,361,392,932
973,262,187,1422
830,378,95,1303
577,965,864,2406
537,750,427,1714
532,192,268,992
956,80,166,1202
649,110,72,831
285,812,754,1851
599,762,783,2144
520,746,885,2151
691,377,891,1959
94,798,761,1653
220,869,379,1468
571,74,453,1098
330,702,658,1690
648,889,597,2134
441,748,864,2053
549,714,830,2093
674,634,477,1785
416,728,695,1839
117,672,504,1293
645,752,710,2107
658,931,298,1887
213,42,2,257
117,926,447,1490
159,821,438,1418
786,720,526,2032
245,981,888,2114
922,201,39,1162
851,191,372,1414
16,460,904,1380
999,730,682,2411
812,806,912,2530
870,488,189,1547
753,457,984,2194
164,969,27,1160
311,656,787,1754
221,735,598,1554
488,825,695,2008
53,863,659,1575
555,242,78,875
790,852,766,2408
322,212,344,878
342,717,290,1349
765,568,40,1373
415,645,399,1459
503,713,948,2164
741,121,648,1510
699,93,323,1115
932,255,452,1639
686,251,255,1192
179,22,821,1022
640,966,723,2329
974,665,958,2597
288,294,31,613
947,940,849,2736
495,124,638,1257
22,875,224,1121
230,706,958,1894
12,365,986,1363
108,351,890,1349
425,852,658,1935
417,564,331,1312
533,923,610,2066
260,736,615,1611
36,951,509,1496
585,430,912,1927
838,519,954,2311
741,9,465,1215
101,95,176,372
80,114,417,611
174,742,728,1644
405,396,326,1127
448,73,73,594
556,346,854,1756
989,484,83,1556
691,219,930,1840
512,890,534,1936
214,144,555,913
31,958,804,1793
762,472,867,2101
19,225,510,754
454,821,473,1748
216,3,111,330
522,913,834,2269
908,334,3,1245
473,771,956,2200
78,360,73,511
880,107,693,1680
567,998,666,2231
338,57,709,1104
351,416,1000,1767
392,696,591,1679
690,291,526,1507
955,379,298,1632
407,50,517,974
739,414,168,1321
385,906,865,2156
914,980,294,2188
161,423,994,1578
695,704,355,1754
403,224,478,1105
917,297,23,1237
93,781,631,1505
626,717,597,1940
598,815,167,1580
642,223,658,1523
876,234,612,1722
302,351,220,873
598,829,262,1689
321,311,982,1614
719,643,898,2260
425,13,847,1285
960,754,582,2296
190,364,702,1256
930,567,829,2326
511,619,650,1780
484,230,388,1102
220,31,62,313
100,103,916,1119
170,660,374,1204
273,20,118,411
702,899,596,2197
267,683,819,1769
21,74,401,496
877,995,449,2321
514,698,740,1952
952,406,52,1410
62,416,57,535
828,605,821,2254
531,391,686,1608
522,931,168,1621
500,0,469,969
387,740,860,1987
112,756,535,1403
458,128,37,623
991,556,541,2088
561,339,649,1549
164,655,323,1142
400,705,639,1744
910,849,892,2651
483,925,589,1997
249,228,924,1401
713,690,809,2212
823,732,393,1948
982,47,250,1279
416,857,558,1831
596,850,546,1992
286,496,636,1418
430,380,60,870
17,176,97,290
17,358,457,832
775,149,284,1208
694,944,341,1979
10,330,499,839
206,830,520,1556
315,24,932,1271
27,946,386,1359
486,225,894,1605
604,268,921,1793
685,685,284,1654
345,188,948,1481
338,619,637,1594
737,990,992,2719
580,873,530,1983
553,709,141,1403
37,74,626,737
268,193,683,1144
325,146,116,587
708,412,520,1640
202,123,306,631
629,256,601,1486
357,404,787,1548
184,589,858,1631
803,326,959,2088
940,733,99,1772
716,277,236,1229
830,530,179,1539
118,119,520,757
786,726,442,1954
9,521,548,1078
592,716,380,1688
373,516,34,923
383,649,730,1762
53,719,960,1732
611,988,111,1710
515,273,153,941
539,719,531,1789
871,139,568,1578
314,128,982,1424
787,238,915,1940
938,284,163,1385
711,953,805,2469
393,47,939,1379
320,737,307,1364
525,142,665,1332
753,19,55,827
90,17,50,157
202,77,885,1164
91,631,213,935
231,488,639,1358
779,493,968,2240
938,141,882,1961
92,495,83,670
31,409,125,565
434,954,630,2018
47,18,88,153
239,555,467,1261
862,911,526,2299
518,599,973,2090
645,443,802,1890
809,935,370,2114
999,705,166,1870
628,9,844,1481
711,676,16,1403
685,910,723,2318
578,110,137,825
511,464,463,1438
640,468,154,1262
837,9,60,906
588,46,164,798
851,365,86,1302
671,485,115,1271
839,226,231,1296
663,237,549,1449
979,39,526,1544
827,542,692,2061
645,350,83,1078
707,270,927,1904
780,326,854,1960
203,249,191,643
391,424,69,884
992,222,244,1458
172,119,4,295
671,590,209,1470
1000,255,565,1820
570,202,291,1063
710,449,740,1899
744,826,846,2416
954,779,601,2334
324,125,524,973
66,519,152,737
726,968,648,2342
161,920,388,1469
327,948,846,2121
483,463,459,1405
186,474,810,1470
560,126,62,748
971,477,379,1827
611,925,997,2533
726,386,884,1996
579,367,537,1483
342,946,438,1726
112,101,365,578
670,872,935,2477
471,978,771,2220
865,638,733,2236
873,235,934,2042
23,406,513,942
440,472,771,1683
142,120,52,314
734,556,926,2216
601,600,954,2155
9,337,527,873
289,936,928,2153
449,841,583,1873
328,582,87,997
114,535,566,1215
603,431,455,1489
29,126,684,839
753,627,55,1435
283,151,275,709
298,42,561,901
575,845,679,2099
624,320,629,1573
409,153,408,970
12,995,290,1297
881,282,42,1205
330,200,218,748
857,690,234,1781
119,694,681,1494
130,979,322,1431
555,522,218,1295
707,854,760,2321
352,877,0,1229
721,292,441,1454
941,163,783,1887
922,399,183,1504
366,936,657,1959
176,345,378,899
494,734,243,1471
22,44,210,276
696,906,356,1958
684,697,139,1520
562,367,308,1237
130,156,462,748
993,574,561,2128
784,847,160,1791
845,670,854,2369
921,292,627,1840
257,318,58,633
187,303,958,1448
353,826,951,2130
501,479,111,1091
931,390,640,1961
226,228,822,1276
200,822,300,1322
227,545,911,1683
710,323,809,1842
365,689,230,1284
709,969,92,1770
353,919,719,1991
832,524,705,2061
820,260,252,1332
804,926,636,2366
199,548,369,1116
660,64,888,1612
773,427,423,1623
423,401,477,1301
714,715,654,2083
719,978,463,2160
386,172,125,683
54,198,801,1053
998,705,49,1752
473,817,622,1912
533,894,459,1886
732,750,747,2229
305,995,678,1978
751,602,738,2091
857,650,479,1986
472,535,707,1714
369,322,170,861
525,625,300,1450
520,119,290,929
452,175,530,1157
576,266,67,909
13,428,552,993
398,430,269,1097
861,89,577,1527
356,328,377,1061
299,694,936,1929
471,736,911,2118
920,639,823,2382
381,226,710,1317
406,989,845,2240
699,895,846,2440
709,778,919,2406
320,111,845,1276
752,508,564,1824
668,362,521,1551
59,545,108,712
199,546,371,1116
794,250,628,1672
540,13,895,1448
399,324,156,879
799,379,420,1598
955,662,610,2227
833,999,330,2162
298,33,574,905
165,874,32,1071
429,68,416,913
602,801,439,1842
283,729,62,1074
855,398,36,1289
254,638,896,1788
3,709,951,1663
97,581,273,951
705,757,861,2323
172,596,628,1396
57,629,294,980
394,205,4,603
734,37,808,1579
475,421,332,1228
683,398,983,2064
379,159,521,1059
458,522,980,1960
529,310,351,1190
943,46,657,1646
715,992,215,1922
18,562,580,1160
262,913,33,1208
216,512,325,1053
147,387,917,1451
359,632,195,1186
964,17,938,1919
921,111,873,1905
976,734,978,2688
516,438,107,1061
233,446,629,1308
26,979,207,1212
605,599,478,1682
77,820,615,1512
701,835,342,1878
672,475,206,1353
913,656,391,1960
211,499,706,1416
6,65,257,328
555,694,493,1742
872,435,559,1866
164,880,379,1423
313,272,409,994
347,99,433,879
46,228,288,562
64,751,142,957
731,130,632,1493
79,976,834,1889
124,922,10,1056
235,18,982,1235
528,769,792,2089
963,743,14,1720
164,567,269,1000
219,749,78,1046
935,469,438,1842
65,505,452,1022
779,998,302,2079
407,396,979,1782
16,549,307,872
143,580,173,896
766,754,311,1831
195,555,599,1349
114,732,170,1016
727,403,46,1176
615,820,837,2272
564,1,242,807
664,915,572,2151
311,140,953,1404
111,450,563,1124
630,103,796,1529
210,198,505,913
604,777,297,1678
28,324,952,1304
744,864,673,2281
23,950,401,1374
643,101,228,972
424,239,834,1497
905,961,713,2579
303,232,880,1415
725,354,599,1678
930,600,684,2214
969,85,669,1723
741,789,647,2177
281,477,268,1026
860,394,48,1302
735,136,768,1639
493,356,258,1107
76,504,841,1421
818,824,245,1887
79,296,447,822
697,27,971,1695
145,749,985,1879
355,791,569,1715
216,556,751,1523
111,566,619,1296
595,894,393,1882
472,977,805,2254
705,934,838,2477
667,99,412,1178
758,244,92,1094
136,948,10,1094
772,508,48,1328
958,700,842,2500
250,93,99,442
771,773,254,1798
321,321,107,749
277,382,615,1274
324,888,700,1912
176,358,934,1468
903,762,517,2182
391,559,53,1003
788,581,984,2353
524,147,716,1387
98,436,945,1479
62,542,517,1121
490,732,120,1342
100,869,986,1955
841,472,756,2069
924,312,325,1561
70,570,286,926
402,293,648,1343
706,950,61,1717
822,31,166,1019
56,661,359,1076
696,503,560,1759
362,970,707,2039
788,250,765,1803
222,929,241,1392
948,242,171,1361
649,711,840,2200
634,597,375,1606
972,240,487,1699
428,802,706,1936
333,899,841,2073
526,711,896,2133
219,445,634,1298
998,383,280,1661
441,368,981,1790
741,737,876,2354
944,354,714,2012
232,468,847,1547
585,573,628,1786
56,755,71,882
57,799,961,1817
164,746,229,1139
500,906,964,2370
424,457,919,1800
865,875,462,2202
845,559,494,1898
50,27,105,182
823,515,302,1640
606,726,985,2317
711,626,145,1482
535,347,61,943
48,445,944,1437
747,389,925,2061
98,41,339,478
285,536,600,1421
682,413,703,1798
745,374,561,1680
835,958,539,2332
48,89,192,329
108,421,397,926
166,980,8,1154
337,846,258,1441
182,943,305,1430
665,291,211,1167
748,346,656,1750
610,246,734,1590
524,102,790,1416
634,359,530,1523
345,982,902,2229
212,897,682,1791
696,764,566,2026
225,567,712,1504
70,695,966,1731
678,361,256,1295
596,21,37,654
112,55,920,1087
491,836,503,1830
517,900,773,2190
106,7,444,557
963,600,349,1912
472,834,750,2056
133,801,376,1310
871,846,536,2253
343,248,934,1525
287,860,175,1322
314,530,552,1396
217,272,130,619
495,101,108,704
350,929,323,1602
148,421,933,1502
794,868,658,2320
234,405,167,806
554,870,416,1840
996,906,75,1977
900,668,513,2081
194,294,547,1035
255,620,31,906
402,857,910,2169
988,890,129,2007
81,611,52,744
298,387,875,1560
711,371,310,1392
296,783,149,1228
795,301,46,1142
803,749,827,2379
19,715,705,1439
428,869,722,2019
17,914,268,1199
432,386,595,1413
505,697,634,1836
428,943,608,1979
201,89,564,854
199,472,81,752
711,168,445,1324
320,448,677,1445
544,13,459,1016
591,234,216,1041
322,98,350,770
642,722,702,2066
24,942,521,1487
532,401,176,1109
51,74,134,259
595,211,435,1241
609,211,277,1097
128,643,119,890
986,131,213,1330
508,91,253,852
907,693,165,1765
38,912,173,1123
566,316,985,1867
639,835,106,1580
448,84,889,1421
764,447,142,1353
657,782,177,1616
552,651,29,1232
375,915,190,1480
105,720,471,1296
308,650,545,1503
254,167,171,592
733,904,85,1722
949,140,819,1908
176,790,635,1601
370,20,962,1352
106,522,57,685
513,585,986,2084
863,36,450,1349
303,984,649,1936
843,79,397,1319
600,446,493,1539
927,109,763,1799
275,336,55,666
67,135,233,435
501,77,697,1275
270,608,286,1164
185,91,697,973
517,413,200,1130
532,750,883,2165
878,633,279,1790
265,448,196,909
908,524,468,1900
4,820,649,1473
756,992,860,2608
684,974,287,1945
985,27,463,1475
65,166,635,866
564,306,116,986
424,870,286,1580
521,215,345,1081
374,245,842,1461
65,919,88,1072
668,281,489,1438
990,683,394,2067
124,919,951,1994
369,985,142,1496
517,306,384,1207
313,837,733,1883
197,496,756,1449
673,218,467,1358
969,197,283,1449
870,4,256,1130
445,11,206,662
722,826,29,1577
905,977,605,2487
889,224,286,1399
204,6,273,483
148,68,996,1212
180,219,164,563
667,810,767,2244
108,894,608,1610
115,955,768,1838
739,593,859,2191
282,48,63,393
994,213,673,1880
887,295,580,1762
834,434,599,1867
755,242,506,1503
182,997,822,2001
46,847,942,1835
902,761,636,2299
728,853,353,1934
916,217,597,1730
377,655,229,1261
195,0,244,439
191,461,76,728
771,964,951,2686
485,967,14,1466
31,887,438,1356
573,908,227,1708
544,272,563,1379
847,367,704,1918
740,188,841,1769
121,402,126,649
236,996,13,1245
925,172,714,1811
698,312,211,1221
137,28,2,167
47,792,578,1417
557,164,717,1438
905,68,342,1315
918,489,235,1642
237,572,924,1733
605,991,580,2176
757,126,453,1336
365,569,88,1022
213,765,167,1145
934,92,332,1358
910,155,923,1988
252,845,431,1528
303,746,150,1199
102,483,585,1170
185,642,611,1438
198,141,616,955
352,382,255,989
195,778,940,1913
468,861,41,1370
964,124,898,1986
422,152,683,1257
49,163,638,850
559,864,612,2035
162,793,727,1682
386,296,827,1509
623,59,358,1040
274,80,542,896
463,589,233,1285
402,769,308,1479
387,377,321,1085
360,46,373,779
941,547,899,2387
827,150,587,1564
917,682,816,2415
372,469,850,1691
198,766,648,1612
277,336,659,1272
882,501,122,1505
402,105,922,1429
233,230,869,1332
894,66,508,1468
345,855,227,1427
931,374,724,2029
352,134,280,766
932,491,944,2367
113,1,59,173
863,718,554,2135
95,842,2,939
372,566,979,1917
807,802,82,1691
376,30,226,632
90,336,84,510
983,969,371,2323
450,505,27,982
693,639,793,2125
107,425,293,825
671,977,198,1846
585,379,412,1376
613,851,619,2083
310,96,1,407
860,472,15,1347
502,194,133,829
546,971,511,2028
833,778,776,2387
779,605,633,2017
167,350,179,696
937,949,751,2637
481,167,508,1156
104,995,641,1740
288,323,334,945
162,418,590,1170
69,530,233,832
230,455,538,1223
208,136,482,826
567,363,940,1870
340,495,311,1146
802,209,816,1827
595,309,299,1203
804,195,420,1419
720,85,593,1398
741,469,98,1308
556,958,862,2376
505,755,57,1317
852,358,229,1439
355,470,56,881
88,807,799,1694
995,412,641,2048
494,678,104,1276
268,439,590,1297
423,936,150,1509
964,584,794,2342
377,530,820,1727
640,655,431,1726
276,674,279,1229
968,430,602,2000
14,899,502,1415
962,278,798,2038
187,974,415,1576
862,622,184,1668
51,19,726,796
105,56,483,644
630,409,282,1321
973,265,569,1807
909,903,468,2280
465,351,438,1254
645,195,989,1829
689,469,972,2130
631,1,642,1274
804,217,986,2007
429,137,529,1095
79,474,830,1383
855,615,792,2262
277,487,146,910
872,928,220,2020
221,740,921,1882
986,255,696,1937
941,90,399,1430
303,275,95,673
929,898,165,1992
568,369,883,1820
2,234,433,669
14,200,528,742
780,959,774,2513
773,573,929,2275
984,39,330,1353
349,404,377,1130
75,970,650,1695
142,136,435,713
918,904,433,2255
754,241,403,1398
68,58,236,362
351,665,453,1469
487,647,955,2089
109,843,570,1522
181,221,550,952
579,221,319,1119
64,310,228,602
568,646,552,1766
996,762,412,2170
658,866,134,1658
803,458,2,1263
360,745,736,1841
633,701,348,1682
948,372,117,1437
296,613,997,1906
296,317,442,1055
431,623,246,1300
90,284,970,1344
366,363,221,950
582,883,826,2291
339,29,850,1218
67,223,971,1261
603,318,573,1494
481,69,956,1506
912,703,864,2479
731,39,639,1409
782,285,744,1811
929,874,520,2323
728,913,62,1703
814,997,809,2620
746,908,15,1669
498,315,866,1679
706,755,719,2180
48,439,55,542
153,474,281,908
318,878,591,1787
415,173,737,1325
13,918,751,1682
705,754,461,1920
110,94,4,208
741,546,48,1335
976,162,586,1724
386,999,49,1434
927,942,932,2801
732,939,962,2633
469,975,612,2056
231,279,857,1367
570,133,279,982
515,368,951,1834
435,265,539,1239
687,677,501,1865
274,947,766,1987
314,671,41,1026
516,813,561,1890
248,617,537,1402
279,597,674,1550
495,603,761,1859
360,625,383,1368
88,782,626,1496
833,117,471,1421
289,669,268,1226
211,742,584,1537
815,86,753,1654
105,589,47,741
341,454,254,1049
770,727,962,2459
661,674,974,2309
800,669,24,1493
215,79,778,1072
573,13,47,633
697,879,151,1727
985,994,235,2214
679,809,390,1878
422,977,761,2160
158,761,54,973
542,469,256,1267
794,501,738,2033
172,856,522,1550
22,151,243,416
319,436,454,1209
521,716,557,1794
266,360,135,761
524,211,438,1173
853,934,231,2018
700,299,727,1726
520,580,699,1799
213,389,537,1139
471,763,791,2025
863,363,870,2096
805,243,783,1831
373,492,177,1042
385,522,885,1792
995,428,513,1936
793,747,747,2287
18,232,300,550
619,82,58,759
637,830,139,1606
167,403,873,1443
881,490,337,1708
550,682,92,1324
388,18,725,1131
170,81,126,377
167,160,122,449
976,739,886,2601
356,280,190,826
587,655,176,1418
959,331,240,1530
803,356,184,1343
62,102,947,1111
803,32,312,1147
791,825,548,2164
458,914,288,1660
830,536,472,1838
521,734,113,1368
617,472,309,1398
483,914,628,2025
198,519,534,1251
895,615,382,1892
316,465,553,1334
517,647,968,2132
977,755,317,2049
380,205,491,1076
888,808,192,1888
882,857,579,2318
384,609,279,1272
778,135,999,1912
360,349,180,889
515,669,37,1221
888,733,155,1776
200,309,888,1397
539,559,745,1843
884,187,500,1571
933,82,288,1303
97,192,451,740
786,535,650,1971
319,529,451,1299
421,414,163,998
192,422,863,1477
334,878,935,2147
302,50,806,1158
508,491,25,1024
469,79,198,746
961,754,221,1936
899,284,183,1366
305,219,481,1005
178,25,856,1059
738,134,650,1522
376,781,352,1509
684,193,73,950
360,917,808,2085
752,583,614,1949
699,907,736,2342
460,573,384,1417
901,491,768,2160
265,218,171,654
570,744,968,2282
850,65,477,1392
104,379,663,1146
762,643,629,2034
167,85,434,686
995,735,485,2215
49,740,493,1282
393,849,445,1687
633,105,154,892
108,58,946,1112
835,767,707,2309
430,894,981,2305
472,747,389,1608
465,832,873,2170
963,81,798,1842
61,384,417,862
356,916,579,1851
185,97,689,971
772,320,725,1817
76,972,151,1199
517,276,813,1606
744,307,51,1102
692,460,15,1167
438,571,401,1410
189,960,203,1352
66,674,790,1530
454,515,622,1591
41,695,436,1172
918,427,900,2245
171,596,524,1291
236,529,822,1587
553,525,673,1751
307,827,643,1777
138,291,498,927
270,598,40,908
915,559,881,2355
73,171,235,479
231,75,456,762
543,817,229,1589
382,465,835,1682
835,108,168,1111
932,803,5,1740
912,768,744,2424
579,43,528,1150
848,741,394,1983
844,868,212,1924
478,12,193,683
543,512,261,1316
385,180,654,1219
500,594,488,1582
967,437,834,2238
233,611,64,908
108,523,606,1237
442,469,21,932
816,541,31,1388
11,705,270,986
387,691,483,1561
255,190,823,1268
289,250,387,926
754,321,213,1288
235,494,706,1435
518,434,105,1057
162,265,271,698
626,269,296,1191
361,358,127,846
665,485,768,1918
501,274,65,840
893,924,40,1857
153,93,615,861
751,542,512,1805
761,183,531,1475
447,447,979,1873
634,976,55,1665
515,525,953,1993
562,420,649,1631
606,370,176,1152
107,764,685,1556
131,748,693,1572
353,401,752,1506
815,970,615,2400
113,87,30,230
861,570,698,2129
667,847,871,2385
177,571,564,1312
445,656,822,1923
436,542,895,1873
634,427,848,1909
830,913,530,2273
340,351,311,1002
790,292,722,1804
581,161,474,1216
902,895,199,1996
399,671,151,1221
885,836,224,1945
119,592,404,1115
746,4,103,853
950,510,953,2413
324,392,628,1344
924,407,757,2088
461,483,362,1306
428,677,462,1567
220,725,557,1502
115,350,698,1163
910,330,96,1336
304,458,179,941
904,415,9,1328
179,648,743,1570
743,506,508,1757
71,891,586,1548
245,385,607,1237
966,569,162,1697
305,119,834,1258
682,965,513,2160
994,461,963,2418
925,216,450,1591
609,224,631,1464
498,655,737,1890
557,507,747,1811
191,618,453,1262
811,103,165,1079
107,34,70,211
455,847,677,1979
384,740,158,1282
313,650,636,1599
459,528,10,997
348,187,318,853
648,281,703,1632
621,128,592,1341
659,782,47,1488
279,910,973,2162
663,119,148,930
383,181,11,575
553,836,6,1395
302,544,850,1696
178,815,699,1692
840,96,233,1169
49,513,782,1344
828,479,853,2160
51,400,369,820
311,68,558,937
316,579,120,1015
357,292,128,777
568,190,39,797
223,179,760,1162
328,780,664,1772
776,640,191,1607
840,454,671,1965
28,428,357,813
66,350,144,560
893,569,197,1659
925,243,566,1734
615,648,565,1828
253,986,740,1979
545,833,157,1535
326,423,862,1611
508,999,954,2461
29,154,507,690
511,570,579,1660
249,891,641,1781
657,224,754,1635
341,241,909,1491
318,644,691,1653
455,482,456,1393
339,553,851,1743
927,459,333,1719
115,311,137,563
953,143,946,2042
679,376,121,1176
488,9,291,788
949,309,856,2114
107,407,80,594
279,274,659,1212
625,912,324,1861
56,767,960,1783
902,491,95,1488
414,717,185,1316
300,638,215,1153
10,475,197,682
936,81,515,1532
298,961,491,1750
217,262,24,503
492,104,554,1150
526,529,183,1238
259,406,68,733
214,707,973,1894
677,64,998,1739
337,834,115,1286
897,314,466,1677
86,873,233,1192
618,694,482,1794
752,590,697,2039
73,490,383,946
329,933,162,1424
676,197,740,1613
664,268,3,935
305,569,551,1425
451,755,471,1677
834,867,91,1792
810,349,85,1244
212,768,988,1968
381,612,21,1014
3,791,983,1777
471,831,89,1391
426,261,741,1428
704,897,936,2537
601,685,839,2125
710,585,706,2001
335,669,952,1956
932,158,12,1102
377,824,646,1847
381,409,63,853
153,317,893,1363
566,768,257,1591
280,830,29,1139
135,972,576,1683
152,0,912,1064
422,679,226,1327
505,658,916,2079
370,401,688,1459
585,180,775,1540
451,342,593,1386
420,179,44,643
600,675,837,2112
643,471,659,1773
352,610,918,1880
328,866,667,1861
774,494,41,1309
949,740,165,1854
54,979,243,1276
812,35,931,1778
225,1000,988,2213
294,931,39,1264
191,880,154,1225
531,489,579,1599
992,213,274,1479
894,892,677,2463
446,170,767,1383
308,287,405,1000
388,689,651,1728
107,727,707,1541
361,154,411,926
251,975,545,1771
412,687,911,2010
506,73,750,1329
779,610,923,2312
992,812,0,1804
698,97,531,1326
598,789,746,2133
200,9,576,785
648,32,555,1235
793,858,759,2410
525,481,930,1936
350,274,196,820
891,846,298,2035
41,518,646,1205
29,89,106,224
947,909,145,2001
449,624,606,1679
106,387,759,1252
927,552,905,2384
703,1,713,1417
745,911,123,1779
80,47,807,934
292,718,978,1988
886,89,711,1686
28,333,503,864
989,836,145,1970
264,977,640,1881
462,294,687,1443
945,505,595,2045
394,723,752,1869
260,142,418,820
153,45,237,435
924,800,841,2565
641,75,15,731
821,43,21,885
796,366,34,1196
784,414,131,1329
257,770,125,1152
419,831,683,1933
651,493,204,1348
258,515,934,1707
869,349,268,1486
925,588,988,2501
665,932,786,2383
891,987,668,2546
339,814,562,1715
7,981,315,1303
459,486,451,1396
247,522,886,1655
264,478,271,1013
558,377,737,1672
462,29,94,585
203,293,942,1438
107,183,881,1171
806,481,616,1903
517,64,421,1002
46,301,791,1138
362,277,32,671
686,966,774,2426
624,542,16,1182
916,58,305,1279
564,62,836,1462
269,373,233,875
217,224,131,572
605,822,304,1731
596,703,219,1518
692,146,616,1454
567,181,515,1263
342,698,34,1074
893,976,393,2262
293,104,25,422
822,673,921,2416
714,974,759,2447
411,628,115,1154
966,328,547,1841
138,454,797,1389
189,139,55,383
294,85,315,694
960,202,838,2000
890,399,689,1978
757,740,540,2037
598,83,801,1482
874,25,248,1147
341,309,226,876
582,327,968,1877
671,134,487,1292
900,965,846,2711
701,39,989,1729
203,347,824,1374
321,766,983,2070
582,938,69,1589
306,259,903,1468
227,204,947,1378
913,914,736,2563
204,767,912,1883
136,235,844,1215
88,777,496,1361
713,387,506,1606
78,458,118,654
959,165,116,1240
685,174,766,1625
490,981,910,2381
639,692,358,1689
514,536,866,1916
452,254,165,871
81,440,465,986
693,610,419,1722
858,261,641,1760
414,124,90,628
463,575,323,1361
846,661,685,2192
643,494,787,1924
150,434,426,1010
56,360,104,520
564,435,614,1613
391,298,848,1537
604,600,689,1893
552,932,943,2427
567,498,348,1413
500,810,469,1779
293,845,637,1775
837,732,657,2226
303,704,696,1703
366,34,357,757
586,235,802,1623
873,297,820,1990
248,813,612,1673
965,327,437,1729
356,189,735,1280
542,534,259,1335
274,814,95,1183
806,408,41,1255
578,729,749,2056
352,868,348,1568
729,733,139,1601
794,473,909,2176
464,502,655,1621
155,62,423,640
381,606,136,1123
667,703,237,1607
138,937,531,1606
868,884,791,2543
163,574,921,1658
908,909,623,2440
546,796,394,1736
865,650,1000,2515
877,326,567,1770
888,171,602,1661
46,521,543,1110
188,62,316,566
422,97,834,1353
419,387,633,1439
368,354,335,1057
712,802,615,2129
467,945,133,1545
922,614,394,1930
13,41,336,390
6,454,836,1296
123,775,986,1884
848,338,81,1267
226,80,823,1129
392,507,662,1561
542,744,39,1325
727,258,631,1616
468,489,321,1278
641,889,453,1983
738,932,621,2291
459,593,564,1616
650,46,386,1082
331,987,520,1838
581,829,357,1767
911,437,937,2285
266,157,283,706
320,735,867,1922
277,71,234,582
24,844,204,1072
77,717,605,1399
73,478,804,1355
257,857,860,1974
858,575,326,1759
665,327,67,1059
417,388,872,1677
182,405,20,607
387,431,505,1323
239,522,90,851
80,409,456,945
73,374,648,1095
16,310,866,1192
864,647,875,2386
130,734,306,1170
375,672,731,1778
142,940,607,1689
381,524,637,1542
528,883,210,1621
120,271,670,1061
699,515,913,2127
357,486,197,1040
422,969,233,1624
488,848,213,1549
345,560,685,1590
231,913,196,1340
38,338,167,543
537,315,453,1305
235,95,100,430
537,86,290,913
124,976,391,1491
291,57,961,1309
325,925,872,2122
224,66,954,1244
564,210,537,1311
763,891,292,1946
555,614,797,1966
100,182,911,1193
382,572,747,1701
444,662,17,1123
553,221,22,796
49,729,918,1696
617,390,168,1175
333,372,130,835
434,105,981,1520
814,420,894,2128
212,634,174,1020
56,529,710,1295
508,961,514,1983
951,138,952,2041
846,183,480,1509
992,955,8,1955
988,384,985,2357
364,756,665,1785
297,821,850,1968
152,237,283,672
414,933,807,2154
69,743,800,1612
308,873,414,1595
15,511,78,604
591,844,62,1497
476,550,322,1348
877,484,259,1620
521,59,108,688
443,21,67,531
978,889,949,2816
869,675,662,2206
721,398,20,1139
692,401,942,2035
525,934,585,2044
728,893,920,2541
390,176,997,1563
787,317,699,1803
282,513,946,1741
93,258,431,782
363,552,690,1605
303,477,102,882
679,878,699,2256
518,462,681,1661
294,615,179,1088
526,916,856,2298
973,755,941,2669
177,492,35,704
0,200,373,573
189,853,458,1500
197,619,502,1318
951,351,10,1312
359,822,708,1889
839,791,673,2303
48,632,393,1073
587,540,545,1672
349,832,901,2082
146,185,76,407
328,737,668,1733
614,245,706,1565
468,498,39,1005
615,225,991,1831
207,0,767,974
389,997,909,2295
942,324,557,1823
500,428,131,1059
182,429,416,1027
361,449,869,1679
837,921,650,2408
34,682,100,816
693,435,995,2123
377,426,438,1241
159,547,305,1011
271,982,586,1839
85,252,39,376
709,694,177,1580
721,389,561,1671
142,324,224,690
499,853,746,2098
769,957,475,2201
239,698,239,1176
987,768,499,2254
111,42,719,872
379,466,817,1662
804,900,963,2667
357,295,182,834
465,461,38,964
396,75,523,994
407,556,89,1052
615,272,171,1058
120,794,80,994
787,561,29,1377
448,752,203,1403
514,298,13,825
925,547,359,1831
10,510,110,630
354,998,166,1518
36,864,291,1191
290,480,549,1319
824,264,603,1691
240,133,765,1138
583,648,591,1822
69,715,393,1177
2,130,378,510
92,116,311,519
303,249,561,1113
89,291,763,1143
395,98,785,1278
899,91,353,1343
85,598,92,775
300,687,905,1892
354,821,14,1189
335,868,390,1593
414,512,367,1293
632,761,121,1514
919,774,482,2175
149,753,993,1895
135,301,38,474
181,599,221,1001
598,937,651,2186
512,201,531,1244
874,55,383,1312
229,714,416,1359
525,9,960,1494
623,127,970,1720
754,41,783,1578
176,67,703,946
206,270,49,525
22,716,139,877
878,779,439,2096
388,287,752,1427
407,275,380,1062
997,448,100,1545
327,92,369,788
197,278,836,1311
910,255,51,1216
0,882,202,1084
874,211,690,1775
56,916,350,1322
993,823,223,2039
214,615,939,1768
519,805,566,1890
775,933,458,2166
475,1000,176,1651
832,363,923,2118
603,350,77,1030
949,924,61,1934
935,144,732,1811
519,893,200,1612
190,31,458,679
613,72,4,689
569,66,812,1447
790,121,74,985
693,469,346,1508
398,982,637,2017
898,407,332,1637
825,897,398,2120
996,219,427,1642
995,841,109,1945
163,4,343,510
136,280,671,1087
644,839,17,1500
481,181,263,925
819,575,752,2146
984,10,541,1535
401,298,229,928
31,218,559,808
954,983,400,2337
641,971,18,1630
104,840,212,1156
803,134,749,1686
429,453,500,1382
407,773,245,1425
931,760,318,2009
821,954,927,2702
883,86,770,1739
760,360,730,1850
298,959,516,1773
495,447,423,1365
685,667,517,1869
91,383,50,524
65,104,952,1121
988,333,459,1780
64,820,991,1875
841,307,12,1160
724,85,94,903
453,104,784,1341
240,511,569,1320
881,321,192,1394
54,108,455,617
98,15,109,222
556,917,157,1630
784,221,127,1132
385,591,281,1257
11,222,798,1031
588,775,838,2201
424,753,65,1242
991,742,738,2471
297,274,550,1121
825,669,261,1755
884,514,46,1444
132,128,933,1193
830,529,685,2044
322,194,744,1260
723,105,744,1572
750,123,598,1471
294,489,175,958
681,267,743,1691
474,174,928,1576
857,975,525,2357
44,899,313,1256
331,254,5,590
191,490,986,1667
546,544,607,1697
452,996,860,2308
609,544,10,1163
821,57,54,932
885,235,987,2107
42,712,239,993
116,275,976,1367
146,681,203,1030
624,659,377,1660
874,827,754,2455
479,649,461,1589
566,166,203,935
990,915,962,2867
80,321,835,1236
194,348,58,600
571,103,433,1107
269,391,79,739
500,165,365,1030
284,339,720,1343
819,717,707,2243
886,133,629,1648
528,954,555,2037
226,516,454,1196
229,72,291,592
42,474,668,1184
972,75,728,1775
1,285,610,896
252,647,288,1187
610,35,918,1563
581,249,152,982
678,116,887,1681
7,164,124,295
354,35,247,636
185,842,471,1498
721,711,57,1489
343,207,715,1265
648,934,137,1719
734,560,864,2158
369,949,218,1536
884,968,115,1967
509,896,439,1844
81,368,765,1214
115,515,380,1010
308,145,466,919
880,758,95,1733
24,118,523,665
180,455,383,1018
753,694,571,2018
391,577,161,1129
662,386,218,1266
129,727,801,1657
227,591,688,1506
11,526,338,875
594,370,31,995
875,860,307,2042
759,343,114,1216
445,821,979,2245
65,896,109,1070
797,553,536,1886
106,393,292,791
989,536,786,2311
163,811,961,1935
565,254,695,1514
310,217,624,1151
567,397,954,1918
734,194,371,1299
7,507,989,1503
821,155,328,1304
806,921,153,1880
387,95,521,1003
82,875,709,1666
509,603,462,1574
941,336,113,1390
704,770,683,2157
416,604,919,1939
438,835,386,1659
824,755,549,2128
470,992,962,2424
591,617,900,2108
837,126,89,1052
324,318,439,1081
132,596,482,1210
886,289,143,1318
557,936,139,1632
884,397,981,2262
269,239,938,1446
488,347,845,1680
621,806,225,1652
654,69,15,738
375,262,928,1565
527,61,321,909
451,468,250,1169
395,44,492,931
267,880,193,1340
712,595,388,1695
720,197,88,1005
889,351,956,2196
684,867,163,1714
575,477,880,1932
523,532,767,1822
377,224,944,1545
451,812,72,1335
878,86,512,1476
271,63,779,1113
77,803,422,1302
703,738,848,2289
126,701,285,1112
104,496,122,722
96,260,193,549
167,337,74,578
454,380,459,1293
38,349,644,1031
949,231,867,2047
302,664,247,1213
220,755,147,1122
781,9,508,1298
498,10,407,915
904,201,388,1493
557,702,984,2243
229,685,604,1518
385,951,228,1564
979,957,690,2626
621,927,748,2296
72,109,579,760
42,816,332,1190
111,593,677,1381
971,784,598,2353
574,874,979,2427
164,119,533,816
846,486,687,2019
414,548,249,1211
717,887,551,2155
212,616,793,1621
96,456,244,796
839,105,881,1825
450,285,907,1642
247,327,808,1382
638,605,601,1844
700,686,585,1971
893,932,527,2352
629,489,998,2116
876,227,431,1534
767,459,793,2019
863,676,257,1796
194,209,383,786
905,86,314,1305
226,54,323,603
34,598,409,1041
287,90,531,908
270,787,634,1691
908,293,959,2160
86,858,67,1011
309,750,693,1752
425,140,201,766
71,816,179,1066
121,89,976,1186
869,60,641,1570
853,922,374,2149
914,370,953,2237
46,862,772,1680
902,437,586,1925
172,703,365,1240
489,488,251,1228
758,478,730,1966
260,866,825,1951
103,500,974,1577
981,133,220,1334
633,498,46,1177
364,138,347,849
43,449,956,1448
305,355,910,1570
73,254,916,1243
140,98,733,971
185,436,450,1071
599,135,95,829
81,590,975,1646
27,950,185,1162
716,175,184,1075
759,160,586,1505
761,682,10,1453
77,253,519,849
474,131,609,1214
397,211,115,723
596,967,591,2154
746,611,831,2188
169,244,523,936
562,463,352,1377
706,743,861,2310
220,841,122,1183
687,711,835,2233
200,159,287,646
519,744,956,2219
883,742,106,1731
853,430,59,1342
274,202,223,699
385,143,333,861
963,498,600,2061
281,864,379,1524
352,431,492,1275
809,403,317,1529
278,330,616,1224
329,220,49,598
623,751,218,1592
647,10,413,1070
353,710,878,1941
377,657,7,1041
84,588,729,1401
106,33,552,691
666,808,325,1799
179,352,776,1307
165,745,25,935
965,541,820,2326
475,487,68,1030
765,484,531,1780
904,743,103,1750
82,86,1,169
900,448,407,1755
328,498,856,1682
109,288,695,1092
448,680,132,1260
235,80,4,319
211,385,177,773
664,320,642,1626
524,963,229,1716
680,904,850,2434
59,369,204,632
502,193,44,739
959,867,75,1901
397,482,368,1247
858,728,868,2454
797,965,795,2557
254,24,625,903
365,613,322,1300
259,659,831,1749
28,0,213,241
718,540,544,1802
4,19,944,967
619,165,833,1617
398,411,888,1697
207,630,19,856
386,110,538,1034
335,726,691,1752
948,843,559,2350
776,292,939,2007
275,182,468,925
878,45,121,1044
118,281,59,458
715,168,623,1506
480,519,778,1777
234,377,640,1251
979,557,181,1717
378,985,179,1542
654,215,181,1050
921,803,277,2001
177,370,640,1187
738,220,791,1749
170,230,403,803
398,351,709,1458
167,702,615,1484
730,609,385,1724
409,597,675,1681
647,653,526,1826
150,10,895,1055
616,159,696,1471
326,233,767,1326
256,428,490,1174
960,577,738,2275
172,507,616,1295
235,76,680,991
567,733,564,1864
194,314,155,663
101,212,983,1296
455,988,824,2267
446,455,313,1214
512,148,223,883
513,330,439,1282
644,202,729,1575
424,736,349,1509
873,623,879,2375
854,791,358,2003
42,494,303,839
370,357,74,801
200,112,810,1122
255,202,299,756
595,464,403,1462
242,366,997,1605
562,537,953,2052
951,166,345,1462
496,875,705,2076
66,219,633,918
809,974,481,2264
791,549,933,2273
23,114,523,660
976,604,755,2335
785,755,582,2122
510,121,935,1566
814,442,705,1961
507,686,712,1905
98,550,571,1219
555,736,185,1476
164,337,149,650
984,266,384,1634
140,248,792,1180
452,161,859,1472
461,604,79,1144
990,742,92,1824
9,361,965,1335
216,212,980,1408
1000,533,156,1689
398,385,952,1735
468,171,598,1237
937,206,286,1429
758,908,968,2634
965,300,844,2109
720,807,202,1729
478,639,771,1888
760,740,272,1772
909,594,776,2279
554,448,448,1450
92,62,921,1075
103,997,974,2074
611,119,112,842
528,216,125,869
795,623,191,1609
653,190,145,988
266,60,979,1305
67,687,212,966
180,419,975,1574
769,258,20,1047
232,703,345,1280
227,311,241,779
496,646,649,1791
343,492,346,1181
129,718,495,1342
814,28,633,1475
620,627,456,1703
972,967,734,2673
569,426,605,1600
722,485,98,1305
209,782,141,1132
883,901,311,2095
658,791,485,1934
499,749,468,1716
590,110,505,1205
955,925,653,2533
680,755,31,1466
631,287,703,1621
29,141,568,738
699,132,689,1520
746,331,829,1906
409,284,159,852
79,596,939,1614
694,377,361,1432
900,839,158,1897
157,188,770,1115
388,618,508,1514
711,610,324,1645
498,607,748,1853
133,760,673,1566
266,954,119,1339
17,104,766,887
828,322,30,1180
78,705,906,1689
303,339,169,811
476,114,673,1263
878,848,448,2174
154,287,389,830
938,33,906,1877
612,79,568,1259
955,790,787,2532
905,464,763,2132
580,359,85,1024
356,566,54,976
796,130,431,1357
91,337,354,782
3,686,833,1522
575,377,860,1812
716,280,247,1243
412,174,653,1239
622,763,20,1405
386,338,858,1582
85,742,718,1545
718,386,88,1192
374,841,45,1260
480,551,26,1057
614,344,878,1836
106,533,657,1296
321,935,516,1772
672,778,509,1959
235,60,803,1098
921,120,144,1185
615,460,173,1248
399,36,13,448
1,267,515,783
322,830,181,1333
346,34,294,674
101,234,77,412
545,696,115,1356
503,339,362,1204
434,585,979,1998
518,265,360,1143
325,282,967,1574
194,808,549,1551
425,204,396,1025
334,355,501,1190
216,605,351,1172
621,646,101,1368
253,866,776,1895
368,447,157,972
175,572,788,1535
954,429,533,1916
3,725,663,1391
17,686,122,825
53,553,414,1020
492,956,734,2182
329,487,234,1050
17,54,605,676
422,663,658,1743
218,631,851,1700
5,582,36,623
264,371,512,1147
397,149,402,948
106,268,759,1133
286,955,398,1639
409,168,694,1271
353,59,372,784
426,726,719,1871
641,153,799,1593
810,104,871,1785
276,304,721,1301
668,548,446,1662
695,99,183,977
730,930,667,2327
913,960,645,2518
342,216,471,1029
32,557,640,1229
148,330,654,1132
49,916,713,1678
125,2,295,422
724,69,299,1092
98,476,98,672
680,670,527,1877
683,16,507,1206
870,375,247,1492
360,842,29,1231
956,295,829,2080
897,400,252,1549
690,869,712,2271
636,559,503,1698
994,532,60,1586
604,166,607,1377
293,599,212,1104
252,377,741,1370
179,777,653,1609
734,135,739,1608
552,360,37,949
299,90,812,1201
590,143,383,1116
529,129,311,969
847,192,542,1581
376,944,859,2179
969,16,569,1554
43,51,66,160
874,872,462,2208
679,91,677,1447
295,477,687,1459
499,479,198,1176
801,428,90,1319
685,863,302,1850
854,731,945,2530
44,755,834,1633
720,637,508,1865
51,317,168,536
247,865,971,2083
808,606,724,2138
292,108,997,1397
343,241,176,760
312,663,984,1959
936,889,248,2073
305,671,152,1128
757,187,807,1751
573,995,843,2411
189,22,912,1123
790,849,448,2087
652,816,475,1943
191,232,15,438
338,750,625,1713
957,392,631,1980
289,614,628,1531
153,46,708,907
861,216,742,1819
598,983,512,2093
302,747,310,1359
763,134,686,1583
126,733,464,1323
285,421,854,1560
427,370,850,1647
542,176,959,1677
901,177,254,1332
734,116,955,1805
27,654,620,1301
477,697,260,1434
232,925,734,1891
255,948,140,1343
108,976,41,1125
746,504,380,1630
594,299,238,1131
108,90,216,414
852,348,724,1924
189,206,600,995
204,158,774,1136
431,995,860,2286
352,40,441,833
637,864,471,1972
944,377,744,2065
543,468,528,1539
559,163,175,897
503,219,866,1588
559,899,29,1487
486,224,45,755
712,432,805,1949
110,793,781,1684
687,803,327,1817
157,654,674,1485
970,457,693,2120
167,50,28,245
282,261,647,1190
168,560,312,1040
629,57,55,741
190,184,858,1232
646,670,504,1820
749,350,546,1645
963,294,7,1264
292,879,853,2024
75,547,996,1618
480,769,535,1784
318,807,828,1953
987,934,187,2108
622,497,685,1804
497,521,210,1228
906,342,646,1894
555,910,973,2438
903,673,814,2390
932,555,184,1671
738,376,521,1635
778,519,788,2085
901,136,269,1306
95,182,359,636
101,686,874,1661
846,484,169,1499
75,499,764,1338
549,352,587,1488
158,759,712,1629
380,804,307,1491
207,238,42,487
337,475,751,1563
397,893,811,2101
595,236,578,1409
958,379,509,1846
767,847,797,2411
461,639,936,2036
872,998,886,2756
338,622,428,1388
466,601,885,1952
185,158,30,373
219,379,597,1195
952,184,630,1766
642,611,346,1599
65,251,101,417
342,525,116,983
839,856,893,2588
54,735,250,1039
407,241,786,1434
971,206,833,2010
408,787,799,1994
875,348,440,1663
935,305,194,1434
668,429,314,1411
256,150,429,835
424,209,381,1014
126,357,599,1082
269,112,552,933
817,612,480,1909
215,299,710,1224
241,319,21,581
658,501,644,1803
779,753,687,2219
812,904,483,2199
278,18,809,1105
646,117,639,1402
54,970,604,1628
894,861,230,1985
640,279,667,1586
574,311,422,1307
727,953,101,1781
526,713,975,2214
84,159,78,321
920,451,623,1994
91,228,313,632
149,779,262,1190
726,689,715,2130
129,595,245,969
28,424,929,1381
317,51,967,1335
851,79,657,1587
371,433,79,883
390,321,818,1529
379,986,545,1910
966,972,538,2476
822,489,779,2090
476,144,414,1034
845,782,685,2312
61,739,920,1720
384,875,453,1712
541,559,458,1558
161,233,952,1346
943,14,932,1889
991,37,242,1270
365,580,638,1583
92,914,699,1705
582,861,54,1497
646,128,907,1681
87,806,125,1018
494,279,504,1277
255,535,114,904
463,844,757,2064
347,364,279,990
33,56,164,253
556,314,495,1365
183,64,539,786
147,392,17,556
46,123,706,875
778,301,659,1738
816,385,589,1790
889,258,555,1702
267,512,712,1491
236,933,484,1653
551,172,518,1241
184,7,440,631
2,374,697,1073
855,265,873,1993
545,549,816,1910
110,174,577,861
557,562,758,1877
31,389,840,1260
450,178,12,640
491,924,883,2298
530,526,160,1216
775,932,58,1765
701,916,326,1943
404,134,803,1341
134,209,209,552
353,247,861,1461
778,891,501,2170
705,390,596,1691
509,834,765,2108
153,861,498,1512
493,528,55,1076
827,240,171,1238
584,544,316,1444
491,316,251,1058
231,258,652,1141
361,996,272,1629
70,795,94,959
652,96,921,1669
345,746,524,1615
777,941,34,1752
631,407,53,1091
982,542,622,2146
390,658,820,1868
422,944,145,1511
780,331,995,2106
488,493,935,1916
112,109,559,780
131,921,795,1847
471,169,215,855
855,787,674,2316
873,660,447,1980
196,972,294,1462
424,531,54,1009
677,188,776,1641
1000,993,902,2895
693,960,415,2068
808,316,953,2077
538,577,556,1671
78,661,797,1536
349,221,154,724
400,870,8,1278
894,78,255,1227
78,276,462,816
936,742,42,1720
457,873,7,1337
518,406,57,981
618,288,348,1254
883,732,617,2232
234,765,205,1204
126,667,344,1137
457,799,590,1846
108,103,434,645
813,180,862,1855
152,262,761,1175
945,549,809,2303
540,351,13,904
602,466,279,1347
982,953,455,2390
676,214,197,1087
486,846,16,1348
531,631,80,1242
906,893,93,1892
797,885,397,2079
688,622,913,2223
886,277,308,1471
718,581,489,1788
603,386,736,1725
962,726,837,2525
767,210,668,1645
939,950,123,2012
775,602,385,1762
969,687,711,2367
803,648,853,2304
851,428,272,1551
876,705,45,1626
771,642,104,1517
118,224,236,578
367,192,879,1438
533,790,738,2061
155,348,187,690
165,295,233,693
64,866,583,1513
642,465,629,1736
276,601,36,913
885,501,18,1404
386,658,589,1633
137,194,499,830
54,909,733,1696
458,526,176,1160
116,294,918,1328
631,366,32,1029
858,351,590,1799
529,721,880,2130
606,642,633,1881
473,406,959,1838
619,786,872,2277
532,240,659,1431
57,275,112,444
96,80,259,435
182,692,61,935
510,240,93,843
351,956,647,1954
159,333,627,1119
179,35,923,1137
260,586,156,1002
560,377,932,1869
437,593,396,1426
849,470,744,2063
376,45,787,1208
526,746,296,1568
337,153,416,906
603,512,878,1993
527,986,895,2408
527,434,377,1338
780,769,746,2295
579,243,49,871
799,333,460,1592
856,509,381,1746
79,991,219,1289
47,783,747,1577
275,46,302,623
547,224,426,1197
27,605,763,1395
603,158,94,855
491,45,255,791
87,735,513,1335
721,1000,406,2127
104,797,326,1227
492,250,361,1103
980,987,367,2334
680,310,795,1785
775,734,173,1682
405,446,670,1521
324,787,831,1942
100,576,826,1502
997,544,413,1954
129,144,650,923
169,493,523,1185
641,764,385,1790
25,277,736,1038
226,539,256,1021
300,389,103,792
339,429,895,1663
723,180,528,1431
641,135,646,1422
739,805,45,1589
766,971,851,2588
804,883,179,1866
300,126,459,885
812,538,52,1402
348,507,949,1804
912,372,726,2010
144,511,917,1572
448,119,137,704
951,790,359,2100
928,677,835,2440
344,981,1,1326
334,402,813,1549
720,968,980,2668
878,775,308,1961
970,570,299,1839
512,306,209,1027
995,477,249,1721
156,466,722,1344
767,754,862,2383
555,420,317,1292
430,81,81,592
936,421,221,1578
932,435,760,2127
985,255,783,2023
782,590,524,1896
787,515,219,1521
357,525,406,1288
898,874,313,2085
276,4,960,1240
548,536,709,1793
896,454,38,1388
547,752,865,2164
39,345,953,1337
291,138,946,1375
81,196,78,355
116,309,382,807
201,783,971,1955
119,881,700,1700
694,147,511,1352
863,1,319,1183
397,519,796,1712
821,578,447,1846
86,280,529,895
530,542,496,1568
979,693,920,2592
993,801,844,2638
696,255,815,1766
355,519,852,1726
351,4,270,625
318,662,561,1541
246,966,30,1242
895,56,481,1432
483,329,534,1346
424,350,591,1365
668,778,702,2148
201,829,519,1549
896,755,2,1653
803,661,244,1708
470,877,104,1451
888,105,958,1951
411,811,69,1291
789,119,389,1297
501,360,217,1078
727,348,464,1539
963,848,615,2426
131,819,824,1774
17,675,716,1408
529,36,221,786
402,749,404,1555
184,963,926,2073
203,360,503,1066
713,870,87,1670
139,182,175,496
703,387,743,1833
739,587,997,2323
374,205,559,1138
804,755,879,2438
146,159,242,547
469,923,109,1501
606,472,12,1090
341,123,349,813
345,162,438,945
80,212,232,524
389,270,393,1052
888,760,910,2558
588,678,756,2022
802,654,992,2448
42,194,701,937
941,109,495,1545
708,304,364,1376
293,226,932,1451
259,645,823,1727
472,981,736,2189
6,988,607,1601
329,103,765,1197
400,408,754,1562
800,218,402,1420
648,783,528,1959
444,176,163,783
416,694,991,2101
74,84,997,1155
582,408,763,1753
24,140,804,968
843,87,460,1390
590,898,346,1834
657,528,54,1239
613,491,169,1273
322,457,230,1009
940,152,291,1383
293,345,251,889
966,692,940,2598
247,964,574,1785
186,219,674,1079
8,164,807,979
989,468,818,2275
732,989,377,2098
301,979,788,2068
675,349,242,1266
652,665,781,2098
237,425,102,764
240,68,803,1111
767,587,533,1887
399,487,762,1648
553,363,944,1860
238,765,960,1963
118,401,386,905
587,766,306,1659
16,349,34,399
201,901,95,1197
801,641,282,1724
689,486,764,1939
158,566,870,1594
332,312,270,914
706,20,120,846
292,610,572,1474
891,502,408,1801
351,484,349,1184
408,365,933,1706
331,490,681,1502
743,650,490,1883
695,309,855,1859
911,705,40,1656
573,760,420,1753
741,343,831,1915
829,832,484,2145
523,173,88,784
673,145,439,1257
609,170,645,1424
333,61,156,550
794,449,355,1598
10,929,322,1261
705,249,617,1571
150,533,807,1490
707,220,146,1073
173,375,851,1399
382,464,351,1197
541,435,281,1257
804,771,1000,2575
474,461,422,1357
571,948,424,1943
924,766,524,2214
159,116,282,557
957,814,784,2555
348,11,448,807
548,756,656,1960
159,713,364,1236
230,319,996,1545
869,479,554,1902
622,828,890,2340
802,821,595,2218
451,18,606,1075
878,894,714,2486
945,962,820,2727
312,657,317,1286
519,718,698,1935
979,118,364,1461
620,547,992,2159
543,9,627,1179
151,170,911,1232
403,441,376,1220
531,479,476,1486
316,685,974,1975
17,660,323,1000
991,622,467,2080
588,78,182,848
418,306,582,1306
466,333,582,1381
706,24,525,1255
62,475,181,718
800,115,702,1617
238,990,829,2057
637,733,674,2044
900,433,646,1979
482,555,400,1437
925,930,672,2527
644,207,377,1228
755,232,840,1827
79,224,424,727
412,831,844,2087
953,517,715,2185
682,662,329,1673
97,730,89,916
686,791,506,1983
605,417,434,1456
134,436,773,1343
320,740,887,1947
134,978,996,2108
479,673,399,1551
730,261,120,1111
635,58,617,1310
767,548,431,1746
30,955,490,1475
16,119,343,478
819,328,562,1709
507,737,915,2159
646,990,41,1677
958,687,241,1886
357,425,721,1503
476,362,444,1282
495,908,368,1771
720,203,657,1580
251,305,668,1224
10,808,913,1731
751,715,122,1588
201,105,903,1209
916,147,493,1556
163,390,829,1382
379,717,468,1564
175,952,129,1256
325,870,564,1759
386,216,902,1504
43,5,133,181
203,110,513,826
655,158,475,1288
195,506,567,1268
231,952,953,2136
26,590,876,1492
336,249,163,748
303,682,634,1619
760,887,326,1973
237,604,569,1410
932,666,879,2477
826,708,95,1629
669,955,291,1915
165,891,121,1177
710,365,742,1817
626,12,643,1281
627,535,115,1277
262,584,117,963
566,364,631,1561
71,247,447,765
649,653,650,1952
685,119,897,1701
189,880,197,1266
733,163,160,1056
873,19,118,1010
750,532,180,1462
638,306,336,1280
239,54,383,676
973,399,22,1394
42,661,824,1527
526,735,451,1712
266,545,271,1082
369,993,766,2128
387,115,459,961
588,750,729,2067
279,798,456,1533
823,357,956,2136
706,731,702,2139
895,379,512,1786
632,679,586,1897
572,130,181,883
909,495,307,1711
997,516,530,2043
747,162,746,1655
38,771,114,923
4,317,542,863
42,456,418,916
612,157,376,1145
877,536,789,2202
368,18,625,1011
493,942,142,1577
645,24,525,1194
98,782,862,1742
105,935,284,1324
531,796,813,2140
522,937,445,1904
137,811,475,1423
232,314,237,783
224,899,579,1702
217,354,301,872
151,31,232,414
995,34,769,1798
798,711,3,1512
553,240,654,1447
311,575,457,1343
743,628,812,2183
716,940,845,2501
546,211,219,976
422,67,326,815
45,915,695,1655
902,343,141,1386
41,41,844,926
680,836,417,1933
338,131,752,1221
966,549,451,1966
33,407,704,1144
882,705,28,1615
677,512,585,1774
298,507,614,1419
599,398,413,1410
881,439,45,1365
579,136,719,1434
534,777,104,1415
998,777,968,2743
299,163,424,886
293,681,188,1162
1000,41,615,1656
758,189,652,1599
858,614,428,1900
710,29,401,1140
587,230,663,1480
248,116,134,498
376,819,977,2172
622,161,880,1663
403,586,935,1924
386,275,206,867
500,426,307,1233
323,29,568,920
631,626,907,2164
473,76,754,1303
187,497,114,798
291,213,546,1050
771,472,92,1335
664,335,442,1441
848,882,671,2401
572,730,819,2121
371,343,386,1100
874,905,448,2227
543,391,386,1320
883,904,20,1807
110,661,431,1202
751,256,861,1868
361,389,855,1605
841,21,766,1628
76,160,494,730
135,858,759,1752
677,30,456,1163
372,667,77,1116
32,845,306,1183
865,572,628,2065
307,298,724,1329
373,246,349,968
76,290,843,1209
889,994,843,2726
132,399,972,1503
132,901,422,1455
481,329,690,1500
186,456,598,1240
591,921,391,1903
963,241,937,2141
499,986,576,2061
356,604,550,1510
555,515,980,2050
102,961,631,1694
492,172,979,1643
530,693,578,1801
743,995,748,2486
482,900,85,1467
400,437,657,1494
386,585,328,1299
333,812,288,1433
97,910,642,1649
763,101,411,1275
512,93,339,944
907,951,343,2201
303,592,785,1680
455,164,722,1341
917,394,635,1946
827,327,924,2078
754,857,64,1675
408,955,972,2335
509,348,579,1436
751,182,793,1726
603,840,369,1812
23,179,171,373
873,439,494,1806
904,846,90,1840
904,930,454,2288
365,385,326,1076
720,462,827,2009
33,175,909,1117
382,771,598,1751
376,579,302,1257
955,579,664,2198
677,994,33,1704
266,400,687,1353
287,806,184,1277
728,150,231,1109
206,856,78,1140
859,725,165,1749
579,5,911,1495
103,867,872,1842
860,747,730,2337
16,688,512,1216
592,933,973,2498
216,545,327,1088
827,584,96,1507
404,741,436,1581
216,97,401,714
706,133,382,1221
333,158,458,949
110,47,4,161
252,136,378,766
319,174,241,734
739,779,363,1881
167,491,910,1568
150,117,841,1108
908,767,221,1896
328,22,474,824
374,522,88,984
41,940,889,1870
507,941,459,1907
466,993,903,2362
994,925,908,2827
574,616,25,1215
39,664,233,936
412,38,42,492
613,595,38,1246
471,372,756,1599
650,421,651,1722
713,547,93,1353
239,931,485,1655
247,253,574,1074
651,332,578,1561
671,962,884,2517
482,863,353,1698
86,389,831,1306
224,469,937,1630
143,290,103,536
883,121,101,1105
149,603,486,1238
382,379,74,835
332,944,696,1972
545,507,772,1824
374,207,343,924
441,663,394,1498
168,422,660,1250
804,504,294,1602
913,167,179,1259
62,530,617,1209
459,762,848,2069
140,839,633,1612
725,193,999,1917
651,956,861,2468
582,120,470,1172
468,724,509,1701
541,457,927,1925
101,762,401,1264
898,973,213,2084
244,971,212,1427
847,91,608,1546
879,103,873,1855
926,766,613,2305
822,591,43,1456
30,882,10,922
125,556,685,1366
680,188,824,1692
427,805,122,1354
622,189,579,1390
268,390,11,669
335,304,854,1493
818,1,588,1407
59,47,0,106
681,569,912,2162
801,883,558,2242
113,688,997,1798
336,603,807,1746
449,301,144,894
748,555,967,2270
460,982,683,2125
17,376,993,1386
684,185,378,1247
479,833,391,1703
566,10,923,1499
586,423,188,1197
944,584,733,2261
336,311,558,1205
472,611,572,1655
700,176,84,960
80,641,993,1714
169,418,637,1224
845,399,965,2209
135,635,252,1022
944,243,410,1597
195,409,787,1391
844,213,363,1420
179,63,424,666
372,825,670,1867
302,480,764,1546
780,1000,953,2733
658,941,504,2103
558,737,524,1819
720,967,618,2305
588,898,148,1634
748,65,243,1056
479,431,737,1647
732,272,881,1885
894,311,52,1257
161,80,348,589
526,865,759,2150
278,335,319,932
192,822,743,1757
938,614,954,2506
186,685,609,1480
830,142,33,1005
82,299,53,434
751,546,344,1641
797,352,85,1234
964,491,992,2447
25,733,715,1473
963,975,558,2496
673,85,19,777
761,322,115,1198
450,133,697,1280
809,340,282,1431
63,42,954,1059
162,539,935,1636
11,629,395,1035
446,652,338,1436
805,903,670,2378
162,205,154,521
522,348,316,1186
229,82,840,1151
375,733,3,1111
895,852,524,2271
20,236,371,627
238,565,431,1234
794,988,178,1960
711,981,274,1966
192,419,819,1430
482,57,336,875
186,585,124,895
966,914,531,2411
665,117,894,1676
294,122,763,1179
102,656,191,949
691,814,582,2087
200,980,391,1571
969,662,800,2431
931,965,558,2454
341,250,684,1275
656,802,22,1480
548,459,710,1717
582,998,301,1881
881,793,136,1810
855,752,108,1715
610,10,456,1076
563,293,58,914
189,395,198,782
578,120,604,1302
200,727,712,1639
890,409,714,2013
847,574,560,1981
823,37,197,1057
104,711,517,1332
766,889,905,2560
611,718,548,1877
7,583,653,1243
105,690,733,1528
960,541,72,1573
219,530,632,1381
813,938,823,2574
672,471,508,1651
513,700,696,1909
184,398,12,594
626,934,73,1633
77,127,69,273
251,875,976,2102
861,947,192,2000
973,958,535,2466
396,792,748,1936
829,78,291,1198
166,334,257,757
929,79,769,1777
306,845,758,1909
722,481,99,1302
648,923,9,1580
6,672,249,927
954,305,795,2054
427,134,891,1452
201,819,561,1581
149,245,863,1257
116,739,289,1144
581,606,780,1967
485,424,140,1049
625,568,182,1375
435,497,342,1274
22,197,869,1088
594,889,332,1815
468,250,698,1416
838,537,185,1560
959,768,334,2061
708,295,252,1255
131,659,773,1563
313,401,233,947
387,124,224,735
363,526,206,1095
904,287,775,1966
197,617,366,1180
376,762,330,1468
595,374,761,1730
809,87,34,930
695,831,67,1593
346,422,240,1008
522,451,704,1677
310,210,293,813
220,433,436,1089
22,965,955,1942
149,64,806,1019
934,797,2,1733
475,440,356,1271
835,114,919,1868
992,574,375,1941
917,291,129,1337
67,104,324,495
488,127,694,1309
797,907,67,1771
502,183,165,850
605,176,441,1222
113,88,588,789
722,793,353,1868
700,371,374,1445
649,7,797,1453
213,495,108,816
958,710,911,2579
508,631,318,1457
513,995,62,1570
837,985,767,2589
307,909,694,1910
825,667,328,1820
118,445,267,830
284,986,981,2251
231,754,442,1427
831,966,381,2178
816,275,218,1309
660,717,795,2172
106,811,227,1144
375,7,826,1208
104,613,700,1417
53,537,996,1586
427,540,446,1413
214,697,749,1660
26,760,471,1257
536,616,871,2023
150,962,425,1537
209,299,834,1342
951,386,134,1471
366,292,890,1548
784,730,189,1703
457,281,493,1231
696,964,429,2089
250,612,139,1001
298,119,561,978
272,385,511,1168
636,17,308,961
396,842,518,1756
42,722,957,1721
249,223,334,806
248,854,468,1570
432,1,681,1114
67,65,786,918
713,284,19,1016
825,35,56,916
298,454,565,1317
866,574,421,1861
367,506,899,1772
416,203,53,672
26,819,417,1262
670,670,717,2057
24,432,174,630
787,940,366,2093
534,886,907,2327
931,705,818,2454
417,478,188,1083
646,434,702,1782
671,452,851,1974
805,419,50,1274
37,659,830,1526
870,727,968,2565
508,540,131,1179
263,30,323,616
10,550,523,1083
869,846,593,2308
994,396,126,1516
708,694,713,2115
169,492,815,1476
529,506,238,1273
86,522,357,965
257,423,871,1551
153,534,630,1317
443,367,873,1683
915,783,701,2399
253,19,731,1003
794,230,304,1328
375,264,4,643
938,865,190,1993
580,19,78,677
533,631,249,1413
435,210,141,786
943,631,668,2242
962,678,835,2475
643,27,147,817
727,513,714,1954
504,71,533,1108
158,747,229,1134
828,239,14,1081
446,301,528,1275
625,733,250,1608
25,53,932,1010
213,323,920,1456
653,361,399,1413
684,749,388,1821
93,795,13,901
931,919,748,2598
215,667,300,1182
85,517,912,1514
962,639,256,1857
722,377,32,1131
613,657,81,1351
581,776,996,2353
868,23,97,988
152,224,452,828
957,349,237,1543
490,473,691,1654
241,759,154,1154
8,130,790,928
589,672,368,1629
950,470,622,2042
857,671,697,2225
346,786,412,1544
193,768,339,1300
806,996,965,2767
372,132,587,1091
323,444,505,1272
549,711,967,2227
120,155,489,764
515,706,452,1673
435,951,985,2371
169,226,987,1382
496,539,543,1578
943,142,909,1994
800,977,135,1912
626,224,676,1526
151,86,399,636
662,605,808,2075
515,145,103,763
155,924,596,1675
341,285,919,1545
936,681,391,2008
61,180,697,938
25,524,973,1522
765,676,968,2409
874,305,837,2016
390,889,452,1731
120,920,649,1689
663,637,569,1869
757,825,861,2443
708,749,985,2442
730,466,901,2097
681,109,439,1229
117,45,167,329
321,822,913,2056
3,143,413,559
208,944,671,1823
327,731,15,1073
453,181,79,713
934,823,978,2735
222,758,970,1950
756,262,92,1110
219,61,754,1034
543,946,792,2281
626,748,602,1976
153,370,376,899
637,238,213,1088
861,465,863,2189
895,538,472,1905
118,899,862,1879
790,664,455,1909
649,825,614,2088
872,74,266,1212
386,137,184,707
916,712,716,2344
598,211,686,1495
489,926,744,2159
316,646,674,1636
506,769,810,2085
537,40,463,1040
982,598,322,1902
944,369,621,1934
628,299,606,1533
214,270,17,501
581,0,949,1530
380,584,304,1268
912,907,376,2195
259,243,202,704
572,145,660,1377
491,903,160,1554
471,345,87,903
939,49,451,1439
839,634,320,1793
442,126,620,1188
658,691,821,2170
545,425,548,1518
540,732,947,2219
469,557,519,1545
761,435,357,1553
726,61,804,1591
241,896,682,1819
513,796,551,1860
549,662,29,1240
847,533,288,1668
534,19,614,1167
172,957,96,1225
391,11,72,474
205,850,968,2023
38,874,335,1247
399,79,531,1009
253,290,247,790
646,474,320,1440
408,613,833,1854
918,738,136,1792
299,753,850,1902
220,94,62,376
207,504,558,1269
75,350,829,1254
153,771,484,1408
37,50,136,223
994,903,869,2766
122,896,51,1069
873,344,783,2000
955,742,788,2485
320,769,419,1508
864,379,558,1801
294,948,501,1743
644,538,517,1699
866,9,644,1519
9,599,485,1093
376,535,603,1514
796,624,914,2334
754,272,181,1207
306,540,395,1241
627,131,999,1757
311,897,528,1736
56,780,612,1448
864,318,479,1661
651,303,674,1628
464,879,135,1478
240,813,311,1364
182,231,769,1182
741,160,834,1735
113,36,203,352
820,87,535,1442
224,907,410,1541
345,266,625,1236
271,459,174,904
650,694,247,1591
91,217,984,1292
435,620,986,2041
726,406,781,1913
898,25,205,1128
746,965,457,2168
544,913,303,1760
318,580,572,1470
816,827,842,2485
370,767,794,1931
975,630,978,2583
389,778,830,1997
561,5,376,942
250,128,875,1253
595,408,724,1727
201,440,619,1260
906,631,219,1756
451,303,357,1111
985,205,106,1296
112,232,780,1124
290,261,201,752
487,269,517,1273
832,385,666,1883
108,216,418,742
62,522,773,1357
259,909,935,2103
725,604,120,1449
967,927,715,2609
892,797,922,2611
343,444,682,1469
821,196,36,1053
217,978,586,1781
9,27,645,681
376,596,36,1008
872,596,928,2396
547,570,544,1661
144,397,266,807
171,695,366,1232
143,80,380,603
299,285,697,1281
132,254,720,1106
726,337,452,1515
536,583,673,1792
388,728,471,1587
731,347,469,1547
431,183,985,1599
982,392,292,1666
526,133,539,1198
982,300,273,1555
854,251,985,2090
51,855,223,1129
820,863,148,1831
780,390,700,1870
614,552,32,1198
707,683,322,1712
125,613,20,758
371,769,159,1299
675,504,33,1212
708,471,393,1572
839,99,990,1928
130,595,410,1135
953,476,932,2361
270,507,816,1593
267,758,712,1737
614,377,69,1060
715,918,972,2605
602,891,639,2132
770,230,82,1082
59,599,663,1321
831,799,325,1955
43,878,4,925
742,55,394,1191
315,296,642,1253
309,709,490,1508
390,373,537,1300
693,167,989,1849
532,528,424,1484
714,297,806,1817
314,709,676,1699
422,264,670,1356
48,596,206,850
728,907,576,2211
6,374,77,457
839,967,979,2785
347,973,640,1960
356,298,858,1512
313,764,685,1762
437,430,249,1116
820,178,115,1113
133,667,477,1277
930,132,426,1488
871,63,851,1785
969,432,915,2316
924,135,501,1560
951,488,898,2337
348,867,725,1940
966,276,276,1518
704,783,221,1708
900,796,161,1857
627,716,658,2001
579,504,624,1707
804,633,879,2316
963,233,730,1926
68,485,974,1527
849,100,607,1556
767,394,435,1596
232,611,681,1524
766,184,145,1095
297,24,513,834
893,684,270,1847
976,969,609,2554
555,929,79,1563
924,71,232,1227
924,23,950,1897
613,850,654,2117
604,347,447,1398
812,191,14,1017
524,331,548,1403
93,250,242,585
56,752,130,938
115,812,552,1479
730,771,926,2427
392,975,587,1954
932,41,529,1502
263,751,767,1781
53,677,928,1658
203,21,246,470
191,987,44,1222
23,323,369,715
64,784,563,1411
872,458,165,1495
312,460,75,847
369,930,633,1932
752,956,833,2541
158,350,108,616
19,885,429,1333
499,66,126,691
840,613,198,1651
437,951,589,1977
499,268,449,1216
915,458,475,1848
77,878,324,1279
127,98,767,992
577,331,477,1385
684,867,113,1664
763,70,381,1214
682,303,99,1084
697,29,610,1336
304,637,831,1772
467,362,83,912
885,277,769,1931
501,842,216,1559
73,684,960,1717
938,188,606,1732
846,251,453,1550
784,684,325,1793
518,662,791,1971
875,887,216,1978
567,455,471,1493
758,943,74,1775
135,206,986,1327
704,55,220,979
983,84,485,1552
680,933,469,2082
554,276,161,991
432,675,970,2077
273,6,752,1031
728,956,423,2107
583,360,464,1407
926,88,973,1987
327,982,625,1934
940,471,277,1688
648,195,154,997
515,907,853,2275
721,980,695,2396
975,284,473,1732
784,827,932,2543
423,649,584,1656
163,283,967,1413
964,580,205,1749
346,213,120,679
647,910,29,1586
656,946,83,1685
107,750,477,1334
776,969,951,2696
238,636,36,910
939,437,414,1790
380,678,260,1318
415,228,326,969
404,154,273,831
33,573,749,1355
463,597,138,1198
7,440,714,1161
535,558,438,1531
945,464,50,1459
620,120,594,1334
373,149,815,1337
830,9,886,1725
859,939,168,1966
106,633,109,848
335,558,332,1225
184,569,487,1240
348,987,389,1724
179,577,103,859
919,635,604,2158
125,541,322,988
802,572,84,1458
439,441,908,1788
442,499,124,1065
159,453,818,1430
608,854,988,2450
352,506,791,1649
647,968,178,1793
681,205,672,1558
381,539,421,1341
56,398,708,1162
727,887,458,2072
753,918,603,2274
751,837,236,1824
657,525,608,1790
588,138,76,802
69,714,202,985
51,974,686,1711
276,216,263,755
71,19,809,899
775,342,589,1706
351,38,434,823
711,359,571,1641
472,446,986,1904
524,492,699,1715
25,994,254,1273
227,241,469,937
172,201,814,1187
491,307,818,1616
353,741,843,1937
740,507,984,2231
703,7,741,1451
934,829,221,1984
563,879,259,1701
690,862,661,2213
975,945,12,1932
489,233,426,1148
450,133,145,728
815,287,936,2038
345,810,748,1903
752,160,429,1341
984,864,529,2377
299,232,776,1307
50,907,369,1326
649,96,707,1452
89,115,234,438
595,970,83,1648
879,943,332,2154
19,998,943,1960
326,475,349,1150
96,698,149,943
463,42,972,1477
692,740,131,1563
559,65,437,1061
942,936,360,2238
977,67,446,1490
365,750,460,1575
144,831,491,1466
303,564,963,1830
425,777,336,1538
811,853,761,2425
750,798,389,1937
661,292,75,1028
211,904,798,1913
269,332,38,639
683,910,366,1959
486,798,545,1829
255,109,231,595
662,407,765,1834
68,536,818,1422
506,550,677,1733
207,202,945,1354
398,251,850,1499
57,230,653,940
82,973,518,1573
978,124,644,1746
538,760,106,1404
476,217,969,1662
714,422,887,2023
498,782,290,1570
19,453,370,842
839,556,825,2220
449,534,30,1013
270,435,319,1024
599,366,731,1696
277,502,630,1409
362,811,851,2024
368,26,611,1005
320,669,751,1740
893,636,256,1785
107,644,257,1008
589,82,67,738
973,41,966,1980
260,255,751,1266
504,162,657,1323
437,511,800,1748
743,345,81,1169
409,309,316,1034
395,478,757,1630
252,786,450,1488
868,127,565,1560
912,173,269,1354
904,226,376,1506
263,67,220,550
419,240,708,1367
234,141,465,840
103,90,111,304
547,565,634,1746
31,227,476,734
333,757,858,1948
486,599,997,2082
635,707,836,2178
135,504,189,828
807,732,755,2294
26,8,542,576
137,705,406,1248
541,413,567,1521
634,95,501,1230
539,740,716,1995
751,90,425,1266
80,811,953,1844
623,57,678,1358
712,882,986,2580
777,879,84,1740
902,744,280,1926
306,579,475,1360
346,212,787,1345
93,95,566,754
272,191,292,755
645,292,502,1439
534,269,564,1367
819,278,419,1516
674,547,40,1261
358,530,863,1751
2,496,783,1281
123,3,554,680
650,255,68,973
121,352,408,881
229,856,836,1921
916,345,600,1861
391,828,531,1750
306,325,705,1336
315,881,100,1296
574,345,606,1525
763,97,270,1130
779,350,250,1379
3,589,474,1066
358,569,798,1725
194,159,309,662
776,761,267,1804
15,669,387,1071
483,472,3,958
653,804,776,2233
628,340,980,1948
719,574,435,1728
565,964,293,1822
657,736,326,1719
47,605,205,857
549,904,272,1725
945,932,845,2722
977,476,472,1925
992,620,916,2528
571,49,199,819
912,357,141,1410
936,895,0,1831
75,722,609,1406
66,750,195,1011
66,36,176,278
854,7,915,1776
170,678,88,936
493,578,339,1410
415,484,389,1288
390,728,759,1877
145,838,981,1964
509,209,422,1140
824,151,593,1568
281,846,626,1753
376,346,217,939
542,690,636,1868
581,918,444,1943
126,228,169,523
734,435,277,1446
8,640,80,728
554,468,494,1516
56,116,449,621
572,19,43,634
407,122,568,1097
705,291,138,1134
995,250,349,1594
860,82,230,1172
529,985,381,1895
778,110,947,1835
914,761,248,1923
223,955,9,1187
351,831,270,1452
195,482,307,984
516,246,812,1574
118,755,92,965
780,242,378,1400
237,16,956,1209
174,790,967,1931
761,764,310,1835
526,495,133,1154
200,227,927,1354
495,667,845,2007
126,229,136,491
83,875,789,1747
160,287,604,1051
773,654,594,2021
287,350,962,1599
864,978,802,2644
73,508,420,1001
883,26,960,1869
532,763,906,2201
752,464,984,2200
693,779,423,1895
750,337,554,1641
167,750,159,1076
117,454,170,741
47,244,209,500
405,795,876,2076
604,916,358,1878
377,718,568,1663
159,218,198,575
465,893,284,1642
549,302,514,1365
305,286,402,993
150,692,979,1821
998,709,345,2052
198,387,302,887
605,97,629,1331
942,275,106,1323
470,897,15,1382
113,847,394,1354
809,714,457,1980
615,416,831,1862
542,305,556,1403
849,720,119,1688
31,14,976,1021
367,785,868,2020
784,308,282,1374
579,154,212,945
17,153,483,653
626,343,223,1192
180,710,806,1696
524,230,239,993
720,712,936,2368
624,90,233,947
197,570,407,1174
268,242,27,537
28,603,2,633
856,143,522,1521
216,806,607,1629
23,188,662,873
26,986,811,1823
837,608,957,2402
289,495,261,1045
680,229,791,1700
402,355,693,1450
67,765,487,1319
471,588,454,1513
550,495,759,1804
662,381,324,1367
795,143,457,1395
181,276,372,829
108,87,212,407
820,648,296,1764
765,71,121,957
676,895,204,1775
12,695,649,1356
700,126,677,1503
494,221,514,1229
909,724,646,2279
959,472,389,1820
739,284,311,1334
182,604,642,1428
880,193,309,1382
503,686,28,1217
749,575,20,1344
202,741,782,1725
27,733,950,1710
795,941,863,2599
20,464,675,1159
875,617,269,1761
661,749,218,1628
838,191,257,1286
423,854,543,1820
784,8,116,908
745,18,737,1500
446,113,477,1036
151,891,914,1956
447,1,467,915
866,746,746,2358
403,642,268,1313
331,221,209,761
950,387,955,2292
623,950,309,1882
922,875,431,2228
317,601,569,1487
815,206,444,1465
717,926,336,1979
465,858,256,1579
471,358,999,1828
521,397,556,1474
152,477,371,1000
227,826,727,1780
557,641,634,1832
818,535,48,1401
904,723,178,1805
664,989,956,2609
607,412,865,1884
214,609,982,1805
847,366,721,1934
890,176,184,1250
279,263,718,1260
721,639,554,1914
87,416,153,656
994,666,989,2649
872,198,795,1865
368,93,556,1017
125,743,21,889
800,978,47,1825
410,248,397,1055
204,298,498,1000
447,300,128,875
22,805,811,1638
144,557,671,1372
751,779,525,2055
840,913,533,2286
210,207,226,643
513,647,968,2128
359,9,772,1140
172,460,670,1302
86,310,299,695
515,104,907,1526
928,913,645,2486
791,137,269,1197
299,3,146,448
901,704,331,1936
617,106,269,992
14,103,752,869
362,320,647,1329
486,297,170,953
231,729,977,1937
169,602,462,1233
720,179,475,1374
736,294,379,1409
94,765,222,1081
127,224,379,730
735,815,682,2232
5,31,295,331
755,480,758,1993
992,443,891,2326
257,801,483,1541
952,127,439,1518
122,85,588,795
730,448,354,1532
483,547,931,1961
750,241,768,1759
44,863,521,1428
767,343,693,1803
883,902,202,1987
687,117,565,1369
88,920,467,1475
86,40,544,670
373,335,281,989
550,291,109,950
569,67,70,706
590,199,63,852
78,797,402,1277
376,166,195,737
890,232,606,1728
404,389,830,1623
918,576,292,1786
622,73,407,1102
800,350,189,1339
599,839,931,2369
643,313,872,1828
202,687,887,1776
932,166,519,1617
276,576,699,1551
732,612,589,1933
367,309,511,1187
997,682,511,2190
863,982,730,2575
451,176,604,1231
939,338,830,2107
456,1000,106,1562
720,571,650,1941
815,191,910,1916
956,515,311,1782
767,533,661,1961
426,357,596,1379
737,283,493,1513
415,319,635,1369
320,19,116,455
22,506,492,1020
364,302,126,792
393,269,517,1179
71,23,120,214
147,978,541,1666
76,24,991,1091
812,250,382,1444
538,818,328,1684
274,549,630,1453
949,987,710,2646
447,818,614,1879
425,939,713,2077
405,739,429,1573
785,496,21,1302
248,458,633,1339
120,344,41,505
633,474,82,1189
339,248,204,791
773,66,11,850
625,673,354,1652
173,817,984,1974
628,99,993,1720
952,800,60,1812
869,439,809,2117
938,170,203,1311
164,943,639,1746
341,252,254,847
162,367,899,1428
820,292,683,1795
994,120,310,1424
476,839,372,1687
790,756,854,2400
196,355,969,1520
881,295,324,1500
8,543,929,1480
749,731,227,1707
466,782,328,1576
486,959,897,2342
396,741,317,1454
610,252,441,1303
549,616,760,1925
872,804,745,2421
533,189,326,1048
58,875,907,1840
146,885,117,1148
158,234,476,868
902,425,93,1420
174,573,0,747
557,266,481,1304
297,749,877,1923
473,990,469,1932
858,339,77,1274
543,192,505,1240
497,909,1000,2406
512,210,165,887
979,357,800,2136
732,749,757,2238
478,560,670,1708
926,901,343,2170
535,854,494,1883
66,778,954,1798
264,244,501,1009
463,952,510,1925
703,378,369,1450
120,488,497,1105
548,288,214,1050
884,198,929,2011
965,141,242,1348
577,793,729,2099
630,187,889,1706
323,238,887,1448
397,174,769,1340
336,386,98,820
90,881,368,1339
849,109,891,1849
67,653,691,1411
474,642,668,1784
222,964,288,1474
135,952,248,1335
668,844,568,2080
554,918,997,2469
951,470,67,1488
741,35,490,1266
379,379,49,807
853,82,620,1555
830,91,147,1068
547,977,201,1725
716,657,392,1765
476,85,336,897
714,212,988,1914
574,232,158,964
562,702,758,2022
442,803,521,1766
294,238,536,1068
19,554,101,674
735,712,719,2166
746,145,699,1590
29,995,634,1658
133,125,664,922
970,814,327,2111
332,280,410,1022
945,419,718,2082
204,120,140,464
240,509,154,903
19,951,442,1412
74,0,845,919
884,421,436,1741
875,896,496,2267
659,175,763,1597
28,188,93,309
49,745,387,1181
861,487,428,1776
334,618,902,1854
663,800,842,2305
500,249,272,1021
187,128,522,837
483,981,208,1672
843,272,69,1184
686,275,331,1292
592,877,552,2021
354,897,201,1452
733,302,474,1509
339,314,751,1404
471,307,984,1762
22,1000,188,1210
923,519,455,1897
460,233,611,1304
659,415,880,1954
521,231,203,955
778,765,56,1599
188,7,212,407
911,91,78,1080
502,563,13,1078
479,947,822,2248
408,347,339,1094
801,884,23,1708
5,192,503,700
768,636,1000,2404
786,962,417,2165
348,299,336,983
182,457,445,1084
50,927,42,1019
607,858,167,1632
611,361,172,1144
225,206,362,793
357,302,787,1446
1000,46,113,1159
109,717,800,1626
226,154,673,1053
66,637,53,756
165,477,9,651
383,914,304,1601
649,174,206,1029
277,642,949,1868
687,157,779,1623
163,41,713,917
402,91,911,1404
63,254,209,526
662,724,866,2252
400,774,813,1987
89,777,189,1055
122,284,0,406
995,740,871,2606
765,376,9,1150
136,185,69,390
900,464,245,1609
810,914,190,1914
181,41,291,513
470,457,125,1052
832,545,956,2333
817,106,249,1172
714,848,111,1673
711,459,210,1380
351,605,634,1590
24,508,739,1271
64,943,809,1816
110,334,135,579
720,209,884,1813
357,54,10,421
996,866,906,2768
479,606,949,2034
262,474,402,1138
645,909,673,2227
473,964,38,1475
65,144,755,964
219,564,960,1743
438,698,290,1426
442,1,321,764
272,769,543,1584
602,456,514,1572
84,194,850,1128
449,658,123,1230
738,521,221,1480
585,146,941,1672
377,369,142,888
619,67,714,1400
421,796,453,1670
109,369,944,1422
163,682,491,1336
330,810,431,1571
838,693,173,1704
622,692,552,1866
257,388,948,1593
698,526,81,1305
100,639,899,1638
951,918,616,2485
148,375,579,1102
232,223,477,932
806,757,791,2354
719,717,29,1465
818,776,687,2281
710,685,394,1789
187,378,538,1103
472,868,546,1886
417,289,641,1347
396,313,58,767
759,316,446,1521
268,330,176,774
6,243,778,1027
973,187,895,2055
180,947,280,1407
790,283,677,1750
993,174,771,1938
144,395,862,1401
459,336,319,1114
9,327,27,363
284,712,779,1775
263,524,542,1329
475,225,779,1479
752,882,639,2273
135,899,7,1041
932,795,636,2363
537,243,859,1639
40,431,711,1182
182,201,318,701
640,961,415,2016
762,211,451,1424
874,849,551,2274
442,20,566,1028
922,734,515,2171
157,246,381,784
720,691,260,1671
492,349,736,1577
451,123,553,1127
754,894,936,2584
292,527,246,1065
226,682,204,1112
682,168,988,1838
839,114,271,1224
685,487,691,1863
866,434,702,2002
711,911,249,1871
600,621,106,1327
593,781,45,1419
66,905,643,1614
703,356,999,2058
275,216,838,1329
250,69,15,334
976,535,566,2077
389,795,328,1512
188,169,763,1120
891,835,926,2652
35,62,347,444
354,894,749,1997
481,836,572,1889
345,374,57,776
518,988,21,1527
657,724,896,2277
622,555,486,1663
631,922,566,2119
289,65,458,812
884,345,329,1558
441,560,301,1302
194,271,25,490
635,852,380,1867
189,893,318,1400
697,532,983,2212
199,585,488,1272
890,122,741,1753
628,876,154,1658
498,345,336,1179
30,797,791,1618
692,92,937,1721
110,974,931,2015
878,187,318,1383
483,149,841,1473
525,765,849,2139
438,393,247,1078
813,14,528,1355
697,840,663,2200
302,978,855,2135
533,362,531,1426
925,756,918,2599
828,260,59,1147
217,465,169,851
573,637,658,1868
999,915,401,2315
949,894,517,2360
484,766,384,1634
71,7,63,141
911,952,479,2342
308,648,284,1240
135,178,592,905
114,667,945,1726
843,726,131,1700
58,596,608,1262
46,412,446,904
87,643,716,1446
627,780,264,1671
428,735,464,1627
635,509,846,1990
936,387,964,2287
397,442,233,1072
790,687,139,1616
571,940,221,1732
58,412,196,666
846,663,351,1860
954,860,609,2423
577,67,214,858
22,753,290,1065
232,439,914,1585
441,1000,804,2245
833,235,890,1958
402,360,649,1411
183,542,616,1341
438,620,262,1320
464,357,595,1416
71,563,547,1181
910,122,222,1254
914,504,596,2014
239,671,508,1418
110,611,349,1070
374,242,478,1094
835,53,220,1108
333,891,865,2089
295,167,255,717
986,242,33,1261
803,306,745,1854
891,654,596,2141
358,54,966,1378
154,997,782,1933
261,238,6,505
990,392,211,1593
810,505,727,2042
637,758,665,2060
660,713,591,1964
66,155,799,1020
120,473,681,1274
422,378,610,1410
382,303,726,1411
900,421,346,1667
676,886,492,2054
597,678,683,1958
956,531,545,2032
336,415,648,1399
295,409,441,1145
957,590,911,2458
73,418,759,1250
932,398,884,2214
643,410,666,1719
597,304,999,1900
46,396,124,566
63,49,862,974
784,248,660,1692
786,421,859,2066
774,154,112,1040
148,36,261,445
567,830,588,1985
394,535,397,1326
970,961,445,2376
50,781,545,1376
582,671,719,1972
381,566,757,1704
445,962,351,1758
836,113,512,1461
107,262,704,1073
320,672,484,1476
259,769,972,2000
464,131,941,1536
349,556,769,1674
319,285,98,702
788,145,450,1383
643,132,463,1238
143,526,364,1033
892,786,344,2022
382,308,781,1471
10,780,149,939
881,594,424,1899
175,861,945,1981
558,194,853,1605
708,333,610,1651
701,59,77,837
102,273,351,726
581,481,312,1374
569,863,176,1608
914,187,265,1366
86,123,653,862
32,774,783,1589
261,663,645,1569
257,877,202,1336
333,380,410,1123
882,740,645,2267
539,225,462,1226
50,52,238,340
105,37,225,367
484,730,886,2100
650,557,289,1496
510,734,464,1708
892,150,572,1614
365,581,979,1925
543,847,356,1746
556,630,510,1696
954,279,164,1397
700,537,626,1863
61,650,430,1141
420,944,478,1842
572,625,905,2102
325,772,348,1445
591,379,442,1412
875,184,140,1199
591,200,484,1275
783,459,508,1750
996,277,886,2159
15,65,336,416
971,64,561,1596
599,893,670,2162
403,226,459,1088
772,57,637,1466
639,12,681,1332
353,287,198,838
121,426,331,878
343,877,856,2076
460,787,917,2164
428,90,752,1270
477,11,568,1056
120,102,161,383
779,251,956,1986
432,952,444,1828
520,46,367,933
480,308,646,1434
391,375,639,1405
298,591,497,1386
661,848,772,2281
436,40,396,872
857,766,907,2530
453,692,998,2143
199,746,994,1939
879,747,135,1761
491,789,62,1342
311,913,476,1700
112,556,566,1234
359,113,912,1384
854,261,55,1170
839,821,928,2588
83,478,546,1107
53,961,211,1225
73,58,885,1016
585,566,398,1549
469,174,666,1309
417,269,887,1573
720,92,349,1161
480,861,734,2075
619,233,127,979
490,119,906,1515
393,506,145,1044
315,955,410,1680
500,7,325,832
738,145,583,1466
683,1000,262,1945
490,592,64,1146
209,522,448,1179
843,571,85,1499
40,736,28,804
488,435,421,1344
786,58,38,882
48,708,11,767
124,917,163,1204
255,407,987,1649
520,256,267,1043
304,362,274,940
278,767,699,1744
683,999,597,2279
564,999,505,2068
442,805,438,1685
976,209,867,2052
522,923,911,2356
201,608,249,1058
941,135,985,2061
938,859,331,2128
223,481,408,1112
572,180,874,1626
983,797,773,2553
452,320,605,1377
281,159,702,1142
624,408,577,1609
231,697,698,1626
727,658,203,1588
659,991,204,1854
94,215,751,1060
709,359,761,1829
363,786,617,1766
290,848,542,1680
934,904,875,2713
69,884,713,1666
800,467,873,2140
535,722,96,1353
555,656,529,1740
342,615,379,1336
440,416,410,1266
709,48,294,1051
955,638,566,2159
781,821,450,2052
141,60,399,600
852,968,497,2317
990,130,292,1412
671,584,241,1496
346,364,50,760
646,434,301,1381
770,756,296,1822
712,82,286,1080
720,68,736,1524
683,5,962,1650
138,969,448,1555
266,444,674,1384
681,768,290,1739
67,12,817,896
360,889,452,1701
761,195,250,1206
419,844,590,1853
634,281,655,1570
218,234,622,1074
138,736,405,1279
447,78,533,1058
954,400,278,1632
492,855,465,1812
23,496,499,1018
918,232,226,1376
531,367,265,1163
673,677,807,2157
788,680,522,1990
235,87,895,1217
62,59,568,689
766,2,664,1432
902,519,451,1872
370,694,472,1536
702,940,460,2102
631,221,365,1217
141,958,231,1330
649,307,189,1145
861,73,811,1745
67,762,821,1650
961,605,950,2516
897,58,899,1854
136,27,27,190
624,541,210,1375
862,649,181,1692
787,425,964,2176
667,792,462,1921
599,293,748,1640
840,947,743,2530
15,958,29,1002
982,383,153,1518
841,353,302,1496
548,386,790,1724
931,757,447,2135
5,488,516,1009
807,391,97,1295
836,322,944,2102
377,536,940,1853
236,686,186,1108
916,713,236,1865
600,206,965,1771
693,869,170,1732
511,455,951,1917
559,83,213,855
984,727,418,2129
305,202,137,644
115,947,553,1615
67,69,105,241
811,874,664,2349
107,346,682,1135
823,95,155,1073
72,613,91,776
143,140,393,676
517,296,260,1073
858,19,818,1695
587,713,982,2282
405,789,176,1370
335,288,703,1326
615,741,170,1526
627,855,879,2361
275,988,790,2053
181,105,568,854
739,254,353,1346
671,240,170,1081
253,636,408,1297
863,528,999,2390
862,904,365,2131
587,686,392,1665
803,564,791,2158
542,758,603,1903
129,499,292,920
501,153,532,1186
580,650,780,2010
927,3,827,1757
200,31,866,1097
121,272,664,1057
883,632,926,2441
893,333,285,1511
793,310,542,1645
903,338,258,1499
53,186,8,247
543,253,805,1601
345,628,868,1841
740,574,772,2086
338,313,984,1635
253,975,973,2201
143,822,576,1541
639,616,346,1601
168,751,774,1693
349,1,299,649
530,106,866,1502
926,984,659,2569
698,544,17,1259
823,43,786,1652
0,667,75,742
320,409,619,1348
582,246,16,844
334,35,705,1074
395,587,839,1821
485,211,374,1070
315,12,698,1025
403,181,987,1571
685,780,218,1683
632,634,368,1634
405,174,212,791
588,936,984,2508
409,35,743,1187
694,120,185,999
627,147,817,1591
309,91,197,597
688,516,610,1814
614,181,121,916
306,723,22,1051
672,683,66,1421
572,288,848,1708
494,845,450,1789
25,119,649,793
289,729,845,1863
47,695,539,1281
413,0,942,1355
235,698,127,1060
201,796,502,1499
452,445,468,1365
673,696,749,2118
279,105,568,952
590,15,244,849
874,423,336,1633
184,202,80,466
892,961,977,2830
151,119,601,871
535,669,894,2098
786,50,829,1665
202,889,659,1750
645,295,732,1672
334,618,840,1792
943,130,521,1594
974,787,624,2385
43,60,663,766
381,899,30,1310
101,146,605,852
203,874,16,1093
446,82,889,1417
734,730,787,2251
582,763,456,1801
505,71,648,1224
120,0,887,1007
192,94,219,505
828,944,352,2124
631,792,867,2290
971,11,939,1921
576,915,456,1947
83,479,65,627
990,271,117,1378
487,227,398,1112
256,880,107,1243
172,597,42,811
984,51,872,1907
624,129,831,1584
116,517,33,666
149,310,879,1338
812,685,400,1897
574,615,650,1839
624,770,493,1887
211,51,470,732
96,70,507,673
117,66,291,474
612,172,284,1068
974,443,534,1951
658,602,781,2041
815,845,403,2063
171,897,101,1169
347,914,144,1405
914,393,668,1975
314,18,75,407
126,949,983,2058
207,174,808,1189
496,845,164,1505
251,850,249,1350
924,346,550,1820
344,293,749,1386
358,140,346,844
227,942,69,1238
376,591,493,1460
366,962,848,2176
792,781,834,2407
221,616,56,893
95,855,150,1100
25,951,814,1790
365,692,365,1422
194,909,466,1569
706,515,405,1626
912,57,230,1199
57,695,559,1311
46,754,814,1614
100,218,537,855
399,890,324,1613
0,681,580,1261
313,879,503,1695
30,318,173,521
50,576,620,1246
404,247,768,1419
555,554,736,1845
546,120,311,977
291,667,646,1604
281,197,325,803
177,948,108,1233
60,528,123,711
202,852,171,1225
679,357,675,1711
487,906,363,1756
423,339,579,1341
607,742,774,2123
375,921,398,1694
302,994,206,1502
867,688,422,1977
4,195,999,1198
578,859,439,1876
756,396,54,1206
344,513,947,1804
644,652,226,1522
879,546,17,1442
557,870,361,1788
112,436,515,1063
170,303,179,652
192,800,266,1258
921,980,730,2631
808,314,950,2072
82,344,745,1171
218,318,248,784
871,433,530,1834
340,533,461,1334
399,854,541,1794
47,482,476,1005
416,337,127,880
845,217,565,1627
377,929,771,2077
611,419,168,1198
445,958,31,1434
652,592,601,1845
990,982,265,2237
534,77,84,695
281,588,970,1839
953,929,542,2424
549,474,768,1791
596,393,252,1241
427,12,259,698
800,662,595,2057
386,307,477,1170
466,685,318,1469
261,276,683,1220
196,8,595,799
586,320,477,1383
522,392,629,1543
981,288,539,1808
890,963,77,1930
831,699,188,1718
694,844,821,2359
575,329,665,1569
368,948,48,1364
750,236,248,1234
57,765,319,1141
268,304,97,669
614,613,300,1527
45,513,566,1124
561,114,648,1323
100,39,264,403
103,741,436,1280
971,997,105,2073
264,937,417,1618
355,542,896,1793
303,253,344,900
157,95,706,958
927,352,622,1901
698,267,132,1097
446,667,236,1349
675,50,617,1342
40,733,657,1430
678,419,911,2008
50,713,687,1450
992,447,634,2073
646,925,554,2125
676,851,880,2407
81,803,657,1541
59,352,246,657
597,844,439,1880
62,846,119,1027
54,703,225,982
270,728,287,1285
675,882,654,2211
573,748,211,1532
729,534,662,1925
579,323,628,1530
29,616,35,680
350,773,433,1556
822,749,934,2505
648,522,692,1862
986,149,749,1884
628,277,856,1761
707,76,746,1529
377,97,319,793
10,920,798,1728
471,584,306,1361
84,984,607,1675
409,988,380,1777
498,174,658,1330
43,412,16,471
55,607,867,1529
917,268,44,1229
333,548,237,1118
952,527,258,1737
374,147,361,882
672,347,148,1167
288,443,591,1322
652,851,307,1810
350,964,360,1674
587,822,603,2012
223,290,209,722
429,272,162,863
623,462,551,1636
866,171,280,1317
372,552,629,1553
393,913,345,1651
347,398,757,1502
865,67,920,1852
163,647,360,1170
552,317,355,1224
722,288,824,1834
632,182,225,1039
844,828,313,1985
613,11,904,1528
827,208,776,1811
341,516,680,1537
78,347,676,1101
29,620,338,987
629,487,609,1725
98,93,339,530
523,650,372,1545
392,470,832,1694
286,796,279,1361
784,344,971,2099
806,258,944,2008
750,478,541,1769
344,555,518,1417
480,30,81,591
711,898,118,1727
199,28,323,550
967,763,386,2116
213,730,295,1238
924,841,661,2426
15,560,557,1132
755,635,505,1895
783,641,135,1559
873,639,883,2395
975,865,168,2008
505,373,581,1459
593,462,764,1819
912,368,988,2268
62,485,764,1311
113,390,107,610
897,862,879,2638
104,754,800,1658
677,831,799,2307
725,638,918,2281
548,56,970,1574
791,761,732,2284
408,304,210,922
570,938,800,2308
460,428,476,1364
912,51,622,1585
736,914,337,1987
855,268,150,1273
601,42,32,675
81,98,907,1086
9,25,751,785
858,357,159,1374
72,786,89,947
163,486,835,1484
629,694,523,1846
341,707,407,1455
69,425,497,991
104,869,254,1227
880,798,285,1963
749,506,37,1292
836,470,823,2129
273,142,880,1295
533,947,130,1610
68,343,274,685
539,527,125,1191
678,490,674,1842
245,461,98,804
142,887,829,1858
546,605,911,2062
701,123,380,1204
132,904,583,1619
83,604,337,1024
310,853,278,1441
705,954,953,2612
843,0,585,1428
429,276,139,844
615,214,371,1200
71,983,741,1795
173,928,478,1579
439,403,262,1104
391,954,841,2186
390,61,766,1217
671,940,113,1724
695,53,930,1678
898,764,314,1976
481,469,561,1511
10,977,67,1054
884,706,347,1937
263,259,83,605
760,141,995,1896
189,482,247,918
262,703,452,1417
871,967,657,2495
963,228,129,1320
729,295,562,1586
582,152,619,1353
718,559,706,1983
826,518,342,1686
158,594,843,1595
283,683,379,1345
814,57,18,889
217,508,234,959
800,708,531,2039
517,402,815,1734
871,774,457,2102
655,31,396,1082
469,962,523,1954
437,529,308,1274
541,824,58,1423
951,846,217,2014
964,259,55,1278
533,841,828,2202
438,553,799,1790
658,236,815,1709
948,394,297,1639
912,935,142,1989
533,344,456,1333
7,648,872,1527
94,547,33,674
91,6,286,383
47,545,845,1437
848,549,949,2346
365,108,89,562
361,85,961,1407
684,796,105,1585
481,977,933,2391
47,351,846,1244
500,381,948,1829
277,961,61,1299
342,195,865,1402
474,656,915,2045
791,865,246,1902
304,214,828,1346
50,272,280,602
199,659,953,1811
206,508,111,825
611,225,521,1357
437,161,781,1379
975,702,442,2119
373,881,190,1444
243,968,866,2077
78,210,556,844
777,81,293,1151
135,351,108,594
639,546,788,1973
705,704,741,2150
551,419,66,1036
603,368,452,1423
895,265,106,1266
27,526,698,1251
549,461,479,1489
485,338,904,1727
251,460,173,884
194,599,719,1512
500,816,812,2128
931,846,681,2458
405,876,856,2137
474,819,627,1920
109,579,194,882
848,535,333,1716
86,686,760,1532
284,423,738,1445
901,284,539,1724
343,929,408,1680
940,805,748,2493
242,137,680,1059
692,939,383,2014
694,897,520,2111
386,393,95,874
478,42,39,559
58,931,396,1385
201,334,462,997
36,481,538,1055
183,204,519,906
614,120,243,977
355,265,585,1205
899,924,133,1956
611,979,851,2441
545,305,950,1800
818,821,31,1670
53,982,142,1177
489,822,708,2019
695,834,761,2290
36,400,387,823
24,767,110,901
642,990,719,2351
512,746,629,1887
590,180,126,896
612,391,168,1171
915,216,810,1941
841,831,415,2087
857,573,447,1877
659,364,225,1248
389,503,789,1681
510,352,597,1459
761,295,151,1207
254,304,435,993
253,188,992,1433
898,899,357,2154
53,951,763,1767
963,569,633,2165
672,204,351,1227
527,407,889,1823
309,809,852,1970
253,302,654,1209
15,427,730,1172
487,503,118,1108
436,300,759,1495
704,92,746,1542
651,23,747,1421
210,805,929,1944
850,131,771,1752
832,693,693,2218
600,413,495,1508
483,803,151,1437
930,218,662,1810
337,708,536,1581
901,983,439,2323
309,494,122,925
459,219,689,1367
389,611,307,1307
773,741,485,1999
999,485,440,1924
805,597,349,1751
318,630,376,1324
822,631,684,2137
37,492,705,1234
151,341,266,758
358,267,981,1606
400,709,228,1337
376,33,279,688
605,513,408,1526
32,120,413,565
633,346,77,1056
522,182,930,1634
161,536,856,1553
284,431,230,945
562,803,916,2281
127,200,998,1325
263,377,875,1515
326,630,439,1395
201,680,789,1670
14,706,813,1533
226,670,946,1842
621,268,249,1138
461,861,335,1657
507,399,541,1447
228,648,230,1106
594,704,388,1686
345,62,782,1189
144,511,782,1437
735,939,581,2255
301,942,336,1579
137,224,551,912
911,281,176,1368
246,753,158,1157
368,865,757,1990
493,923,708,2124
992,527,534,2053
257,118,362,737
211,333,949,1493
491,447,514,1452
500,435,512,1447
39,762,650,1451
63,91,948,1102
191,779,371,1341
914,572,933,2419
947,657,14,1618
949,939,374,2262
975,657,541,2173
127,754,236,1117
593,255,323,1171
13,353,387,753
352,532,148,1032
579,147,969,1695
702,791,450,1943
536,576,925,2037
187,523,842,1552
452,912,336,1700
896,803,169,1868
580,170,642,1392
490,743,338,1571
564,458,60,1082
728,805,471,2004
388,795,427,1610
945,163,806,1914
230,432,45,707
444,608,586,1638
758,52,472,1282
346,224,885,1455
613,313,52,978
35,745,320,1100
535,4,249,788
132,347,869,1348
804,759,226,1789
975,548,809,2332
569,274,626,1469
929,23,446,1398
190,377,310,877
301,612,618,1531
263,61,221,545
596,930,948,2474
780,227,452,1459
953,278,499,1730
941,221,55,1217
211,352,972,1535
970,868,551,2389
103,182,802,1087
605,627,783,2015
575,509,443,1527
103,692,691,1486
216,28,457,701
398,875,324,1597
207,462,432,1101
905,194,583,1682
944,540,2,1486
373,797,808,1978
337,409,385,1131
161,529,416,1106
535,136,405,1076
352,886,685,1923
95,93,518,706
979,566,249,1794
726,188,952,1866
502,537,827,1866
87,537,630,1254
962,238,723,1923
449,106,291,846
874,924,709,2507
826,810,477,2113
374,250,751,1375
115,525,491,1131
299,322,29,650
291,217,141,649
934,466,554,1954
952,640,584,2176
188,970,363,1521
35,285,366,686
704,653,715,2072
43,795,971,1809
828,574,941,2343
636,741,252,1629
395,735,582,1712
698,81,687,1466
76,313,493,882
339,568,718,1625
591,340,539,1470
104,506,701,1311
169,630,860,1659
932,598,362,1892
926,16,265,1207
944,446,184,1574
478,785,640,1903
343,982,60,1385
591,149,117,857
32,448,200,680
20,855,870,1745
224,575,218,1017
532,649,816,1997
278,111,384,773
582,291,740,1613
916,242,382,1540
570,243,702,1515
171,895,505,1571
373,632,427,1432
393,170,713,1276
851,253,256,1360
504,517,38,1059
873,245,643,1761
808,421,738,1967
51,401,417,869
92,373,306,771
220,787,864,1871
17,939,853,1809
969,670,334,1973
355,30,47,432
801,99,468,1368
239,199,638,1076
70,137,496,703
445,279,887,1611
569,470,468,1507
678,960,356,1994
341,409,370,1120
138,302,210,650
847,69,436,1352
581,899,798,2278
543,960,573,2076
276,795,481,1552
830,835,200,1865
149,565,569,1283
329,748,511,1588
256,438,690,1384
929,767,358,2054
964,773,482,2219
87,559,860,1506
207,628,960,1795
299,777,854,1930
743,908,525,2176
106,710,187,1003
509,950,686,2145
234,509,188,931
410,437,128,975
657,499,599,1755
18,551,324,893
740,593,798,2131
396,394,376,1166
911,19,626,1556
283,507,106,896
327,79,724,1130
608,31,826,1465
622,892,939,2453
962,233,849,2044
183,858,541,1582
116,981,108,1205
302,455,789,1546
259,782,800,1841
645,991,438,2074
353,312,404,1069
882,277,97,1256
635,755,445,1835
926,982,555,2463
178,118,137,433
938,319,532,1789
473,549,38,1060
501,984,806,2291
731,759,607,2097
719,149,139,1007
512,673,999,2184
676,447,202,1325
569,325,186,1080
908,98,271,1277
152,573,25,750
613,562,928,2103
696,801,822,2319
971,672,474,2117
437,976,99,1512
191,211,292,694
585,690,493,1768
820,263,660,1743
684,913,486,2083
760,385,404,1549
127,649,760,1536
368,320,684,1372
389,337,125,851
945,394,236,1575
870,605,722,2197
304,558,842,1704
882,111,292,1285
721,733,570,2024
62,533,528,1123
238,369,285,892
438,26,850,1314
568,766,209,1543
693,857,359,1909
254,61,481,796
139,12,378,529
332,548,497,1377
755,25,690,1470
257,823,619,1699
663,955,132,1750
869,775,883,2527
56,890,244,1190
237,447,868,1552
271,710,677,1658
317,654,453,1424
694,897,628,2219
592,680,70,1342
718,696,245,1659
77,612,776,1465
736,456,772,1964
299,295,708,1302
334,617,328,1279
775,699,228,1702
223,26,533,782
935,891,169,1995
656,461,863,1980
190,612,1000,1802
411,916,343,1670
185,211,916,1312
158,513,824,1495
163,405,782,1350
565,295,188,1048
431,1,543,975
148,38,766,952
758,384,912,2054
98,227,64,389
646,789,354,1789
325,485,221,1031
644,366,370,1380
991,293,760,2044
427,45,193,665
827,178,525,1530
308,631,627,1566
811,318,621,1750
969,468,455,1892
200,983,941,2124
175,817,848,1840
492,336,589,1417
783,478,214,1475
324,225,96,645
601,925,161,1687
277,663,237,1177
154,616,141,911
372,855,413,1640
845,739,736,2320
184,2,942,1128
688,260,272,1220
932,901,494,2327
911,571,219,1701
913,847,372,2132
332,541,222,1095
759,933,79,1771
983,120,914,2017
443,116,225,784
192,504,6,702
174,967,289,1430
172,858,649,1679
190,364,830,1384
816,983,817,2616
871,838,378,2087
307,909,545,1761
63,566,195,824
116,981,378,1475
295,38,775,1108
27,186,400,613
416,613,310,1339
527,278,841,1646
790,29,148,967
615,603,881,2099
791,709,207,1707
754,698,50,1502
231,271,151,653
648,950,324,1922
905,959,321,2185
875,348,453,1676
251,68,220,539
674,285,850,1809
127,450,394,971
452,561,217,1230
392,582,755,1729
222,402,700,1324
533,52,247,832
846,405,438,1689
198,862,888,1948
87,699,300,1086
916,301,722,1939
941,797,919,2657
521,616,600,1737
698,291,645,1634
870,788,519,2177
651,416,420,1487
505,881,447,1833
626,5,152,783
229,177,276,682
633,98,236,967
634,251,170,1055
546,469,766,1781
177,884,540,1601
596,243,589,1428
74,300,795,1169
910,880,189,1979
490,572,541,1603
777,995,873,2645
994,237,111,1342
951,773,940,2664
558,330,768,1656
154,102,85,341
780,602,90,1472
119,366,720,1205
406,568,643,1617
932,90,986,2008
284,927,311,1522
287,404,133,824
540,53,430,1023
210,774,558,1542
216,986,463,1665
750,864,624,2238
320,800,937,2057
685,930,241,1856
582,333,636,1551
545,678,0,1223
545,694,845,2084
673,952,127,1752
183,457,799,1439
17,887,585,1489
917,922,24,1863
782,630,652,2064
129,539,402,1070
583,402,772,1757
200,395,282,877
903,808,771,2482
329,846,647,1822
984,459,537,1980
810,911,831,2552
934,485,11,1430
714,724,995,2433
297,316,256,869
857,476,158,1491
684,301,739,1724
75,564,382,1021
413,900,173,1486
363,624,311,1298
193,518,648,1359
167,733,873,1773
884,510,580,1974
262,901,522,1685
299,767,352,1418
693,60,924,1677
921,801,122,1844
993,843,778,2614
348,628,233,1209
987,323,148,1458
291,731,297,1319
450,392,81,923
683,147,532,1362
629,960,86,1675
878,718,479,2075
557,699,90,1346
347,415,503,1265
146,90,445,681
16,750,738,1504
269,220,472,961
734,453,796,1983
280,403,720,1403
684,472,171,1327
607,964,278,1849
103,903,780,1786
678,874,749,2301
409,229,122,760
542,795,814,2151
480,494,291,1265
248,744,191,1183
482,363,106,951
760,184,99,1043
20,459,791,1270
411,560,475,1446
673,624,83,1380
838,975,676,2489
833,531,881,2245
4,115,658,777
630,97,736,1463
46,831,639,1516
348,790,782,1920
163,184,186,533
397,470,994,1861
24,966,102,1092
320,541,590,1451
81,982,555,1618
220,182,981,1383
615,93,203,911
599,291,132,1022
383,6,397,786
121,514,626,1261
193,872,153,1218
730,687,543,1960
740,942,906,2588
847,479,583,1909
996,845,946,2787
668,994,582,2244
112,441,17,570
954,447,421,1822
493,217,809,1519
193,152,291,636
72,637,42,751
137,942,312,1391
165,488,305,958
203,18,783,1004
814,276,531,1621
28,523,905,1456
548,161,463,1172
57,775,445,1277
602,627,637,1866
240,552,594,1386
886,0,425,1311
464,22,659,1145
659,162,399,1220
587,7,455,1049
718,481,409,1608
179,511,230,920
753,305,552,1610
688,2,346,1036
383,313,220,916
56,840,760,1656
741,486,530,1757
547,791,753,2091
313,44,630,987
905,830,840,2575
189,336,718,1243
900,406,516,1822
579,114,853,1546
196,133,730,1059
43,763,705,1511
297,504,4,805
962,410,833,2205
394,212,503,1109
130,903,601,1634
928,647,800,2375
272,845,73,1190
415,790,648,1853
968,509,760,2237
18,989,47,1054
676,559,544,1779
648,644,116,1408
931,801,661,2393
814,841,602,2257
362,999,744,2105
774,594,134,1502
56,799,474,1329
434,56,774,1264
11,426,355,792
776,789,986,2551
8,313,398,719
436,535,793,1764
603,641,549,1793
717,391,533,1641
84,286,700,1070
510,542,29,1081
25,77,255,357
894,883,725,2502
456,649,624,1729
943,152,934,2029
621,712,17,1350
695,865,113,1673
663,317,508,1488
911,640,979,2530
450,120,617,1187
497,365,595,1457
841,515,261,1617
617,654,774,2045
569,547,132,1248
279,125,474,878
307,644,86,1037
163,681,63,907
295,327,665,1287
99,41,143,283
179,960,243,1382
27,530,593,1150
892,52,441,1385
504,594,195,1293
56,262,545,863
709,378,78,1165
799,345,574,1718
336,397,786,1519
964,748,993,2705
852,653,82,1587
68,984,608,1660
888,994,800,2682
837,246,381,1464
11,449,452,912
567,460,658,1685
388,527,546,1461
382,240,83,705
480,985,791,2256
593,113,846,1552
226,402,732,1360
789,162,777,1728
850,992,726,2568
937,202,135,1274
153,312,703,1168
972,169,647,1788
881,319,749,1949
801,671,883,2355
465,940,405,1810
961,660,269,1890
635,656,591,1882
738,536,730,2004
114,327,303,744
116,816,892,1824
433,145,809,1387
808,1000,794,2602
792,831,189,1812
631,549,378,1558
207,90,379,676
220,630,370,1220
382,680,111,1173
554,970,609,2133
310,91,157,558
776,369,224,1369
920,385,156,1461
314,526,493,1333
114,731,903,1748
328,439,132,899
171,296,211,678
872,737,502,2111
536,922,35,1493
915,795,119,1829
701,540,151,1392
567,455,533,1555
621,339,50,1010
372,160,347,879
307,935,352,1594
834,289,304,1427
799,931,834,2564
611,81,681,1373
422,384,497,1303
133,89,473,695
649,312,585,1546
629,201,285,1115
335,781,272,1388
874,59,625,1558
864,455,575,1894
703,817,509,2029
341,957,863,2161
824,55,166,1045
558,169,937,1664
25,819,964,1808
190,27,127,344
367,601,285,1253
145,284,517,946
395,58,987,1440
643,150,667,1460
62,822,114,998
769,478,398,1645
49,192,601,842
562,588,169,1319
695,462,735,1892
554,729,113,1396
94,567,57,718
399,627,186,1212
283,648,705,1636
68,511,914,1493
214,146,137,497
75,744,916,1735
952,921,660,2533
310,791,225,1326
865,293,748,1906
857,317,357,1531
548,757,435,1740
570,291,931,1792
767,270,729,1766
44,676,999,1719
580,380,143,1103
125,674,941,1740
733,569,131,1433
573,964,536,2073
232,241,326,799
259,169,69,497
589,479,70,1138
720,599,704,2023
119,475,199,793
739,798,146,1683
374,578,867,1819
594,66,659,1319
166,325,119,610
585,35,566,1186
446,76,747,1269
814,750,143,1707
397,577,258,1232
538,607,667,1812
72,763,866,1701
907,906,213,2026
382,418,388,1188
601,62,485,1148
587,553,548,1688
122,42,799,963
988,291,656,1935
724,313,958,1995
176,874,245,1295
857,486,880,2223
91,104,210,405
821,877,148,1846
408,634,752,1794
608,813,996,2417
409,138,852,1399
263,792,858,1913
121,852,123,1096
762,444,475,1681
278,866,988,2132
376,947,156,1479
662,379,622,1663
973,655,721,2349
484,753,176,1413
251,257,837,1345
691,199,313,1203
377,310,21,708
127,631,270,1028
400,415,934,1749
600,502,14,1116
768,230,446,1444
166,49,748,963
895,841,230,1966
16,659,543,1218
462,919,57,1438
378,326,472,1176
756,273,259,1288
15,763,886,1664
437,535,898,1870
963,914,52,1929
329,312,125,766
604,518,771,1893
933,186,995,2114
847,511,331,1689
921,71,913,1905
814,518,409,1741
97,783,313,1193
52,392,131,575
19,289,937,1245
188,817,543,1548
472,521,780,1773
432,276,357,1065
461,707,160,1328
390,206,136,732
623,729,216,1568
384,423,309,1116
224,661,70,955
117,4,412,533
811,587,557,1955
647,140,218,1005
382,863,561,1806
666,867,782,2315
79,114,767,960
459,627,417,1503
292,783,164,1239
620,895,147,1662
145,341,351,837
881,560,510,1951
182,15,827,1024
771,772,247,1790
955,341,700,1996
326,729,355,1410
697,810,454,1961
427,332,141,900
773,669,206,1648
791,928,777,2496
283,54,516,853
677,547,804,2028
999,176,684,1859
521,506,888,1915
669,135,621,1425
884,84,893,1861
988,358,961,2307
10,757,323,1090
802,446,75,1323
755,686,987,2428
131,608,674,1413
821,475,97,1393
313,75,86,474
152,468,981,1601
400,662,419,1481
870,861,709,2440
187,618,992,1797
14,340,607,961
810,720,91,1621
440,333,994,1767
207,610,872,1689
957,670,860,2487
76,917,475,1468
296,739,413,1448
117,201,50,368
453,763,328,1544
212,647,961,1820
124,956,493,1573
920,245,659,1824
690,549,911,2150
722,754,557,2033
467,103,236,806
682,431,593,1706
422,758,503,1683
549,363,976,1888
193,985,913,2091
110,558,318,986
443,621,262,1326
932,937,202,2071
663,155,114,932
983,179,213,1375
324,80,906,1310
120,27,279,426
449,641,144,1234
392,492,392,1276
390,296,399,1085
547,827,240,1614
842,428,292,1562
265,266,896,1427
170,818,942,1930
821,352,544,1717
496,18,204,718
665,147,158,970
618,284,914,1816
648,394,854,1896
561,185,390,1136
342,786,131,1259
241,837,260,1338
18,490,430,938
466,735,75,1276
946,418,653,2017
165,654,965,1784
34,492,291,817
925,543,817,2285
540,811,753,2104
282,413,320,1015
386,857,297,1540
822,898,99,1819
742,221,418,1381
836,482,154,1472
77,567,632,1276
332,308,220,860
887,608,893,2388
813,267,303,1383
498,221,374,1093
129,100,319,548
867,105,812,1784
595,455,315,1365
705,158,837,1700
8,640,139,787
48,855,839,1742
770,107,367,1244
105,912,753,1770
157,768,952,1877
661,157,257,1075
833,385,988,2206
280,137,251,668
444,861,606,1911
86,709,782,1577
631,194,671,1496
404,367,641,1412
822,903,113,1838
399,625,479,1503
178,587,772,1537
102,835,89,1026
78,69,436,583
329,436,335,1100
307,581,675,1563
437,584,23,1044
895,360,826,2081
913,563,758,2234
982,347,727,2056
325,511,259,1095
200,411,156,767
946,752,543,2241
244,796,829,1869
550,161,525,1236
623,279,493,1395
87,594,626,1307
519,106,926,1551
173,920,486,1579
719,538,648,1905
242,160,43,445
667,403,347,1417
854,156,627,1637
269,624,869,1762
410,518,44,972
603,650,443,1696
99,955,477,1531
585,530,11,1126
550,830,285,1665
77,47,34,158
539,832,19,1390
973,2,143,1118
341,57,483,881
589,1000,747,2336
431,628,809,1868
119,131,625,875
898,461,212,1571
180,326,548,1054
304,446,836,1586
739,699,204,1642
848,191,445,1484
470,9,25,504
194,43,265,502
732,52,654,1438
562,267,607,1436
990,239,961,2190
532,294,404,1230
558,96,605,1259
209,951,301,1461
7,281,728,1016
927,963,42,1932
637,452,473,1562
403,968,505,1876
361,617,593,1571
562,455,254,1271
21,869,995,1885
379,714,276,1369
839,126,994,1959
51,104,592,747
166,677,753,1596
960,993,979,2932
251,216,192,659
576,880,418,1874
435,512,185,1132
436,471,575,1482
331,603,306,1240
23,947,32,1002
376,575,335,1286
418,652,626,1696
956,40,687,1683
68,507,374,949
829,688,850,2367
205,52,454,711
502,117,786,1405
333,153,955,1441
79,397,795,1271
253,620,702,1575
248,799,506,1553
468,75,424,967
551,760,91,1402
781,806,330,1917
358,997,151,1506
924,820,153,1897
744,865,547,2156
969,874,590,2433
496,352,705,1553
458,468,981,1907
815,362,115,1292
997,184,649,1830
260,321,970,1551
590,204,571,1365
304,127,84,515
686,971,339,1996
885,645,6,1536
919,337,132,1388
458,764,202,1424
292,176,198,666
949,631,315,1895
519,41,599,1159
757,332,841,1930
912,118,41,1071
48,716,56,820
124,26,456,606
503,539,598,1640
998,317,444,1759
539,542,865,1946
493,209,778,1480
489,856,987,2332
474,103,497,1074
421,624,791,1836
684,185,811,1680
511,374,232,1117
25,277,239,541
585,537,203,1325
869,64,312,1245
852,987,112,1951
252,25,152,429
434,606,595,1635
0,388,555,943
40,810,791,1641
599,399,710,1708
701,981,673,2355
583,29,320,932
987,526,200,1713
280,342,399,1021
331,590,795,1716
432,594,892,1918
253,389,825,1467
67,678,628,1373
270,720,598,1588
822,737,86,1645
600,807,844,2251
848,269,793,1910
64,393,27,484
444,211,812,1467
634,814,965,2413
871,169,363,1403
506,125,646,1277
643,381,941,1965
893,556,401,1850
981,705,47,1733
501,2,943,1446
449,929,135,1513
932,9,909,1850
53,34,386,473
875,387,94,1356
247,951,528,1726
328,394,586,1308
241,747,516,1504
312,89,816,1217
173,245,602,1020
323,44,261,628
642,565,448,1655
141,73,535,749
107,934,854,1895
347,598,682,1627
411,31,404,846
890,429,53,1372
608,940,317,1865
886,610,106,1602
15,696,896,1607
539,200,94,833
974,162,49,1185
573,778,977,2328
260,548,32,840
410,987,522,1919
807,780,204,1791
624,663,871,2158
89,654,908,1651
146,716,298,1160
990,116,650,1756
555,662,826,2043
786,311,961,2058
43,363,946,1352
270,516,29,815
913,637,505,2055
620,868,47,1535
715,553,227,1495
468,970,919,2357
813,825,887,2525
634,164,921,1719
513,633,455,1601
288,324,675,1287
63,359,470,892
569,91,38,698
852,370,667,1889
913,855,541,2309
238,549,122,909
318,265,226,809
527,949,383,1859
536,53,783,1372
557,972,941,2470
46,907,6,959
179,282,102,563
785,900,180,1865
414,967,337,1718
228,87,751,1066
809,517,429,1755
722,431,578,1731
474,445,502,1421
527,377,253,1157
182,555,193,930
541,986,666,2193
185,780,478,1443
402,9,977,1388
87,485,274,846
586,436,121,1143
913,682,376,1971
970,941,440,2351
579,564,865,2008
743,879,753,2375
776,603,260,1639
556,519,484,1559
644,590,930,2164
853,255,737,1845
989,889,250,2128
291,657,133,1081
545,157,178,880
888,52,936,1876
559,674,604,1837
697,794,231,1722
14,598,659,1271
160,264,382,806
562,227,499,1288
474,389,399,1262
997,570,227,1794
539,378,520,1437
609,629,750,1988
967,147,526,1640
380,226,847,1453
360,693,146,1199
299,311,623,1233
267,326,185,778
165,777,539,1481
414,292,547,1253
843,759,460,2062
853,208,400,1461
857,938,234,2029
870,546,642,2058
779,490,617,1886
347,154,735,1236
221,227,578,1026
670,729,536,1935
824,51,176,1051
906,909,351,2166
280,601,643,1524
367,127,12,506
729,128,913,1770
215,443,803,1461
62,361,316,739
860,610,199,1669
628,151,981,1760
593,383,563,1539
921,509,61,1491
819,827,916,2562
253,49,880,1182
599,495,11,1105
933,702,695,2330
839,635,81,1555
510,50,226,786
357,595,399,1351
791,878,835,2504
792,403,20,1215
685,496,171,1352
738,740,293,1771
571,707,289,1567
450,3,954,1407
173,450,679,1302
461,638,564,1663
41,817,388,1246
956,20,258,1234
687,983,895,2565
511,275,570,1356
427,969,943,2339
644,338,333,1315
429,400,518,1347
315,326,963,1604
873,569,400,1842
918,917,656,2491
443,269,415,1127
826,47,84,957
513,107,981,1601
178,39,400,617
877,914,10,1801
151,723,386,1260
197,229,351,777
287,657,310,1254
257,264,538,1059
66,863,610,1539
292,279,156,727
24,215,40,279
732,394,511,1637
286,855,616,1757
845,683,860,2388
557,302,468,1327
800,566,632,1998
81,359,576,1016
912,940,868,2720
925,351,353,1629
362,552,885,1799
566,465,588,1619
642,939,204,1785
771,332,618,1721
137,721,250,1108
154,856,845,1855
414,590,898,1902
27,39,521,587
242,199,944,1385
343,8,240,591
176,364,401,941
819,727,697,2243
300,464,150,914
686,792,52,1530
769,208,429,1406
240,910,729,1879
229,91,59,379
887,580,141,1608
523,60,602,1185
276,594,329,1199
474,951,746,2171
141,923,238,1302
444,234,306,984
576,478,630,1684
870,308,187,1365
803,173,97,1073
418,951,219,1588
873,325,329,1527
218,628,845,1691
372,621,660,1653
890,83,899,1872
199,68,849,1116
498,494,602,1594
329,350,779,1458
688,701,151,1540
10,498,126,634
459,5,597,1061
537,137,253,927
428,49,933,1410
430,935,732,2097
78,196,870,1144
316,964,427,1707
774,677,614,2065
603,378,668,1649
777,765,254,1796
802,873,775,2450
240,841,855,1936
640,689,176,1505
471,978,42,1491
800,913,258,1971
876,858,454,2188
948,668,623,2239
193,421,976,1590
523,763,402,1688
511,161,148,820
126,543,148,817
496,620,387,1503
473,238,517,1228
909,788,449,2146
414,775,857,2046
507,6,645,1158
562,43,442,1047
68,140,878,1086
602,112,909,1623
986,512,359,1857
734,820,276,1830
174,933,222,1329
603,857,6,1466
159,327,278,764
95,470,521,1086
227,840,248,1315
501,324,479,1304
452,506,778,1736
736,994,509,2239
535,506,842,1883
453,136,969,1558
932,823,957,2712
978,711,417,2106
825,20,811,1656
967,75,532,1574
571,511,387,1469
372,824,777,1973
743,511,297,1551
655,515,904,2074
608,742,765,2115
809,947,616,2372
239,984,706,1929
687,683,478,1848
266,874,294,1434
682,197,18,897
362,854,892,2108
789,527,719,2035
220,187,373,780
933,977,259,2169
623,455,175,1253
436,890,188,1514
209,330,657,1196
991,962,457,2410
736,413,938,2087
844,891,233,1968
76,623,462,1161
706,424,998,2128
693,395,537,1625
725,26,321,1072
821,505,335,1661
854,390,728,1972
9,48,937,994
97,469,565,1131
197,551,833,1581
966,761,889,2616
881,659,736,2276
540,328,901,1769
320,877,342,1539
326,108,392,826
985,707,787,2479
0,632,249,881
316,802,233,1351
690,944,361,1995
141,188,831,1160
630,625,976,2231
537,739,698,1974
799,560,44,1403
253,484,990,1727
425,622,604,1651
293,38,662,993
106,310,202,618
216,370,77,663
14,787,892,1693
892,49,316,1257
544,91,699,1334
156,961,955,2072
92,153,929,1174
124,732,991,1847
272,616,425,1313
211,478,729,1418
303,321,973,1597
545,416,746,1707
804,869,86,1759
655,865,689,2209
548,560,976,2084
100,356,57,513
50,663,618,1331
150,485,501,1136
908,511,55,1474
360,953,155,1468
724,315,740,1779
552,751,338,1641
86,320,721,1127
955,373,719,2047
855,374,287,1516
882,958,130,1970
216,960,524,1700
947,301,21,1269
495,865,98,1458
411,321,972,1704
673,207,473,1353
707,477,55,1239
864,323,621,1808
643,896,54,1593
328,893,42,1263
401,657,12,1070
381,37,760,1178
902,14,997,1913
849,256,500,1605
137,392,96,625
193,358,62,613
415,599,199,1213
701,62,48,811
81,451,784,1316
834,456,216,1506
471,290,560,1321
910,460,917,2287
780,230,296,1306
622,354,471,1447
344,251,97,692
818,750,138,1706
250,80,466,796
627,276,553,1456
266,595,68,929
313,134,772,1219
571,58,751,1380
993,6,34,1033
853,787,494,2134
853,764,93,1710
195,537,865,1597
12,788,478,1278
547,738,961,2246
968,506,743,2217
425,494,150,1069
119,95,982,1196
895,756,741,2392
652,197,483,1332
413,497,457,1367
528,122,989,1639
285,647,64,996
45,691,360,1096
856,305,940,2101
145,992,403,1540
598,830,304,1732
315,441,849,1605
967,421,412,1800
477,443,549,1469
792,401,990,2183
296,772,913,1981
806,914,448,2168
675,333,514,1522
221,933,837,1991
292,740,583,1615
918,215,671,1804
215,516,425,1156
794,28,121,943
737,50,220,1007
334,982,642,1958
632,357,386,1375
149,231,92,472
829,697,779,2305
333,208,162,703
864,858,683,2405
260,835,558,1653
948,122,242,1312
321,721,782,1824
933,232,153,1318
448,124,932,1504
211,564,304,1079
900,196,170,1266
991,977,262,2230
617,311,468,1396
969,456,528,1953
996,738,410,2144
115,356,739,1210
588,131,665,1384
627,991,404,2022
900,829,795,2524
819,813,73,1705
316,312,409,1037
184,593,610,1387
164,103,16,283
229,834,703,1766
322,424,315,1061
352,496,765,1613
69,582,105,756
886,619,469,1974
911,726,283,1920
854,955,132,1941
548,533,815,1896
965,959,502,2426
184,861,593,1638
806,193,642,1641
982,998,623,2603
957,289,95,1341
824,432,917,2173
895,740,352,1987
875,396,201,1472
403,660,42,1105
844,472,95,1411
925,159,787,1871
609,698,207,1514
107,893,41,1041
879,552,946,2377
884,471,463,1818
524,121,900,1545
804,722,389,1915
561,984,527,2072
169,658,513,1340
285,467,288,1040
842,370,802,2014
286,48,28,362
183,325,986,1494
28,70,891,989
870,491,497,1858
74,482,368,924
261,217,185,663
396,203,754,1353
833,826,763,2422
50,668,794,1512
189,330,447,966
258,962,321,1541
123,602,815,1540
702,938,216,1856
870,865,105,1840
771,390,448,1609
534,663,718,1915
821,656,228,1705
893,319,756,1968
385,319,847,1551
865,195,175,1235
107,229,450,786
200,849,105,1154
961,153,983,2097
889,225,783,1897
157,689,346,1192
794,72,864,1730
879,817,612,2308
144,883,431,1458
567,643,66,1276
715,254,931,1900
728,900,994,2622
85,108,830,1023
457,753,921,2131
290,740,39,1069
910,656,401,1967
338,192,451,981
295,465,854,1614
836,123,415,1374
965,659,640,2264
892,166,857,1915
740,596,145,1481
836,233,809,1878
887,247,785,1919
554,507,49,1110
670,324,74,1068
386,151,527,1064
494,588,859,1941
310,417,936,1663
586,236,494,1316
316,853,348,1517
99,789,368,1256
361,78,170,609
864,580,130,1574
161,559,626,1346
853,140,659,1652
309,915,512,1736
771,318,723,1812
143,211,692,1046
432,295,169,896
117,671,651,1439
676,682,115,1473
576,784,198,1558
382,846,538,1766
55,957,730,1742
432,85,147,664
815,154,338,1307
521,827,830,2178
480,206,966,1652
48,784,136,968
813,465,530,1808
716,248,806,1770
933,155,819,1907
330,190,709,1229
236,174,632,1042
171,331,942,1444
523,744,876,2143
502,555,996,2053
320,281,800,1401
137,972,503,1612
932,891,479,2302
973,201,97,1271
80,880,32,992
27,887,453,1367
886,915,94,1895
973,12,429,1414
983,842,855,2680
277,5,393,675
179,891,566,1636
1000,10,466,1476
639,452,1,1092
519,197,487,1203
690,712,461,1863
752,492,70,1314
914,208,38,1160
719,914,995,2628
659,103,381,1143
306,175,751,1232
14,764,629,1407
415,528,304,1247
255,370,819,1444
471,979,322,1772
545,534,229,1308
406,202,733,1341
236,959,644,1839
410,312,528,1250
882,305,577,1764
232,770,229,1231
847,790,821,2458
219,697,722,1638
412,598,936,1946
109,876,136,1121
385,510,68,963
162,253,881,1296
86,499,487,1072
936,298,747,1981
651,48,459,1158
656,304,272,1232
805,297,321,1423
717,184,827,1728
861,331,343,1535
52,712,676,1440
728,146,652,1526
569,856,185,1610
880,697,395,1972
462,153,672,1287
955,965,815,2735
925,520,80,1525
334,91,880,1305
25,551,369,945
142,844,539,1525
767,130,77,974
956,29,993,1978
520,167,914,1601
864,531,917,2312
540,392,333,1265
473,241,719,1433
961,984,604,2549
774,190,749,1713
513,485,547,1545
502,692,110,1304
538,602,150,1290
238,926,975,2139
584,32,222,838
197,914,357,1468
256,975,711,1942
710,537,74,1321
110,128,910,1148
91,947,348,1386
281,802,245,1328
480,89,179,748
420,930,326,1676
941,800,2,1743
811,987,653,2451
853,625,103,1581
127,801,978,1906
506,332,941,1779
489,967,110,1566
54,90,381,525
337,867,692,1896
976,277,723,1976
479,495,490,1464
87,303,156,546
574,820,833,2227
676,382,578,1636
856,338,764,1958
440,797,60,1297
601,611,920,2132
914,192,727,1833
109,26,416,551
610,566,688,1864
921,395,531,1847
827,840,889,2556
98,516,874,1488
540,529,909,1978
980,601,155,1736
93,727,257,1077
615,253,17,885
505,904,861,2270
232,777,312,1321
589,993,133,1715
508,818,940,2266
279,446,131,856
886,688,335,1909
712,272,872,1856
8,611,296,915
126,507,474,1107
747,487,178,1412
148,775,487,1410
28,533,295,856
616,582,655,1853
757,760,916,2433
2,909,995,1906
558,723,384,1665
711,612,919,2242
735,227,229,1191
250,63,77,390
259,235,664,1158
890,410,859,2159
420,939,469,1828
468,951,785,2204
412,137,254,803
689,272,853,1814
615,893,809,2317
402,31,843,1276
627,590,792,2009
439,129,123,691
271,816,410,1497
235,937,901,2073
677,955,619,2251
369,800,105,1274
998,993,538,2529
119,600,767,1486
572,379,369,1320
791,281,790,1862
747,573,983,2303
794,439,135,1368
219,176,887,1282
273,89,967,1329
359,300,813,1472
712,112,257,1081
472,551,528,1551
932,173,581,1686
784,359,797,1940
908,839,424,2171
544,399,533,1476
268,637,525,1430
915,462,862,2239
560,651,991,2202
857,140,970,1967
696,517,594,1807
512,155,379,1046
911,848,622,2381
966,841,698,2505
173,379,365,917
672,54,291,1017
767,2,704,1473
178,836,184,1198
868,632,244,1744
933,31,53,1017
861,882,276,2019
703,87,453,1243
837,125,137,1099
594,657,69,1320
669,143,913,1725
440,645,247,1332
28,27,28,83
957,243,701,1901
814,761,794,2369
349,556,337,1242
254,93,305,652
691,166,398,1255
108,154,490,752
43,551,40,634
207,88,889,1184
553,893,299,1745
806,808,329,1943
271,767,730,1768
534,220,434,1188
446,303,867,1616
972,496,252,1720
948,292,65,1305
253,822,345,1420
171,72,649,892
890,48,923,1861
480,799,618,1897
904,457,130,1491
784,946,672,2402
655,754,477,1886
278,557,962,1797
644,855,204,1703
849,295,676,1820
778,568,512,1858
116,298,242,656
715,344,823,1882
185,304,879,1368
308,302,502,1112
697,311,571,1579
926,44,608,1578
382,722,756,1860
866,94,743,1703
165,969,552,1686
384,882,235,1501
617,0,869,1486
111,432,854,1397
190,156,758,1104
636,493,911,2040
784,93,383,1260
926,224,951,2101
34,527,475,1036
831,317,21,1169
302,429,584,1315
469,129,744,1342
297,54,647,998
391,468,637,1496
925,282,308,1515
355,264,202,821
580,406,862,1848
257,205,134,596
417,417,51,885
243,731,308,1282
104,909,360,1373
870,617,621,2108
460,27,819,1306
791,696,726,2213
955,658,165,1778
243,953,921,2117
350,736,227,1313
888,225,935,2048
427,122,251,800
246,304,423,973
836,828,13,1677
752,699,372,1823
142,612,228,982
975,891,358,2224
750,835,443,2028
223,942,446,1611
148,687,779,1614
212,965,476,1653
886,523,365,1774
891,941,84,1916
816,963,511,2290
28,771,158,957
598,948,220,1766
828,334,981,2143
578,585,183,1346
150,382,672,1204
266,331,152,749
495,489,366,1350
497,658,525,1680
986,126,417,1529
597,197,511,1305
648,845,209,1702
101,337,261,699
407,640,114,1161
574,230,171,975
394,179,110,683
945,726,287,1958
564,172,552,1288
291,625,839,1755
427,310,237,974
156,891,267,1314
599,228,111,938
354,27,944,1325
562,289,798,1649
1,476,903,1380
977,861,843,2681
508,837,693,2038
717,272,663,1652
102,916,540,1558
798,460,288,1546
78,876,844,1798
616,881,903,2400
249,732,185,1166
578,671,440,1689
286,717,983,1986
955,763,445,2163
473,237,349,1059
325,224,981,1530
968,331,287,1586
117,458,81,656
692,678,356,1726
587,606,277,1470
78,144,701,923
512,432,264,1208
177,222,944,1343
35,67,298,400
495,759,752,2006
667,885,96,1648
693,935,731,2359
292,300,53,645
393,566,107,1066
46,693,771,1510
660,471,219,1350
805,753,649,2207
80,430,643,1153
560,323,26,909
271,156,646,1073
770,614,388,1772
9,773,146,928
878,727,318,1923
632,181,971,1784
905,492,99,1496
857,909,68,1834
442,825,220,1487
890,421,501,1812
700,258,354,1312
836,259,986,2081
574,879,832,2285
65,654,459,1178
267,672,987,1926
499,349,510,1358
123,916,56,1095
383,686,697,1766
120,100,967,1187
163,817,741,1721
41,944,860,1845
896,461,320,1677
385,699,17,1101
236,285,53,574
159,74,68,301
13,596,919,1528
469,357,996,1822
85,780,920,1785
487,368,797,1652
988,525,459,1972
489,482,401,1372
854,671,679,2204
696,207,920,1823
658,372,27,1057
105,461,742,1308
130,136,528,794
978,890,466,2334
301,21,72,394
300,801,562,1663
116,176,327,619
881,809,530,2220
750,222,666,1638
887,579,108,1574
324,295,489,1108
338,703,623,1664
354,718,650,1722
962,102,591,1655
502,333,871,1706
189,409,655,1253
868,415,701,1984
549,601,609,1759
320,440,907,1667
422,426,941,1789
540,148,564,1252
955,165,116,1236
851,864,710,2425
609,221,953,1783
994,927,327,2248
272,383,89,744
876,306,491,1673
661,410,661,1732
958,574,900,2432
789,21,137,947
355,307,957,1619
606,380,119,1105
182,249,356,787
985,870,317,2172
660,383,719,1762
247,16,636,899
877,365,717,1959
567,157,301,1025
493,811,96,1400
88,626,335,1049
72,697,87,856
372,500,527,1399
373,918,589,1880
164,527,235,926
498,284,587,1369
448,296,682,1426
491,793,994,2278
266,462,168,896
771,706,799,2276
942,198,867,2007
478,469,625,1572
597,408,674,1679
52,620,464,1136
613,860,757,2230
487,934,284,1705
15,774,119,908
261,555,815,1631
695,726,182,1603
257,416,153,826
897,896,823,2616
426,10,118,554
41,674,339,1054
957,28,850,1835
473,822,73,1368
53,502,862,1417
498,347,691,1536
490,929,551,1970
122,543,185,850
893,311,511,1715
445,65,407,917
64,895,83,1042
259,40,391,690
992,554,392,1938
719,523,216,1458
515,618,210,1343
838,236,301,1375
41,208,496,745
441,19,170,630
960,700,638,2298
353,62,160,575
994,101,55,1150
809,923,114,1846
18,713,272,1003
598,490,383,1471
92,358,1000,1450
207,27,83,317
944,486,19,1449
450,105,715,1270
892,297,632,1821
274,711,231,1216
271,721,970,1962
162,776,714,1652
713,264,919,1896
884,84,728,1696
692,681,982,2355
66,702,837,1605
472,335,975,1782
191,108,126,425
659,208,559,1426
42,462,527,1031
566,447,362,1375
607,254,661,1522
357,908,634,1899
274,468,469,1211
702,574,592,1868
166,537,377,1080
724,984,516,2224
972,837,484,2293
843,668,684,2195
36,206,41,283
178,406,763,1347
344,566,933,1843
478,907,912,2297
251,152,452,855
263,865,739,1867
660,334,496,1490
770,499,109,1378
466,398,849,1713
983,536,237,1756
831,90,585,1506
557,621,937,2115
51,437,378,866
476,887,30,1393
111,55,290,456
605,723,828,2156
655,518,642,1815
620,349,597,1566
225,657,947,1829
600,43,375,1018
558,538,577,1673
790,322,591,1703
126,680,279,1085
606,645,404,1655
360,742,320,1422
894,336,700,1930
606,593,488,1687
48,312,57,417
814,849,55,1718
949,178,331,1458
966,135,154,1255
298,501,140,939
689,266,988,1943
602,137,766,1505
481,186,235,902
429,82,945,1456
758,264,54,1076
763,298,94,1155
637,997,422,2056
317,952,501,1770
762,568,834,2164
935,18,204,1157
164,981,859,2004
995,140,843,1978
478,101,848,1427
262,950,383,1595
788,451,878,2117
887,825,232,1944
967,869,675,2511
841,53,887,1781
219,343,353,915
455,688,202,1345
976,643,582,2201
367,97,713,1177
855,998,892,2745
902,362,725,1989
389,510,408,1307
693,362,46,1101
540,498,841,1879
568,284,349,1201
166,681,316,1163
886,682,762,2330
733,746,200,1679
250,760,854,1864
512,975,772,2259
924,780,657,2361
235,347,848,1430
475,248,938,1661
315,867,351,1533
814,665,15,1494
867,316,88,1271
85,853,47,985
459,638,5,1102
962,527,988,2477
515,76,575,1166
665,739,864,2268
404,398,782,1584
56,645,857,1558
552,140,946,1638
254,407,958,1619
785,277,746,1808
980,225,282,1487
315,634,90,1039
598,976,229,1803
378,283,30,691
896,919,308,2123
352,739,767,1858
75,461,24,560
176,318,210,704
525,654,283,1462
349,594,92,1035
20,404,703,1127
343,171,953,1467
481,382,409,1272
199,568,871,1638
502,97,208,807
779,593,431,1803
818,782,325,1925
37,440,174,651
813,376,752,1941
478,35,872,1385
691,101,805,1597
8,894,838,1740
229,866,838,1933
450,894,119,1463
800,387,882,2069
359,395,860,1614
582,860,329,1771
705,960,765,2430
191,557,96,844
94,930,729,1753
502,987,321,1810
620,436,902,1958
742,877,428,2047
652,102,170,924
436,355,958,1749
280,144,860,1284
173,159,364,696
715,206,965,1886
732,624,265,1621
198,77,436,711
813,539,515,1867
459,682,626,1767
434,302,160,896
646,750,553,1949
740,651,751,2142
232,213,199,644
404,496,838,1738
222,317,685,1224
819,294,230,1343
825,386,375,1586
293,789,25,1107
962,383,823,2168
368,764,175,1307
439,792,835,2066
279,98,558,935
300,299,612,1211
113,540,326,979
57,372,395,824
528,784,38,1350
506,108,399,1013
174,610,320,1104
826,608,335,1769
424,199,720,1343
641,24,948,1613
685,432,876,1993
604,56,914,1574
378,97,897,1372
205,829,131,1165
811,373,575,1759
945,116,638,1699
610,370,872,1852
536,125,555,1216
965,460,924,2349
441,908,584,1933
196,622,165,983
394,452,670,1516
930,452,208,1590
486,955,326,1767
674,945,663,2282
624,680,138,1442
113,647,514,1274
923,702,6,1631
473,277,721,1471
748,483,539,1770
925,296,947,2168
114,180,352,646
0,880,153,1033
796,716,48,1560
218,440,166,824
542,852,490,1884
550,575,40,1165
190,228,54,472
517,217,160,894
213,597,631,1441
378,894,749,2021
89,313,147,549
593,391,521,1505
213,760,231,1204
527,505,0,1032
468,856,904,2228
533,82,124,739
336,959,70,1365
213,61,934,1208
738,333,975,2046
807,516,576,1899
471,516,673,1660
209,916,886,2011
732,739,724,2195
304,662,798,1764
160,3,467,630
187,199,764,1150
316,632,463,1411
333,360,702,1395
342,634,407,1383
842,912,811,2565
211,52,133,396
650,452,482,1584
769,292,313,1374
878,304,69,1251
103,625,30,758
350,747,414,1511
330,490,246,1066
114,693,960,1767
120,9,439,568
941,797,61,1799
828,9,212,1049
678,653,940,2271
986,85,305,1376
66,444,287,797
426,900,712,2038
716,283,135,1134
411,54,249,714
812,190,538,1540
540,51,8,599
466,369,617,1452
837,157,50,1044
993,534,752,2279
638,777,102,1517
25,101,75,201
63,64,465,592
23,740,544,1307
372,360,441,1173
495,742,753,1990
119,448,360,927
253,306,639,1198
756,770,207,1733
171,178,347,696
139,504,691,1334
415,270,331,1016
664,340,90,1094
129,332,859,1320
876,545,156,1577
657,41,496,1194
659,130,932,1721
156,370,235,761
210,91,860,1161
924,142,840,1906
289,76,391,756
276,152,687,1115
255,836,464,1555
854,980,541,2375
864,242,611,1717
611,973,722,2306
521,619,281,1421
774,917,412,2103
371,150,196,717
631,813,423,1867
278,205,602,1085
642,197,43,882
723,141,498,1362
153,397,358,908
537,309,739,1585
129,590,407,1126
61,287,686,1034
246,553,527,1326
233,206,364,803
447,236,744,1427
314,379,505,1198
242,469,923,1634
280,203,944,1427
127,591,968,1686
221,365,633,1219
456,468,284,1208
186,300,387,873
628,996,805,2429
852,187,607,1646
158,60,361,579
125,950,133,1208
941,465,353,1759
359,97,704,1160
820,254,826,1900
163,649,435,1247
82,628,294,1004
858,726,535,2119
914,541,985,2440
861,263,311,1435
302,173,444,919
776,483,135,1394
126,624,231,981
535,591,544,1670
751,96,415,1262
990,51,489,1530
13,671,337,1021
186,70,878,1134
94,470,308,872
416,719,860,1995
710,691,649,2050
922,714,48,1684
821,322,299,1442
427,978,634,2039
687,126,325,1138
729,822,393,1944
59,161,633,853
448,987,715,2150
160,222,147,529
330,516,142,988
877,53,370,1300
916,265,796,1977
471,143,536,1150
646,421,96,1163
982,163,791,1936
771,175,874,1820
346,111,917,1374
208,376,714,1298
898,772,138,1808
741,489,482,1712
655,294,179,1128
204,532,157,893
217,804,959,1980
512,794,45,1351
67,117,517,701
313,331,808,1452
623,596,875,2094
428,174,716,1318
491,416,11,918
26,503,793,1322
455,763,221,1439
787,243,872,1902
447,304,294,1045
68,208,891,1167
336,353,247,936
132,619,253,1004
510,963,333,1806
847,474,655,1976
661,766,234,1661
378,282,392,1052
554,464,711,1729
875,167,530,1572
424,842,22,1288
876,521,526,1923
839,617,465,1921
528,449,501,1478
219,909,867,1995
13,619,109,741
905,806,52,1763
398,395,721,1514
874,163,20,1057
544,292,426,1262
762,3,936,1701
695,709,781,2185
472,119,951,1542
470,731,642,1843
41,66,685,792
932,265,643,1840
830,198,624,1652
373,352,169,894
758,235,370,1363
78,244,870,1192
125,586,814,1525
264,45,298,607
654,556,696,1906
751,398,336,1485
854,380,329,1563
313,883,868,2064
546,320,184,1050
731,796,703,2230
36,740,790,1566
358,146,498,1002
33,130,784,947
146,59,647,852
786,603,726,2115
159,138,554,851
41,535,466,1042
957,398,571,1926
708,376,259,1343
869,255,534,1658
398,656,128,1182
437,408,346,1191
482,965,96,1543
544,539,32,1115
250,296,505,1051
243,574,47,864
378,979,698,2055
929,24,623,1576
760,533,175,1468
807,878,820,2505
702,328,287,1317
68,83,620,771
147,817,323,1287
511,256,249,1016
446,761,225,1432
391,68,343,802
229,16,935,1180
775,251,132,1158
743,64,626,1433
507,623,913,2043
277,862,549,1688
687,205,662,1554
561,253,783,1597
919,92,184,1195
46,189,453,688
932,491,473,1896
744,812,359,1915
497,137,641,1275
127,229,733,1089
748,120,497,1365
169,186,443,798
891,988,680,2559
325,882,468,1675
79,801,228,1108
469,315,315,1099
305,556,481,1342
763,972,911,2646
358,223,437,1018
1000,0,481,1481
475,793,691,1959
674,611,181,1466
309,717,13,1039
579,787,236,1602
425,235,242,902
156,375,47,578
341,279,683,1303
460,21,511,992
815,694,197,1706
352,474,773,1599
378,267,211,856
50,865,157,1072
442,614,849,1905
556,513,677,1746
230,189,652,1071
299,47,907,1253
199,770,208,1177
96,900,65,1061
151,646,298,1095
656,467,857,1980
766,164,998,1928
536,690,633,1859
770,102,81,953
14,947,467,1428
657,359,763,1779
480,104,735,1319
810,391,714,1915
160,852,503,1515
627,43,672,1342
236,734,423,1393
395,926,922,2243
614,78,186,878
393,147,204,744
551,797,649,1997
359,659,549,1567
373,185,812,1370
544,204,867,1615
696,470,928,2094
722,819,756,2297
842,237,116,1195
365,92,489,946
227,26,261,514
540,9,977,1526
384,784,966,2134
685,712,47,1444
794,422,455,1671
438,678,928,2044
481,344,370,1195
148,119,779,1046
858,665,726,2249
183,531,957,1671
842,568,893,2303
59,928,436,1423
796,657,619,2072
693,216,471,1380
302,383,468,1153
286,343,340,969
727,300,643,1670
708,710,745,2163
763,267,736,1766
299,484,632,1415
786,937,724,2447
206,850,589,1645
667,645,352,1664
385,604,419,1408
9,977,875,1861
541,507,458,1506
599,841,88,1528
56,981,211,1248
594,278,849,1721
608,656,10,1274
474,729,508,1711
538,567,25,1130
476,818,472,1766
453,290,207,950
311,644,770,1725
784,431,187,1402
446,369,82,897
15,320,404,739
405,595,75,1075
671,121,165,957
417,263,37,717
144,443,119,706
518,247,353,1118
137,449,103,689
470,896,636,2002
612,478,61,1151
895,908,742,2545
502,595,955,2052
22,919,787,1728
2,310,308,620
812,971,305,2088
434,115,748,1297
706,770,612,2088
366,756,968,2090
277,763,738,1778
781,663,841,2285
896,44,143,1083
896,880,447,2223
416,586,115,1117
502,58,582,1142
806,462,805,2073
802,117,189,1108
684,523,708,1915
628,709,468,1805
543,424,308,1275
751,181,891,1823
298,401,500,1199
699,586,437,1722
351,284,354,989
221,334,323,878
602,982,571,2155
273,960,504,1737
900,541,395,1836
808,177,913,1898
409,595,851,1855
321,171,270,762
30,337,74,441
471,476,228,1175
430,728,95,1253
433,761,306,1500
339,545,700,1584
876,476,911,2263
835,666,47,1548
732,19,108,859
576,523,73,1172
38,478,561,1077
759,541,90,1390
90,791,875,1756
610,411,759,1780
116,525,182,823
668,691,960,2319
526,336,487,1349
252,393,605,1250
692,983,180,1855
477,269,149,895
790,619,201,1610
519,798,715,2032
521,684,223,1428
234,290,866,1390
870,220,345,1435
743,276,707,1726
404,29,219,652
373,762,567,1702
268,348,767,1383
95,371,461,927
307,357,955,1619
586,220,164,970
847,490,686,2023
418,550,688,1656
599,541,573,1713
22,546,633,1201
889,950,540,2379
6,910,339,1255
664,796,212,1672
770,984,505,2259
603,18,681,1302
55,994,643,1692
123,829,725,1677
354,700,555,1609
951,695,721,2367
448,554,922,1924
440,911,440,1791
713,575,529,1817
172,917,929,2018
61,411,694,1166
73,485,811,1369
178,76,567,821
517,290,686,1493
888,660,229,1777
770,825,639,2234
745,785,710,2240
135,944,772,1851
623,200,447,1270
372,345,3,720
79,995,819,1893
518,187,254,959
778,39,955,1772
358,6,707,1071
664,906,772,2342
792,703,352,1847
617,840,467,1924
668,514,237,1419
945,719,898,2562
593,849,316,1758
689,799,87,1575
481,519,490,1490
669,331,800,1800
915,213,835,1963
577,376,536,1489
576,351,146,1073
805,100,653,1558
998,326,870,2194
103,442,816,1361
446,151,943,1540
582,795,294,1671
582,478,286,1346
16,384,809,1209
265,581,96,942
672,129,568,1369
88,444,206,738
922,983,996,2901
372,919,213,1504
706,530,305,1541
584,789,313,1686
360,337,733,1430
450,979,229,1658
406,808,556,1770
929,511,773,2213
492,31,137,660
969,559,887,2415
16,921,774,1711
160,582,197,939
794,338,835,1967
354,946,260,1560
379,213,789,1381
27,411,132,570
70,819,383,1272
55,308,754,1117
265,156,259,680
697,844,808,2349
422,65,857,1344
729,613,742,2084
907,276,989,2172
68,456,173,697
881,302,332,1515
25,0,618,643
791,618,284,1693
334,915,253,1502
450,808,674,1932
57,365,305,727
591,327,932,1850
658,607,542,1807
930,445,861,2236
433,835,710,1978
334,649,856,1839
918,130,138,1186
86,62,278,426
493,303,832,1628
240,383,224,847
656,419,778,1853
105,927,525,1557
788,300,634,1722
529,453,249,1231
12,28,357,397
167,499,903,1569
851,836,316,2003
184,467,994,1645
302,988,851,2141
693,745,311,1749
99,0,709,808
116,199,48,363
808,835,892,2535
823,947,979,2749
427,612,716,1755
212,486,749,1447
150,126,934,1210
709,484,386,1579
279,105,75,459
246,447,785,1478
321,757,783,1861
554,544,827,1925
712,922,413,2047
303,464,70,837
847,429,156,1432
543,49,753,1345
84,892,63,1039
84,316,62,462
337,674,797,1808
185,993,741,1919
518,124,331,973
818,527,975,2320
477,962,194,1633
530,682,198,1410
839,663,669,2171
496,355,993,1844
840,392,48,1280
384,47,376,807
96,615,901,1612
754,589,579,1922
554,359,875,1788
339,469,29,837
838,818,774,2430
567,270,136,973
701,594,168,1463
481,871,852,2204
785,233,739,1757
597,337,643,1577
770,996,671,2437
446,888,202,1536
704,257,237,1198
702,618,532,1852
36,787,965,1788
313,126,496,935
673,282,861,1816
410,391,611,1412
157,783,979,1919
468,295,679,1442
388,953,641,1982
97,701,883,1681
947,669,595,2211
239,119,328,686
292,650,809,1751
657,137,898,1692
559,706,613,1878
3,744,60,807
412,643,123,1178
993,922,729,2644
710,42,697,1449
855,126,143,1124
657,556,753,1966
107,899,244,1250
351,598,833,1782
239,606,691,1536
507,146,962,1615
882,571,858,2311
844,451,227,1522
794,904,710,2408
568,132,977,1677
730,261,707,1698
357,283,65,705
769,35,155,959
299,940,941,2180
399,557,948,1904
284,41,912,1237
332,5,927,1264
949,9,656,1614
187,492,55,734
1,513,979,1493
263,740,593,1596
873,680,228,1781
610,735,678,2023
371,340,426,1137
689,652,85,1426
495,851,424,1770
80,663,463,1206
429,744,711,1884
472,821,262,1555
152,710,725,1587
457,31,819,1307
779,845,950,2574
869,493,138,1500
859,592,239,1690
110,579,659,1348
548,658,518,1724
457,917,561,1935
190,954,249,1393
208,210,566,984
915,825,455,2195
818,434,418,1670
637,393,748,1778
460,210,261,931
717,992,188,1897
179,148,452,779
451,773,842,2066
930,412,346,1688
530,895,494,1919
234,978,986,2198
752,647,273,1672
481,464,240,1185
492,996,505,1993
108,580,318,1006
800,220,578,1598
73,346,867,1286
626,481,368,1475
763,39,54,856
897,153,810,1860
728,523,177,1428
842,77,399,1318
122,775,808,1705
562,371,518,1451
245,913,368,1526
855,742,962,2559
877,985,192,2054
146,408,381,935
917,121,188,1226
848,563,207,1618
137,813,894,1844
610,906,803,2319
176,889,732,1797
539,816,151,1506
425,487,484,1396
694,436,677,1807
458,833,401,1692
538,702,417,1657
997,96,363,1456
687,995,194,1876
904,303,69,1276
119,243,523,885
930,448,89,1467
454,513,300,1267
441,320,362,1123
409,255,852,1516
669,525,741,1935
574,730,221,1525
947,641,785,2373
124,463,94,681
636,426,389,1451
662,957,427,2046
111,478,48,637
164,354,494,1012
33,53,779,865
755,145,665,1565
475,539,294,1308
635,899,55,1589
250,536,550,1336
639,385,864,1888
945,86,114,1145
424,651,602,1677
282,968,813,2063
132,74,278,484
587,920,602,2109
416,837,125,1378
332,747,247,1326
665,36,166,867
544,715,511,1770
288,336,733,1357
793,115,103,1011
103,175,904,1182
888,386,903,2177
484,569,237,1290
308,574,802,1684
503,746,225,1474
550,650,620,1820
133,317,252,702
846,47,45,938
844,536,775,2155
137,524,591,1252
468,271,970,1709
2,637,825,1464
246,234,280,760
249,759,314,1322
617,621,709,1947
368,841,71,1280
774,492,952,2218
548,132,324,1004
788,824,546,2158
710,292,412,1414
797,144,938,1879
177,268,85,530
785,567,676,2028
486,929,837,2252
487,101,211,799
844,699,491,2034
584,668,304,1556
152,785,833,1770
600,945,51,1596
981,818,795,2594
720,782,129,1631
72,204,981,1257
114,184,349,647
498,482,552,1532
471,620,605,1696
80,23,3,106
802,562,657,2021
749,493,761,2003
213,190,602,1005
50,672,271,993
602,449,896,1947
656,60,404,1120
985,206,476,1667
252,507,515,1274
219,919,522,1660
562,42,629,1233
812,244,367,1423
147,255,334,736
208,618,388,1214
508,18,17,543
729,159,75,963
265,921,4,1190
491,405,856,1752
292,63,678,1033
737,646,586,1969
54,87,446,587
599,184,975,1758
450,310,336,1096
112,560,871,1543
37,460,721,1218
770,538,672,1980
363,449,469,1281
960,962,633,2555
196,532,116,844
612,526,1,1139
553,621,176,1350
903,678,766,2347
525,656,403,1584
234,375,379,988
890,336,457,1683
763,150,692,1605
924,253,220,1397
408,969,418,1795
461,702,965,2128
257,834,352,1443
903,634,54,1591
607,359,734,1700
251,970,968,2189
499,8,759,1266
729,618,770,2117
255,910,309,1474
258,777,767,1802
369,507,941,1817
846,849,800,2495
747,388,918,2053
66,157,949,1172
76,379,628,1083
477,743,715,1935
341,887,12,1240
258,183,368,809
282,871,79,1232
106,452,23,581
232,525,81,838
523,206,38,767
154,731,425,1310
245,39,537,821
415,492,429,1336
957,688,144,1789
587,983,929,2499
452,112,387,951
703,901,182,1786
120,835,22,977
827,760,298,1885
157,948,352,1457
856,570,1000,2426
332,26,604,962
908,74,296,1278
45,768,988,1801
596,840,890,2326
388,127,664,1179
801,362,187,1350
617,157,447,1221
225,414,922,1561
760,108,817,1685
990,291,592,1873
569,28,472,1069
15,46,463,524
298,710,53,1061
919,416,424,1759
931,57,236,1224
374,419,645,1438
940,841,911,2692
491,995,339,1825
226,773,506,1505
823,316,828,1967
247,592,480,1319
268,606,339,1213
638,456,20,1114
636,447,513,1596
417,701,565,1683
74,885,304,1263
591,360,304,1255
544,557,244,1345
233,630,626,1489
59,905,802,1766
304,305,446,1055
338,236,369,943
652,346,18,1016
759,827,600,2186
957,230,174,1361
663,513,435,1611
626,806,614,2046
546,748,507,1801
750,372,819,1941
556,35,248,839
202,593,498,1293
385,711,209,1305
217,425,634,1276
631,800,331,1762
111,993,285,1389
498,986,713,2197
976,461,728,2165
933,156,786,1875
194,993,680,1867
931,364,824,2119
528,249,379,1156
406,492,885,1783
55,625,234,914
491,311,536,1338
748,213,50,1011
939,724,339,2002
184,842,175,1201
177,649,468,1294
499,757,723,1979
707,699,368,1774
468,116,337,921
416,32,452,900
609,349,560,1518
709,96,268,1073
918,203,401,1522
483,61,205,749
161,67,973,1201
866,925,698,2489
667,212,596,1475
715,308,902,1925
289,472,494,1255
27,272,543,842
52,713,571,1336
23,719,792,1534
219,166,551,936
570,886,662,2118
59,105,968,1132
720,379,954,2053
561,359,308,1228
480,360,975,1815
445,739,793,1977
428,164,256,848
131,127,836,1094
512,602,854,1968
668,723,567,1958
697,931,262,1890
332,748,108,1188
637,418,245,1300
694,813,780,2287
558,829,472,1859
642,499,665,1806
920,386,42,1348
369,102,619,1090
733,776,429,1938
83,259,39,381
264,685,1000,1949
205,698,197,1100
481,437,485,1403
480,553,544,1577
459,343,994,1796
24,714,255,993
184,606,419,1209
74,599,480,1153
618,45,948,1611
283,520,569,1372
284,166,785,1235
646,316,396,1358
215,678,229,1122
970,413,112,1495
309,726,339,1374
432,158,779,1369
43,211,522,776
189,733,358,1280
373,209,936,1518
332,297,860,1489
421,347,343,1111
707,895,80,1682
640,923,223,1786
2,475,711,1188
739,650,54,1443
4,842,438,1284
360,521,184,1065
144,302,773,1219
671,894,700,2265
855,315,11,1181
625,574,125,1324
686,201,616,1503
310,86,876,1272
974,335,513,1822
735,526,293,1554
547,329,165,1041
745,494,197,1436
622,529,896,2047
434,767,432,1633
413,558,378,1349
728,902,944,2574
17,91,948,1056
938,568,991,2497
255,913,495,1663
34,586,526,1146
102,409,741,1252
476,625,638,1739
899,66,689,1654
112,878,425,1415
16,175,273,464
308,920,551,1779
825,376,650,1851
93,761,544,1398
811,110,390,1311
687,157,662,1506
381,496,727,1604
122,364,497,983
435,351,368,1154
881,673,666,2220
666,975,915,2556
165,447,457,1069
623,685,149,1457
612,307,777,1696
9,649,961,1619
403,281,663,1347
828,987,516,2331
3,486,269,758
780,964,623,2367
744,140,285,1169
393,279,847,1519
929,956,652,2537
442,291,117,850
392,546,506,1444
422,443,315,1180
870,451,495,1816
468,953,58,1479
384,504,767,1655
324,710,992,2026
134,689,933,1756
15,63,827,905
877,816,585,2278
425,176,151,752
577,955,980,2512
109,293,256,658
9,764,421,1194
928,795,557,2280
385,335,130,850
449,782,323,1554
943,773,515,2231
96,250,53,399
492,892,18,1402
432,798,338,1568
46,458,537,1041
112,2,780,894
114,852,590,1556
672,656,99,1427
790,908,257,1955
794,713,282,1789
746,835,999,2580
972,60,686,1718
869,408,655,1932
484,729,562,1775
285,248,665,1198
680,634,694,2008
675,97,539,1311
818,610,797,2225
62,567,62,691
790,661,934,2385
425,730,256,1411
444,98,5,547
970,334,636,1940
959,504,923,2386
24,131,401,556
915,734,86,1735
555,470,671,1696
687,362,824,1873
491,98,373,962
697,281,500,1478
263,310,974,1547
612,882,320,1814
720,972,237,1929
945,925,150,2020
374,312,30,716
745,714,388,1847
103,242,987,1332
773,673,696,2142
746,111,560,1417
360,142,677,1179
234,331,439,1004
308,108,875,1291
748,954,739,2441
275,747,642,1664
443,752,943,2138
321,230,2,553
669,914,971,2554
945,736,664,2345
436,428,683,1547
241,889,400,1530
734,96,856,1686
722,761,458,1941
659,814,383,1856
904,745,332,1981
285,409,438,1132
225,903,472,1600
27,530,896,1453
842,938,184,1964
305,929,476,1710
343,151,248,742
372,192,870,1434
878,940,323,2141
659,185,701,1545
844,161,661,1666
673,58,74,805
773,871,66,1710
698,864,542,2104
260,112,675,1047
364,129,473,966
529,459,253,1241
461,979,131,1571
505,374,550,1429
440,710,391,1541
861,539,530,1930
796,263,330,1389
962,979,247,2188
9,919,253,1181
337,46,539,922
814,517,464,1795
675,8,400,1083
88,161,680,929
331,523,744,1598
942,881,533,2356
906,44,925,1875
256,782,703,1741
615,151,27,793
663,801,446,1910
474,448,49,971
147,785,470,1402
470,244,719,1433
279,436,573,1288
420,46,57,523
554,400,723,1677
81,706,753,1540
859,516,85,1460
764,752,689,2205
519,315,453,1287
966,89,588,1643
573,396,539,1508
329,783,989,2101
190,211,764,1165
190,726,633,1549
757,450,437,1644
109,127,505,741
595,821,592,2008
924,909,22,1855
917,606,492,2015
256,79,423,758
419,456,499,1374
891,773,565,2229
755,785,76,1616
12,881,780,1673
144,4,346,494
461,996,496,1953
328,910,172,1410
235,734,993,1962
144,753,767,1664
704,418,748,1870
423,503,887,1813
528,179,57,764
232,48,380,660
405,975,225,1605
770,989,513,2272
887,940,862,2689
805,436,331,1572
365,768,124,1257
23,790,724,1537
764,233,991,1988
389,458,847,1694
470,841,946,2257
545,275,403,1223
195,514,723,1432
192,749,446,1387
764,381,125,1270
66,943,102,1111
52,322,353,727
951,144,342,1437
486,325,575,1386
277,480,175,932
733,202,64,999
999,245,24,1268
208,848,508,1564
39,561,424,1024
652,998,450,2100
565,655,503,1723
682,782,318,1782
277,729,127,1133
685,110,762,1557
148,771,586,1505
95,211,522,828
635,494,834,1963
939,289,723,1951
213,981,49,1243
201,20,788,1009
997,278,597,1872
881,480,668,2029
472,550,874,1896
152,806,437,1395
892,930,310,2132
446,511,615,1572
324,816,903,2043
327,165,688,1180
840,857,265,1962
700,831,121,1652
60,425,687,1172
422,294,344,1060
82,708,582,1372
199,767,422,1388
827,465,39,1331
203,271,704,1178
867,698,70,1635
29,92,96,217
755,370,702,1827
659,872,10,1541
304,27,464,795
363,496,701,1560
381,17,847,1245
260,484,821,1565
43,735,711,1489
514,299,341,1154
658,951,450,2059
510,354,20,884
619,14,707,1340
360,872,139,1371
996,17,239,1252
971,69,945,1985
440,63,392,895
603,415,85,1103
879,519,858,2256
330,636,707,1673
439,325,518,1282
849,603,554,2006
233,147,148,528
634,410,289,1333
853,15,665,1533
968,681,896,2545
652,217,187,1056
565,16,206,787
813,772,11,1596
630,815,906,2351
244,193,529,966
752,894,738,2384
381,29,148,558
405,368,337,1110
864,864,458,2186
373,723,802,1898
297,790,978,2065
882,612,315,1809
387,332,743,1462
216,141,177,534
505,525,840,1870
143,661,270,1074
142,850,781,1773
483,521,211,1215
900,645,354,1899
225,62,788,1075
430,694,788,1912
557,755,805,2117
272,794,866,1932
579,76,798,1453
807,509,534,1850
526,773,218,1517
600,410,218,1228
24,708,260,992
492,13,172,677
418,830,960,2208
320,543,105,968
953,509,468,1930
862,829,476,2167
591,164,88,843
320,531,227,1078
475,790,600,1865
271,477,658,1406
412,645,895,1952
514,364,464,1342
284,98,695,1077
833,142,336,1311
177,666,797,1640
417,639,958,2014
365,919,130,1414
886,925,925,2736
84,126,844,1054
772,213,349,1334
507,690,319,1516
57,696,219,972
43,151,719,913
81,373,904,1358
735,201,875,1811
395,818,22,1235
534,706,489,1729
733,354,442,1529
771,488,786,2045
353,521,62,936
33,4,995,1032
755,196,136,1087
284,983,909,2176
402,0,984,1386
974,168,982,2124
511,771,556,1838
815,556,719,2090
222,890,109,1221
383,278,979,1640
812,915,557,2284
743,502,728,1973
390,389,197,976
390,880,945,2215
404,682,225,1311
631,960,303,1894
950,258,716,1924
438,742,855,2035
583,759,176,1518
975,383,458,1816
821,543,947,2311
37,618,165,820
201,476,147,824
129,65,655,849
927,923,372,2222
39,435,321,795
889,83,260,1232
599,852,11,1462
438,576,384,1398
740,729,339,1808
655,109,6,770
591,483,308,1382
437,605,495,1537
263,429,721,1413
345,492,966,1803
413,11,222,646
70,54,948,1072
725,385,696,1806
28,246,347,621
625,734,766,2125
774,720,270,1764
330,394,61,785
825,776,584,2185
327,292,46,665
349,524,394,1267
291,613,218,1122
79,380,602,1061
799,422,293,1514
459,859,817,2135
879,161,653,1693
862,494,487,1843
209,309,697,1215
251,453,439,1143
445,824,43,1312
480,646,516,1642
929,185,308,1422
356,322,879,1557
143,493,786,1422
498,766,481,1745
456,279,902,1637
103,240,354,697
571,861,885,2317
870,149,444,1463
504,878,694,2076
569,467,367,1403
804,215,308,1327
821,37,912,1770
542,849,470,1861
941,968,360,2269
596,922,888,2406
173,890,496,1559
88,497,946,1531
156,753,991,1900
464,89,369,922
310,468,943,1721
709,748,132,1589
351,821,100,1272
632,85,738,1455
461,597,937,1995
77,220,60,357
587,128,581,1296
564,599,70,1233
104,247,650,1001
726,128,93,947
963,739,887,2589
479,624,644,1747
45,782,686,1513
86,651,801,1538
462,908,709,2079
242,878,572,1692
898,490,628,2016
500,240,148,888
422,125,914,1461
864,56,18,938
899,484,206,1589
283,760,947,1990
442,196,749,1387
212,185,24,421
561,425,1,987
727,936,234,1897
540,178,566,1284
948,120,91,1159
756,676,861,2293
858,851,993,2702
273,119,964,1356
376,919,436,1731
229,196,661,1086
526,607,938,2071
503,462,526,1491
983,545,500,2028
477,795,932,2204
226,10,389,625
250,825,970,2045
709,761,873,2343
574,436,75,1085
736,202,564,1502
961,326,146,1433
34,89,514,637
588,544,697,1829
765,634,505,1904
30,290,467,787
673,923,568,2164
950,857,309,2116
118,429,88,635
625,349,274,1248
7,987,798,1792
768,282,888,1938
714,911,357,1982
534,796,864,2194
388,692,258,1338
335,449,955,1739
955,201,882,2038
365,900,583,1848
877,294,485,1656
452,514,804,1770
338,419,154,911
787,95,207,1089
43,563,418,1024
407,8,586,1001
629,321,657,1607
91,293,955,1339
441,3,143,587
291,3,857,1151
216,971,611,1798
60,541,484,1085
153,615,618,1386
164,309,922,1395
190,215,847,1252
355,764,793,1912
537,793,956,2286
857,518,533,1908
229,713,929,1871
572,91,419,1082
30,789,229,1048
134,572,997,1703
0,891,579,1470
462,443,904,1809
896,451,64,1411
169,503,667,1339
660,796,167,1623
842,693,29,1564
847,435,323,1605
231,387,173,791
894,575,156,1625
733,584,231,1548
548,35,942,1525
524,422,32,978
777,755,516,2048
161,530,461,1152
66,640,248,954
394,704,713,1811
794,501,805,2100
295,338,783,1416
886,48,127,1061
899,587,988,2474
638,149,500,1287
788,199,434,1421
687,325,907,1919
348,735,545,1628
922,357,426,1705
310,242,505,1057
786,958,635,2379
275,925,92,1292
725,74,474,1273
930,891,196,2017
130,746,509,1385
590,350,754,1694
191,660,200,1051
736,111,780,1627
803,976,768,2547
350,128,25,503
551,128,856,1535
483,176,760,1419
281,750,709,1740
502,897,721,2120
210,666,91,967
158,337,833,1328
731,698,804,2233
452,775,716,1943
665,323,112,1100
932,950,508,2390
896,912,933,2741
768,160,943,1871
194,18,89,301
178,708,703,1589
896,286,12,1194
369,535,762,1666
469,296,233,998
146,27,290,463
377,460,146,983
25,46,417,488
947,161,49,1157
896,144,568,1608
457,435,253,1145
121,255,856,1232
771,639,519,1929
957,930,533,2420
938,942,680,2560
446,802,190,1438
53,274,868,1195
518,230,368,1116
39,39,197,275
621,951,617,2189
890,283,51,1224
898,968,372,2238
857,748,152,1757
630,231,659,1520
374,739,872,1985
293,272,100,665
651,705,264,1620
144,198,946,1288
120,212,78,410
660,226,251,1137
792,897,754,2443
877,105,359,1341
553,606,355,1514
766,6,454,1226
769,773,519,2061
249,264,704,1217
423,105,560,1088
59,50,706,815
150,811,405,1366
250,956,895,2101
51,12,324,387
14,85,747,846
224,44,591,859
38,140,86,264
977,50,851,1878
298,83,901,1282
156,321,64,541
839,531,500,1870
322,928,274,1524
911,748,858,2517
325,393,631,1349
206,742,904,1852
727,410,418,1555
619,100,276,995
361,987,661,2009
773,0,458,1231
111,754,376,1241
697,64,978,1739
225,643,416,1284
272,772,534,1578
710,845,510,2065
958,21,124,1103
701,481,435,1617
736,442,642,1820
290,790,461,1541
620,413,548,1581
923,742,686,2351
195,262,103,560
757,637,468,1862
956,223,300,1479
467,88,781,1336
254,228,659,1141
369,727,299,1395
828,427,703,1958
199,610,707,1516
332,625,512,1469
124,292,225,641
853,462,578,1893
754,201,586,1541
447,374,855,1676
891,62,348,1301
859,620,458,1937
787,505,738,2030
581,465,151,1197
77,795,153,1025
848,825,592,2265
900,623,223,1746
267,937,303,1507
310,714,188,1212
474,963,910,2347
762,196,873,1831
560,937,964,2461
530,554,8,1092
596,894,558,2048
695,730,293,1718
630,651,265,1546
816,28,345,1189
395,304,670,1369
132,469,746,1347
367,363,750,1480
779,102,630,1511
668,196,475,1339
927,835,533,2295
919,434,795,2148
565,604,975,2144
67,139,621,827
745,294,331,1370
25,363,550,938
558,950,614,2122
982,943,612,2537
163,780,359,1302
246,124,665,1035
878,916,505,2299
45,781,658,1484
287,300,380,967
860,175,52,1087
803,731,26,1560
27,443,544,1014
925,789,843,2557
956,650,551,2157
15,207,727,949
609,13,279,901
651,619,321,1591
290,413,220,923
324,875,297,1496
778,591,986,2355
92,348,981,1421
149,598,274,1021
800,278,293,1371
616,218,134,968
763,499,913,2175
195,129,651,975
758,455,486,1699
307,373,624,1304
757,908,163,1828
139,742,370,1251
485,888,220,1593
984,554,753,2291
8,932,516,1456
347,907,970,2224
507,468,285,1260
278,742,653,1673
373,880,230,1483
791,346,614,1751
268,813,222,1303
220,256,845,1321
991,801,520,2312
590,920,967,2477
923,846,122,1891
737,259,334,1330
193,74,414,681
131,671,922,1724
287,69,109,465
329,965,817,2111
800,296,469,1565
234,891,877,2002
397,892,306,1595
81,925,502,1508
601,120,591,1312
741,147,52,940
172,398,17,587
953,744,514,2211
701,131,836,1668
327,405,244,976
42,106,230,378
195,900,468,1563
896,695,595,2186
448,837,359,1644
483,178,469,1130
437,455,73,965
438,659,868,1965
239,525,127,891
712,769,127,1608
366,795,623,1784
649,569,744,1962
283,690,370,1343
203,684,409,1296
269,174,775,1218
675,787,980,2442
36,104,960,1100
470,134,97,701
788,730,201,1719
979,502,17,1498
535,480,536,1551
350,808,644,1802
873,532,84,1489
978,376,114,1468
296,912,36,1244
888,958,31,1877
901,839,275,2015
612,563,853,2028
317,663,21,1001
522,862,611,1995
176,438,609,1223
596,237,960,1793
766,709,449,1924
540,667,687,1894
809,582,965,2356
555,160,608,1323
490,544,844,1878
576,371,988,1935
563,48,235,846
319,889,796,2004
633,517,822,1972
448,221,298,967
680,926,938,2544
191,105,527,823
338,67,542,947
238,382,932,1552
153,519,577,1249
769,603,207,1579
343,412,122,877
450,474,831,1755
429,199,275,903
540,588,795,1923
67,867,119,1053
128,470,905,1503
373,700,898,1971
434,201,215,850
722,835,584,2141
612,44,968,1624
515,488,923,1926
912,383,43,1338
642,395,567,1604
941,128,219,1288
24,846,261,1131
251,695,538,1484
231,64,88,383
964,585,629,2178
90,161,235,486
643,199,330,1172
842,955,219,2016
658,412,591,1661
67,926,894,1887
271,310,364,945
647,152,626,1425
235,724,70,1029
613,344,206,1163
839,463,985,2287
524,913,492,1929
707,85,90,882
262,490,211,963
755,702,431,1888
624,157,807,1588
634,850,869,2353
513,137,749,1399
611,95,46,752
109,695,703,1507
68,173,806,1047
659,418,94,1171
457,691,900,2048
939,261,354,1554
703,890,947,2540
837,589,242,1668
213,166,970,1349
863,319,693,1875
587,978,571,2136
756,484,243,1483
308,202,547,1057
791,612,215,1618
224,639,931,1794
332,983,326,1641
5,203,597,805
925,39,585,1549
1,587,19,607
373,754,795,1922
827,134,478,1439
249,373,721,1343
126,51,41,218
917,900,180,1997
821,862,57,1740
365,859,760,1984
532,297,158,987
160,818,236,1214
476,711,691,1878
344,426,358,1128
952,757,127,1836
350,818,492,1660
866,218,92,1176
626,857,176,1659
190,931,172,1293
952,888,329,2169
681,793,561,2035
993,134,909,2036
16,453,252,721
945,240,598,1783
968,461,617,2046
150,784,373,1307
172,578,588,1338
903,39,853,1795
955,863,887,2705
215,931,672,1818
652,285,131,1068
849,776,202,1827
424,336,171,931
678,185,883,1746
403,312,777,1492
483,67,318,868
203,546,226,975
785,275,106,1166
991,582,188,1761
380,134,487,1001
362,896,321,1579
30,461,820,1311
356,898,246,1500
286,768,776,1830
867,904,47,1818
66,590,870,1526
344,458,914,1716
664,155,294,1113
726,456,25,1207
47,176,828,1051
172,11,254,437
793,37,263,1093
409,934,532,1875
81,606,919,1606
316,37,599,952
154,281,810,1245
261,720,161,1142
343,275,643,1261
450,990,440,1880
971,87,722,1780
261,868,706,1835
211,260,704,1175
398,649,74,1121
103,303,67,473
834,699,271,1804
895,228,78,1201
883,313,95,1291
671,50,228,949
219,564,808,1591
48,115,620,783
777,543,894,2214
929,852,102,1883
927,198,734,1859
28,797,22,847
826,828,897,2551
997,410,966,2373
480,886,437,1803
129,502,778,1409
778,337,673,1788
63,510,211,784
461,4,666,1131
803,12,693,1508
11,343,176,530
458,852,22,1332
497,252,639,1388
253,223,453,929
176,545,967,1688
305,173,126,604
927,790,346,2063
631,156,140,927
641,170,191,1002
553,242,731,1526
330,764,201,1295
889,726,882,2497
181,235,817,1233
474,414,120,1008
412,310,817,1539
732,951,540,2223
713,860,660,2233
496,331,415,1242
618,830,967,2415
726,10,221,957
63,575,803,1441
507,387,455,1349
893,956,709,2558
281,329,467,1077
98,419,965,1482
470,404,286,1160
839,938,111,1888
196,879,640,1715
632,104,533,1269
279,309,31,619
849,236,628,1713
881,844,848,2573
657,873,357,1887
237,860,270,1367
857,388,78,1323
524,376,138,1038
388,743,809,1940
96,451,713,1260
645,738,309,1692
857,585,250,1692
622,473,232,1327
94,660,492,1246
276,39,617,932
540,356,478,1374
527,631,862,2020
239,12,514,765
831,693,619,2143
822,631,853,2306
718,474,367,1559
490,348,578,1416
482,848,78,1408
915,677,238,1830
266,909,610,1785
963,791,240,1994
632,63,968,1663
929,951,984,2864
225,473,19,717
486,869,112,1467
939,996,407,2342
765,65,435,1265
451,470,526,1447
236,529,290,1055
185,700,122,1007
442,552,325,1319
640,35,234,909
213,929,151,1293
92,542,681,1315
13,357,654,1024
79,850,342,1271
147,649,253,1049
34,43,167,244
608,339,828,1775
429,129,897,1455
81,181,368,630
394,521,440,1355
358,484,864,1706
331,350,500,1181
331,461,792,1584
986,582,897,2465
134,995,511,1640
800,520,631,1951
330,103,846,1279
812,974,145,1931
423,773,606,1802
386,650,380,1416
65,145,20,230
345,452,836,1633
66,258,0,324
890,935,737,2562
721,51,699,1471
261,65,922,1248
675,628,863,2166
260,383,93,736
785,592,575,1952
952,180,10,1142
613,323,919,1855
472,236,910,1618
592,834,703,2129
844,524,310,1678
829,155,729,1713
660,748,218,1626
381,573,649,1603
154,68,48,270
859,932,268,2059
315,828,744,1887
446,112,987,1545
546,192,443,1181
643,529,64,1236
304,276,110,690
590,206,906,1702
397,297,782,1476
485,101,522,1108
890,423,115,1428
643,49,112,804
993,624,616,2233
398,101,665,1164
880,249,50,1179
558,30,746,1334
559,390,460,1409
734,682,866,2282
48,976,529,1553
614,302,194,1110
445,833,192,1470
613,467,482,1562
390,406,749,1545
929,719,621,2269
234,128,568,930
64,369,454,887
398,978,225,1601
502,781,58,1341
701,430,795,1926
772,190,746,1708
709,948,317,1974
419,928,40,1387
842,686,416,1944
827,995,186,2008
686,704,130,1520
798,671,69,1538
293,611,398,1302
729,595,284,1608
549,660,488,1697
741,463,281,1485
4,505,816,1325
55,415,871,1341
633,19,825,1477
829,317,517,1663
976,301,408,1685
726,276,657,1659
621,9,618,1248
386,81,383,850
148,438,946,1532
932,0,610,1542
669,735,976,2380
92,266,627,985
546,272,88,906
997,921,658,2576
382,64,388,834
550,174,569,1293
895,603,529,2027
789,576,968,2333
729,737,41,1507
106,399,798,1303
453,31,373,857
655,347,182,1184
894,20,462,1376
995,383,471,1849
728,160,496,1384
1000,667,561,2228
46,970,648,1664
256,347,166,769
817,254,678,1749
476,986,301,1763
600,99,357,1056
452,809,602,1863
430,584,75,1089
341,591,836,1768
934,52,621,1607
518,267,448,1233
102,634,13,749
963,556,76,1595
362,217,557,1136
722,251,323,1296
668,271,861,1800
413,984,6,1403
218,997,236,1451
755,939,844,2538
36,224,527,787
421,817,144,1382
634,132,594,1360
911,748,684,2343
702,545,790,2037
787,937,468,2192
382,724,930,2036
276,12,180,468
829,306,468,1603
461,543,569,1573
580,793,573,1946
646,19,864,1529
361,511,839,1711
828,593,667,2088
854,478,60,1392
386,377,251,1014
991,903,45,1939
764,802,934,2500
808,754,922,2484
195,248,978,1421
496,382,713,1591
318,363,980,1661
835,806,536,2177
808,65,65,938
991,217,586,1794
938,887,704,2529
647,37,557,1241
692,234,968,1894
224,69,259,552
635,633,972,2240
942,225,472,1639
350,937,971,2258
136,910,925,1971
498,535,883,1916
480,3,904,1387
62,441,97,600
859,698,40,1597
201,852,455,1508
308,487,95,890
409,657,263,1329
529,888,183,1600
925,25,948,1898
318,768,748,1834
503,908,278,1689
169,334,658,1161
901,704,149,1754
424,18,965,1407
131,289,700,1120
228,718,995,1941
266,700,666,1632
49,823,980,1852
782,998,44,1824
79,617,224,920
1000,103,979,2082
252,614,968,1834
150,264,0,414
863,383,453,1699
453,782,916,2151
149,133,249,531
336,896,775,2007
844,647,853,2344
101,551,133,785
271,587,548,1406
755,603,458,1816
206,808,78,1092
330,211,702,1243
194,960,970,2124
550,112,250,912
120,567,780,1467
362,756,442,1560
836,748,606,2190
772,991,612,2375
806,647,809,2262
37,735,243,1015
199,707,557,1463
324,52,379,755
976,51,350,1377
648,933,261,1842
700,123,464,1287
592,343,99,1034
806,412,870,2088
681,183,691,1555
932,693,8,1633
909,403,421,1733
689,407,803,1899
700,154,408,1262
855,712,505,2072
339,101,343,783
61,693,961,1715
529,745,391,1665
92,178,644,914
472,655,701,1828
18,38,728,784
6,688,160,854
387,250,716,1353
608,776,427,1811
372,954,628,1954
762,701,682,2145
945,321,697,1963
403,340,801,1544
515,959,473,1947
842,412,7,1261
446,348,746,1540
240,192,168,600
535,419,903,1857
46,474,29,549
765,138,882,1785
350,61,375,786
213,561,837,1611
490,566,920,1976
60,364,614,1038
192,989,111,1292
911,106,42,1059
291,334,837,1462
576,699,9,1284
940,395,544,1879
697,300,496,1493
422,660,229,1311
239,779,131,1149
500,61,114,675
936,161,826,1923
514,827,751,2092
745,14,76,835
611,575,240,1426
752,291,221,1264
52,428,711,1191
65,276,996,1337
328,279,146,753
47,693,497,1237
978,710,445,2133
483,992,271,1746
356,945,166,1467
179,544,760,1483
103,603,865,1571
99,45,228,372
418,135,686,1239
808,27,862,1697
228,463,724,1415
579,153,410,1142
88,596,96,780
706,195,664,1565
20,773,352,1145
711,765,344,1820
780,166,176,1122
716,996,185,1897
777,213,175,1165
758,290,673,1721
664,118,361,1143
242,209,52,503
919,104,686,1709
292,908,492,1692
268,543,538,1349
895,99,466,1460
886,163,917,1966
21,339,933,1293
917,300,49,1266
426,888,52,1366
600,248,779,1627
768,277,808,1853
740,831,381,1952
330,626,278,1234
689,541,288,1518
396,628,724,1748
301,533,605,1439
935,235,629,1799
478,411,239,1128
669,942,412,2023
115,866,225,1206
741,373,352,1466
546,595,947,2088
929,940,323,2192
836,111,527,1474
225,679,945,1849
332,521,787,1640
689,967,533,2189
719,811,785,2315
158,69,634,861
476,345,912,1733
938,783,627,2348
935,60,202,1197
255,850,670,1775
992,562,32,1586
63,455,303,821
258,736,171,1165
139,381,10,530
328,760,574,1662
467,597,497,1561
284,760,706,1750
715,233,717,1665
560,803,706,2069
530,300,671,1501
329,330,559,1218
604,481,376,1461
880,374,388,1642
905,152,748,1805
533,884,913,2330
886,818,374,2078
667,953,764,2384
813,543,986,2342
888,515,395,1798
395,117,643,1155
693,790,568,2051
684,61,487,1232
562,811,332,1705
800,706,163,1669
351,253,213,817
138,242,603,983
569,943,956,2468
736,94,214,1044
213,673,235,1121
588,303,232,1123
223,355,573,1151
539,481,507,1527
149,158,839,1146
997,719,906,2622
440,414,259,1113
466,510,297,1273
593,181,933,1707
974,524,751,2249
334,203,919,1456
632,668,33,1333
649,702,283,1634
479,411,928,1818
398,755,352,1505
190,400,993,1583
707,999,661,2367
187,817,451,1455
449,743,711,1903
166,149,298,613
313,599,710,1622
936,92,374,1402
247,243,293,783
984,748,871,2603
794,705,538,2037
494,911,712,2117
263,975,774,2012
234,1,961,1196
615,692,573,1880
262,785,780,1827
143,636,523,1302
546,912,642,2100
200,487,494,1181
941,680,701,2322
126,556,541,1223
110,534,506,1150
507,41,91,639
397,333,800,1530
507,287,854,1648
282,377,504,1163
74,930,280,1284
163,166,916,1245
6,757,999,1762
631,176,327,1134
193,530,686,1409
325,30,187,542
583,409,282,1274
252,713,389,1354
618,281,597,1496
747,653,48,1448
820,458,97,1375
726,200,882,1808
364,433,987,1784
528,597,479,1604
339,990,466,1795
306,195,472,973
290,108,981,1379
373,840,143,1356
40,926,433,1399
582,991,698,2271
545,414,195,1154
962,465,648,2075
138,456,857,1451
431,57,876,1364
323,772,302,1397
764,159,438,1361
268,854,668,1790
521,449,0,970
127,154,50,331
586,640,942,2168
856,655,983,2494
81,625,61,767
988,28,256,1272
154,802,269,1225
693,810,119,1622
224,160,847,1231
578,238,717,1533
820,729,369,1918
553,398,782,1733
156,445,398,999
983,56,505,1544
255,149,376,780
480,942,902,2324
634,336,172,1142
502,36,453,991
766,10,985,1761
504,780,245,1529
627,84,131,842
481,119,20,620
155,616,189,960
392,613,395,1400
923,187,262,1372
23,917,619,1559
930,467,262,1659
911,96,962,1969
867,888,343,2098
284,995,738,2017
577,437,864,1878
331,872,476,1679
510,852,176,1538
701,330,137,1168
834,35,478,1347
721,176,569,1466
242,9,504,755
393,611,65,1069
310,384,506,1200
704,972,869,2545
16,39,436,491
717,675,784,2176
525,476,165,1166
142,881,476,1499
825,338,557,1720
484,683,978,2145
100,952,376,1428
568,956,206,1730
623,426,603,1652
843,125,553,1521
990,101,361,1452
228,755,123,1106
639,957,957,2553
822,772,741,2335
443,465,865,1773
839,94,64,997
872,33,743,1648
752,457,389,1598
381,942,759,2082
69,546,671,1286
913,534,820,2267
806,112,122,1040
893,76,366,1335
992,578,587,2157
502,855,373,1730
546,532,94,1172
109,544,18,671
761,333,341,1435
684,393,866,1943
719,888,783,2390
949,120,590,1659
707,598,900,2205
731,533,79,1343
151,512,798,1461
795,88,258,1141
421,665,618,1704
406,148,193,747
757,860,853,2470
137,803,102,1042
585,374,467,1426
303,189,184,676
183,169,735,1087
205,869,679,1753
390,635,490,1515
282,731,140,1153
30,13,19,62
480,845,472,1797
793,777,961,2531
639,299,283,1221
524,470,538,1532
482,718,466,1666
677,115,52,844
529,388,536,1453
870,675,207,1752
839,829,562,2230
111,677,561,1349
503,863,912,2278
699,741,411,1851
667,437,328,1432
387,134,123,644
453,730,457,1640
249,98,786,1133
275,54,839,1168
839,923,770,2532
946,976,291,2213
415,740,920,2075
214,914,682,1810
594,528,729,1851
817,706,699,2222
137,545,924,1606
381,638,167,1186
287,200,621,1108
623,392,968,1983
393,706,444,1543
166,908,433,1507
227,706,848,1781
591,223,198,1012
944,745,279,1968
555,867,940,2362
244,907,922,2073
173,70,349,592
807,874,559,2240
441,846,785,2072
124,570,168,862
844,950,191,1985
599,806,157,1562
304,777,286,1367
142,22,677,841
564,601,397,1562
991,566,820,2377
230,421,23,674
967,485,954,2406
676,492,759,1927
761,152,482,1395
833,148,619,1600
109,511,3,623
117,64,640,821
250,375,212,837
285,984,729,1998
720,483,350,1553
179,844,493,1516
447,819,799,2065
210,473,280,963
360,633,132,1125
291,808,880,1979
486,374,717,1577
133,604,755,1492
915,924,138,1977
871,703,198,1772
609,699,35,1343
398,172,415,985
826,567,390,1783
53,248,706,1007
603,165,880,1648
307,714,264,1285
306,757,569,1632
56,256,778,1090
466,293,911,1670
650,48,779,1477
811,991,970,2772
11,837,981,1829
458,32,225,715
507,441,394,1342
120,420,456,996
207,411,818,1436
946,163,949,2058
581,432,962,1975
767,161,227,1155
976,31,47,1054
399,947,467,1813
469,309,802,1580
3,342,775,1120
569,785,699,2053
636,467,965,2068
849,413,894,2156
175,319,964,1458
0,919,862,1781
813,924,600,2337
122,166,816,1104
416,463,177,1056
570,382,538,1490
457,615,615,1687
937,54,895,1886
367,561,98,1026
601,474,597,1672
318,152,525,995
889,991,909,2789
775,995,7,1777
865,575,132,1572
228,943,826,1997
443,463,276,1182
190,906,638,1734
130,913,723,1766
62,368,641,1071
327,329,867,1523
319,925,196,1440
704,332,378,1414
199,963,29,1191
519,641,348,1508
783,790,234,1807
96,707,308,1111
394,42,673,1109
488,512,791,1791
180,329,907,1416
262,838,923,2023
567,545,290,1402
34,230,346,610
535,187,71,793
430,600,430,1460
524,251,268,1043
366,994,841,2201
870,831,402,2103
715,321,746,1782
175,874,907,1956
132,791,803,1726
468,365,630,1463
46,128,672,846
933,67,96,1096
223,433,541,1197
379,442,825,1646
39,631,196,866
121,183,530,834
477,305,888,1670
181,300,868,1349
23,52,647,722
757,964,572,2293
789,629,789,2207
521,978,718,2217
775,343,614,1732
96,951,261,1308
222,523,202,947
16,895,284,1195
838,791,683,2312
280,542,318,1140
816,175,40,1031
555,186,305,1046
692,627,307,1626
344,325,34,703
549,136,891,1576
713,141,565,1419
514,388,204,1106
141,90,571,802
20,106,457,583
785,38,809,1632
208,65,526,799
267,611,213,1091
813,753,845,2411
252,712,851,1815
925,415,330,1670
516,275,55,846
177,300,358,835
265,531,49,845
375,12,248,635
243,585,99,927
238,180,740,1158
601,587,446,1634
952,359,112,1423
371,250,769,1390
330,588,128,1046
23,471,675,1169
220,931,663,1814
457,721,245,1423
143,996,285,1424
493,898,284,1675
400,181,418,999
226,715,73,1014
5,116,479,600
154,777,168,1099
78,316,436,830
160,328,869,1357
127,719,270,1116
443,50,20,513
545,807,355,1707
527,721,736,1984
155,969,130,1254
380,685,799,1864
476,719,574,1769
395,43,286,724
836,1000,285,2121
257,558,4,819
616,358,235,1209
874,791,680,2345
64,997,719,1780
849,445,945,2239
341,717,144,1202
824,851,978,2653
694,884,253,1831
966,229,168,1363
947,178,971,2096
137,308,253,698
73,666,7,746
311,8,468,787
927,433,236,1596
536,860,415,1811
135,807,353,1295
353,939,480,1772
619,474,289,1382
668,974,426,2068
504,419,69,992
94,76,928,1098
468,390,715,1573
279,565,913,1757
397,601,783,1781
429,460,347,1236
797,83,734,1614
173,939,396,1508
83,602,285,970
68,564,293,925
565,232,441,1238
23,551,691,1265
517,890,425,1832
687,706,565,1958
384,431,518,1333
390,823,521,1734
340,880,205,1425
684,509,693,1886
45,961,145,1151
486,654,914,2054
976,993,150,2119
96,182,828,1106
903,16,20,939
500,679,91,1270
644,306,994,1944
693,236,711,1640
938,860,399,2197
726,393,346,1465
695,524,610,1829
306,608,213,1127
741,517,936,2194
11,647,167,825
724,113,860,1697
115,772,947,1834
292,541,512,1345
307,913,46,1266
104,538,814,1456
67,143,378,588
540,107,660,1307
848,146,141,1135
312,473,621,1406
874,910,542,2326
482,38,594,1114
287,63,561,911
187,818,521,1526
569,128,633,1330
673,394,115,1182
266,699,628,1593
377,590,58,1025
772,142,31,945
532,39,943,1514
62,311,950,1323
168,584,65,817
874,345,353,1572
234,246,323,803
486,446,493,1425
622,404,304,1330
253,429,891,1573
507,99,62,668
530,939,305,1774
883,517,834,2234
49,939,116,1104
731,553,127,1411
598,835,588,2021
833,138,156,1127
876,331,123,1330
856,169,296,1321
224,744,459,1427
341,253,681,1275
376,695,234,1305
527,990,100,1617
155,689,465,1309
808,439,745,1992
800,622,1000,2422
674,47,489,1210
283,464,673,1420
564,113,582,1259
572,942,202,1716
196,574,475,1245
950,962,12,1924
87,626,383,1096
316,954,587,1857
901,697,790,2388
658,402,283,1343
243,696,271,1210
11,349,1000,1360
865,13,891,1769
46,227,692,965
931,469,37,1437
511,337,927,1775
799,140,872,1811
308,339,625,1272
316,987,939,2242
781,342,850,1973
349,580,991,1920
268,677,136,1081
628,850,704,2182
303,43,774,1120
330,495,734,1559
184,797,438,1419
186,116,219,521
356,239,223,818
887,540,908,2335
372,516,803,1691
274,238,788,1300
31,660,129,820
749,741,271,1761
810,827,577,2214
573,419,102,1094
401,288,51,740
201,69,881,1151
718,114,972,1804
848,931,363,2142
663,286,242,1191
33,816,255,1104
903,704,576,2183
459,465,734,1658
189,833,708,1730
235,628,383,1246
659,91,461,1211
20,698,779,1497
751,436,834,2021
381,410,186,977
451,452,117,1020
74,458,87,619
700,58,788,1546
889,245,848,1982
624,8,251,883
9,11,477,497
289,705,699,1693
786,356,56,1198
794,784,589,2167
994,992,453,2439
738,392,30,1160
162,235,609,1006
706,622,376,1704
903,609,227,1739
97,679,151,927
576,872,193,1641
801,83,712,1596
363,615,780,1758
505,990,837,2332
882,991,630,2503
175,430,624,1229
29,121,477,627
442,817,85,1344
214,659,329,1202
774,669,397,1840
349,424,143,916
454,739,803,1996
898,10,978,1886
198,764,163,1125
631,339,982,1952
675,84,95,854
8,651,911,1570
262,145,776,1183
548,455,910,1913
385,36,714,1135
783,447,335,1565
667,643,901,2211
796,1000,51,1847
359,701,662,1722
20,578,17,615
480,516,441,1437
973,552,731,2256
925,912,858,2695
403,243,775,1421
360,165,139,664
213,128,303,644
445,623,635,1703
292,543,693,1528
641,17,14,672
806,55,661,1522
665,897,408,1970
17,711,357,1085
594,545,195,1334
0,32,349,381
172,838,207,1217
597,282,175,1054
790,404,856,2050
805,817,878,2500
394,408,280,1082
224,502,822,1548
79,353,871,1303
577,195,423,1195
266,656,565,1487
731,167,551,1449
396,875,370,1641
433,514,2,949
320,335,628,1283
326,238,798,1362
657,62,452,1171
312,659,199,1170
475,72,273,820
370,218,915,1503
781,416,191,1388
555,747,188,1490
803,371,841,2015
741,728,66,1535
426,442,370,1238
976,940,414,2330
116,278,845,1239
55,359,662,1076
386,9,497,892
401,91,210,702
306,790,539,1635
21,13,888,922
363,377,115,855
173,925,448,1546
199,189,799,1187
728,642,10,1380
865,959,892,2716
349,102,917,1368
399,93,515,1007
41,349,841,1231
220,424,914,1558
265,9,142,416
763,664,231,1658
193,908,180,1281
563,4,92,659
718,893,446,2057
725,669,788,2182
21,254,128,403
277,110,242,629
920,877,137,1934
162,416,30,608
180,436,799,1415
725,228,617,1570
324,792,509,1625
850,128,331,1309
652,267,315,1234
430,79,522,1031
258,932,160,1350
751,296,670,1717
106,218,69,393
466,349,811,1626
579,265,917,1761
689,240,449,1378
549,582,315,1446
223,218,115,556
76,563,524,1163
290,689,521,1500
521,599,742,1862
432,338,602,1372
725,820,797,2342
57,402,594,1053
579,835,261,1675
758,236,969,1963
72,795,271,1138
174,425,443,1042
364,456,455,1275
63,106,545,714
453,772,895,2120
854,384,484,1722
589,902,128,1619
523,290,26,839
150,470,191,811
707,721,738,2166
999,24,257,1280
531,784,621,1936
41,826,218,1085
383,813,643,1839
147,568,703,1418
295,95,450,840
175,760,634,1569
541,864,947,2352
161,648,218,1027
406,800,898,2104
882,74,212,1168
403,45,572,1020
999,513,106,1618
227,928,761,1916
126,68,508,702
661,829,708,2198
36,638,279,953
19,995,368,1382
461,693,316,1470
775,528,434,1737
59,962,526,1547
8,297,635,940
79,901,739,1719
573,947,668,2188
302,548,373,1223
149,333,250,732
955,720,4,1679
471,620,829,1920
503,820,813,2136
748,475,611,1834
493,953,107,1553
9,855,47,911
425,79,255,759
428,302,116,846
219,599,890,1708
638,743,417,1798
70,485,608,1163
283,159,19,461
519,748,707,1974
433,659,840,1932
88,453,627,1168
265,766,940,1971
465,691,403,1559
783,61,960,1804
191,667,788,1646
919,239,987,2145
527,923,280,1730
534,942,861,2337
624,426,967,2017
765,894,645,2304
990,132,524,1646
210,282,802,1294
719,904,301,1924
704,329,37,1070
521,926,320,1767
854,372,985,2211
313,710,889,1912
172,40,68,280
753,879,321,1953
688,608,184,1480
238,970,691,1899
442,625,619,1686
773,562,602,1937
510,778,806,2094
187,504,441,1132
629,568,558,1755
530,568,511,1609
452,986,728,2166
73,272,38,383
808,182,898,1888
735,641,570,1946
24,384,272,680
101,781,150,1032
698,932,30,1660
99,993,460,1552
25,635,199,859
349,219,645,1213
182,785,829,1796
678,128,337,1143
268,520,503,1291
976,813,357,2146
136,953,554,1643
29,116,310,455
544,938,753,2235
993,520,541,2054
230,545,265,1040
30,734,96,860
721,865,832,2418
29,147,516,692
678,240,478,1396
659,913,78,1650
536,622,669,1827
707,321,766,1794
247,660,639,1546
860,424,780,2064
821,721,940,2482
803,298,524,1625
195,181,817,1193
685,171,673,1529
697,375,385,1457
169,389,476,1034
267,961,800,2028
433,984,505,1922
140,12,845,997
562,149,490,1201
82,233,65,380
569,143,902,1614
898,217,114,1229
462,685,461,1608
855,245,996,2096
205,931,254,1390
150,69,869,1088
861,47,820,1728
302,715,235,1252
220,939,816,1975
101,73,348,522
384,181,627,1192
602,450,679,1731
368,941,276,1585
791,777,730,2298
160,903,490,1553
707,302,1000,2009
226,302,445,973
572,514,576,1662
273,385,116,774
331,953,986,2270
600,716,486,1802
455,148,928,1531
754,384,281,1419
220,376,84,680
499,991,918,2408
268,20,988,1276
203,217,743,1163
688,593,957,2238
828,159,240,1227
98,265,200,563
524,495,644,1663
685,853,258,1796
576,835,938,2349
111,11,678,800
82,241,613,936
768,856,979,2603
273,212,348,833
243,604,499,1346
407,38,929,1374
155,760,426,1341
449,674,479,1602
103,978,616,1697
51,625,389,1065
470,548,789,1807
572,298,792,1662
541,375,382,1298
476,897,26,1399
423,932,7,1362
780,726,336,1842
718,336,765,1819
997,216,74,1287
987,133,64,1184
468,706,74,1248
578,783,952,2313
52,789,2,843
599,851,606,2056
532,374,178,1084
541,621,399,1561
877,39,465,1381
756,276,196,1228
434,215,214,863
244,50,9,303
487,246,984,1717
430,443,880,1753
574,424,635,1633
4,463,64,531
497,895,604,1996
924,202,892,2018
902,521,877,2300
598,618,353,1569
354,602,981,1937
413,169,330,912
77,888,854,1819
906,403,341,1650
926,590,534,2050
29,348,805,1182
151,967,758,1876
884,785,99,1768
606,60,119,785
509,219,525,1253
870,265,584,1719
120,60,945,1125
660,924,789,2373
30,941,921,1892
409,270,916,1595
720,533,529,1782
125,100,34,259
717,529,879,2125
915,718,772,2405
813,371,627,1811
449,42,201,692
840,256,539,1635
632,789,671,2092
168,979,960,2107
888,355,538,1781
467,75,571,1113
110,354,321,785
239,549,351,1139
499,484,612,1595
607,193,221,1021
23,882,734,1639
838,546,898,2282
271,187,366,824
933,555,35,1523
695,197,298,1190
254,72,114,440
474,938,560,1972
355,357,312,1024
719,24,583,1326
103,806,369,1278
680,186,272,1138
752,419,220,1391
988,807,995,2790
552,321,69,942
539,563,616,1718
304,913,705,1922
134,341,461,936
184,44,535,763
565,225,298,1088
746,207,678,1631
54,219,160,433
785,50,195,1030
273,930,717,1920
119,736,276,1131
430,61,777,1268
606,508,887,2001
958,428,310,1696
287,593,507,1387
159,553,916,1628
413,470,662,1545
530,910,629,2069
370,252,826,1448
12,65,461,538
403,361,626,1390
574,392,997,1963
915,139,100,1154
541,254,651,1446
376,962,641,1979
814,64,790,1668
910,129,534,1573
786,891,589,2266
993,29,757,1779
9,359,873,1241
492,170,36,698
394,679,916,1989
28,286,793,1107
627,73,722,1422
123,923,359,1405
214,740,744,1698
594,516,121,1231
136,790,678,1604
20,775,91,886
751,136,176,1063
803,832,60,1695
345,17,114,476
759,437,266,1462
430,911,578,1919
724,703,979,2406
614,39,609,1262
454,922,837,2213
797,325,512,1634
66,60,529,655
490,947,200,1637
958,154,680,1792
878,782,764,2424
672,986,927,2585
224,554,984,1762
627,80,761,1468
680,811,643,2134
717,698,882,2297
237,856,351,1444
0,988,799,1787
555,161,837,1553
255,991,65,1311
610,322,977,1909
544,532,56,1132
514,338,766,1618
40,725,735,1500
839,82,267,1188
546,813,606,1965
438,872,926,2236
346,766,696,1808
131,791,467,1389
86,670,145,901
534,7,851,1392
949,313,637,1899
350,833,457,1640
782,400,1000,2182
512,268,43,823
150,412,978,1540
662,29,600,1291
205,516,685,1406
644,147,470,1261
196,986,780,1962
951,133,878,1962
450,406,335,1191
649,911,632,2192
422,152,81,655
408,683,15,1106
682,396,801,1879
769,830,582,2181
933,760,784,2477
706,390,868,1964
475,829,997,2301
261,107,822,1190
771,896,737,2404
230,732,307,1269
856,656,973,2485
970,9,420,1399
605,233,911,1749
669,406,360,1435
562,919,527,2008
86,806,508,1400
590,742,960,2292
862,182,851,1895
549,590,24,1163
916,401,338,1655
755,193,560,1508
420,508,923,1851
843,312,534,1689
140,30,340,510
347,754,494,1595
463,365,352,1180
712,54,662,1428
852,136,851,1839
368,812,937,2117
631,281,854,1766
920,644,227,1791
678,927,582,2187
850,634,770,2254
296,587,456,1339
870,17,977,1864
179,531,383,1093
717,107,451,1275
40,331,485,856
890,142,908,1940
112,576,370,1058
903,445,193,1541
711,886,693,2290
390,260,860,1510
923,331,396,1650
499,85,78,662
97,245,358,700
345,565,200,1110
629,914,609,2152
56,353,661,1070
254,576,820,1650
791,769,222,1782
463,625,9,1097
0,896,214,1110
219,312,536,1067
548,657,143,1348
277,532,321,1130
479,206,164,849
526,413,355,1294
182,484,430,1096
293,43,131,467
477,109,398,984
856,985,914,2755
578,857,617,2052
975,482,702,2159
506,104,553,1163
757,901,443,2101
495,389,174,1058
112,253,779,1144
459,746,574,1779
780,837,913,2530
450,938,416,1804
357,352,491,1200
406,419,808,1633
240,548,52,840
16,994,898,1908
542,49,211,802
33,66,682,781
657,135,445,1237
246,891,164,1301
628,583,471,1682
956,673,806,2435
442,303,441,1186
711,749,885,2345
344,420,310,1074
369,796,919,2084
672,80,680,1432
305,882,873,2060
838,453,67,1358
680,517,463,1660
617,764,778,2159
455,374,32,861
439,288,135,862
767,980,502,2249
762,257,254,1273
194,803,125,1122
630,61,823,1514
90,771,368,1229
127,259,306,692
281,194,716,1191
901,381,78,1360
654,540,160,1354
189,702,954,1845
739,13,253,1005
145,136,428,709
233,339,86,658
115,0,322,437
51,772,851,1674
786,622,811,2219
536,299,637,1472
802,58,861,1721
770,544,531,1845
683,502,372,1557
906,339,506,1751
64,153,836,1053
421,108,87,616
275,553,842,1670
193,291,65,549
485,117,125,727
962,694,825,2481
101,773,985,1859
189,72,321,582
576,2,87,665
760,971,987,2718
339,856,222,1417
40,76,502,618
399,728,780,1907
966,221,256,1443
549,36,842,1427
219,834,846,1899
244,929,622,1795
775,531,233,1539
198,725,157,1080
528,125,857,1510
109,698,879,1686
284,656,98,1038
7,813,877,1697
942,350,203,1495
244,856,611,1711
216,907,567,1690
796,769,155,1720
421,392,934,1747
101,405,649,1155
227,514,684,1425
648,361,390,1399
184,571,967,1722
22,724,892,1638
859,526,857,2242
523,952,982,2457
577,746,818,2141
460,462,320,1242
576,468,659,1703
663,948,229,1840
118,434,651,1203
42,756,505,1303
310,640,697,1647
926,797,246,1969
440,720,70,1230
45,425,308,778
947,450,107,1504
346,194,960,1500
64,469,858,1391
900,767,710,2377
452,141,750,1343
343,193,478,1014
817,498,114,1429
901,675,976,2552
674,638,807,2119
608,833,666,2107
659,187,416,1262
178,421,326,925
218,237,649,1104
503,102,682,1287
508,358,467,1333
299,939,71,1309
535,725,34,1294
83,576,570,1229
529,944,734,2207
529,7,440,976
39,787,976,1802
34,791,191,1016
166,505,625,1296
11,938,349,1298
317,226,827,1370
561,881,627,2069
740,176,162,1078
343,936,31,1310
113,932,56,1101
992,253,579,1824
134,908,861,1903
354,184,886,1424
623,179,163,965
593,632,953,2178
289,607,518,1414
889,846,813,2548
287,352,188,827
128,662,413,1203
173,722,840,1735
13,437,744,1194
585,454,856,1895
12,944,230,1186
180,191,951,1322
142,288,457,887
162,363,797,1322
221,932,956,2109
491,637,896,2024
588,832,621,2041
641,998,886,2525
680,29,229,938
755,610,893,2258
987,918,907,2812
946,834,270,2050
691,745,558,1994
748,336,844,1928
87,104,135,326
364,592,671,1627
408,221,119,748
574,235,589,1398
333,308,205,846
899,236,543,1678
605,776,865,2246
26,949,627,1602
402,203,61,666
6,971,431,1408
304,6,773,1083
75,65,712,852
150,33,831,1014
883,775,791,2449
945,651,438,2034
315,308,701,1324
904,115,497,1516
920,279,29,1228
850,682,477,2009
45,298,943,1286
705,913,200,1818
613,446,640,1699
387,788,516,1691
738,298,120,1156
966,689,451,2106
750,584,738,2072
961,125,910,1996
261,525,931,1717
809,147,634,1590
205,140,352,697
797,413,976,2186
682,751,180,1613
858,893,426,2177
809,121,712,1642
587,490,691,1768
686,107,729,1522
109,205,748,1062
272,695,339,1306
861,279,487,1627
250,924,495,1669
165,317,268,750
909,688,757,2354
2,974,595,1571
227,219,945,1391
270,502,610,1382
27,52,464,543
817,801,842,2460
642,693,130,1465
646,603,127,1376
28,449,400,877
361,573,157,1091
214,378,530,1122
226,970,649,1845
450,579,566,1595
869,296,217,1382
409,192,46,647
473,598,772,1843
238,312,502,1052
753,123,882,1758
607,577,451,1635
720,938,705,2363
849,423,621,1893
511,859,932,2302
274,276,899,1449
203,66,975,1244
757,96,887,1740
361,916,49,1326
303,857,912,2072
232,462,140,834
186,678,442,1306
786,941,322,2049
583,532,19,1134
239,967,294,1500
126,813,747,1686
281,266,772,1319
922,411,439,1772
217,219,407,843
233,318,659,1210
879,636,276,1791
513,371,624,1508
498,759,332,1589
647,487,915,2049
774,849,506,2129
550,78,234,862
839,390,223,1452
241,855,288,1384
760,486,799,2045
87,767,621,1475
991,486,460,1937
914,618,157,1689
650,619,997,2266
101,833,959,1893
607,292,879,1778
27,345,306,678
366,928,736,2030
651,547,518,1716
355,97,786,1238
555,214,470,1239
439,596,571,1606
128,907,498,1533
587,32,824,1443
418,676,678,1772
118,108,920,1146
223,882,170,1275
432,657,544,1633
686,535,392,1613
216,928,819,1963
125,913,213,1251
404,38,781,1223
474,129,331,934
873,749,107,1729
59,312,65,436
106,987,378,1471
447,39,625,1111
583,99,20,702
827,342,957,2126
176,420,202,798
285,931,69,1285
958,144,905,2007
908,912,850,2670
765,471,269,1505
64,397,988,1449
377,231,534,1142
684,151,639,1474
638,547,117,1302
26,447,800,1273
569,702,441,1712
292,170,248,710
770,933,900,2603
325,578,561,1464
24,673,41,738
300,790,883,1973
689,655,634,1978
473,791,898,2162
714,812,912,2438
925,12,928,1865
66,13,38,117
372,98,332,802
890,361,32,1283
763,767,102,1632
555,844,860,2259
826,199,26,1051
988,834,827,2649
121,560,102,783
211,242,318,771
105,500,813,1418
551,392,28,971
782,901,635,2318
594,943,417,1954
400,111,224,735
315,22,444,781
43,800,648,1491
771,55,934,1760
33,75,800,908
610,983,822,2415
865,352,628,1845
553,463,863,1879
901,171,220,1292
239,918,599,1756
846,644,702,2192
505,660,44,1209
503,196,850,1549
956,808,930,2694
68,235,478,781
334,458,604,1396
309,907,678,1894
717,432,371,1520
740,264,885,1889
689,603,297,1589
935,361,403,1699
114,228,554,896
9,129,62,200
229,59,290,578
966,735,107,1808
219,241,358,818
895,265,198,1358
663,886,826,2375
367,269,576,1212
865,550,409,1824
65,497,877,1439
33,709,148,890
661,480,71,1212
140,581,302,1023
316,75,388,779
332,501,657,1490
584,306,255,1145
751,459,215,1425
385,377,237,999
772,5,253,1030
195,630,872,1697
407,635,876,1918
402,33,459,894
779,11,901,1691
885,955,606,2446
288,298,326,912
355,945,677,1977
628,76,772,1476
604,191,782,1577
939,620,909,2468
358,542,932,1832
688,987,585,2260
13,249,536,798
304,404,752,1460
538,780,111,1429
220,652,705,1577
375,152,602,1129
698,756,104,1558
773,701,918,2392
839,245,584,1668
850,280,838,1968
50,680,197,927
516,595,937,2048
345,650,325,1320
548,829,665,2042
47,829,46,922
250,411,869,1530
153,332,680,1165
694,793,252,1739
552,402,724,1678
26,190,737,953
353,546,33,932
406,209,969,1584
46,748,315,1109
342,328,97,767
249,694,785,1728
860,77,45,982
909,297,265,1471
770,428,574,1772
306,19,472,797
429,382,618,1429
871,319,856,2046
985,407,918,2310
301,366,24,691
873,576,392,1841
594,164,589,1347
654,450,129,1233
788,411,79,1278
958,735,663,2356
405,994,261,1660
283,663,364,1310
745,409,283,1437
30,462,138,630
859,697,602,2158
703,392,33,1128
357,553,253,1163
708,168,691,1567
126,474,182,782
273,278,696,1247
607,85,479,1171
778,607,322,1707
316,401,923,1640
76,239,766,1081
499,330,396,1225
653,704,762,2119
449,609,618,1676
840,35,302,1177
150,215,417,782
582,265,305,1152
170,965,732,1867
664,958,51,1673
665,451,790,1906
199,439,43,681
812,672,94,1578
900,803,317,2020
160,285,754,1199
635,256,609,1500
879,231,385,1495
812,706,860,2378
820,541,867,2228
731,543,314,1588
800,224,974,1998
218,413,539,1170
384,423,323,1130
806,876,883,2565
176,352,989,1517
407,961,597,1965
785,262,949,1996
411,80,658,1149
906,163,554,1623
322,987,759,2068
423,508,717,1648
630,471,327,1428
268,604,48,920
373,991,145,1509
395,778,905,2078
533,349,258,1140
873,260,865,1998
56,809,694,1559
846,979,191,2016
513,879,900,2292
383,634,111,1128
187,188,424,799
463,498,329,1290
361,64,952,1377
96,507,949,1552
550,426,181,1157
362,899,17,1278
391,432,999,1822
38,632,693,1363
495,653,864,2012
213,459,935,1607
528,558,247,1333
120,607,429,1156
974,305,250,1529
25,67,738,830
772,248,946,1966
726,67,185,978
561,673,33,1267
878,751,610,2239
797,510,882,2189
944,739,724,2407
707,809,656,2172
721,5,445,1171
34,616,588,1238
414,367,680,1461
778,46,755,1579
12,47,812,871
789,957,18,1764
543,227,914,1684
236,453,265,954
765,296,800,1861
523,932,818,2273
766,270,48,1084
704,895,903,2502
427,927,103,1457
797,79,836,1712
651,407,900,1958
262,275,983,1520
849,307,395,1551
831,6,628,1465
144,402,446,992
153,158,595,906
359,874,589,1822
834,800,55,1689
349,548,906,1803
129,68,20,217
564,466,788,1818
778,642,676,2096
204,753,436,1393
975,957,614,2546
771,210,395,1376
419,880,722,2021
731,903,938,2572
106,618,435,1159
935,112,479,1526
702,746,906,2354
739,674,272,1685
892,349,459,1700
406,116,782,1304
298,217,391,906
485,856,844,2185
947,922,406,2275
272,941,453,1666
508,431,443,1382
168,496,828,1492
604,78,919,1601
383,249,891,1523
546,687,965,2198
596,996,497,2089
135,669,763,1567
341,717,274,1332
21,119,589,729
636,688,461,1785
169,512,139,820
277,809,732,1818
439,75,12,526
819,664,581,2064
449,273,178,900
357,35,352,744
642,511,569,1722
923,362,935,2220
518,692,70,1280
419,304,639,1362
298,661,730,1689
326,346,207,879
431,990,400,1821
591,419,581,1591
937,886,297,2120
322,873,189,1384
258,945,124,1327
487,115,642,1244
114,159,77,350
898,556,26,1480
505,864,351,1720
693,46,990,1729
37,587,289,913
324,47,599,970
248,211,949,1408
621,218,89,928
684,536,970,2190
731,163,129,1023
680,472,436,1588
299,419,581,1299
971,669,132,1772
976,260,674,1910
815,692,919,2426
278,681,914,1873
562,587,129,1278
630,125,671,1426
272,482,137,891
66,862,858,1786
65,869,745,1679
242,230,531,1003
158,97,236,491
839,622,504,1965
500,612,522,1634
87,270,362,719
835,829,88,1752
690,86,985,1761
339,808,448,1595
233,15,813,1061
542,685,872,2099
601,601,251,1453
131,959,729,1819
263,236,445,944
814,928,255,1997
595,347,975,1917
157,14,518,689
413,38,207,658
907,972,634,2513
355,222,452,1029
810,433,927,2170
804,857,119,1780
408,983,622,2013
980,322,239,1541
892,802,257,1951
229,75,342,646
453,550,68,1071
160,499,635,1294
319,648,44,1011
254,997,912,2163
20,745,259,1024
521,245,779,1545
917,458,425,1800
242,648,967,1857
746,604,137,1487
815,534,187,1536
687,41,924,1652
363,111,988,1462
423,654,172,1249
192,199,751,1142
351,92,725,1168
66,752,564,1382
678,125,900,1703
911,494,769,2174
257,318,456,1031
21,521,823,1365
836,766,19,1621
794,140,201,1135
426,286,925,1637
217,355,240,812
118,836,485,1439
365,249,186,800
358,677,57,1092
408,989,916,2313
466,39,677,1182
464,964,820,2248
467,171,211,849
66,352,690,1108
159,21,241,421
875,53,261,1189
67,551,882,1500
428,467,689,1584
642,375,796,1813
426,152,384,962
520,54,361,935
894,139,47,1080
936,208,669,1813
771,247,172,1190
702,164,647,1513
528,137,548,1213
241,588,0,829
178,893,270,1341
655,35,896,1586
461,90,11,562
188,100,50,338
892,583,561,2036
213,283,474,970
31,902,75,1008
795,718,373,1886
581,444,247,1272
946,830,71,1847
4,841,348,1193
248,870,362,1480
895,284,252,1431
914,200,520,1634
384,485,973,1842
163,594,212,969
645,626,439,1710
658,138,231,1027
361,113,761,1235
632,374,897,1903
705,933,519,2157
953,98,44,1095
961,559,333,1853
681,35,405,1121
808,657,687,2152
128,665,384,1177
109,533,100,742
778,1,17,796
243,661,456,1360
285,442,729,1456
701,331,274,1306
662,101,511,1274
272,557,507,1336
536,832,153,1521
489,296,854,1639
11,690,850,1551
603,932,520,2055
578,782,55,1415
629,153,112,894
493,564,554,1611
312,570,732,1614
511,789,549,1849
616,770,330,1716
882,775,742,2399
236,961,933,2130
954,17,287,1258
882,740,64,1686
236,257,515,1008
369,114,616,1099
154,842,966,1962
830,881,217,1928
113,39,141,293
686,796,883,2365
157,487,804,1448
628,370,22,1020
560,227,758,1545
194,605,996,1795
319,470,831,1620
950,117,939,2006
253,474,387,1114
562,188,597,1347
616,734,719,2069
855,877,548,2280
610,859,417,1886
258,996,125,1379
953,676,495,2124
210,774,829,1813
249,143,86,478
369,661,364,1394
475,700,530,1705
209,630,763,1602
614,360,394,1368
231,442,55,728
349,788,95,1232
49,5,702,756
492,57,959,1508
709,515,144,1368
796,299,705,1800
227,296,338,861
897,136,713,1746
343,413,812,1568
248,76,925,1249
842,263,605,1710
593,542,348,1483
41,377,883,1301
439,23,90,552
496,744,886,2126
51,475,470,996
8,973,121,1102
947,741,751,2439
830,243,142,1215
733,544,474,1751
365,383,0,748
160,382,168,710
745,48,820,1613
965,642,210,1817
177,710,509,1396
139,942,251,1332
445,336,619,1400
646,335,513,1494
157,839,186,1182
405,168,116,689
532,477,97,1106
43,949,563,1555
613,953,558,2124
760,324,865,1949
605,833,554,1992
574,543,241,1358
220,976,937,2133
729,848,566,2143
125,835,32,992
110,813,680,1603
145,904,88,1137
122,711,639,1472
743,228,634,1605
17,847,874,1738
256,835,665,1756
306,338,779,1423
291,285,135,711
209,533,606,1348
359,677,600,1636
741,817,566,2124
352,303,834,1489
902,636,183,1721
476,100,286,862
955,989,213,2157
272,968,778,2018
326,430,857,1613
426,833,62,1321
290,152,983,1425
726,262,234,1222
334,624,22,980
771,233,715,1719
733,89,566,1388
103,945,248,1296
13,198,473,684
893,185,582,1660
901,142,487,1530
297,648,734,1679
584,332,703,1619
33,822,50,905
659,8,200,867
181,684,866,1731
478,726,695,1899
141,983,987,2111
910,553,604,2067
978,866,922,2766
564,182,459,1205
407,42,101,550
451,276,664,1391
120,700,866,1686
488,9,599,1096
271,935,534,1740
964,676,160,1800
526,371,493,1390
435,264,772,1471
656,79,460,1195
703,202,825,1730
849,859,511,2219
746,15,41,802
955,413,538,1906
668,134,508,1310
815,20,768,1603
876,917,699,2492
984,581,683,2248
932,308,864,2104
679,749,129,1557
51,58,0,109
451,236,7,694
534,221,512,1267
919,441,977,2337
434,542,588,1564
811,832,213,1856
867,7,889,1763
713,691,424,1828
792,468,322,1582
39,511,626,1176
321,154,41,516
909,486,28,1423
100,674,371,1145
684,980,118,1782
287,882,705,1874
1000,928,317,2245
92,142,100,334
917,864,885,2666
250,897,19,1166
221,336,269,826
709,552,444,1705
193,387,142,722
154,193,893,1240
169,249,518,936
835,917,33,1785
356,21,952,1329
302,420,77,799
277,405,676,1358
724,893,471,2088
571,562,706,1839
550,589,585,1724
546,921,110,1577
556,468,0,1024
52,211,157,420
367,30,944,1341
833,748,375,1956
606,649,276,1531
33,45,50,128
173,453,982,1608
107,492,388,987
611,405,523,1539
252,466,730,1448
183,993,755,1931
779,102,283,1164
968,824,376,2168
834,785,201,1820
232,356,659,1247
764,116,771,1651
222,189,113,524
851,416,292,1559
56,486,261,803
525,117,313,955
467,668,164,1299
740,806,465,2011
468,933,868,2269
808,444,437,1689
340,366,161,867
817,496,453,1766
639,104,898,1641
199,705,821,1725
474,625,836,1935
158,949,884,1991
294,313,286,893
521,619,463,1603
684,475,570,1729
441,256,453,1150
517,269,771,1557
186,586,249,1021
869,465,45,1379
668,8,142,818
882,857,918,2657
684,416,340,1440
690,212,707,1609
664,478,910,2052
184,271,423,878
691,847,439,1977
691,50,341,1082
390,99,403,892
847,47,207,1101
881,354,639,1874
158,535,323,1016
449,27,810,1286
432,443,475,1350
990,125,748,1863
9,812,58,879
339,9,146,494
754,505,642,1901
582,48,912,1542
308,723,958,1989
539,98,363,1000
599,324,22,945
242,336,618,1196
994,82,540,1616
360,854,578,1792
822,534,564,1920
800,700,691,2191
729,842,653,2224
535,745,390,1670
431,549,4,984
44,93,555,692
782,542,561,1885
88,270,654,1012
563,935,294,1792
35,422,647,1104
854,748,725,2327
84,135,3,222
287,414,247,948
404,913,473,1790
108,649,786,1543
315,692,116,1123
187,242,126,555
287,903,863,2053
649,726,748,2123
816,704,676,2196
689,605,635,1929
557,18,62,637
251,666,372,1289
568,589,42,1199
564,336,143,1043
111,342,99,552
331,355,291,977
289,713,268,1270
864,100,301,1265
882,634,725,2241
336,300,103,739
972,50,662,1684
149,592,95,836
431,238,850,1519
344,436,418,1198
991,160,558,1709
977,465,685,2127
989,128,510,1627
690,514,674,1878
446,678,143,1267
321,68,299,688
601,742,701,2044
545,838,782,2165
444,711,646,1801
183,359,697,1239
706,973,697,2376
390,599,576,1565
319,298,724,1341
438,611,35,1084
986,224,304,1514
523,810,709,2042
904,583,350,1837
82,279,63,424
717,168,670,1555
169,994,339,1502
786,442,441,1669
930,39,484,1453
297,277,708,1282
1,722,373,1096
582,569,88,1239
356,115,0,471
909,73,754,1736
940,2,55,997
366,414,964,1744
47,266,431,744
68,768,574,1410
102,209,511,822
122,743,53,918
998,822,619,2439
379,565,917,1861
738,564,965,2267
246,749,0,995
523,82,199,804
116,525,156,797
53,274,421,748
56,689,232,977
704,398,464,1566
475,893,25,1393
471,187,167,825
254,721,282,1257
397,562,437,1396
634,108,981,1723
498,564,889,1951
399,821,616,1836
707,896,958,2561
246,356,419,1021
24,987,753,1764
394,331,482,1207
358,759,276,1393
445,567,323,1335
847,980,250,2077
895,21,421,1337
206,460,848,1514
98,251,818,1167
33,603,502,1138
657,378,533,1568
8,219,499,726
41,892,706,1639
514,255,743,1512
49,588,872,1509
301,843,654,1798
397,232,474,1103
322,136,212,670
138,212,641,991
676,979,213,1868
856,728,763,2347
934,3,870,1807
361,582,708,1651
762,924,4,1690
676,659,188,1523
754,749,143,1646
913,140,4,1057
859,214,73,1146
407,738,850,1995
287,995,349,1631
763,25,562,1350
429,571,769,1769
895,17,830,1742
856,748,787,2391
72,839,595,1506
327,291,126,744
628,781,62,1471
274,383,329,986
75,646,671,1392
741,345,706,1792
211,285,206,702
947,118,261,1326
976,309,536,1821
194,564,233,991
224,320,226,770
333,118,611,1062
757,634,18,1409
664,119,873,1656
977,508,489,1974
548,681,397,1626
23,176,953,1152
630,742,86,1458
209,71,88,368
196,926,287,1409
522,12,151,685
264,293,837,1394
35,622,830,1487
119,349,892,1360
226,966,152,1344
374,108,306,788
409,731,945,2085
933,0,704,1637
558,33,272,863
427,806,149,1382
748,638,833,2219
815,606,291,1712
485,741,674,1900
780,730,438,1948
374,748,627,1749
392,303,679,1374
29,358,681,1068
271,314,853,1438
261,941,151,1353
1000,830,345,2175
989,80,784,1853
92,48,377,517
515,903,988,2406
453,534,801,1788
344,625,714,1683
279,833,962,2074
480,118,120,718
622,85,669,1376
269,123,234,626
209,989,399,1597
331,16,83,430
412,217,656,1285
677,621,128,1426
974,359,389,1722
416,7,20,443
828,8,964,1800
317,6,794,1117
427,110,872,1409
699,883,978,2560
887,734,278,1899
785,115,693,1593
290,307,466,1063
129,479,98,706
792,717,902,2411
50,525,603,1178
446,390,971,1807
433,769,967,2169
307,805,510,1622
914,397,246,1557
705,640,247,1592
364,200,794,1358
133,809,823,1765
788,438,677,1903
230,778,562,1570
962,879,702,2543
25,863,169,1057
455,223,309,987
667,383,67,1117
254,214,152,620
373,467,120,960
444,204,147,795
976,141,503,1620
368,922,377,1667
695,927,671,2293
427,480,811,1718
748,394,278,1420
151,948,871,1970
903,342,953,2198
136,211,442,789
518,798,89,1405
361,71,642,1074
68,421,589,1078
232,779,410,1421
464,123,336,923
179,778,850,1807
130,289,633,1052
900,570,580,2050
915,178,552,1645
906,408,467,1781
978,732,921,2631
854,654,863,2371
10,917,233,1160
365,991,880,2236
680,851,697,2228
909,675,795,2379
59,21,355,435
646,777,336,1759
276,153,378,807
430,277,203,910
858,694,898,2450
942,605,748,2295
954,870,234,2058
49,63,202,314
745,912,446,2103
916,242,645,1803
643,536,279,1458
43,66,335,444
722,392,226,1340
474,116,721,1311
326,973,514,1813
747,427,570,1744
48,910,406,1364
9,138,167,314
641,816,984,2441
401,983,219,1603
200,226,262,688
746,163,731,1640
220,696,560,1476
223,423,904,1550
546,682,896,2124
101,736,465,1302
130,725,36,891
470,173,322,965
700,401,334,1435
660,339,364,1363
211,198,690,1099
619,810,512,1941
675,430,160,1265
796,247,662,1705
198,673,1,872
272,147,973,1392
79,481,369,929
288,726,644,1658
253,312,959,1524
488,677,703,1868
442,397,311,1150
613,724,567,1904
785,119,903,1807
657,603,251,1511
287,561,471,1319
903,454,627,1984
785,492,73,1350
988,669,229,1886
272,909,486,1667
309,948,723,1980
390,509,695,1594
286,213,873,1372
527,307,529,1363
881,898,618,2397
288,466,987,1741
598,669,222,1489
835,761,201,1797
208,695,205,1108
609,391,357,1357
923,431,108,1462
797,562,9,1368
73,575,388,1036
217,373,162,752
325,247,180,752
523,742,377,1642
472,89,776,1337
176,324,596,1096
725,662,927,2314
79,615,370,1064
429,367,543,1339
76,74,621,771
669,680,384,1733
975,984,197,2156
107,86,430,623
290,224,808,1322
268,177,14,459
118,913,345,1376
32,778,793,1603
910,703,37,1650
24,793,587,1404
631,624,160,1415
335,927,916,2178
627,316,46,989
211,968,847,2026
91,864,257,1212
616,477,1000,2093
510,124,592,1226
80,482,914,1476
696,694,767,2157
0,401,725,1126
779,548,949,2276
105,584,76,765
516,105,154,775
736,89,993,1818
679,308,927,1914
628,462,297,1387
693,484,580,1757
445,71,55,571
214,320,103,637
462,175,720,1357
631,258,568,1457
732,555,575,1862
279,590,627,1496
172,77,558,807
635,437,646,1718
153,179,868,1200
864,710,690,2264
526,640,757,1923
4,52,425,481
353,474,143,970
870,697,609,2176
388,825,569,1782
39,912,589,1540
768,547,373,1688
902,870,21,1793
539,19,666,1224
434,782,207,1423
910,755,252,1917
875,983,768,2626
579,656,641,1876
728,654,286,1668
496,30,433,959
7,266,187,460
831,102,657,1590
213,755,308,1276
879,47,911,1837
940,128,875,1943
590,39,139,768
461,497,536,1494
578,847,232,1657
994,137,132,1263
560,955,12,1527
405,597,368,1370
75,374,318,767
201,893,163,1257
839,87,426,1352
768,789,4,1561
128,366,504,998
43,655,280,978
540,598,103,1241
728,315,894,1937
381,484,192,1057
501,33,294,828
892,486,508,1886
201,612,189,1002
711,65,465,1241
900,827,585,2312
438,986,887,2311
885,352,560,1797
801,759,980,2540
831,888,986,2705
809,927,35,1771
881,758,370,2009
244,330,832,1406
746,140,334,1220
169,326,152,647
109,184,310,603
628,716,516,1860
689,47,702,1438
839,219,807,1865
736,317,549,1602
939,921,126,1986
954,641,889,2484
121,857,90,1068
560,89,916,1565
637,698,182,1517
816,343,768,1927
443,676,544,1663
144,280,630,1054
522,783,443,1748
974,73,140,1187
217,804,77,1098
902,325,670,1897
786,139,385,1310
558,269,223,1050
227,401,770,1398
390,261,928,1579
108,913,707,1728
647,77,807,1531
456,892,58,1406
760,771,173,1704
927,350,199,1476
477,233,587,1297
630,191,321,1142
1000,836,303,2139
461,766,490,1717
263,727,538,1528
270,892,485,1647
228,706,667,1601
393,923,440,1756
546,542,84,1172
642,12,268,922
981,313,231,1525
223,3,961,1187
628,368,424,1420
70,544,720,1334
292,755,802,1849
938,187,669,1794
627,465,642,1734
999,43,57,1099
29,153,100,282
958,338,715,2011
820,165,41,1026
402,70,567,1039
76,492,341,909
443,898,712,2053
825,738,112,1675
352,931,832,2115
646,562,483,1691
904,589,26,1519
232,657,873,1762
832,827,535,2194
691,243,136,1070
390,592,527,1509
340,910,47,1297
814,205,954,1973
379,779,39,1197
148,918,934,2000
129,151,54,334
345,617,904,1866
991,275,988,2254
510,380,681,1571
417,937,284,1638
526,123,112,761
403,394,881,1678
58,456,997,1511
418,840,858,2116
48,322,264,634
610,179,261,1050
946,170,118,1234
276,36,829,1141
331,424,528,1283
254,118,563,935
560,971,369,1900
476,81,514,1071
627,145,333,1105
931,935,393,2259
25,420,301,746
622,450,206,1278
308,896,799,2003
549,366,603,1518
84,983,873,1940
194,269,772,1235
786,249,16,1051
124,830,211,1165
407,950,222,1579
942,542,609,2093
258,273,84,615
310,891,697,1898
850,621,491,1962
577,919,591,2087
841,733,634,2208
945,819,415,2179
667,775,932,2374
613,103,435,1151
909,950,7,1866
145,973,567,1685
880,612,192,1684
442,22,127,591
923,959,557,2439
186,79,80,345
364,72,257,693
603,799,885,2287
631,945,12,1588
207,765,783,1755
871,24,378,1273
311,130,283,724
20,916,5,941
420,61,602,1083
510,42,677,1229
263,550,942,1755
895,663,95,1653
943,239,298,1480
283,991,15,1289
580,933,724,2237
719,326,860,1905
615,251,640,1506
699,63,466,1228
351,88,244,683
47,184,157,388
468,873,81,1422
287,230,821,1338
330,953,246,1529
811,418,843,2072
314,956,285,1555
221,607,122,950
706,130,108,944
35,712,74,821
974,715,957,2646
102,619,883,1604
400,583,833,1816
305,439,61,805
191,451,655,1297
460,826,640,1926
364,754,309,1427
464,837,246,1547
903,391,456,1750
842,311,340,1493
9,160,673,842
854,655,511,2020
889,904,100,1893
939,308,142,1389
438,163,537,1138
527,937,367,1831
770,553,407,1730
333,651,893,1877
380,461,496,1337
146,928,129,1203
408,889,69,1366
259,13,31,303
798,29,159,986
94,372,803,1269
484,617,445,1546
573,777,324,1674
268,922,157,1347
597,624,123,1344
509,574,394,1477
74,521,378,973
338,684,150,1172
257,114,136,507
644,365,494,1503
887,929,344,2160
675,595,561,1831
371,655,458,1484
25,317,895,1237
803,94,8,905
756,410,714,1880
413,946,868,2227
788,82,452,1322
181,937,263,1381
601,793,493,1887
222,793,70,1085
768,689,994,2451
673,531,495,1699
569,270,382,1221
24,662,570,1256
277,988,721,1986
314,616,381,1311
571,74,321,966
414,553,941,1908
356,131,92,579
890,414,315,1619
10,674,588,1272
280,323,139,742
301,841,970,2112
44,61,860,965
389,486,621,1496
156,205,319,680
606,66,381,1053
394,688,451,1533
455,275,446,1176
887,760,726,2373
614,650,692,1956
386,635,673,1694
474,782,24,1280
26,232,583,841
888,828,691,2407
721,889,756,2366
835,382,358,1575
119,371,239,729
48,609,453,1110
825,17,552,1394
613,435,668,1716
34,796,532,1362
305,403,171,879
269,354,142,765
86,335,268,689
871,99,787,1757
107,89,293,489
338,772,566,1676
63,209,15,287
0,549,722,1271
187,234,642,1063
169,754,485,1408
533,844,485,1862
349,295,992,1636
658,738,537,1933
69,249,238,556
537,149,455,1141
75,213,731,1019
76,980,830,1886
238,116,285,639
195,986,983,2164
147,473,678,1298
547,862,453,1862
593,707,750,2050
813,112,954,1879
104,821,376,1301
572,508,640,1720
910,953,816,2679
180,701,537,1418
218,545,373,1136
915,757,483,2155
670,624,784,2078
538,328,278,1144
445,616,569,1630
79,460,297,836
991,620,645,2256
178,732,619,1529
41,771,260,1072
396,778,626,1800
953,268,362,1583
255,432,1,688
843,828,551,2222
647,211,553,1411
423,286,27,736
777,583,393,1753
783,588,221,1592
11,544,406,961
127,746,325,1198
977,239,136,1352
953,283,584,1820
440,140,404,984
885,212,965,2062
833,254,866,1953
77,226,917,1220
771,340,743,1854
33,93,587,713
100,636,409,1145
386,113,287,786
269,99,626,994
479,370,193,1042
376,599,358,1333
505,879,784,2168
818,614,754,2186
490,656,872,2018
123,854,354,1331
987,122,505,1614
612,598,145,1355
829,425,351,1605
604,361,31,996
769,259,612,1640
961,197,183,1341
486,722,952,2160
954,845,603,2402
449,903,822,2174
179,141,973,1293
529,270,936,1735
277,209,142,628
635,957,145,1737
584,38,618,1240
892,698,969,2559
419,778,994,2191
654,876,84,1614
297,14,518,829
163,158,945,1266
927,661,713,2301
870,249,978,2097
794,840,164,1798
529,301,41,871
81,852,96,1029
977,582,959,2518
820,232,227,1279
35,341,284,660
40,448,432,920
912,17,509,1438
831,982,913,2726
345,162,982,1489
999,566,808,2373
41,816,648,1505
58,196,859,1113
951,797,267,2015
501,267,343,1111
504,357,356,1217
389,346,204,939
576,834,408,1818
69,32,345,446
681,886,502,2069
70,590,283,943
677,828,559,2064
24,193,325,542
75,878,962,1915
980,463,527,1970
301,708,705,1714
389,542,5,936
910,722,815,2447
676,11,699,1386
430,768,705,1903
765,394,638,1797
118,766,671,1555
44,805,908,1757
369,242,207,818
200,617,803,1620
197,775,509,1481
440,231,241,912
375,611,29,1015
529,709,940,2178
153,475,701,1329
880,513,623,2016
885,666,274,1825
169,29,221,419
486,389,786,1661
17,195,64,276
396,68,435,899
607,703,756,2066
902,858,589,2349
550,187,663,1400
656,466,287,1409
75,678,535,1288
923,261,255,1439
829,469,834,2132
990,3,559,1552
216,532,985,1733
534,112,55,701
165,570,55,790
61,154,822,1037
404,391,915,1710
831,37,382,1250
698,698,385,1781
838,494,622,1954
469,405,875,1749
985,997,930,2912
167,847,678,1692
493,719,58,1270
663,55,617,1335
352,304,536,1192
626,760,728,2114
154,155,59,368
602,106,290,998
755,921,558,2234
370,716,497,1583
240,306,651,1197
285,786,245,1316
792,12,35,839
346,379,351,1076
187,114,116,417
496,500,836,1832
77,773,335,1185
76,180,203,459
448,619,25,1092
209,695,475,1379
47,807,179,1033
820,715,407,1942
442,362,717,1521
509,469,330,1308
87,429,308,824
329,590,34,953
759,816,560,2135
345,684,377,1406
264,720,269,1253
527,49,915,1491
40,985,334,1359
484,109,1,594
752,861,762,2375
583,633,782,1998
988,237,901,2126
69,829,39,937
250,298,4,552
195,237,606,1038
962,524,593,2079
805,366,905,2076
312,985,238,1535
767,608,422,1797
309,438,589,1336
507,377,178,1062
154,291,983,1428
905,407,39,1351
240,46,525,811
943,176,56,1175
685,879,130,1694
655,219,413,1287
222,167,710,1099
770,962,938,2670
683,794,628,2105
603,989,985,2577
58,316,830,1204
9,951,288,1248
408,910,331,1649
788,263,859,1910
327,24,986,1337
872,245,64,1181
34,434,377,845
982,927,854,2763
652,467,545,1664
169,557,632,1358
995,852,259,2106
630,826,941,2397
55,8,357,420
910,65,190,1165
594,595,93,1282
637,371,336,1344
715,619,192,1526
245,320,6,571
825,625,751,2201
325,65,985,1375
938,776,406,2120
302,894,371,1567
190,594,414,1198
487,35,850,1372
780,692,743,2215
202,813,312,1327
536,414,455,1405
877,992,900,2769
928,662,987,2577
391,54,488,933
234,336,932,1502
184,323,166,673
829,560,119,1508
616,65,183,864
804,376,948,2128
52,653,164,869
39,116,53,208
320,407,788,1515
931,778,756,2465
512,597,726,1835
708,795,102,1605
378,853,333,1564
500,439,130,1069
597,927,157,1681
699,971,325,1995
557,379,700,1636
345,162,651,1158
34,778,960,1772
591,771,183,1545
18,758,784,1560
426,673,10,1109
596,257,953,1806
919,107,612,1638
975,457,985,2417
571,818,854,2243
67,123,148,338
691,559,887,2137
506,863,532,1901
22,790,817,1629
599,795,389,1783
230,964,411,1605
655,473,149,1277
716,857,697,2270
914,524,167,1605
374,814,490,1678
1000,561,940,2501
746,501,435,1682
46,152,700,898
816,162,947,1925
204,46,176,426
327,256,236,819
383,979,608,1970
556,245,204,1005
517,22,897,1436
979,653,704,2336
305,904,740,1949
676,835,524,2035
94,89,75,258
877,819,130,1826
100,544,564,1208
692,94,333,1119
799,556,468,1823
937,451,700,2088
571,80,993,1644
678,736,908,2322
451,547,128,1126
723,13,534,1270
378,75,782,1235
443,5,979,1427
944,520,868,2332
458,520,224,1202
825,270,123,1218
390,166,438,994
883,761,635,2279
733,775,791,2299
900,977,429,2306
853,339,120,1312
73,558,622,1253
928,674,141,1743
685,554,15,1254
586,963,19,1568
886,550,29,1465
408,709,330,1447
321,473,847,1641
414,770,756,1940
148,590,820,1558
241,599,447,1287
41,813,568,1422
514,199,860,1573
403,989,428,1820
3,204,468,675
675,973,299,1947
352,582,911,1845
137,796,143,1076
663,854,401,1918
57,30,146,233
461,816,305,1582
215,513,870,1598
45,84,124,253
64,625,110,799
777,663,604,2044
892,617,270,1779
408,995,260,1663
364,648,815,1827
639,123,490,1252
164,349,681,1194
417,715,901,2033
328,184,996,1508
410,243,202,855
546,397,528,1471
264,324,59,647
979,546,355,1880
998,559,429,1986
162,886,35,1083
669,921,335,1925
598,175,505,1278
116,298,9,423
464,431,437,1332
745,776,24,1545
433,641,202,1276
205,88,293,586
286,637,428,1351
97,915,272,1284
766,200,816,1782
194,706,629,1529
913,736,771,2420
306,605,72,983
836,300,992,2128
617,886,879,2382
627,505,528,1660
612,650,123,1385
247,879,978,2104
751,782,116,1649
563,18,643,1224
288,877,220,1385
579,590,582,1751
550,821,171,1542
570,96,665,1331
646,600,124,1370
51,777,663,1491
581,873,97,1551
420,919,695,2034
406,954,616,1976
881,858,447,2186
464,160,390,1014
40,220,768,1028
472,531,944,1947
114,13,873,1000
212,623,608,1443
178,496,258,932
749,151,571,1471
117,622,37,776
623,340,787,1750
189,745,48,982
47,782,440,1269
511,565,406,1482
95,145,623,863
488,602,95,1185
253,137,428,818
121,775,829,1725
614,859,989,2462
956,409,449,1814
589,762,924,2275
469,802,956,2227
169,240,162,571
4,443,879,1326
630,613,533,1776
426,832,897,2155
461,633,18,1112
126,705,883,1714
611,541,911,2063
498,801,29,1328
907,62,442,1411
726,75,550,1351
809,945,710,2464
921,34,315,1270
509,671,400,1580
654,139,605,1398
496,610,917,2023
906,321,611,1838
468,72,565,1105
715,221,647,1583
521,694,531,1746
879,980,101,1960
256,19,87,362
819,404,589,1812
661,667,451,1779
172,372,958,1502
79,761,116,956
452,399,310,1161
731,508,655,1894
311,71,63,445
663,749,642,2054
547,342,135,1024
490,430,122,1042
382,410,781,1573
259,180,475,914
298,86,207,591
846,467,828,2141
579,193,686,1458
899,517,158,1574
807,216,109,1132
120,284,84,488
363,319,757,1439
868,600,336,1804
917,866,411,2194
47,504,493,1044
746,179,852,1777
0,949,788,1737
330,75,920,1325
746,344,189,1279
717,974,164,1855
804,185,213,1202
214,331,18,563
685,48,831,1564
575,395,137,1107
313,329,883,1525
171,479,806,1456
592,688,635,1915
221,750,661,1632
998,728,347,2073
765,725,984,2474
669,556,432,1657
903,958,67,1928
244,549,376,1169
86,754,927,1767
907,101,394,1402
466,469,443,1378
606,197,855,1658
819,198,132,1149
524,28,453,1005
587,940,621,2148
325,584,361,1270
225,991,764,1980
546,439,284,1269
285,933,117,1335
944,258,208,1410
397,965,627,1989
229,31,921,1181
165,681,997,1843
306,351,889,1546
846,203,686,1735
290,423,857,1570
549,954,588,2091
131,942,230,1303
657,130,884,1671
874,929,931,2734
77,515,238,830
438,795,33,1266
621,815,874,2310
157,140,911,1208
628,331,271,1230
156,58,432,646
91,516,631,1238
735,225,824,1784
749,590,583,1922
141,363,64,568
57,308,74,439
422,52,624,1098
359,183,255,797
433,47,207,687
760,117,751,1628
435,184,961,1580
129,407,451,987
612,125,683,1420
457,18,377,852
112,361,445,918
55,239,944,1238
513,251,579,1343
817,321,468,1606
604,782,183,1569
356,108,628,1092
42,954,728,1724
401,534,839,1774
612,299,219,1130
437,268,35,740
858,860,991,2709
318,60,48,426
922,173,72,1167
520,575,152,1247
399,712,566,1677
672,207,314,1193
13,45,74,132
455,815,771,2041
643,777,944,2364
400,689,49,1138
172,400,383,955
678,551,319,1548
654,261,267,1182
663,908,195,1766
701,335,791,1827
347,450,200,997
919,535,117,1571
736,222,870,1828
162,207,704,1073
222,764,933,1919
731,761,365,1857
715,471,533,1719
313,753,509,1575
504,582,47,1133
261,902,392,1555
470,411,450,1331
337,753,935,2025
495,52,602,1149
150,341,895,1386
379,481,532,1392
852,834,502,2188
343,22,848,1213
841,822,859,2522
888,316,941,2145
175,846,639,1660
415,426,240,1081
916,747,423,2086
433,39,439,911
317,207,8,532
220,807,553,1580
213,364,69,646
607,139,709,1455
810,136,743,1689
956,518,855,2329
380,558,384,1322
309,880,356,1545
124,42,246,412
912,560,374,1846
992,848,25,1865
585,884,202,1671
925,574,430,1929
567,341,126,1034
367,369,496,1232
510,793,134,1437
672,775,387,1834
721,863,36,1620
750,620,350,1720
631,333,397,1361
547,743,818,2108
320,151,969,1440
38,668,281,987
871,482,357,1710
461,174,687,1322
649,832,136,1617
682,589,9,1280
510,46,723,1279
583,980,361,1924
659,554,949,2162
151,423,140,714
433,992,432,1857
335,327,442,1104
288,672,888,1848
460,773,94,1327
76,145,999,1220
981,761,119,1861
444,174,970,1588
407,124,638,1169
840,510,609,1959
545,413,348,1306
978,382,54,1414
437,162,875,1474
331,771,582,1684
26,49,541,616
443,212,999,1654
249,700,541,1490
632,654,237,1523
882,525,825,2232
451,523,723,1697
455,938,597,1990
740,280,424,1444
705,282,299,1286
706,367,555,1628
221,146,703,1070
396,484,156,1036
253,289,225,767
195,803,86,1084
199,752,709,1660
578,775,99,1452
717,690,121,1528
479,591,471,1541
616,503,978,2097
579,943,69,1591
334,602,19,955
385,485,340,1210
657,691,544,1892
197,369,479,1045
51,287,258,596
603,855,914,2372
934,224,360,1518
605,81,252,938
108,440,26,574
979,851,175,2005
248,26,777,1051
33,678,572,1283
785,161,861,1807
698,351,888,1937
306,906,37,1249
808,299,368,1475
216,17,883,1116
372,569,164,1105
988,239,33,1260
774,486,335,1595
587,340,464,1391
541,794,535,1870
21,609,693,1323
119,259,370,748
558,330,809,1697
338,487,431,1256
772,199,417,1388
560,128,570,1258
274,682,421,1377
368,724,870,1962
432,819,963,2214
344,742,268,1354
642,493,755,1890
832,686,92,1610
383,777,118,1278
20,453,548,1021
740,67,565,1372
507,530,913,1950
674,718,800,2192
210,255,646,1111
953,524,912,2389
211,629,666,1506
495,218,327,1040
92,787,763,1642
425,233,32,690
151,817,917,1885
841,834,634,2309
528,340,843,1711
506,843,409,1758
373,412,594,1379
828,611,816,2255
729,752,437,1918
222,303,772,1297
63,33,404,500
74,103,388,565
267,289,483,1039
27,603,983,1613
803,483,355,1641
641,530,178,1349
36,396,356,788
148,903,426,1477
598,308,67,973
457,748,393,1598
485,669,6,1160
174,10,565,749
392,407,64,863
593,342,92,1027
707,252,495,1454
798,530,330,1658
958,985,228,2171
651,854,636,2141
606,985,197,1788
597,12,195,804
273,53,983,1309
211,471,423,1105
16,483,970,1469
23,8,494,525
598,998,719,2315
427,435,661,1523
946,490,737,2173
305,323,347,975
754,213,470,1437
277,311,248,836
886,220,411,1517
32,117,957,1106
821,377,75,1273
346,823,816,1985
524,419,3,946
821,62,103,986
639,986,153,1778
571,195,99,865
23,993,148,1164
16,735,255,1006
551,350,373,1274
823,118,686,1627
8,672,266,946
65,872,56,993
182,79,295,556
826,8,566,1400
867,41,434,1342
667,547,758,1972
600,990,706,2296
423,283,821,1527
665,566,453,1684
706,911,606,2223
0,912,19,931
579,831,288,1698
179,53,432,664
453,740,58,1251
486,441,273,1200
552,206,708,1466
973,767,507,2247
798,774,137,1709
166,469,737,1372
215,518,234,967
973,55,247,1275
957,575,539,2071
902,267,878,2047
227,365,636,1228
661,594,371,1626
547,450,726,1723
371,774,341,1486
412,825,600,1837
632,936,567,2135
576,181,750,1507
665,510,109,1284
577,640,182,1399
185,729,476,1390
534,869,141,1544
640,176,475,1291
476,38,418,932
861,254,497,1612
664,368,8,1040
318,693,511,1522
944,300,995,2239
398,900,946,2244
420,562,766,1748
678,58,424,1160
207,635,35,877
831,288,746,1865
470,120,530,1120
377,345,547,1269
784,1000,632,2416
15,471,661,1147
55,287,916,1258
880,44,510,1434
533,15,109,657
21,172,317,510
416,403,499,1318
339,531,285,1155
529,665,525,1719
276,180,398,854
376,709,799,1884
450,835,334,1619
704,72,8,784
431,553,818,1802
910,394,41,1345
935,458,220,1613
468,109,355,932
356,743,749,1848
862,929,964,2755
45,294,414,753
860,999,998,2857
311,690,511,1512
922,895,681,2498
45,817,310,1172
81,682,864,1627
481,556,646,1683
325,450,556,1331
980,46,637,1663
578,11,742,1331
889,917,203,2009
781,929,640,2350
427,916,823,2166
65,306,991,1362
861,498,815,2174
530,446,143,1119
871,813,241,1925
93,146,208,447
194,288,3,485
999,385,741,2125
525,631,744,1900
362,985,73,1420
556,408,770,1734
521,448,140,1109
35,659,258,952
679,858,969,2506
366,183,280,829
101,886,52,1039
656,775,49,1480
763,725,571,2059
619,153,48,820
319,330,232,881
263,847,19,1129
464,130,918,1512
532,508,46,1086
933,135,662,1730
455,352,304,1111
245,501,795,1541
437,366,760,1563
720,989,682,2391
600,967,966,2533
479,197,476,1152
469,452,882,1803
988,168,693,1849
136,334,91,561
714,955,264,1933
768,160,63,991
929,902,291,2122
226,393,132,751
782,581,24,1387
90,503,671,1264
84,377,989,1450
17,295,617,929
504,139,120,763
697,722,656,2075
954,595,135,1684
443,827,853,2123
727,881,56,1664
817,727,65,1609
499,500,633,1632
643,881,210,1734
115,691,565,1371
432,184,997,1613
930,818,307,2055
77,413,700,1190
799,256,766,1821
394,107,228,729
282,186,197,665
235,983,921,2139
534,103,474,1111
57,169,63,289
762,655,308,1725
367,609,699,1675
233,71,881,1185
36,824,219,1079
608,1000,105,1713
319,880,617,1816
348,465,628,1441
334,655,418,1407
553,887,430,1870
392,434,913,1739
432,519,227,1178
508,84,118,710
569,8,974,1551
261,550,273,1084
827,985,665,2477
980,453,601,2034
307,603,462,1372
994,754,241,1989
44,674,276,994
403,248,290,941
533,897,380,1810
139,666,602,1407
409,892,532,1833
370,16,657,1043
123,324,407,854
910,83,108,1101
964,140,247,1351
293,397,69,759
652,856,603,2111
528,932,907,2367
465,311,449,1225
831,846,484,2161
650,733,255,1638
504,927,896,2327
407,500,263,1170
657,114,77,848
91,549,204,844
852,742,839,2433
360,145,205,710
243,148,253,644
287,721,952,1960
618,219,552,1389
261,131,668,1060
860,416,801,2077
580,651,725,1956
404,138,106,648
543,232,515,1290
383,918,884,2185
536,59,258,853
593,807,540,1940
829,425,212,1466
983,270,350,1603
35,245,42,322
216,262,11,489
521,593,670,1784
771,789,83,1643
705,626,838,2169
544,844,510,1898
836,330,415,1581
186,826,104,1116
844,687,497,2028
171,18,208,397
108,630,200,938
742,844,953,2539
585,629,339,1553
725,131,928,1784
939,144,237,1320
866,322,666,1854
973,790,569,2332
77,104,412,593
13,696,53,762
162,733,550,1445
523,786,532,1841
77,931,270,1278
248,587,405,1240
197,682,855,1734
314,754,367,1435
589,792,582,1963
395,790,801,1986
489,717,79,1285
436,123,195,754
266,896,801,1963
788,858,807,2453
729,88,605,1422
294,461,1,756
984,363,579,1926
423,514,6,943
991,400,985,2376
296,630,142,1068
932,39,41,1012
315,717,561,1593
286,921,586,1793
127,400,948,1475
679,956,839,2474
736,144,741,1621
809,613,36,1458
272,447,178,897
462,939,354,1755
354,25,754,1133
948,923,772,2643
960,371,339,1670
96,372,677,1145
602,880,526,2008
279,18,389,686
683,567,34,1284
119,777,806,1702
923,682,583,2188
796,300,938,2034
51,636,236,923
916,189,892,1997
441,598,435,1474
213,229,24,466
964,668,638,2270
215,388,620,1223
300,991,612,1903
762,478,443,1683
663,70,668,1401
692,695,833,2220
302,755,76,1133
197,182,368,747
380,308,75,763
432,214,234,880
463,490,222,1175
116,522,268,906
251,267,932,1450
249,955,669,1873
888,67,379,1334
493,489,751,1733
243,812,574,1629
611,679,167,1457
818,269,488,1575
450,325,890,1665
764,182,593,1539
925,384,580,1889
341,442,713,1496
805,307,413,1525
529,948,590,2067
423,94,11,528
793,656,720,2169
961,90,480,1531
602,923,159,1684
683,49,685,1417
358,511,643,1512
633,362,154,1149
475,419,167,1061
118,574,961,1653
74,754,220,1048
27,930,327,1284
699,605,557,1861
96,923,184,1203
789,629,144,1562
575,77,595,1247
31,695,972,1698
231,572,774,1577
248,580,207,1035
409,272,656,1337
442,896,854,2192
657,115,684,1456
238,706,821,1765
860,366,761,1987
22,288,713,1023
962,905,709,2576
402,96,912,1410
882,587,248,1717
443,790,733,1966
664,839,144,1647
728,891,550,2169
152,966,286,1404
503,783,358,1644
885,402,190,1477
824,994,717,2535
924,662,897,2483
61,361,846,1268
995,680,561,2236
436,834,449,1719
402,707,377,1486
219,758,163,1140
954,727,927,2608
209,686,936,1831
563,933,218,1714
169,783,42,994
660,831,254,1745
720,997,533,2250
675,535,443,1653
121,719,931,1771
968,450,270,1688
221,167,305,693
786,860,366,2012
964,308,510,1782
990,745,408,2143
163,249,708,1120
257,594,894,1745
89,182,464,735
500,743,738,1981
342,563,528,1433
694,961,98,1753
948,258,248,1454
882,166,853,1901
846,842,599,2287
459,990,672,2121
227,264,241,732
376,829,352,1557
880,36,158,1074
430,215,776,1421
666,227,421,1314
337,635,150,1122
498,169,250,917
243,893,348,1484
515,442,534,1491
932,159,436,1527
552,683,576,1811
767,451,871,2089
339,400,879,1618
154,468,515,1137
249,234,490,973
382,882,439,1703
568,200,448,1216
682,961,888,2531
455,414,343,1212
60,161,206,427
869,637,451,1957
39,242,981,1262
665,858,461,1984
877,74,103,1054
450,579,253,1282
626,217,80,923
193,325,733,1251
783,364,765,1912
981,611,21,1613
374,404,32,810
318,1,285,604
519,561,342,1422
183,66,677,926
769,214,932,1915
529,580,55,1164
789,945,238,1972
381,458,570,1409
64,808,995,1867
450,820,241,1511
281,148,277,706
903,505,128,1536
115,216,471,802
511,540,76,1127
11,716,213,940
762,713,67,1542
524,735,595,1854
717,374,690,1781
294,914,765,1973
290,816,52,1158
988,611,584,2183
5,727,83,815
355,222,321,898
589,616,464,1669
126,545,900,1571
557,593,456,1606
787,162,397,1346
31,376,938,1345
862,995,428,2285
686,313,140,1139
906,397,860,2163
261,945,689,1895
684,929,629,2242
688,458,530,1676
544,852,322,1718
279,765,39,1083
494,100,515,1109
136,5,551,692
595,118,634,1347
245,396,470,1111
117,926,745,1788
455,202,686,1343
331,173,593,1097
960,734,306,2000
125,725,524,1374
946,426,835,2207
465,215,902,1582
544,18,60,622
257,112,461,830
744,76,688,1508
575,495,912,1982
442,830,150,1422
340,921,694,1955
281,289,292,862
557,406,332,1295
168,198,158,524
53,871,395,1319
846,486,195,1527
888,513,87,1488
114,760,8,882
668,808,293,1769
332,106,295,733
42,347,868,1257
429,49,991,1469
918,926,925,2769
551,504,378,1433
633,706,71,1410
902,916,621,2439
39,406,856,1301
498,139,589,1226
192,141,167,500
656,786,843,2285
939,752,735,2426
781,455,146,1382
133,782,339,1254
771,669,960,2400
950,916,107,1973
185,742,839,1766
978,512,15,1505
516,391,329,1236
540,800,720,2060
183,928,825,1936
613,659,158,1430
852,54,66,972
21,387,744,1152
14,620,427,1061
364,477,989,1830
168,881,893,1942
82,749,673,1504
426,798,22,1246
513,799,48,1360
831,748,672,2251
109,984,966,2059
359,763,871,1993
966,236,554,1756
938,18,978,1934
309,99,480,888
432,139,381,952
460,895,400,1755
134,977,203,1314
935,697,894,2526
166,530,765,1461
240,713,467,1420
213,729,838,1780
242,682,975,1899
292,900,902,2094
352,314,530,1196
256,478,872,1606
75,110,467,652
618,834,986,2438
260,118,621,999
714,479,349,1542
339,804,160,1303
613,310,14,937
560,334,352,1246
496,165,732,1393
9,902,999,1910
913,596,150,1659
949,119,840,1908
314,204,381,899
753,2,141,896
442,103,972,1517
465,370,164,999
240,461,735,1436
557,465,682,1704
990,862,349,2201
364,502,406,1272
211,873,593,1677
860,34,457,1351
456,52,716,1224
514,961,590,2065
469,785,564,1818
696,116,220,1032
852,888,997,2737
176,441,918,1535
918,646,938,2502
657,798,849,2304
872,843,806,2521
479,287,741,1507
907,200,367,1474
65,139,432,636
278,964,366,1608
835,852,424,2111
885,997,292,2174
694,617,330,1641
66,271,556,893
428,290,783,1501
912,866,595,2373
27,462,69,558
622,167,18,807
537,259,212,1008
89,495,621,1205
940,568,919,2427
783,942,485,2210
770,966,782,2518
127,842,633,1602
253,36,663,952
990,518,174,1682
982,205,27,1214
276,746,651,1673
185,689,322,1196
612,153,219,984
940,306,186,1432
382,984,120,1486
338,982,605,1925
884,956,644,2484
124,398,950,1472
518,279,68,865
853,917,986,2756
32,859,359,1250
973,324,986,2283
547,348,81,976
645,181,522,1348
568,589,762,1919
476,682,201,1359
75,466,460,1001
193,738,999,1930
944,338,602,1884
806,363,839,2008
269,238,226,733
301,668,355,1324
717,913,260,1890
537,584,576,1697
14,337,328,679
958,996,328,2282
201,51,764,1016
501,726,927,2154
422,16,715,1153
269,748,663,1680
637,163,314,1114
53,206,152,411
857,366,353,1576
765,461,55,1281
926,289,107,1322
50,719,79,848
449,631,880,1960
328,453,217,998
195,161,912,1268
964,201,113,1278
860,1000,326,2186
109,995,624,1728
90,559,454,1103
885,691,833,2409
776,930,287,1993
206,712,200,1118
90,580,162,832
834,136,657,1627
373,219,757,1349
254,17,313,584
603,152,384,1139
477,654,850,1981
19,884,995,1898
189,41,203,433
269,168,637,1074
480,759,648,1887
352,601,123,1076
531,274,714,1519
659,518,640,1817
912,618,913,2443
237,427,676,1340
221,106,170,497
758,703,653,2114
705,581,941,2227
294,13,877,1184
112,179,438,729
747,653,133,1533
387,271,79,737
461,631,233,1325
879,488,754,2121
195,711,486,1392
46,507,787,1340
778,72,215,1065
646,208,729,1583
651,362,921,1934
178,262,640,1080
924,813,308,2045
770,727,159,1656
491,201,693,1385
303,741,172,1216
769,559,211,1539
884,446,368,1698
122,626,879,1627
703,617,881,2201
637,950,402,1989
574,716,818,2108
400,305,105,810
840,912,296,2048
235,436,243,914
439,994,386,1819
695,436,189,1320
329,759,220,1308
313,940,3,1256
60,509,644,1213
305,521,825,1651
72,822,211,1105
930,612,343,1885
998,920,811,2729
167,238,934,1339
456,42,354,852
39,309,609,957
489,462,261,1212
737,609,22,1368
575,691,434,1700
307,582,483,1372
918,803,607,2328
341,539,367,1247
202,851,962,2015
275,976,90,1341
422,398,38,858
10,324,535,869
505,360,633,1498
55,960,744,1759
161,647,268,1076
298,546,553,1397
529,604,943,2076
431,961,357,1749
891,986,958,2835
369,769,739,1877
745,728,54,1527
874,567,611,2052
422,168,288,878
628,758,298,1684
46,474,950,1470
28,823,904,1755
525,989,572,2086
641,33,93,767
18,589,230,837
72,575,720,1367
241,907,664,1812
58,911,171,1140
955,542,304,1801
280,63,464,807
742,244,610,1596
151,794,411,1356
267,312,933,1512
924,810,334,2068
902,740,105,1747
409,513,45,967
662,647,25,1334
56,288,747,1091
567,387,293,1247
711,108,26,845
73,405,830,1308
786,311,37,1134
402,788,479,1669
558,852,375,1785
576,90,985,1651
668,293,590,1551
131,115,914,1160
18,725,302,1045
250,236,167,653
933,408,521,1862
4,199,301,504
798,967,919,2684
658,666,436,1760
841,502,435,1778
260,402,948,1610
668,220,29,917
711,414,382,1507
161,956,721,1838
280,789,811,1880
157,393,801,1351
955,503,29,1487
914,488,971,2373
992,111,453,1556
918,962,617,2497
515,526,614,1655
330,751,709,1790
964,180,195,1339
999,637,482,2118
546,80,397,1023
860,584,706,2150
944,50,267,1261
753,741,308,1802
520,880,229,1629
579,930,836,2345
814,30,308,1152
789,921,279,1989
411,382,331,1124
508,760,653,1921
366,453,524,1343
674,510,436,1620
789,913,321,2023
703,447,939,2089
316,146,97,559
471,382,170,1023
193,188,458,839
560,533,997,2090
954,45,114,1113
479,469,601,1549
504,866,241,1611
218,53,666,937
546,530,363,1439
956,258,230,1444
980,215,329,1524
564,229,905,1698
113,168,640,921
108,171,0,279
545,197,740,1482
707,996,223,1926
908,101,776,1785
361,474,585,1420
164,784,2,950
572,741,527,1840
973,970,521,2464
732,953,80,1765
217,135,623,975
887,889,112,1888
375,321,905,1601
513,924,355,1792
315,431,688,1434
20,9,264,293
501,859,293,1653
592,104,877,1573
37,704,338,1079
773,39,840,1652
795,307,629,1731
910,801,30,1741
599,463,1,1063
512,862,411,1785
541,313,78,932
174,2,758,934
52,463,783,1298
93,69,954,1116
302,607,346,1255
380,712,655,1747
727,600,554,1881
898,115,600,1613
446,380,744,1570
380,922,682,1984
13,394,495,902
673,962,9,1644
52,39,513,604
953,77,42,1072
115,871,627,1613
478,225,318,1021
825,962,204,1991
974,989,701,2664
266,731,505,1502
154,885,735,1774
691,283,394,1368
213,925,803,1941
267,451,404,1122
580,570,828,1978
167,556,801,1524
253,724,913,1890
749,615,937,2301
585,811,70,1466
755,789,834,2378
150,813,905,1868
706,819,959,2484
871,433,180,1484
277,65,384,726
397,158,306,861
447,880,524,1851
833,345,414,1592
328,918,490,1736
345,336,985,1666
540,131,128,799
978,622,635,2235
634,203,679,1516
612,372,640,1624
143,208,868,1219
53,593,869,1515
132,13,160,305
377,867,890,2134
771,321,314,1406
388,544,125,1057
55,673,406,1134
892,768,823,2483
83,357,2,442
481,450,216,1147
142,709,30,881
571,971,779,2321
807,892,503,2202
446,130,145,721
319,822,346,1487
154,510,385,1049
132,73,143,348
507,894,133,1534
723,783,86,1592
160,6,103,269
842,560,668,2070
227,818,398,1443
185,789,869,1843
215,975,42,1232
536,415,453,1404
873,635,313,1821
483,487,441,1411
173,639,623,1435
448,113,947,1508
425,551,153,1129
884,952,42,1878
747,138,265,1150
702,51,640,1393
862,994,924,2780
828,743,521,2092
651,264,441,1356
669,323,463,1455
528,263,523,1314
462,266,738,1466
258,305,683,1246
788,168,164,1120
21,151,295,467
628,615,243,1486
265,238,652,1155
183,34,834,1051
518,611,26,1155
209,648,335,1192
431,408,292,1131
474,685,509,1668
230,887,285,1402
991,153,0,1144
498,356,471,1325
856,877,698,2431
168,380,318,866
143,816,344,1303
998,480,578,2056
350,919,747,2016
822,528,194,1544
104,274,450,828
577,357,558,1492
794,381,123,1298
293,306,276,875
510,42,849,1401
73,792,996,1861
457,265,506,1228
530,246,175,951
969,506,0,1475
213,24,779,1016
588,352,232,1172
826,459,453,1738
492,450,606,1548
618,189,61,868
966,60,953,1979
61,736,907,1704
247,122,235,604
474,143,206,823
524,781,589,1894
58,503,830,1391
250,1000,274,1524
497,392,405,1294
637,370,207,1214
262,191,277,730
238,918,393,1549
558,732,381,1671
199,294,74,567
753,126,202,1081
520,998,505,2023
652,30,394,1076
927,240,221,1388
861,109,767,1737
989,885,73,1947
590,492,321,1403
713,892,714,2319
815,607,37,1459
345,82,524,951
42,587,351,980
305,503,890,1698
510,360,89,959
977,574,231,1782
100,392,68,560
325,824,395,1544
73,415,626,1114
817,332,6,1155
317,532,408,1257
824,261,39,1124
204,182,332,718
545,420,838,1803
358,505,406,1269
682,78,721,1481
649,331,485,1465
816,5,663,1484
247,989,862,2098
770,681,560,2011
594,224,272,1090
168,35,475,678
381,821,145,1347
562,875,183,1620
986,206,525,1717
596,214,651,1461
356,265,695,1316
256,531,281,1068
593,908,567,2068
536,378,887,1801
748,29,664,1441
231,118,922,1271
588,958,67,1613
182,269,132,583
773,765,715,2253
592,126,888,1606
80,927,170,1177
346,808,549,1703
677,756,1,1434
952,450,635,2037
742,999,573,2314
102,965,125,1192
777,82,577,1436
212,757,400,1369
516,636,549,1701
361,256,934,1551
345,252,809,1406
546,533,934,2013
777,670,102,1549
277,927,133,1337
688,425,918,2031
598,811,265,1674
441,647,781,1869
918,45,610,1573
848,224,640,1712
867,617,503,1987
546,327,203,1076
649,168,612,1429
485,926,993,2404
657,490,701,1848
48,738,25,811
840,567,380,1787
899,154,767,1820
935,812,143,1890
666,914,503,2083
890,364,189,1443
412,273,811,1496
865,501,592,1958
114,65,89,268
145,819,307,1271
921,605,747,2273
542,920,668,2130
40,571,417,1028
613,139,522,1274
657,340,544,1541
577,26,921,1524
490,193,167,850
94,853,335,1282
465,619,844,1928
981,355,477,1813
424,937,446,1807
950,668,120,1738
647,658,165,1470
755,484,940,2179
612,339,106,1057
719,506,807,2032
947,707,383,2037
953,819,314,2086
999,183,848,2030
902,962,388,2252
499,362,729,1590
623,407,710,1740
619,475,389,1483
635,829,407,1871
846,448,191,1485
676,497,311,1484
149,14,161,324
526,838,42,1406
668,424,100,1192
866,339,124,1329
442,114,384,940
1000,368,107,1475
587,781,539,1907
241,316,413,970
688,298,70,1056
7,352,416,775
208,969,718,1895
990,794,167,1951
139,242,917,1298
317,125,938,1380
141,200,476,817
949,910,660,2519
671,475,155,1301
106,307,648,1061
18,103,258,379
393,465,810,1668
89,425,660,1174
740,577,672,1989
394,277,172,843
291,259,559,1109
256,541,746,1543
556,816,925,2297
959,478,7,1444
968,919,149,2036
973,854,89,1916
155,887,972,2014
623,311,619,1553
490,176,827,1493
469,26,947,1442
403,161,465,1029
215,700,57,972
228,580,836,1644
163,962,913,2038
290,848,634,1772
408,351,245,1004
750,966,919,2635
965,925,818,2708
346,27,451,824
754,841,987,2582
300,266,251,817
604,785,206,1595
892,749,105,1746
468,226,533,1227
839,998,90,1927
392,181,857,1430
660,624,204,1488
524,724,346,1594
516,538,40,1094
843,993,771,2607
390,964,297,1651
108,775,630,1513
129,397,127,653
482,114,34,630
783,658,228,1669
457,250,676,1383
812,445,770,2027
696,273,548,1517
888,112,865,1865
331,615,743,1689
949,483,223,1655
186,74,502,762
284,773,738,1795
907,931,945,2783
206,788,768,1762
63,432,682,1177
551,875,248,1674
489,260,475,1224
974,389,673,2036
838,20,633,1491
888,950,40,1878
118,586,214,918
70,544,553,1167
47,15,648,710
628,909,176,1713
669,998,811,2478
860,946,516,2322
464,149,370,983
653,156,445,1254
446,70,357,873
995,602,940,2537
216,922,602,1740
401,828,918,2147
217,271,755,1243
998,50,91,1139
490,379,417,1286
975,201,751,1927
193,44,343,580
213,392,283,888
304,66,328,698
624,437,113,1174
600,309,647,1556
434,446,752,1632
541,790,760,2091
992,861,32,1885
778,339,364,1481
31,133,647,811
967,170,96,1233
455,165,53,673
822,501,17,1340
787,629,77,1493
505,677,51,1233
337,5,82,424
80,143,102,325
442,942,453,1837
334,455,475,1264
759,848,113,1720
70,50,803,923
305,674,998,1977
57,299,328,684
97,651,452,1200
903,213,690,1806
173,994,199,1366
764,368,613,1745
575,649,334,1558
157,527,225,909
635,373,421,1429
587,469,598,1654
275,162,812,1249
377,198,216,791
73,72,747,892
859,776,990,2625
89,748,293,1130
783,560,934,2277
167,265,766,1198
429,863,73,1365
308,655,458,1421
173,998,454,1625
988,948,639,2575
363,30,298,691
143,69,668,880
369,993,146,1508
199,31,177,407
365,192,760,1317
10,771,129,910
116,529,549,1194
638,645,309,1592
207,75,536,818
567,283,918,1768
349,721,544,1614
378,576,271,1225
655,24,265,944
954,154,508,1616
807,504,882,2193
533,216,354,1103
647,781,947,2375
780,839,766,2385
531,309,767,1607
989,689,984,2662
661,944,100,1705
622,768,249,1639
147,946,828,1921
103,88,565,756
29,4,61,94
541,936,262,1739
104,972,240,1316
245,178,252,675
868,889,934,2691
161,120,957,1238
563,354,776,1693
878,466,516,1860
125,268,32,425
39,71,611,721
461,428,840,1729
985,891,26,1902
105,173,667,945
718,90,771,1579
774,612,21,1407
525,41,458,1024
242,87,992,1321
430,57,682,1169
328,801,26,1155
98,846,253,1197
616,317,554,1487
936,148,339,1423
956,314,247,1517
328,520,601,1449
302,48,135,485
507,87,412,1006
951,552,386,1889
109,699,901,1709
167,866,916,1949
703,686,876,2265
279,912,698,1889
745,531,8,1284
94,564,862,1520
753,538,727,2018
562,103,397,1062
421,944,998,2363
339,692,875,1906
124,896,403,1423
436,304,898,1638
42,735,121,898
247,436,1,684
617,151,861,1629
916,56,134,1106
711,248,456,1415
358,109,332,799
61,207,873,1141
931,674,510,2115
316,613,557,1486
606,981,321,1908
58,957,150,1165
761,613,30,1404
332,588,120,1040
755,248,930,1933
23,461,478,962
727,582,206,1515
911,381,103,1395
93,4,691,788
562,156,433,1151
266,482,971,1719
758,381,633,1772
3,412,225,640
223,533,914,1670
809,97,219,1125
568,524,66,1158
732,505,160,1397
880,996,126,2002
141,640,14,795
493,9,67,569
255,680,464,1399
33,86,871,990
737,151,419,1307
387,220,893,1500
996,415,311,1722
679,256,364,1299
822,389,123,1334
583,352,597,1532
570,392,614,1576
691,540,167,1398
140,751,828,1719
723,682,457,1862
119,658,664,1441
646,441,34,1121
839,437,0,1276
330,687,181,1198
961,218,847,2026
397,767,880,2044
279,405,88,772
781,638,913,2332
459,637,79,1175
902,162,101,1165
70,895,929,1894
642,503,658,1803
920,769,336,2025
532,761,492,1785
196,64,275,535
823,988,747,2558
299,569,861,1729
518,413,855,1786
354,520,700,1574
343,310,154,807
324,241,44,609
583,747,101,1431
344,147,545,1036
341,837,154,1332
396,611,198,1205
515,850,892,2257
899,64,923,1886
976,681,319,1976
78,810,770,1658
695,860,277,1832
668,408,176,1252
267,352,325,944
123,402,271,796
119,315,878,1312
688,784,784,2256
367,321,394,1082
173,52,867,1092
395,854,273,1522
911,870,214,1995
336,117,655,1108
227,242,121,590
243,600,520,1363
368,268,192,828
145,482,581,1208
900,813,615,2328
669,177,107,953
269,840,680,1789
266,944,808,2018
701,651,247,1599
600,524,735,1859
465,423,392,1280
53,163,400,616
193,175,645,1013
816,899,373,2088
893,224,837,1954
721,14,868,1603
298,26,118,442
436,459,952,1847
551,827,602,1980
874,573,539,1986
819,735,446,2000
699,592,33,1324
86,287,676,1049
960,10,153,1123
486,744,722,1952
897,846,619,2362
450,698,257,1405
713,917,65,1695
205,661,25,891
888,7,26,921
555,36,766,1357
602,987,379,1968
450,178,121,749
679,706,429,1814
229,478,506,1213
519,159,127,805
193,864,586,1643
570,927,291,1788
931,150,287,1368
603,804,465,1872
408,583,993,1984
164,633,109,906
777,576,765,2118
870,956,187,2013
639,277,122,1038
725,550,278,1553
416,711,786,1913
266,246,413,925
545,113,995,1653
87,206,109,402
936,994,141,2071
133,341,383,857
435,909,842,2186
90,258,55,403
993,44,146,1183
52,882,59,993
278,918,301,1497
358,199,163,720
691,540,361,1592
650,173,864,1687
318,845,255,1418
947,166,863,1976
67,762,382,1211
267,593,971,1831
716,857,528,2101
239,894,434,1567
883,760,337,1980
668,525,831,2024
36,747,659,1442
530,703,178,1411
954,949,871,2774
980,698,21,1699
178,280,463,921
447,400,642,1489
137,238,883,1258
336,636,904,1876
919,11,159,1089
484,461,110,1055
193,19,554,766
389,263,980,1632
713,344,186,1243
234,870,444,1548
544,300,398,1242
439,254,482,1175
187,917,205,1309
635,47,570,1252
395,592,736,1723
51,813,171,1035
588,656,419,1663
11,585,723,1319
311,650,946,1907
775,717,402,1894
503,122,377,1002
628,755,225,1608
343,865,475,1683
926,283,740,1949
363,96,795,1254
776,475,256,1507
314,257,330,901
960,254,826,2040
708,293,755,1756
421,623,410,1454
813,179,126,1118
943,843,907,2693
841,169,359,1369
898,454,248,1600
548,828,802,2178
486,344,211,1041
433,526,811,1770
380,246,881,1507
854,945,646,2445
669,152,953,1774
130,978,5,1113
69,162,598,829
547,73,580,1200
57,324,874,1255
32,492,227,751
860,687,837,2384
89,561,879,1529
922,180,37,1139
18,826,339,1183
993,252,864,2109
973,616,583,2172
111,76,386,573
363,572,82,1017
916,731,64,1711
304,572,818,1694
640,252,738,1630
681,372,729,1782
332,265,479,1076
240,734,802,1776
61,455,744,1260
456,45,876,1377
567,36,348,951
697,205,653,1555
586,128,155,869
33,658,834,1525
370,105,0,475
659,512,42,1213
732,984,821,2537
111,931,453,1495
425,760,146,1331
656,154,724,1534
158,29,498,685
889,193,568,1650
379,531,477,1387
945,911,483,2339
167,146,974,1287
517,965,618,2100
171,246,446,863
522,771,875,2168
818,178,498,1494
898,72,961,1931
884,410,513,1807
988,640,409,2037
876,180,455,1511
25,947,252,1224
318,775,949,2042
956,608,746,2310
341,757,657,1755
274,797,34,1105
880,367,385,1632
494,222,923,1639
265,294,432,991
707,900,747,2354
928,924,123,1975
460,565,728,1753
880,136,39,1055
406,455,609,1470
242,979,519,1740
630,18,345,993
440,194,193,827
31,247,15,293
527,210,675,1412
844,919,768,2531
168,256,132,556
385,814,964,2163
915,457,517,1889
322,536,907,1765
305,348,106,759
759,30,487,1276
271,219,795,1285
268,55,638,961
62,858,823,1743
454,995,135,1584
513,63,85,661
413,578,425,1416
735,940,144,1819
792,124,884,1800
770,849,577,2196
735,448,631,1814
956,705,19,1680
350,491,360,1201
206,325,779,1310
701,186,35,922
113,332,545,990
869,576,126,1571
910,601,868,2379
591,919,108,1618
834,587,415,1836
750,172,5,927
533,763,932,2228
32,149,750,931
535,249,755,1539
685,945,583,2213
535,658,262,1455
844,890,305,2039
119,312,413,844
895,538,173,1606
903,9,681,1593
368,294,889,1551
372,705,294,1371
569,212,667,1448
62,681,269,1012
444,505,298,1247
802,695,672,2169
207,35,177,419
181,269,246,696
249,846,644,1739
899,255,977,2131
628,946,927,2501
555,553,662,1770
443,238,243,924
35,457,997,1489
539,243,891,1673
35,743,714,1492
827,294,683,1804
236,347,708,1291
146,89,787,1022
618,489,719,1826
861,763,435,2059
378,425,732,1535
34,541,396,971
974,667,788,2429
328,934,988,2250
123,752,467,1342
337,61,734,1132
899,459,435,1793
315,557,939,1811
236,156,50,442
548,215,305,1068
638,44,381,1063
278,895,679,1852
273,853,6,1132
71,288,220,579
630,601,872,2103
723,358,168,1249
929,204,901,2034
641,322,994,1957
35,134,356,525
560,575,40,1175
771,507,473,1751
519,946,224,1689
695,101,206,1002
577,378,300,1255
988,579,379,1946
928,991,435,2354
396,377,453,1226
824,579,121,1524
300,502,398,1200
179,148,291,618
844,875,289,2008
126,212,795,1133
491,246,203,940
289,321,304,914
417,236,365,1018
334,452,391,1177
743,545,250,1538
686,388,786,1860
730,423,12,1165
297,107,193,597
157,296,731,1184
245,837,46,1128
335,957,965,2257
750,119,49,918
393,213,529,1135
112,537,837,1486
201,93,168,462
276,381,461,1118
19,42,319,380
701,94,740,1535
196,189,222,607
934,253,191,1378
184,609,401,1194
712,82,359,1153
908,684,908,2500
86,759,932,1777
135,698,452,1285
270,441,166,877
218,308,408,934
253,153,223,629
240,134,35,409
305,43,65,413
263,717,40,1020
509,249,701,1459
472,890,591,1953
964,975,763,2702
793,431,568,1792
372,557,798,1727
459,518,18,995
543,369,817,1729
862,409,118,1389
50,83,115,248
348,421,391,1160
559,269,957,1785
922,780,899,2601
163,765,473,1401
455,849,132,1436
111,593,836,1540
197,379,468,1044
483,186,935,1604
595,336,740,1671
45,214,394,653
584,454,466,1504
338,350,285,973
141,380,520,1041
741,215,131,1087
433,267,518,1218
972,50,450,1472
180,503,15,698
584,472,326,1382
728,294,604,1626
377,288,930,1595
958,108,896,1962
227,208,713,1148
206,442,354,1002
362,305,314,981
232,95,732,1059
510,263,485,1258
135,743,459,1337
879,495,112,1486
533,950,361,1844
893,80,358,1331
623,551,695,1869
180,813,21,1014
440,524,671,1635
292,824,811,1927
389,951,576,1916
550,881,394,1825
78,745,386,1209
488,931,986,2405
645,654,984,2283
536,625,338,1499
250,676,473,1399
342,750,740,1832
899,423,84,1406
245,801,772,1818
249,136,237,622
323,200,914,1437
493,612,511,1616
552,997,441,1990
95,431,261,787
436,439,115,990
769,803,484,2056
251,102,899,1252
79,381,864,1324
741,21,92,854
100,630,345,1075
323,398,629,1350
627,736,433,1796
576,347,823,1746
376,319,398,1093
914,932,462,2308
921,298,401,1620
796,672,342,1810
538,678,254,1470
111,152,55,318
352,138,790,1280
535,354,913,1802
937,933,335,2205
614,35,471,1120
333,818,589,1740
356,428,213,997
348,74,425,847
247,666,658,1571
883,138,728,1749
799,399,449,1647
598,140,27,765
12,982,187,1181
149,349,293,791
860,790,406,2056
781,462,691,1934
610,910,55,1575
717,387,948,2052
940,231,229,1400
60,15,369,444
708,175,892,1775
584,289,875,1748
29,758,168,955
403,584,23,1010
90,305,275,670
298,994,337,1629
111,340,617,1068
597,775,426,1798
367,411,322,1100
74,568,912,1554
984,408,894,2286
355,464,945,1764
147,142,189,478
218,127,379,724
167,223,101,491
997,529,30,1556
979,13,962,1954
161,721,25,907
2,315,868,1185
768,15,588,1371
495,5,945,1445
711,838,159,1708
967,423,612,2002
351,142,195,688
299,306,41,646
268,997,830,2095
828,832,154,1814
359,443,422,1224
397,791,723,1911
614,873,325,1812
976,870,566,2412
541,308,864,1713
282,238,187,707
679,154,460,1293
503,130,984,1617
781,101,879,1761
115,388,704,1207
5,107,421,533
777,912,735,2424
848,534,134,1516
482,322,41,845
49,973,363,1385
103,756,988,1847
507,410,760,1677
623,942,240,1805
764,924,194,1882
128,503,365,996
724,62,203,989
554,550,183,1287
462,525,32,1019
976,437,478,1891
990,67,342,1399
468,240,82,790
981,618,499,2098
922,74,760,1756
681,511,116,1308
147,95,522,764
32,829,474,1335
672,938,149,1759
595,395,816,1806
823,8,460,1291
153,266,501,920
439,667,139,1245
988,164,653,1805
927,439,620,1986
611,430,142,1183
916,306,148,1370
408,282,893,1583
662,152,167,981
708,559,522,1789
655,631,134,1420
133,528,141,802
320,252,144,716
522,520,339,1381
39,558,393,990
730,105,997,1832
563,24,595,1182
223,752,611,1586
999,187,659,1845
240,977,802,2019
923,247,474,1644
324,83,27,434
765,439,480,1684
799,53,845,1697
837,332,367,1536
737,694,288,1719
475,118,956,1549
468,708,996,2172
360,596,903,1859
900,701,730,2331
671,575,677,1923
24,392,311,727
414,476,751,1641
795,246,205,1246
116,968,773,1857
608,967,24,1599
697,456,847,2000
542,314,787,1643
661,864,194,1719
882,284,293,1459
636,603,70,1309
593,756,242,1591
253,972,62,1287
610,372,774,1756
426,62,371,859
259,134,439,832
351,570,670,1591
637,94,994,1725
414,887,483,1784
590,624,832,2046
893,795,207,1895
787,973,314,2074
57,863,712,1632
117,246,629,992
399,111,48,558
617,97,22,736
526,764,790,2080
526,432,365,1323
427,268,738,1433
741,357,648,1746
141,642,374,1157
504,521,741,1766
345,353,90,788
808,168,720,1696
775,873,469,2117
359,275,235,869
527,169,771,1467
236,988,605,1829
528,207,121,856
896,91,211,1198
956,315,768,2039
49,613,965,1627
649,209,187,1045
144,702,468,1314
324,998,336,1658
237,407,605,1249
802,272,691,1765
134,832,411,1377
370,862,852,2084
284,782,570,1636
875,327,718,1920
169,674,826,1669
323,632,69,1024
877,160,571,1608
105,709,493,1307
415,64,909,1388
661,559,285,1505
1,918,556,1475
167,686,393,1246
44,380,548,972
716,884,969,2569
68,665,874,1607
145,460,887,1492
90,345,777,1212
482,889,719,2090
941,481,568,1990
821,270,174,1265
838,944,772,2554
420,529,462,1411
154,303,911,1368
868,193,858,1919
521,944,908,2373
986,579,371,1936
916,645,950,2511
723,876,736,2335
848,288,86,1222
507,935,922,2364
271,132,58,461
964,192,697,1853
594,746,720,2060
960,365,337,1662
957,217,812,1986
711,25,484,1220
954,392,639,1985
424,907,745,2076
970,655,704,2329
549,981,81,1611
151,895,465,1511
485,127,126,738
264,743,903,1910
724,138,807,1669
463,400,238,1101
244,564,925,1733
727,42,277,1046
699,284,664,1647
43,693,10,746
953,558,260,1771
553,104,374,1031
512,280,683,1475
674,269,407,1350
589,776,538,1903
665,545,602,1812
519,270,767,1556
500,6,599,1105
29,668,373,1070
275,519,659,1453
932,285,659,1876
118,458,320,896
514,828,564,1906
773,429,525,1727
246,722,481,1449
46,397,896,1339
524,289,457,1270
710,614,214,1538
934,957,257,2148
339,230,564,1133
345,906,220,1471
455,280,322,1057
780,711,821,2312
730,116,594,1440
135,995,980,2110
911,678,562,2151
227,154,648,1029
202,512,931,1645
516,40,301,857
268,74,462,804
414,553,699,1666
844,201,790,1835
332,979,343,1654
362,105,436,903
220,819,565,1604
972,208,407,1587
347,722,941,2010
115,308,721,1144
429,147,329,905
272,420,420,1112
889,323,785,1997
282,745,173,1200
739,347,471,1557
834,373,574,1781
587,487,467,1541
70,415,469,954
323,810,127,1260
934,198,709,1841
846,40,337,1223
687,560,80,1327
148,918,805,1871
686,869,264,1819
338,36,460,834
66,911,169,1146
461,942,520,1923
935,6,586,1527
225,228,760,1213
784,463,251,1498
149,980,181,1310
652,633,74,1359
662,740,177,1579
677,166,371,1214
733,364,883,1980
405,457,88,950
390,765,57,1212
773,103,505,1381
288,617,701,1606
765,686,554,2005
596,781,665,2042
998,275,98,1371
682,422,49,1153
542,868,657,2067
280,78,932,1290
633,265,344,1242
933,249,822,2004
861,405,905,2171
326,895,649,1870
722,165,223,1110
981,499,117,1597
586,952,502,2040
108,291,365,764
850,24,291,1165
188,900,277,1365
328,105,570,1003
820,21,219,1060
786,493,29,1308
483,752,686,1921
214,232,702,1148
731,733,938,2402
324,60,805,1189
226,461,437,1124
758,852,973,2583
625,916,943,2484
264,727,487,1478
789,401,518,1708
77,63,354,494
746,239,96,1081
780,960,890,2630
838,891,156,1885
429,577,483,1489
391,675,540,1606
434,775,682,1891
374,408,750,1532
573,286,548,1407
796,709,140,1645
237,503,798,1538
397,887,399,1683
842,144,135,1121
91,789,629,1509
492,785,207,1484
771,83,816,1670
249,96,638,983
422,499,399,1320
217,746,599,1562
169,346,885,1400
354,436,650,1440
287,828,489,1604
263,933,497,1693
231,244,830,1305
713,48,941,1702
698,104,56,858
551,327,479,1357
756,731,969,2456
613,491,810,1914
135,672,654,1461
856,54,164,1074
420,703,468,1591
631,291,937,1859
179,717,137,1033
324,987,28,1339
445,515,408,1368
771,402,508,1681
303,877,275,1455
317,355,453,1125
159,345,811,1315
170,860,622,1652
853,231,636,1720
723,885,616,2224
537,741,732,2010
433,17,509,959
371,410,916,1697
761,73,965,1799
168,569,854,1591
173,545,572,1290
803,718,668,2189
727,675,988,2390
279,875,534,1688
85,227,794,1106
421,253,572,1246
186,550,755,1491
185,557,173,915
698,147,108,953
867,138,948,1953
376,288,859,1523
930,315,736,1981
81,504,319,904
111,966,257,1334
626,590,345,1561
665,241,744,1650
525,517,685,1727
733,252,999,1984
218,930,969,2117
884,3,266,1153
666,756,142,1564
532,48,692,1272
442,828,220,1490
268,749,683,1700
292,662,72,1026
197,846,94,1137
386,392,617,1395
229,59,392,680
803,907,65,1775
202,744,930,1876
280,286,883,1449
623,19,423,1065
530,348,767,1645
338,152,665,1155
318,162,469,949
744,75,777,1596
613,138,251,1002
466,961,987,2414
883,621,941,2445
457,40,654,1151
861,268,530,1659
188,129,510,827
457,113,176,746
181,644,493,1318
339,354,956,1649
305,797,935,2037
924,296,853,2073
446,281,816,1543
757,630,519,1906
979,188,985,2152
86,133,670,889
346,466,522,1334
263,244,636,1143
720,804,256,1780
627,448,757,1832
124,899,200,1223
241,346,561,1148
357,244,18,619
157,688,615,1460
236,923,422,1581
826,87,686,1599
146,86,520,752
383,450,660,1493
170,954,253,1377
811,31,590,1432
689,798,607,2094
678,717,703,2098
151,657,626,1434
604,148,751,1503
798,798,309,1905
643,83,52,778
179,839,398,1416
206,334,915,1455
712,573,75,1360
903,3,991,1897
231,638,843,1712
347,136,500,983
312,5,647,964
624,401,999,2024
661,615,351,1627
819,895,175,1889
778,56,84,918
39,977,553,1569
43,457,352,852
761,989,734,2484
847,249,536,1632
745,907,954,2606
831,863,472,2166
675,145,174,994
308,581,56,945
408,459,976,1843
908,118,498,1524
323,310,871,1504
460,846,338,1644
929,878,193,2000
180,79,114,373
388,144,662,1194
541,724,228,1493
999,198,266,1463
170,967,180,1317
626,157,917,1700
502,861,591,1954
146,322,801,1269
707,801,175,1683
99,445,63,607
972,917,779,2668
682,236,383,1301
796,35,976,1807
281,951,524,1756
239,461,910,1610
695,739,647,2081
386,270,681,1337
752,236,547,1535
931,326,803,2060
881,308,641,1830
904,961,525,2390
194,289,788,1271
85,124,543,752
937,140,616,1693
18,779,753,1550
749,283,521,1553
297,676,871,1844
915,437,94,1446
780,713,358,1851
768,718,614,2100
564,621,659,1844
847,18,123,988
679,368,890,1937
799,881,538,2218
978,539,833,2350
873,887,755,2515
314,628,582,1524
132,388,907,1427
738,20,414,1172
989,59,634,1682
665,119,203,987
406,100,37,543
578,430,258,1266
954,931,641,2526
551,532,535,1618
777,259,73,1109
77,925,402,1404
217,220,981,1418
651,296,526,1473
151,950,110,1211
10,849,24,883
166,179,580,925
187,853,441,1481
313,135,529,977
957,694,1,1652
412,863,210,1485
264,270,854,1388
419,602,304,1325
786,286,9,1081
267,201,397,865
162,129,386,677
895,791,848,2534
23,230,547,800
9,682,802,1493
60,211,288,559
909,563,911,2383
998,163,281,1442
895,105,935,1935
846,753,431,2030
522,293,631,1446
502,377,911,1790
357,735,10,1102
601,257,704,1562
769,36,972,1777
125,487,572,1184
774,767,536,2077
560,705,761,2026
256,357,82,695
30,412,725,1167
639,775,894,2308
953,261,251,1465
529,440,112,1081
864,781,602,2247
890,587,406,1883
855,173,399,1427
397,196,110,703
789,369,110,1268
10,581,263,854
850,125,613,1588
103,823,523,1449
327,339,252,918
464,806,170,1440
631,833,239,1703
550,308,648,1506
261,521,965,1747
574,381,6,961
852,769,958,2579
768,699,653,2120
97,526,977,1600
422,194,419,1035
551,899,655,2105
117,946,930,1993
410,906,580,1896
532,221,115,868
844,45,195,1084
473,818,176,1467
902,711,345,1958
587,997,184,1768
324,908,564,1796
859,109,259,1227
686,946,832,2464
284,487,500,1271
890,326,714,1930
265,116,7,388
124,366,973,1463
210,259,821,1290
506,533,233,1272
208,254,403,865
234,999,927,2160
350,374,751,1475
266,414,895,1575
587,414,839,1840
748,932,847,2527
834,348,438,1620
477,530,783,1790
608,976,317,1901
122,436,740,1298
261,936,961,2158
910,869,637,2416
757,330,905,1992
394,208,914,1516
713,562,351,1626
491,664,866,2021
907,855,87,1849
998,638,614,2250
58,663,202,923
943,843,220,2006
628,743,240,1611
774,999,189,1962
620,756,947,2323
617,40,996,1653
366,426,900,1692
497,785,416,1698
537,291,469,1297
906,490,626,2022
772,30,689,1491
283,193,498,974
176,676,319,1171
32,69,879,980
555,708,197,1460
769,417,743,1929
461,78,599,1138
735,76,346,1157
731,318,469,1518
282,141,870,1293
945,246,932,2123
553,884,355,1792
178,962,342,1482
157,804,929,1890
462,725,867,2054
797,967,122,1886
580,653,975,2208
92,531,674,1297
143,236,528,907
862,299,319,1480
386,675,74,1135
522,920,833,2275
328,85,808,1221
672,590,915,2177
901,475,494,1870
235,438,582,1255
441,236,503,1180
762,592,112,1466
692,104,835,1631
786,475,461,1722
200,232,950,1382
928,219,524,1671
364,418,759,1541
244,929,753,1926
187,711,393,1291
127,802,804,1733
317,799,539,1655
411,303,623,1337
752,118,608,1478
702,585,966,2253
104,833,86,1023
879,695,648,2222
817,681,614,2112
334,15,64,413
206,284,93,583
444,659,410,1513
632,291,937,1860
379,458,310,1147
94,442,962,1498
696,348,795,1839
690,662,107,1459
587,288,919,1794
388,559,179,1126
690,61,573,1324
83,84,795,962
439,354,580,1373
160,434,478,1072
337,781,683,1801
779,63,41,883
517,417,159,1093
452,579,290,1321
536,515,284,1335
652,503,267,1422
454,232,574,1260
80,141,493,714
757,854,649,2260
674,829,729,2232
228,825,486,1539
167,515,674,1356
619,329,160,1108
553,864,152,1569
524,870,527,1921
751,756,766,2273
880,15,224,1119
509,962,436,1907
590,289,120,999
92,713,474,1279
570,894,584,2048
292,237,590,1119
164,283,381,828
875,450,151,1476
45,548,841,1434
867,991,668,2526
629,592,201,1422
460,922,474,1856
956,398,647,2001
20,162,462,644
729,896,523,2148
654,841,394,1889
910,100,733,1743
786,288,642,1716
354,161,834,1349
894,487,208,1589
834,954,517,2305
96,155,500,751
142,818,724,1684
168,633,63,864
333,214,717,1264
748,40,215,1003
764,569,233,1566
132,639,190,961
23,369,413,805
25,129,733,887
604,519,32,1155
786,502,583,1871
899,956,887,2742
186,42,6,234
306,367,348,1021
216,372,388,976
904,542,580,2026
497,330,282,1109
778,832,317,1927
64,676,314,1054
810,540,748,2098
4,171,796,971
446,662,731,1839
702,891,26,1619
956,362,607,1925
72,300,105,477
340,232,531,1103
660,226,623,1509
650,171,771,1592
216,333,228,777
305,268,260,833
906,886,125,1917
491,319,107,917
111,259,407,777
402,127,575,1104
954,747,313,2014
181,79,78,338
141,902,507,1550
635,194,18,847
928,480,846,2254
706,225,636,1567
153,283,319,755
922,12,820,1754
86,291,116,493
113,643,628,1384
858,840,689,2387
951,228,681,1860
291,594,374,1259
937,555,365,1857
228,617,941,1786
464,760,658,1882
97,36,140,273
140,418,768,1326
601,450,294,1345
581,513,858,1952
662,957,822,2441
632,968,879,2479
498,748,598,1844
188,715,74,977
258,175,726,1159
533,352,783,1668
197,411,251,859
280,964,862,2106
733,262,540,1535
169,594,982,1745
588,804,414,1806
553,211,406,1170
606,561,162,1329
872,85,441,1398
299,446,876,1621
121,289,665,1075
351,60,719,1130
618,185,856,1659
900,712,759,2371
792,182,452,1426
895,576,366,1837
994,131,305,1430
722,239,995,1956
272,245,25,542
477,557,51,1085
349,873,866,2088
600,943,246,1789
94,862,118,1074
971,497,371,1839
9,626,346,981
976,510,660,2146
543,103,977,1623
677,421,792,1890
965,584,580,2129
309,105,102,516
861,46,9,916
131,352,220,703
670,932,319,1921
853,244,314,1411
719,812,901,2432
546,559,863,1968
213,400,323,936
271,45,865,1181
58,217,250,525
139,941,914,1994
189,605,390,1184
816,281,288,1385
100,396,173,669
694,701,249,1644
229,224,299,752
588,159,774,1521
111,676,294,1081
532,383,672,1587
388,680,583,1651
501,531,394,1426
629,390,181,1200
182,540,256,978
61,470,701,1232
291,466,219,976
823,544,220,1587
774,373,155,1302
347,672,255,1274
116,603,383,1102
845,348,277,1470
146,347,879,1372
463,745,747,1955
556,166,723,1445
940,41,97,1078
769,436,841,2046
392,146,259,797
128,981,309,1418
407,955,259,1621
587,730,644,1961
284,222,121,627
558,436,151,1145
231,795,621,1647
320,578,890,1788
115,318,169,602
115,46,631,792
240,315,899,1454
305,967,225,1497
24,170,343,537
910,277,64,1251
474,704,495,1673
751,899,739,2389
210,612,460,1282
461,637,872,1970
186,233,283,702
4,571,438,1013
937,853,380,2170
961,814,105,1880
201,653,467,1321
216,942,454,1612
723,644,102,1469
184,584,740,1508
340,261,312,913
271,258,678,1207
499,21,170,690
834,478,820,2132
112,923,180,1215
253,506,99,858
158,937,58,1153
706,308,272,1286
614,312,703,1629
3,174,653,830
243,536,347,1126
447,54,77,578
93,271,453,817
268,207,969,1444
601,84,1000,1685
404,302,32,738
123,911,610,1644
273,121,942,1336
889,190,619,1698
215,665,255,1135
602,828,507,1937
920,518,301,1739
92,852,519,1463
468,615,905,1988
853,148,840,1841
479,523,896,1898
627,993,215,1835
988,399,3,1390
426,177,400,1003
112,186,229,527
775,57,553,1385
959,708,226,1893
770,226,702,1698
471,118,746,1335
211,598,22,831
863,502,756,2121
170,887,37,1094
348,580,374,1302
353,767,681,1801
887,225,500,1612
481,180,733,1394
736,931,324,1991
527,37,383,947
911,82,432,1425
737,583,91,1411
989,133,454,1576
795,52,141,988
990,173,616,1779
954,463,1000,2417
236,775,461,1472
870,53,360,1283
234,123,230,587
64,97,326,487
329,346,321,996
187,599,111,897
38,988,570,1596
980,355,105,1440
320,168,730,1218
654,857,287,1798
926,464,647,2037
684,581,84,1349
324,433,834,1591
735,69,752,1556
756,224,156,1136
372,603,82,1057
250,493,216,959
381,458,182,1021
885,978,12,1875
195,424,983,1602
203,467,904,1574
309,944,243,1496
663,812,191,1666
585,820,70,1475
294,288,979,1561
883,188,956,2027
491,877,844,2212
118,824,775,1717
553,470,170,1193
554,557,863,1974
521,574,355,1450
580,687,127,1394
162,67,8,237
913,813,831,2557
777,335,788,1900
137,792,57,986
837,641,733,2211
540,217,793,1550
825,17,777,1619
640,348,322,1310
751,65,700,1516
820,85,48,953
709,103,228,1040
218,5,331,554
79,731,115,925
416,149,745,1310
454,449,191,1094
802,834,723,2359
886,556,629,2071
104,202,109,415
5,912,800,1717
279,110,473,862
701,144,730,1575
936,138,162,1236
669,991,742,2402
161,554,795,1510
156,984,666,1806
257,168,949,1374
528,185,107,820
199,688,71,958
379,104,94,577
11,930,653,1594
64,179,791,1034
135,619,726,1480
789,384,260,1433
428,516,845,1789
736,688,168,1592
146,914,745,1805
802,994,870,2666
794,742,961,2497
607,50,207,864
97,802,788,1687
184,725,292,1201
52,681,449,1182
633,378,972,1983
351,90,478,919
835,597,641,2073
873,349,481,1703
145,390,937,1472
358,234,606,1198
110,611,548,1269
874,39,801,1714
520,63,271,854
586,578,825,1989
512,504,608,1624
411,762,884,2057
210,388,783,1381
599,470,235,1304
893,788,658,2339
106,299,784,1189
366,677,256,1299
354,458,84,896
550,785,81,1416
6,850,499,1355
936,28,242,1206
865,502,680,2047
645,641,350,1636
475,152,760,1387
34,729,360,1123
221,834,863,1918
480,69,656,1205
233,310,722,1265
416,720,73,1209
756,289,619,1664
504,698,15,1217
322,986,815,2123
801,769,872,2442
77,772,237,1086
450,851,511,1812
49,106,169,324
584,888,79,1551
84,18,748,850
737,828,157,1722
557,351,78,986
847,951,448,2246
328,906,829,2063
437,216,464,1117
711,627,426,1764
584,146,532,1262
486,934,732,2152
401,709,779,1889
565,505,592,1662
850,268,176,1294
170,892,226,1288
799,870,462,2131
692,908,377,1977
440,247,799,1486
779,695,249,1723
528,182,961,1671
431,616,213,1260
907,886,161,1954
744,935,430,2109
179,418,756,1353
466,606,350,1422
942,304,628,1874
127,831,702,1660
168,299,308,775
116,395,258,769
637,737,748,2122
704,179,969,1852
786,977,485,2248
270,386,456,1112
176,446,845,1467
174,348,28,550
952,361,920,2233
51,727,640,1418
712,332,520,1564
880,213,237,1330
828,157,590,1575
52,933,277,1262
693,681,144,1518
632,718,389,1739
131,940,372,1443
599,775,731,2105
237,223,11,471
329,175,853,1357
389,482,782,1653
573,853,585,2011
857,844,254,1955
902,55,464,1421
84,235,288,607
668,960,515,2143
573,368,731,1672
683,94,351,1128
920,250,301,1471
223,777,136,1136
993,699,444,2136
241,51,891,1183
17,536,863,1416
587,146,0,733
395,740,450,1585
826,727,41,1594
39,668,488,1195
499,513,802,1814
315,102,199,616
964,526,81,1571
145,774,856,1775
147,279,873,1299
751,437,875,2063
527,251,51,829
725,291,962,1978
727,465,948,2140
966,75,91,1132
258,277,768,1303
274,732,386,1392
909,942,1,1852
333,697,407,1437
763,507,579,1849
627,527,861,2015
784,292,174,1250
381,46,831,1258
593,488,337,1418
34,310,482,826
834,994,133,1961
697,284,292,1273
440,550,705,1695
715,91,995,1801
823,5,36,864
384,397,71,852
942,995,275,2212
17,280,682,979
705,119,419,1243
393,850,91,1334
247,799,110,1156
290,346,20,656
363,68,510,941
187,169,638,994
342,85,438,865
349,209,480,1038
751,638,263,1652
599,383,630,1612
371,594,911,1876
397,934,906,2237
537,756,98,1391
110,734,508,1352
141,64,988,1193
807,859,957,2623
193,687,872,1752
399,335,601,1335
6,347,318,671
358,646,567,1571
265,10,54,329
121,123,578,822
154,485,641,1280
601,842,228,1671
161,131,672,964
936,405,701,2042
722,823,609,2154
513,888,746,2147
787,397,9,1193
669,583,485,1737
593,395,14,1002
551,485,681,1717
60,281,57,398
64,715,974,1753
550,145,457,1152
711,151,936,1798
113,925,225,1263
527,965,135,1627
103,942,224,1269
876,113,823,1812
430,295,541,1266
429,912,981,2322
541,572,685,1798
678,271,751,1700
924,71,318,1313
778,980,285,2043
299,2,902,1203
825,76,841,1742
196,404,187,787
228,270,137,635
891,829,630,2350
592,491,856,1939
443,528,380,1351
57,564,814,1435
924,832,802,2558
803,640,534,1977
190,315,974,1479
1000,222,969,2191
521,247,809,1577
352,160,377,889
394,443,347,1184
6,276,519,801
456,305,928,1689
192,518,371,1081
643,546,695,1884
778,121,793,1692
213,719,143,1075
871,310,395,1576
955,361,983,2299
799,437,628,1864
677,10,25,712
703,434,635,1772
100,871,769,1740
973,537,818,2328
711,212,376,1299
181,184,875,1240
472,498,746,1716
17,279,611,907
520,145,866,1531
310,613,535,1458
993,820,550,2363
840,263,496,1599
956,129,658,1743
553,259,530,1342
911,983,973,2867
540,183,479,1202
189,74,714,977
878,830,465,2173
570,150,758,1478
914,270,872,2056
875,935,219,2029
946,484,733,2163
211,69,77,357
21,501,651,1173
537,317,698,1552
690,809,779,2278
168,499,776,1443
103,72,122,297
730,632,643,2005
887,849,480,2216
374,22,271,667
926,168,247,1341
225,386,63,674
144,659,7,810
334,310,208,852
660,467,724,1851
424,189,574,1187
430,447,452,1329
445,68,286,799
868,512,660,2040
568,308,24,900
820,462,983,2265
955,495,824,2274
452,961,49,1462
287,332,574,1193
670,380,468,1518
654,738,52,1444
922,966,557,2445
432,726,1000,2158
484,398,147,1029
398,895,726,2019
833,385,821,2039
16,665,964,1645
291,592,344,1227
911,114,130,1155
175,935,267,1377
970,861,630,2461
316,217,703,1236
753,244,101,1098
62,149,127,338
4,997,107,1108
761,754,675,2190
290,823,380,1493
459,790,812,2061
29,624,364,1017
371,990,593,1954
909,370,239,1518
403,161,93,657
457,958,361,1776
721,258,190,1169
46,437,390,873
137,251,391,779
546,97,66,709
692,65,477,1234
944,708,696,2348
455,816,46,1317
311,875,253,1439
826,617,134,1577
757,187,861,1805
437,812,660,1909
503,28,610,1141
745,427,605,1777
777,304,73,1154
250,995,514,1759
133,921,129,1183
513,843,348,1704
794,443,743,1980
448,251,347,1046
950,861,353,2164
598,291,264,1153
992,693,182,1867
529,112,627,1268
322,281,681,1284
47,203,818,1068
76,394,490,960
816,440,48,1304
22,810,42,874
345,419,182,946
7,208,586,801
237,406,320,963
140,41,986,1167
748,632,919,2299
334,545,271,1150
905,253,633,1791
349,967,482,1798
70,46,451,567
106,72,305,483
302,892,202,1396
225,347,130,702
846,954,50,1850
439,710,761,1910
290,860,392,1542
597,36,594,1227
831,2,469,1302
270,179,350,799
56,162,355,573
295,908,324,1527
9,581,612,1202
140,165,129,434
979,404,436,1819
924,416,986,2326
345,865,900,2110
851,579,585,2015
659,109,242,1010
245,135,127,507
255,472,543,1270
962,739,952,2653
825,277,946,2048
152,10,139,301
665,77,578,1320
734,270,372,1376
102,394,666,1162
485,176,534,1195
255,686,831,1772
122,104,9,235
192,155,415,762
465,24,496,985
920,693,934,2547
530,544,655,1729
70,432,43,545
169,287,876,1332
57,431,392,880
767,716,736,2219
658,64,838,1560
729,732,109,1570
718,520,941,2179
825,636,618,2079
680,980,234,1894
961,753,639,2353
111,127,564,802
826,126,158,1110
574,194,624,1392
463,345,738,1546
952,677,798,2427
339,583,293,1215
30,522,776,1328
638,129,530,1297
641,706,626,1973
430,454,763,1647
498,779,368,1645
388,132,250,770
566,292,144,1002
968,253,473,1694
850,951,426,2227
870,313,303,1486
390,785,267,1442
478,461,860,1799
109,998,546,1653
969,4,151,1124
815,508,270,1593
952,609,819,2380
456,945,112,1513
166,38,798,1002
23,89,384,496
673,600,178,1451
638,262,638,1538
606,389,948,1943
122,697,534,1353
5,513,709,1227
406,884,673,1963
823,226,339,1388
734,962,74,1770
362,549,647,1558
457,54,480,991
418,363,61,842
789,873,223,1885
203,82,786,1071
415,31,600,1046
365,327,462,1154
302,11,489,802
437,61,733,1231
884,444,724,2052
765,542,315,1622
190,330,374,894
54,324,771,1149
844,699,946,2489
432,359,145,936
834,230,882,1946
200,660,359,1219
408,823,794,2025
291,857,223,1371
171,208,267,646
594,852,320,1766
96,613,135,844
349,627,558,1534
431,311,572,1314
130,219,342,691
990,507,111,1608
714,613,56,1383
842,438,370,1650
552,948,29,1529
1000,911,667,2578
363,715,653,1731
940,304,201,1445
811,851,450,2112
787,208,104,1099
100,333,319,752
252,508,834,1594
203,624,579,1406
472,777,706,1955
982,124,160,1266
506,52,155,713
739,824,721,2284
711,86,204,1001
0,507,481,988
961,168,478,1607
7,7,406,420
871,14,673,1558
799,992,232,2023
56,972,488,1516
721,407,18,1146
800,860,196,1856
118,171,89,378
761,441,468,1670
816,609,223,1648
353,288,283,924
973,694,262,1929
388,296,942,1626
51,757,929,1737
223,460,61,744
744,199,468,1411
822,116,807,1745
842,298,700,1840
140,827,526,1493
122,968,292,1382
127,573,252,952
977,61,417,1455
679,451,144,1274
451,844,554,1849
212,989,1000,2201
119,581,705,1405
682,602,405,1689
832,436,531,1799
226,44,388,658
208,829,965,2002
540,286,669,1495
636,635,17,1288
439,602,49,1090
831,668,859,2358
372,497,527,1396
199,782,145,1126
254,6,180,440
876,970,239,2085
574,308,720,1602
198,565,8,771
865,673,896,2434
794,828,683,2305
729,933,124,1786
68,647,105,820
522,54,948,1524
912,382,855,2149
740,700,402,1842
491,200,474,1165
202,488,563,1253
149,85,179,413
228,811,426,1465
882,295,805,1982
301,860,946,2107
175,525,813,1513
276,826,863,1965
639,294,707,1640
984,307,18,1309
440,484,210,1134
115,829,155,1099
333,713,232,1278
73,769,411,1253
623,635,425,1683
501,468,645,1614
851,734,494,2079
690,618,730,2038
364,663,917,1944
805,840,338,1983
898,575,906,2379
239,20,930,1189
906,627,400,1933
961,584,291,1836
131,670,61,862
975,883,485,2343
418,564,256,1238
814,985,662,2461
814,643,597,2054
19,703,581,1303
199,98,180,477
935,929,170,2034
603,231,406,1240
541,688,299,1528
21,642,989,1652
75,917,562,1554
469,582,490,1541
997,795,147,1939
233,738,409,1380
955,922,467,2344
13,612,874,1499
887,390,958,2235
51,372,392,815
776,640,160,1576
279,496,508,1283
821,430,548,1799
744,312,314,1370
300,465,248,1013
609,156,594,1359
110,396,260,766
602,28,641,1271
293,489,694,1476
10,952,266,1228
746,388,973,2107
965,642,637,2244
583,893,732,2208
280,380,10,670
168,386,378,932
665,38,367,1070
725,496,177,1398
514,621,669,1804
19,941,828,1788
552,884,92,1528
224,105,655,984
546,353,345,1244
99,764,786,1649
310,129,517,956
263,90,129,482
99,707,220,1026
185,902,692,1779
535,311,438,1284
859,706,385,1950
337,446,517,1300
666,260,784,1710
47,590,600,1237
172,40,400,612
113,23,143,279
515,958,970,2443
611,394,701,1706
255,490,711,1456
368,448,338,1154
498,292,533,1323
236,6,115,357
920,476,215,1611
910,408,698,2016
185,566,286,1037
845,483,941,2269
180,632,35,847
968,718,977,2663
705,946,535,2186
808,33,788,1629
727,12,912,1651
11,550,488,1049
911,579,906,2396
586,321,372,1279
480,655,21,1156
759,549,480,1788
68,65,185,318
3,416,626,1045
908,928,218,2054
628,98,35,761
781,143,894,1818
715,69,564,1348
311,824,944,2079
125,40,434,599
526,729,554,1809
604,156,222,982
110,82,865,1057
531,952,924,2407
989,802,837,2628
238,284,537,1059
649,895,951,2495
912,208,400,1520
841,461,303,1605
582,217,120,919
501,873,331,1705
553,957,384,1894
546,425,700,1671
64,452,790,1306
511,847,852,2210
853,175,680,1708
409,935,527,1871
397,284,3,684
408,668,486,1562
584,539,848,1971
454,855,291,1600
449,197,489,1135
483,720,244,1447
291,607,396,1294
106,204,57,367
959,812,246,2017
321,793,338,1452
239,132,613,984
14,196,474,684
546,104,213,863
466,572,912,1950
812,78,984,1874
962,589,477,2028
447,607,468,1522
910,906,23,1839
996,644,290,1930
15,574,148,737
678,424,588,1690
511,583,388,1482
660,235,416,1311
990,314,696,2000
392,292,910,1594
532,638,995,2165
63,836,545,1444
336,65,551,952
682,448,235,1365
478,997,45,1520
438,759,316,1513
60,34,928,1022
263,233,86,582
19,289,854,1162
984,421,407,1812
709,38,886,1633
73,122,150,345
108,249,966,1323
674,439,346,1459
2,854,872,1728
210,585,858,1653
679,962,750,2391
11,313,105,429
608,455,532,1595
183,196,413,792
774,979,866,2619
660,25,52,737
724,665,491,1880
107,64,950,1121
975,243,772,1990
411,943,49,1403
123,356,124,603
301,978,739,2018
319,729,739,1787
139,873,108,1120
45,785,413,1243
278,802,773,1853
61,175,679,915
458,600,333,1391
860,847,484,2191
227,165,544,936
657,518,884,2059
19,63,751,833
681,530,289,1500
188,248,641,1077
407,92,477,976
705,960,856,2521
358,258,270,886
381,275,557,1213
802,840,474,2116
285,206,912,1403
309,733,120,1162
552,458,596,1606
874,432,520,1826
754,739,387,1880
449,858,855,2162
636,11,138,785
651,499,310,1460
650,411,474,1535
351,789,645,1785
812,231,750,1793
493,184,982,1659
731,776,160,1667
836,453,514,1803
15,913,277,1205
638,251,347,1236
307,967,707,1981
486,495,56,1037
131,600,573,1304
236,265,363,864
152,259,646,1057
0,643,71,714
671,159,472,1302
466,470,645,1581
334,484,17,835
260,260,972,1492
879,468,33,1380
545,533,7,1085
906,206,424,1536
219,442,413,1074
619,182,34,835
984,441,591,2016
850,466,501,1817
661,55,23,739
819,81,433,1333
414,522,218,1154
9,127,131,267
492,865,64,1421
161,415,343,919
486,360,382,1228
847,913,848,2608
874,996,522,2392
3,99,36,138
36,269,921,1226
916,394,944,2254
217,492,999,1708
346,30,349,725
905,614,625,2144
212,317,458,987
676,506,320,1502
566,12,964,1542
90,441,949,1480
408,155,206,769
594,419,473,1486
405,69,896,1370
535,729,341,1605
331,741,547,1619
752,919,406,2077
861,136,742,1739
377,737,563,1677
753,827,555,2135
466,105,930,1501
859,464,488,1811
252,532,643,1427
70,348,621,1039
359,536,505,1400
219,50,591,860
821,122,484,1427
995,84,205,1284
60,547,251,858
248,944,925,2117
631,3,686,1320
796,803,692,2291
923,100,304,1327
78,647,245,970
728,969,305,2002
359,955,183,1497
17,268,898,1183
922,754,295,1971
764,918,605,2287
718,449,959,2126
136,657,584,1377
571,740,622,1933
315,568,954,1837
452,133,364,949
529,481,675,1685
814,376,21,1211
139,435,571,1145
760,222,680,1662
212,162,94,468
985,936,138,2059
321,501,295,1117
869,9,415,1293
117,348,6,471
741,395,653,1789
509,287,694,1490
521,112,324,957
415,765,971,2151
781,263,131,1175
94,114,50,258
146,552,200,898
688,285,4,977
223,581,817,1621
57,790,260,1107
32,977,338,1347
482,821,561,1864
348,675,572,1595
499,392,269,1160
383,370,808,1561
446,215,379,1040
57,693,977,1727
274,854,928,2056
830,468,329,1627
262,215,196,673
989,657,672,2318
111,73,272,456
156,637,151,944
447,715,950,2112
619,615,747,1981
418,93,220,731
233,538,398,1169
3,575,903,1481
904,953,962,2819
412,771,393,1576
936,675,544,2155
772,518,891,2181
588,776,508,1872
512,729,686,1927
804,41,872,1717
257,758,378,1393
305,27,999,1331
254,640,525,1419
974,782,763,2519
759,709,507,1975
375,118,992,1485
844,984,289,2117
613,188,80,881
987,781,883,2651
571,794,167,1532
345,602,242,1189
487,531,223,1241
678,846,838,2362
751,115,386,1252
604,452,203,1259
682,865,383,1930
796,841,912,2549
715,364,533,1612
10,722,258,990
603,4,113,720
884,434,504,1822
707,677,966,2350
402,180,74,656
987,512,577,2076
826,97,359,1282
903,101,913,1917
550,877,131,1558
799,621,124,1544
86,549,81,716
89,572,53,714
242,605,218,1065
714,541,579,1834
273,487,263,1023
398,915,478,1791
46,708,598,1352
570,824,278,1672
576,524,20,1120
364,264,740,1368
783,484,781,2048
942,839,641,2422
156,243,604,1003
839,872,42,1753
547,266,297,1110
234,922,101,1257
310,336,126,772
747,227,796,1770
447,408,983,1838
412,501,978,1891
313,902,713,1928
978,206,955,2139
914,610,414,1938
0,107,544,651
139,928,150,1217
779,434,56,1269
739,681,839,2259
266,224,804,1294
548,974,18,1540
70,440,325,835
870,365,781,2016
214,924,629,1767
283,520,389,1192
177,807,226,1210
722,654,391,1767
746,208,844,1798
374,163,293,830
505,158,931,1594
757,238,108,1103
10,433,430,873
342,18,834,1194
950,716,825,2491
539,553,317,1409
485,176,196,857
310,22,725,1057
983,549,885,2417
355,912,902,2169
528,440,281,1249
921,765,777,2463
592,175,445,1212
470,788,732,1990
572,490,46,1108
87,196,78,361
443,696,828,1967
666,407,907,1980
496,287,986,1769
890,876,905,2671
30,9,350,389
967,73,234,1274
704,995,881,2580
562,85,546,1193
335,128,330,793
379,887,169,1435
599,606,266,1471
984,609,440,2033
235,907,736,1878
252,593,195,1040
196,497,804,1497
162,506,438,1106
376,638,47,1061
828,350,939,2117
5,679,127,811
198,314,422,934
93,542,384,1019
630,923,223,1776
357,459,598,1414
206,364,304,874
608,912,91,1611
144,977,416,1537
511,921,157,1589
28,152,408,588
591,697,609,1897
654,175,229,1058
418,839,663,1920
460,625,309,1394
64,221,891,1176
470,145,176,791
381,239,603,1223
120,923,617,1660
98,523,386,1007
796,358,156,1310
112,441,231,784
281,462,612,1355
564,500,387,1451
972,472,959,2403
184,67,381,632
76,343,113,532
104,152,459,715
453,461,821,1735
267,824,296,1387
603,464,693,1760
962,27,125,1114
799,290,726,1815
559,619,613,1791
958,408,841,2207
861,987,21,1869
487,609,108,1204
588,988,498,2074
874,370,128,1372
400,632,38,1070
152,92,428,672
792,1,232,1025
846,948,363,2157
847,129,555,1531
291,306,334,931
97,794,864,1755
420,758,344,1522
885,929,597,2411
305,835,963,2103
103,615,817,1535
442,777,2,1221
221,796,474,1491
883,521,221,1625
356,152,787,1295
989,441,860,2290
901,1,686,1588
319,45,487,851
882,823,607,2312
549,487,752,1788
694,790,190,1674
642,639,204,1485
229,767,329,1325
737,13,373,1123
423,705,773,1901
801,565,68,1434
840,32,654,1526
34,259,320,613
333,826,606,1765
440,942,398,1780
76,829,619,1524
574,432,246,1252
434,828,33,1295
713,763,94,1570
675,868,562,2105
896,286,330,1512
945,283,719,1947
587,998,464,2049
172,734,8,914
622,624,780,2026
562,653,75,1290
736,16,797,1549
674,371,173,1218
456,248,201,905
699,126,360,1185
833,529,592,1954
523,523,898,1944
351,833,218,1402
36,326,284,646
164,950,44,1158
682,468,380,1530
539,845,629,2013
223,578,808,1609
927,394,296,1617
165,849,106,1120
654,578,71,1303
381,17,486,884
592,247,900,1739
105,983,254,1342
119,845,252,1216
792,448,913,2153
353,595,306,1254
135,972,662,1769
569,861,706,2136
307,886,369,1562
307,537,540,1384
105,30,519,654
182,958,641,1781
806,407,546,1759
839,126,728,1693
584,604,388,1576
702,711,293,1706
369,106,626,1101
623,179,629,1431
919,575,526,2020
71,543,625,1239
786,245,388,1419
607,829,906,2342
491,244,606,1341
56,849,670,1575
842,690,586,2118
352,199,980,1531
982,371,417,1770
641,141,531,1313
80,346,872,1298
54,905,634,1593
88,525,363,976
446,662,428,1536
737,924,376,2037
250,239,884,1373
655,559,822,2036
990,198,513,1701
835,678,580,2093
436,738,373,1547
158,192,743,1093
634,239,970,1843
942,554,590,2086
239,359,767,1365
943,275,601,1819
771,544,394,1709
385,383,529,1297
629,218,542,1389
665,90,683,1438
235,218,608,1061
485,115,156,756
179,411,827,1417
209,228,47,484
170,647,985,1802
466,980,202,1648
552,487,887,1926
803,712,586,2101
274,718,272,1264
11,231,456,698
735,153,659,1547
654,171,731,1556
45,631,443,1119
613,750,970,2333
82,250,415,747
93,424,863,1380
554,662,861,2077
420,120,370,910
833,590,576,1999
325,861,479,1665
974,566,902,2442
836,651,407,1894
635,560,708,1903
918,722,865,2505
215,248,249,712
94,334,904,1332
468,38,90,596
690,250,251,1191
144,306,291,741
563,828,118,1509
145,51,405,601
86,356,739,1181
844,459,559,1862
976,154,946,2076
571,824,856,2251
25,253,792,1070
498,782,104,1384
965,586,114,1665
805,524,80,1409
237,13,436,686
331,245,3,579
652,656,15,1323
888,895,719,2502
990,125,674,1789
312,806,896,2014
745,678,878,2301
556,198,773,1527
155,114,995,1264
121,868,993,1982
996,376,50,1422
235,538,506,1279
860,247,460,1567
879,449,88,1416
922,115,988,2025
286,621,630,1537
575,498,636,1709
197,441,618,1256
507,850,215,1572
479,216,77,772
216,370,88,674
484,298,199,981
740,711,219,1670
505,276,774,1555
21,962,483,1466
699,280,35,1014
661,760,53,1474
897,39,543,1479
584,327,811,1722
450,16,752,1218
380,318,644,1342
190,402,971,1563
334,152,790,1276
563,269,260,1092
934,949,768,2651
252,652,471,1375
332,672,772,1776
36,443,785,1264
323,232,945,1500
750,193,621,1564
415,483,691,1589
222,747,504,1473
925,865,855,2645
728,464,29,1221
680,435,279,1394
215,253,394,862
876,321,950,2147
750,812,562,2124
860,655,449,1964
837,79,949,1865
323,279,347,949
93,856,691,1640
364,926,152,1442
247,637,986,1870
422,937,418,1777
85,551,814,1450
21,959,790,1770
862,899,836,2597
155,110,975,1240
545,654,138,1337
44,597,317,958
25,274,191,490
649,142,847,1638
920,798,520,2238
541,108,829,1478
320,268,474,1062
523,555,421,1499
779,111,38,928
776,916,970,2662
312,199,682,1193
375,361,437,1173
918,197,502,1617
623,909,619,2151
354,184,552,1090
20,430,292,742
107,214,71,392
906,76,958,1940
687,468,776,1931
165,318,631,1114
740,168,25,933
126,146,493,765
54,261,802,1117
4,679,209,892
709,525,563,1797
568,433,609,1610
463,763,371,1597
70,175,936,1181
917,471,947,2335
839,627,572,2038
748,5,653,1406
254,619,940,1813
567,933,39,1539
72,133,986,1191
417,563,625,1605
325,737,62,1124
635,226,335,1196
685,909,123,1717
181,697,958,1836
778,312,46,1136
317,709,177,1203
435,652,621,1708
627,213,790,1630
961,537,888,2386
67,347,262,676
492,594,438,1524
648,312,977,1937
822,382,720,1924
4,444,211,659
402,246,450,1098
862,834,800,2496
351,722,292,1365
686,721,717,2124
606,924,483,2013
5,627,258,890
736,702,826,2264
444,867,646,1957
132,776,959,1867
435,832,498,1765
671,440,890,2001
914,873,376,2163
836,970,316,2122
254,210,518,982
407,533,766,1706
369,326,758,1453
570,337,775,1682
860,907,990,2757
869,722,692,2283
49,337,366,752
663,778,740,2181
390,497,610,1497
292,82,646,1020
890,90,267,1247
700,205,827,1732
942,39,738,1719
794,911,6,1711
124,950,60,1134
679,62,808,1549
443,247,574,1264
952,415,57,1424
476,39,836,1351
490,791,368,1649
965,821,624,2410
979,150,243,1372
920,115,836,1871
900,705,317,1922
438,950,938,2326
897,84,386,1367
936,121,286,1343
795,278,322,1395
114,26,229,369
274,943,436,1653
638,521,122,1281
991,620,797,2408
326,724,873,1923
68,968,0,1036
479,217,218,914
756,295,593,1644
203,19,163,385
405,71,85,561
185,985,84,1254
660,876,367,1903
99,748,995,1842
539,299,896,1734
416,181,320,917
426,334,658,1418
376,376,123,875
687,530,684,1901
719,202,304,1225
699,436,872,2007
471,608,371,1450
45,666,89,800
428,204,422,1054
377,433,217,1027
129,693,316,1138
423,0,294,717
364,741,298,1403
860,4,122,986
852,59,652,1563
790,549,114,1453
612,913,106,1631
434,814,264,1512
265,556,45,866
686,693,154,1533
672,31,655,1358
116,529,951,1596
254,938,398,1590
47,970,753,1770
6,934,110,1050
35,821,66,922
999,104,889,1992
961,127,907,1995
519,672,279,1470
336,86,876,1298
95,736,865,1696
654,499,630,1783
901,784,274,1959
595,127,749,1471
669,399,150,1218
877,244,67,1188
902,461,993,2356
260,85,463,808
167,48,757,972
56,218,71,345
276,696,557,1529
941,871,749,2561
583,512,571,1666
418,287,439,1144
846,960,384,2190
678,871,694,2243
215,127,97,439
5,629,169,803
168,366,264,798
12,910,166,1088
675,862,86,1623
313,655,948,1916
1000,468,766,2234
44,371,523,938
348,3,343,694
292,440,742,1474
633,7,131,771
108,507,421,1036
868,575,990,2433
876,136,553,1565
84,716,977,1777
189,536,833,1558
689,182,576,1447
797,76,586,1459
971,435,545,1951
198,52,818,1068
958,539,751,2248
593,58,746,1397
342,330,752,1424
12,942,210,1164
926,177,68,1171
451,516,898,1865
253,27,908,1188
633,289,538,1460
327,225,518,1070
625,842,706,2173
318,825,378,1521
92,571,489,1152
789,927,328,2044
235,576,514,1325
130,586,119,835
865,82,105,1052
860,90,225,1175
665,249,389,1303
55,982,779,1816
150,515,290,955
303,206,60,569
75,789,950,1814
786,317,732,1835
784,776,943,2503
527,174,411,1112
12,870,826,1708
286,915,225,1426
349,668,560,1577
901,226,6,1133
555,949,308,1812
271,604,200,1075
714,62,244,1020
137,122,644,903
955,219,879,2053
890,166,289,1345
630,123,293,1046
969,254,975,2198
719,36,22,777
975,862,54,1891
832,319,403,1554
630,424,18,1072
684,824,52,1560
897,196,854,1947
178,136,854,1168
327,719,141,1187
412,887,480,1779
938,96,355,1389
970,543,892,2405
219,762,228,1209
112,503,884,1499
38,136,377,551
536,131,630,1297
382,589,474,1445
548,754,442,1744
837,983,762,2582
894,253,615,1762
986,260,556,1802
20,599,659,1278
203,420,669,1292
485,782,31,1298
347,564,636,1547
506,371,523,1400
947,594,929,2470
759,877,836,2472
673,759,16,1448
481,140,896,1517
77,596,223,896
316,371,352,1039
124,562,929,1615
809,297,674,1780
225,188,505,918
864,361,104,1329
540,229,44,813
232,145,308,685
817,125,252,1194
539,905,949,2393
79,583,756,1418
511,83,6,600
811,290,827,1928
377,51,261,689
986,490,632,2108
807,411,237,1455
871,371,262,1504
5,719,514,1238
667,859,847,2373
398,879,103,1380
776,238,245,1259
113,907,600,1620
837,950,228,2015
650,659,206,1515
676,284,578,1538
202,548,342,1092
115,197,216,528
941,475,828,2244
882,552,857,2291
524,361,19,904
239,135,578,952
853,113,318,1284
897,683,722,2302
281,558,463,1302
566,687,362,1615
71,272,115,458
452,379,13,844
206,957,995,2158
34,752,991,1777
27,474,167,668
197,571,633,1401
700,573,517,1790
528,320,563,1411
512,447,379,1338
896,660,358,1914
6,26,469,501
76,83,797,956
158,463,631,1252
931,114,227,1272
399,888,90,1377
783,344,21,1148
753,933,615,2301
125,654,248,1027
399,565,457,1421
43,87,598,728
796,483,883,2162
532,281,208,1021
466,372,813,1651
561,2,4,567
783,749,407,1939
825,71,185,1081
46,85,911,1042
380,951,234,1565
500,121,631,1252
351,532,308,1191
30,140,107,277
776,875,430,2081
490,566,96,1152
497,394,70,961
131,572,812,1515
133,864,388,1385
315,793,796,1904
277,350,5,632
285,546,908,1739
95,751,114,960
935,804,990,2729
418,920,837,2175
25,163,372,560
805,497,837,2139
623,2,141,766
297,340,230,867
598,488,212,1298
478,285,322,1085
863,165,159,1187
84,351,812,1247
909,862,397,2168
219,753,988,1960
667,584,963,2214
136,306,105,547
642,333,691,1666
61,266,442,769
561,912,763,2236
353,391,359,1103
193,487,418,1098
395,360,192,947
648,428,346,1422
424,918,478,1820
662,453,905,2020
253,692,66,1011
237,432,460,1129
530,160,352,1042
277,530,893,1700
894,807,406,2107
107,799,566,1472
208,879,704,1791
778,48,802,1628
81,592,115,788
962,898,573,2433
235,368,763,1366
327,464,321,1112
870,750,29,1649
402,493,372,1267
962,426,164,1552
39,62,405,506
532,300,328,1160
72,185,644,901
3,843,576,1422
262,480,142,884
161,907,145,1213
494,87,383,964
266,31,47,344
317,276,436,1029
360,535,754,1649
86,990,111,1187
729,298,575,1602
514,58,443,1015
871,753,977,2601
753,347,58,1158
521,725,943,2189
931,970,357,2258
813,304,32,1149
51,451,355,857
212,781,963,1956
572,412,642,1626
848,931,667,2446
987,804,447,2238
655,696,353,1704
288,960,549,1797
565,435,309,1309
589,896,965,2450
926,55,304,1285
720,731,207,1658
201,369,697,1267
835,905,61,1801
586,159,885,1630
406,459,884,1749
659,992,953,2604
131,8,99,238
467,892,478,1837
913,603,232,1748
883,638,200,1721
420,242,474,1136
787,337,166,1290
301,419,813,1533
386,893,231,1510
724,761,771,2256
14,775,506,1295
350,369,516,1235
77,524,245,846
522,896,202,1620
741,426,172,1339
526,1000,306,1832
902,883,494,2279
774,600,235,1609
34,147,688,869
71,92,195,358
735,713,641,2089
235,510,920,1665
764,716,2,1482
47,367,135,549
64,661,38,763
431,297,608,1336
23,75,391,489
230,604,189,1023
449,145,452,1046
320,964,948,2232
44,375,95,514
991,640,973,2604
949,388,411,1748
651,21,907,1579
336,17,10,363
399,342,726,1467
954,385,659,1998
197,870,237,1304
636,756,132,1524
541,51,372,964
309,359,675,1343
701,272,602,1575
66,779,794,1639
777,950,888,2615
365,727,418,1510
246,723,259,1228
58,621,921,1600
921,389,268,1578
237,683,642,1562
677,827,139,1643
852,779,143,1774
405,11,529,945
704,803,433,1940
885,636,880,2401
122,699,414,1235
35,269,536,840
96,860,655,1611
806,744,174,1724
173,395,919,1487
403,803,707,1913
658,718,455,1831
777,517,727,2021
661,443,104,1208
74,807,998,1879
465,351,152,968
971,96,608,1675
5,908,688,1601
880,366,783,2029
572,31,762,1365
0,539,130,669
460,192,116,768
96,527,741,1364
117,619,66,802
517,775,521,1813
421,767,130,1318
159,860,9,1028
420,999,379,1798
200,600,350,1150
413,466,640,1519
719,988,825,2532
666,50,723,1439
435,439,988,1862
907,627,312,1846
349,36,587,972
797,464,629,1890
896,5,308,1209
169,417,723,1309
550,625,63,1238
782,392,281,1455
512,707,701,1920
620,217,453,1290
188,73,242,503
118,293,199,610
692,488,575,1755
800,979,48,1827
694,313,939,1946
355,361,456,1172
177,397,204,778
765,568,899,2232
960,361,776,2097
873,156,90,1119
774,812,934,2520
114,459,182,755
155,182,308,645
622,310,10,942
776,839,833,2448
521,156,572,1249
547,60,277,884
169,178,570,917
726,892,116,1734
87,924,769,1780
274,339,970,1583
1,786,17,804
928,135,615,1678
196,746,545,1487
138,116,937,1191
367,501,782,1650
817,866,623,2306
274,25,945,1244
581,352,504,1437
761,368,697,1826
372,911,751,2034
124,808,797,1729
296,852,829,1977
484,129,902,1515
293,283,940,1516
401,133,788,1322
850,366,461,1677
850,370,449,1669
328,674,600,1602
11,284,536,831
141,614,918,1673
293,920,466,1679
608,638,323,1569
809,256,43,1108
465,28,212,705
346,146,889,1381
683,441,342,1466
234,695,792,1721
557,980,503,2040
412,80,553,1045
939,770,449,2158
472,935,165,1572
393,421,291,1105
83,239,215,537
597,908,587,2092
898,463,688,2049
490,910,231,1631
546,467,594,1607
667,901,567,2135
397,345,648,1390
612,841,734,2187
470,967,208,1645
391,938,932,2261
790,133,982,1905
655,411,229,1295
679,804,371,1854
464,9,440,913
474,490,186,1150
165,640,550,1355
121,469,62,652
639,104,652,1395
88,4,196,288
611,883,442,1936
418,293,415,1126
51,562,32,645
973,493,241,1707
329,917,510,1756
700,35,880,1615
622,464,901,1987
1,321,781,1103
550,390,980,1920
956,55,821,1832
399,150,599,1148
719,684,919,2322
134,918,103,1155
514,749,839,2102
241,932,812,1985
537,328,846,1711
66,996,812,1874
537,172,89,798
152,120,946,1218
803,168,415,1386
433,502,938,1873
956,947,573,2476
889,485,524,1898
163,217,975,1355
231,3,931,1165
707,493,136,1336
39,730,463,1232
678,71,532,1281
43,376,745,1164
916,389,135,1440
413,321,832,1566
514,464,90,1068
536,832,749,2117
448,848,48,1344
455,981,810,2246
493,638,3,1134
204,417,938,1559
882,977,671,2530
763,784,767,2314
102,848,257,1207
359,868,134,1361
848,260,517,1625
699,60,222,981
891,967,66,1924
142,980,447,1569
47,180,146,373
73,851,874,1798
527,161,761,1449
131,281,301,713
961,141,695,1797
32,858,662,1552
227,379,296,902
3,678,299,980
451,451,351,1253
501,716,579,1796
447,64,879,1390
610,939,320,1869
1000,110,148,1258
675,916,315,1906
828,571,436,1835
796,96,389,1281
698,278,563,1539
324,94,369,787
523,298,102,923
379,833,310,1522
104,664,695,1463
632,663,801,2096
678,769,114,1561
84,96,347,527
904,770,514,2188
536,577,638,1751
516,451,250,1217
149,823,221,1193
14,937,970,1921
637,845,4,1486
369,892,445,1706
889,744,229,1862
337,693,758,1788
734,604,498,1836
319,720,53,1092
632,789,644,2065
236,239,584,1059
679,999,124,1802
384,756,616,1756
738,392,405,1535
831,218,256,1305
602,307,971,1880
451,311,282,1044
666,508,441,1615
280,566,728,1574
968,252,202,1422
47,916,856,1819
791,727,61,1579
403,142,80,625
751,857,570,2178
226,813,903,1942
996,282,944,2222
751,122,880,1753
710,54,251,1015
170,288,528,986
607,129,458,1194
689,723,8,1420
178,749,554,1481
470,65,503,1038
876,876,786,2538
553,347,945,1845
117,47,978,1142
584,329,222,1135
49,516,429,994
849,372,291,1512
675,730,976,2381
367,858,647,1872
207,121,723,1051
439,390,79,908
558,894,846,2298
718,622,166,1506
844,40,399,1283
117,907,868,1892
722,422,851,1995
626,891,247,1764
304,543,85,932
215,594,826,1635
314,262,298,874
856,731,620,2207
390,419,494,1303
141,523,510,1174
358,197,367,922
621,990,878,2489
482,75,808,1365
849,6,874,1729
429,719,75,1223
586,22,447,1055
763,323,908,1994
415,429,75,919
362,609,645,1616
476,854,889,2219
14,465,688,1167
150,831,522,1503
328,59,625,1012
527,812,23,1362
168,242,553,963
611,755,170,1536
493,365,49,907
905,982,383,2270
157,803,428,1388
97,170,944,1211
930,723,208,1861
24,558,119,701
577,999,544,2120
158,762,148,1068
650,189,630,1469
615,910,240,1765
507,790,734,2031
15,436,697,1148
714,327,615,1656
862,273,878,2013
850,510,987,2347
751,956,509,2216
842,682,752,2276
452,802,934,2188
612,20,714,1346
547,545,722,1814
591,513,97,1201
237,618,738,1593
404,26,44,474
169,821,194,1184
902,583,924,2409
636,579,3,1218
107,430,990,1527
795,627,313,1735
784,45,347,1176
181,269,507,957
931,943,313,2187
463,536,807,1806
455,735,969,2159
165,446,948,1559
18,533,169,720
218,270,967,1455
388,949,439,1776
760,756,424,1940
917,739,408,2064
900,179,996,2075
315,7,921,1243
673,90,169,932
90,226,443,759
629,38,246,913
421,839,43,1303
211,899,462,1572
441,547,866,1854
730,112,411,1253
367,146,31,544
772,164,486,1422
863,454,351,1668
34,84,804,922
738,886,67,1691
966,94,763,1823
317,762,974,2053
7,711,635,1353
89,952,511,1552
304,38,812,1154
498,52,472,1022
446,85,350,881
391,580,865,1836
410,591,536,1537
536,71,884,1491
300,682,418,1400
196,543,762,1501
256,6,703,965
155,152,872,1179
167,502,255,924
416,410,999,1825
68,780,619,1467
271,616,683,1570
64,744,371,1179
595,192,114,901
748,238,123,1109
404,509,357,1270
996,941,475,2412
614,126,515,1255
486,270,97,853
68,223,2,293
364,476,448,1288
36,295,66,397
372,354,526,1252
317,176,135,628
866,684,8,1558
275,621,418,1314
798,556,907,2261
751,275,882,1908
147,375,677,1199
993,828,455,2276
766,768,318,1852
709,765,732,2206
835,669,390,1894
467,382,862,1711
869,475,988,2332
344,565,678,1587
138,222,111,471
161,43,301,505
32,213,896,1141
310,669,780,1759
326,116,828,1270
428,490,771,1689
707,881,752,2340
813,805,254,1872
439,56,308,803
548,465,644,1657
428,432,629,1489
254,79,918,1251
979,442,326,1747
577,873,312,1762
590,378,581,1549
481,317,106,904
335,450,250,1035
198,811,106,1115
188,694,654,1536
62,894,119,1075
697,410,107,1214
139,790,443,1372
753,996,969,2718
368,545,943,1856
731,284,803,1818
624,715,655,1994
304,492,520,1316
370,639,892,1901
312,694,405,1411
339,943,365,1647
853,356,562,1771
801,974,503,2278
732,975,527,2234
227,393,554,1174
180,905,759,1844
1,176,360,537
453,543,961,1957
856,61,849,1766
955,662,959,2576
812,816,73,1701
62,329,785,1176
903,542,759,2204
848,801,297,1946
642,985,536,2163
640,852,751,2243
756,220,974,1950
473,611,311,1395
637,362,581,1580
768,290,531,1589
335,696,581,1612
958,695,216,1869
429,587,327,1343
2,100,780,882
520,923,339,1782
551,413,815,1779
904,840,196,1940
969,319,627,1915
775,372,623,1770
873,39,547,1459
194,313,723,1230
485,725,673,1883
412,71,653,1136
337,378,633,1348
873,833,669,2375
106,809,860,1775
14,556,462,1032
105,336,943,1384
488,976,699,2163
723,681,69,1473
938,203,31,1172
638,778,379,1795
235,993,182,1410
296,761,565,1622
618,267,859,1744
749,658,584,1991
289,828,828,1945
328,536,424,1288
465,700,105,1270
911,555,438,1904
76,321,395,792
361,714,608,1683
466,994,741,2201
896,173,259,1328
304,694,113,1111
112,503,316,931
143,36,647,826
829,215,310,1354
373,874,510,1757
612,61,655,1328
941,608,357,1906
444,66,663,1173
247,974,949,2170
49,520,207,776
494,330,209,1033
289,434,524,1247
431,83,721,1235
149,469,225,843
379,589,250,1218
751,3,830,1584
624,132,117,873
213,231,98,542
136,244,768,1148
48,179,982,1209
42,923,576,1541
770,558,859,2187
533,922,161,1616
614,342,276,1232
662,645,833,2140
360,323,924,1607
819,331,67,1217
971,203,792,1966
169,62,287,518
357,952,592,1901
274,557,806,1637
482,22,807,1311
588,433,0,1021
501,338,253,1092
694,635,662,1991
427,266,242,935
518,697,294,1509
381,140,584,1105
571,742,995,2308
399,669,531,1599
676,699,371,1746
670,379,678,1727
256,434,300,990
332,472,113,917
199,869,318,1386
253,777,541,1571
579,895,275,1749
856,1000,371,2227
284,818,941,2043
303,659,362,1324
854,777,471,2102
285,487,179,951
759,193,808,1760
914,514,434,1862
768,10,148,926
642,589,861,2092
343,672,862,1877
734,650,30,1414
157,368,343,868
389,134,173,696
698,441,919,2058
182,401,293,876
756,895,798,2449
515,369,511,1395
833,202,514,1549
328,100,924,1352
439,673,143,1255
273,952,682,1907
557,896,699,2152
401,878,587,1866
166,141,805,1112
681,36,757,1474
362,999,541,1902
327,149,949,1425
302,987,533,1822
671,849,227,1747
816,322,439,1577
802,640,506,1948
125,130,455,710
214,86,463,763
810,792,333,1935
923,235,211,1369
81,131,763,975
126,103,54,283
372,84,569,1025
17,571,111,699
250,566,491,1307
132,62,827,1021
54,135,694,883
251,283,662,1196
327,928,527,1782
634,532,859,2025
457,5,871,1333
914,375,278,1567
543,290,461,1294
80,204,784,1068
207,167,639,1013
601,854,650,2105
538,214,462,1214
659,47,41,747
387,921,345,1653
388,472,965,1825
551,728,608,1887
810,690,175,1675
469,832,193,1494
29,837,536,1402
72,292,159,523
113,408,58,579
66,625,387,1078
239,414,110,763
73,225,78,376
77,593,102,772
50,319,403,772
538,810,499,1847
935,509,69,1513
390,214,660,1264
861,568,447,1876
541,577,832,1950
311,513,402,1226
237,372,763,1372
25,898,476,1399
592,664,124,1380
532,701,260,1493
51,555,484,1090
728,600,420,1748
200,893,564,1657
266,183,454,903
946,785,998,2729
75,84,108,267
946,221,47,1214
52,109,975,1136
384,48,544,976
535,380,451,1366
435,619,231,1285
441,734,449,1624
902,251,265,1418
591,357,611,1559
378,979,375,1732
163,4,277,444
539,764,133,1436
360,479,463,1302
505,411,337,1253
79,344,928,1351
95,187,451,733
91,108,890,1089
327,98,824,1249
663,824,220,1707
264,822,453,1539
816,855,503,2174
45,890,296,1231
948,80,114,1142
356,432,772,1560
200,118,944,1262
962,482,427,1871
318,667,995,1980
689,957,355,2001
863,28,471,1362
498,742,901,2141
48,116,895,1059
100,891,408,1399
413,531,639,1583
660,932,369,1961
628,598,175,1401
991,449,605,2045
298,13,768,1079
810,645,290,1745
892,889,433,2214
725,798,749,2272
580,62,302,944
327,656,105,1088
812,596,631,2039
255,183,17,455
558,434,787,1779
635,237,974,1846
685,39,76,800
434,466,747,1647
301,745,520,1566
909,502,788,2199
163,649,515,1327
269,657,990,1916
308,447,735,1490
567,457,589,1613
388,436,610,1434
819,804,511,2134
84,247,537,868
798,965,924,2687
777,396,836,2009
540,923,250,1713
402,690,635,1727
156,572,900,1628
752,81,266,1099
134,618,68,820
342,326,90,758
890,507,414,1811
810,426,945,2181
756,586,162,1504
330,957,268,1555
266,234,906,1406
762,60,869,1691
467,965,889,2321
498,385,102,985
795,605,372,1772
255,692,796,1743
80,948,489,1517
449,632,127,1208
129,126,281,536
286,167,680,1133
930,155,338,1423
693,353,566,1612
700,691,246,1637
612,1000,11,1623
83,885,102,1070
729,216,767,1712
594,635,230,1459
775,753,223,1751
32,282,856,1170
86,380,855,1321
294,442,660,1396
842,677,955,2474
542,350,946,1838
216,265,831,1312
588,722,515,1825
784,213,597,1594
112,952,479,1543
301,303,325,929
600,752,432,1784
329,89,500,918
801,99,62,962
161,134,751,1046
559,774,118,1451
298,764,802,1864
199,518,276,993
140,361,229,730
13,711,583,1307
467,841,660,1968
793,887,116,1796
574,158,129,861
204,314,411,929
885,555,380,1820
31,432,609,1072
66,807,186,1059
521,726,255,1502
720,480,687,1887
119,364,491,974
92,921,583,1596
508,56,343,907
804,421,458,1683
664,471,763,1898
163,204,830,1197
393,96,52,541
866,682,716,2264
251,927,437,1615
639,998,819,2456
261,845,863,1969
49,703,242,994
836,834,193,1863
436,356,28,820
987,758,540,2285
58,990,664,1712
719,555,617,1891
601,810,364,1775
91,936,395,1422
59,118,981,1158
25,302,697,1024
246,773,869,1888
752,924,734,2410
592,465,587,1644
834,897,436,2167
8,703,535,1246
240,907,763,1910
545,877,48,1470
632,196,850,1678
743,946,620,2309
806,171,735,1712
587,754,177,1518
813,859,979,2651
419,852,425,1696
368,255,819,1442
657,515,696,1868
741,446,233,1420
701,311,615,1627
400,580,731,1711
638,697,68,1403
83,969,118,1170
193,352,366,911
507,877,690,2074
144,194,558,896
802,56,952,1810
90,194,727,1011
371,382,815,1568
910,513,826,2249
916,699,888,2503
568,734,721,2023
834,986,914,2734
63,274,464,801
302,30,358,690
615,559,848,2022
186,840,809,1835
389,933,255,1577
251,243,153,647
81,637,563,1281
350,848,165,1363
991,183,151,1325
391,108,192,691
570,403,861,1834
232,95,166,493
454,170,625,1249
435,113,364,912
35,32,598,665
935,291,168,1394
160,219,226,605
562,960,742,2264
22,720,748,1490
777,718,510,2005
935,863,127,1925
953,423,285,1661
676,562,112,1350
749,49,839,1637
584,755,815,2154
900,474,859,2233
348,828,607,1783
544,602,607,1753
1000,848,913,2761
598,591,854,2043
751,127,760,1638
600,268,514,1382
17,929,296,1242
30,127,977,1134
197,375,843,1415
153,368,277,798
70,494,876,1440
330,38,691,1059
945,360,786,2091
673,63,766,1502
26,972,875,1873
663,801,239,1703
383,404,831,1618
530,921,888,2339
371,636,170,1177
439,232,679,1350
282,592,978,1852
267,279,527,1073
152,682,24,858
282,358,926,1566
854,501,807,2162
149,33,439,621
171,529,629,1329
804,106,10,920
204,695,523,1422
723,194,183,1100
352,725,577,1654
676,580,229,1485
200,57,913,1170
3,106,441,550
54,791,364,1209
762,809,145,1716
247,639,69,955
411,603,336,1350
422,384,844,1650
257,691,915,1863
519,140,69,728
542,270,759,1571
179,932,119,1230
465,179,174,818
506,613,726,1845
368,814,463,1645
833,942,856,2631
175,879,95,1149
809,289,847,1945
824,696,991,2511
927,41,989,1957
270,875,549,1694
615,72,890,1577
650,836,778,2264
667,960,426,2053
535,470,241,1246
169,305,178,652
231,671,169,1071
318,835,916,2069
81,343,612,1036
742,104,6,852
611,150,855,1616
398,437,497,1332
331,839,317,1487
683,877,113,1673
88,353,62,503
118,68,715,901
358,294,984,1636
22,562,137,721
688,94,524,1306
671,411,691,1773
338,342,101,781
407,89,496,992
171,255,555,981
433,105,647,1185
238,492,952,1682
283,886,517,1686
135,636,844,1615
408,141,465,1014
326,306,229,861
499,677,763,1939
26,133,133,292
778,808,17,1603
652,293,91,1036
701,521,429,1651
855,299,343,1497
990,818,481,2289
950,47,679,1676
645,511,198,1354
600,788,677,2065
509,897,534,1940
274,78,173,525
961,823,256,2040
962,967,993,2922
247,685,469,1401
288,129,552,969
943,1000,744,2687
894,213,567,1674
986,538,938,2462
226,222,996,1444
20,402,657,1079
918,894,215,2027
675,316,107,1098
590,264,630,1484
917,873,536,2326
153,61,220,434
481,623,193,1297
539,922,319,1780
270,1,286,557
533,133,89,755
456,914,150,1520
297,938,939,2174
908,390,737,2035
794,418,206,1418
289,16,467,772
831,697,802,2330
150,599,595,1344
328,76,551,955
381,392,69,842
820,30,643,1493
404,990,749,2143
795,230,566,1591
884,387,45,1316
650,180,116,946
583,766,841,2190
690,60,194,944
653,466,237,1356
246,212,535,993
915,110,879,1904
285,810,194,1289
743,847,161,1751
406,419,73,898
448,784,99,1331
561,257,66,884
544,371,169,1084
626,459,770,1855
236,391,860,1487
791,890,821,2502
98,791,52,941
850,164,344,1358
491,933,1,1425
831,535,980,2346
205,660,597,1462
792,618,717,2127
135,719,36,890
854,911,490,2255
878,475,868,2221
104,348,995,1447
603,417,324,1344
819,257,343,1419
94,391,999,1484
548,132,864,1544
941,540,441,1922
308,599,409,1316
258,761,891,1910
407,326,798,1531
930,35,759,1724
608,73,936,1617
272,99,473,844
813,529,990,2332
130,494,433,1057
456,681,334,1471
860,385,107,1352
530,865,326,1721
687,601,370,1658
409,74,11,494
272,762,633,1667
595,849,215,1659
438,749,941,2128
946,229,38,1213
39,821,900,1760
933,942,802,2677
885,577,888,2350
969,486,639,2094
773,800,261,1834
491,421,188,1100
107,719,73,899
279,758,430,1467
871,245,98,1214
827,323,76,1226
43,470,112,625
908,82,621,1611
786,198,871,1855
639,666,654,1959
136,791,647,1574
666,390,762,1818
547,926,134,1607
768,777,438,1983
199,212,882,1293
265,432,145,842
626,2,594,1222
794,477,810,2081
164,383,162,709
614,237,894,1745
0,96,513,609
790,764,177,1731
276,257,537,1070
207,41,84,332
473,829,855,2157
715,523,801,2039
0,409,887,1296
329,693,894,1916
400,463,917,1780
374,133,309,816
836,184,636,1656
714,356,850,1920
190,400,897,1487
443,88,615,1146
465,116,706,1287
901,604,683,2188
653,371,670,1694
271,688,967,1926
945,194,802,1941
427,998,279,1704
722,795,221,1738
223,17,801,1041
731,408,461,1600
78,300,132,510
323,241,251,815
148,851,444,1443
278,342,95,715
198,421,55,674
127,628,651,1406
778,581,42,1401
550,142,419,1111
176,637,443,1256
422,522,246,1190
150,550,673,1373
508,874,467,1849
117,818,544,1479
415,30,748,1193
807,942,666,2415
118,549,593,1260
557,192,562,1311
912,906,917,2735
167,990,500,1657
371,916,95,1382
734,110,971,1815
598,116,754,1468
939,527,823,2289
23,295,473,791
116,618,602,1336
90,406,926,1422
446,602,592,1640
354,651,788,1793
409,266,75,750
902,717,453,2072
833,197,203,1233
977,9,674,1660
387,477,242,1106
634,958,735,2327
445,663,513,1621
797,636,333,1766
997,182,37,1216
106,337,620,1063
117,874,129,1120
118,442,412,972
991,45,218,1254
537,872,13,1422
69,556,72,697
160,806,170,1136
947,33,64,1044
856,548,969,2373
508,119,6,633
277,924,73,1274
854,425,645,1924
714,211,462,1387
7,886,78,971
945,742,894,2581
391,694,580,1665
571,423,29,1023
915,771,935,2621
414,647,661,1722
464,578,326,1368
808,748,918,2474
432,118,463,1013
135,242,701,1078
915,695,4,1614
721,454,984,2159
931,654,182,1767
255,873,937,2065
50,593,223,866
609,703,659,1971
656,425,43,1124
744,835,152,1731
711,622,100,1433
48,415,406,869
781,838,766,2385
27,355,399,781
492,823,192,1507
538,355,637,1530
631,597,106,1334
428,780,653,1861
145,237,321,703
594,870,758,2222
163,775,593,1531
834,359,695,1888
303,159,191,653
170,757,170,1097
850,316,237,1403
977,941,845,2763
316,467,80,863
530,6,362,898
474,234,22,730
266,889,821,1976
449,554,93,1096
602,209,594,1405
378,399,84,861
251,317,308,876
339,786,249,1374
93,936,199,1228
940,754,180,1874
700,844,860,2404
889,508,953,2350
112,782,374,1268
255,738,303,1296
992,759,16,1767
464,512,664,1640
792,694,765,2251
147,801,484,1432
484,993,880,2357
965,992,417,2374
142,455,173,770
821,214,48,1083
349,654,14,1017
847,802,554,2203
115,593,993,1701
1000,681,810,2491
378,792,694,1864
980,822,212,2014
924,264,500,1688
353,796,78,1227
887,102,992,1981
780,134,755,1669
890,482,347,1719
698,207,583,1488
594,301,247,1142
782,255,702,1739
761,806,73,1640
587,502,393,1482
275,24,423,722
195,26,940,1161
935,869,531,2335
94,925,185,1204
110,109,758,977
764,814,269,1847
86,210,262,558
135,186,517,838
182,948,948,2078
460,914,967,2341
821,904,733,2458
46,283,683,1012
771,219,510,1500
510,347,497,1354
850,194,818,1862
938,654,473,2065
310,361,343,1014
785,682,795,2262
251,227,725,1203
643,432,573,1648
808,589,734,2131
108,458,486,1052
891,83,655,1629
90,805,119,1014
606,240,265,1111
912,688,687,2287
306,746,15,1067
613,447,60,1120
144,885,127,1156
765,496,640,1901
131,671,607,1409
397,609,146,1152
780,878,523,2181
746,853,876,2475
142,414,572,1128
943,873,814,2630
451,674,114,1239
29,124,187,340
24,324,987,1335
704,342,773,1819
711,363,675,1749
417,40,523,980
161,988,82,1231
714,51,781,1546
953,905,242,2100
603,289,773,1665
355,518,886,1759
294,477,553,1324
410,129,870,1409
959,864,995,2818
485,811,137,1433
194,235,666,1095
166,324,640,1130
270,377,386,1033
546,131,290,967
655,571,757,1983
350,475,652,1477
325,539,386,1250
963,946,706,2615
122,80,727,929
219,536,283,1038
77,330,119,526
946,680,507,2133
782,116,290,1188
564,186,193,943
755,802,695,2252
992,812,233,2037
896,587,484,1967
913,215,898,2026
552,686,944,2182
591,675,415,1681
505,688,638,1831
724,309,931,1964
910,729,216,1855
331,232,712,1275
866,914,506,2286
277,817,911,2005
907,482,904,2293
401,693,722,1816
908,507,979,2394
296,148,40,484
800,587,0,1387
35,190,509,734
5,117,423,545
981,183,591,1755
739,503,635,1877
818,429,782,2029
361,845,632,1838
16,839,266,1121
55,47,515,617
114,138,818,1070
852,619,688,2159
252,430,711,1393
881,88,471,1440
24,195,160,379
796,914,908,2618
269,84,302,655
972,166,909,2047
742,46,300,1088
505,467,849,1821
202,86,159,447
872,230,695,1797
841,58,322,1221
243,583,656,1482
408,56,404,868
328,552,465,1345
555,884,367,1806
586,955,697,2238
703,680,671,2054
229,962,613,1804
784,138,591,1513
117,614,197,928
86,796,467,1349
850,834,575,2259
710,589,419,1718
897,925,192,2014
643,124,659,1426
852,670,745,2267
733,69,104,906
583,188,34,805
485,852,36,1373
263,435,863,1561
285,958,826,2069
625,418,582,1625
648,902,999,2549
308,462,948,1718
274,544,477,1295
775,719,862,2356
34,63,246,343
334,117,771,1222
163,723,914,1800
572,439,922,1933
483,30,924,1437
930,999,808,2737
38,533,235,806
443,240,799,1482
942,921,344,2207
689,998,89,1776
364,375,595,1334
141,429,688,1258
98,886,473,1457
428,730,50,1208
15,488,896,1399
733,929,611,2273
320,684,135,1139
734,101,947,1782
805,948,96,1849
513,704,458,1675
151,618,495,1264
24,396,372,792
635,946,738,2319
729,69,442,1240
130,526,333,989
639,622,323,1584
530,672,984,2186
482,435,260,1177
878,4,154,1036
424,196,664,1284
297,836,794,1927
231,387,940,1558
107,56,184,347
159,888,13,1060
71,935,950,1956
70,330,92,492
277,670,504,1451
589,368,3,960
735,571,271,1577
985,693,600,2278
940,397,584,1921
778,966,899,2643
603,934,644,2181
390,98,235,723
683,287,175,1145
668,955,738,2361
154,373,128,655
905,425,462,1792
780,529,119,1428
625,30,36,691
945,350,344,1639
467,871,486,1824
422,695,375,1492
524,657,379,1560
383,362,725,1470
132,567,168,867
127,666,18,811
434,825,1000,2259
153,515,39,707
73,300,276,649
982,537,731,2250
902,887,12,1801
757,235,387,1379
821,36,326,1183
491,380,467,1338
580,706,414,1700
877,158,451,1486
363,153,238,754
392,50,348,790
908,454,321,1683
250,69,724,1043
34,97,179,310
883,179,657,1719
955,853,905,2713
92,157,39,288
7,859,2,868
500,506,690,1696
690,706,114,1510
744,585,819,2148
657,726,276,1659
675,679,983,2337
60,525,292,877
25,929,180,1134
155,169,224,548
72,495,128,695
822,364,499,1685
123,536,331,990
626,461,695,1782
142,902,451,1495
533,654,826,2013
260,514,30,804
929,126,54,1109
147,764,808,1719
543,787,517,1847
464,593,247,1304
368,265,984,1617
858,836,982,2676
454,76,788,1318
236,145,37,418
454,143,920,1517
810,512,905,2227
909,91,934,1934
501,773,820,2094
18,788,785,1591
111,447,68,626
919,965,751,2635
656,110,193,959
842,20,156,1018
538,515,83,1136
560,151,746,1457
586,207,582,1375
5,702,938,1645
476,574,929,1979
777,13,812,1602
159,434,97,690
958,459,655,2072
777,142,629,1548
941,65,690,1696
719,613,690,2022
880,944,123,1947
951,958,292,2201
275,785,396,1456
488,425,160,1073
978,977,926,2881
272,276,962,1510
152,69,568,789
251,156,908,1315
559,907,196,1662
172,483,806,1461
693,751,161,1605
893,165,94,1152
239,30,829,1098
200,594,300,1094
712,261,858,1831
610,522,986,2118
58,910,829,1797
741,32,443,1216
37,379,94,510
100,147,60,307
599,532,658,1789
750,395,720,1865
997,805,74,1876
694,937,642,2273
325,810,61,1196
839,784,709,2332
671,405,389,1465
157,229,501,887
52,103,199,354
927,684,630,2241
937,876,535,2348
92,863,897,1852
989,745,156,1890
763,564,967,2294
141,726,222,1089
590,197,997,1784
179,385,574,1138
505,456,653,1614
148,88,151,387
300,436,15,751
898,511,35,1444
332,218,618,1168
12,752,557,1321
164,985,85,1234
127,910,345,1382
548,78,434,1060
285,95,332,712
103,935,967,2005
397,891,877,2165
9,100,243,352
353,116,884,1353
253,796,447,1496
685,675,61,1421
29,164,833,1026
635,773,317,1725
551,462,441,1454
254,31,732,1017
79,191,516,786
34,434,119,587
691,202,729,1622
526,892,205,1623
133,524,984,1641
70,779,597,1446
660,954,390,2004
598,303,481,1382
987,992,816,2795
71,885,297,1253
507,641,302,1450
706,891,978,2575
957,60,508,1525
267,53,885,1205
107,76,951,1134
354,270,629,1253
892,93,34,1019
360,319,361,1040
864,324,432,1620
265,95,123,483
631,423,262,1316
261,198,47,506
333,384,294,1011
197,676,596,1469
417,629,596,1642
903,808,569,2280
769,450,130,1349
950,171,150,1271
635,634,776,2045
980,811,946,2737
908,360,306,1574
229,682,430,1341
759,320,141,1220
500,846,673,2019
828,47,923,1798
605,46,784,1435
79,265,421,765
44,224,410,678
977,762,759,2498
394,211,571,1176
108,109,691,908
252,140,534,926
320,176,39,535
22,143,13,178
875,315,106,1296
883,228,225,1336
688,661,29,1378
701,689,1,1391
721,186,488,1395
843,294,57,1194
690,32,11,733
462,545,359,1366
186,98,529,813
566,736,832,2134
951,179,678,1808
5,746,974,1725
500,959,692,2151
310,323,87,720
707,537,347,1591
864,422,270,1556
77,803,334,1214
669,693,776,2138
808,19,984,1811
513,504,375,1392
899,651,232,1782
176,29,289,494
465,674,596,1735
930,425,246,1601
120,123,773,1016
899,801,715,2415
687,814,682,2183
132,182,804,1118
46,966,500,1512
286,909,564,1759
614,453,80,1147
288,410,650,1348
383,491,323,1197
745,450,528,1723
981,547,284,1812
272,636,274,1182
849,58,351,1258
918,144,969,2031
431,403,523,1357
518,854,931,2303
503,626,456,1585
650,562,219,1431
694,928,179,1801
352,497,441,1290
928,173,414,1515
517,474,793,1784
89,188,619,896
967,77,198,1242
495,295,659,1449
963,752,667,2382
869,990,93,1952
110,100,719,929
113,557,498,1168
48,233,287,568
685,997,415,2097
527,43,341,911
41,650,147,838
920,873,54,1847
441,590,244,1275
207,346,45,598
34,152,358,544
160,951,226,1337
260,927,692,1879
315,819,962,2096
394,186,244,824
139,996,851,1986
352,326,248,926
108,344,367,819
810,439,158,1407
220,31,343,594
428,298,609,1335
286,986,577,1849
238,907,710,1855
248,95,691,1034
807,521,837,2165
391,138,177,706
356,313,228,897
66,658,477,1201
842,189,569,1600
806,437,886,2129
4,485,467,956
258,934,13,1205
395,714,378,1487
1,33,351,385
652,921,763,2336
652,543,746,1941
440,948,621,2009
170,442,510,1122
779,50,520,1349
758,478,124,1360
16,305,239,560
31,39,744,814
48,47,569,664
52,148,561,761
481,335,931,1747
351,9,618,978
191,11,132,334
813,653,104,1570
549,404,346,1299
514,468,118,1100
621,769,753,2143
235,278,964,1477
787,163,465,1415
849,504,593,1946
626,728,959,2313
580,252,787,1619
900,727,58,1685
439,77,918,1434
300,906,351,1557
509,620,535,1664
782,27,604,1413
354,606,818,1778
507,538,130,1175
51,762,702,1515
775,270,957,2002
516,818,671,2005
314,562,93,969
40,981,92,1113
692,106,481,1279
893,154,688,1735
619,694,87,1400
597,586,109,1292
258,209,648,1115
112,432,4,548
560,264,549,1373
110,737,658,1505
81,847,415,1343
593,402,227,1222
329,577,318,1224
277,721,771,1769
650,941,448,2039
319,274,303,896
904,735,974,2613
485,970,796,2251
638,656,959,2253
226,345,422,993
911,330,610,1851
833,267,235,1335
693,148,172,1013
96,630,920,1646
141,589,602,1332
187,683,228,1098
886,160,28,1074
294,411,545,1250
259,883,36,1178
354,660,630,1644
422,143,605,1170
283,577,461,1321
669,623,145,1437
65,245,970,1280
243,420,244,907
205,194,944,1343
631,604,614,1849
612,704,49,1365
291,479,231,1001
556,177,402,1135
648,498,473,1619
927,128,121,1176
17,873,394,1284
940,152,66,1158
194,712,94,1000
855,675,508,2038
131,77,636,844
962,850,783,2595
123,95,743,961
525,304,548,1377
703,545,543,1791
805,264,904,1973
919,486,104,1509
309,469,355,1133
424,951,744,2119
454,543,583,1580
9,36,792,837
667,195,709,1571
981,307,174,1462
511,976,348,1835
658,613,494,1765
692,113,874,1679
421,332,754,1507
250,685,195,1130
726,838,475,2039
117,313,421,851
362,773,105,1240
69,766,754,1589
739,565,693,1997
361,28,83,472
797,881,562,2240
492,559,668,1719
631,250,716,1597
359,697,487,1543
975,14,54,1043
571,14,921,1506
37,452,362,851
435,806,789,2030
617,428,830,1875
244,673,556,1473
235,664,599,1498
503,323,455,1281
475,730,416,1621
434,95,673,1202
685,166,25,876
915,282,403,1600
737,560,977,2274
11,501,84,596
288,140,771,1199
117,193,257,567
823,122,219,1164
314,787,875,1976
874,163,660,1697
515,181,338,1034
584,43,212,839
60,959,882,1901
791,119,593,1503
517,766,264,1547
823,432,858,2113
604,153,714,1471
204,724,779,1707
908,30,569,1507
784,268,599,1651
39,656,270,965
621,613,128,1362
972,740,146,1858
607,841,241,1689
255,313,141,709
194,737,9,940
778,651,490,1919
431,821,961,2213
463,575,51,1089
762,550,868,2180
66,998,445,1509
122,297,60,479
731,686,671,2088
216,144,707,1067
963,746,660,2369
253,876,615,1744
189,39,189,417
328,509,90,927
907,456,204,1567
833,196,996,2025
819,263,58,1140
578,301,125,1004
493,747,693,1933
339,793,285,1417
778,880,887,2545
568,702,248,1518
290,891,269,1450
261,550,122,933
580,903,437,1920
75,273,455,803
114,860,33,1007
233,678,270,1181
642,692,91,1425
505,923,511,1939
693,389,562,1644
519,281,674,1474
728,16,587,1331
927,539,931,2397
417,939,97,1453
670,72,554,1296
76,217,242,535
741,979,593,2313
108,147,705,960
383,785,352,1520
156,559,351,1066
329,13,862,1204
294,831,394,1519
652,357,196,1205
775,996,134,1905
303,928,69,1300
901,901,246,2048
344,235,925,1504
71,981,614,1666
571,139,66,776
131,961,277,1369
795,632,352,1779
82,633,926,1641
641,373,187,1201
604,162,21,787
841,823,502,2166
126,56,322,504
239,165,304,708
910,91,158,1159
84,310,669,1063
692,340,569,1601
600,85,722,1407
546,705,670,1921
725,243,774,1742
996,108,912,2016
52,619,87,758
319,446,897,1662
824,407,151,1382
884,635,836,2355
341,363,921,1625
510,674,63,1247
566,590,388,1544
261,608,249,1118
353,688,287,1328
961,522,269,1752
888,245,472,1605
916,828,316,2060
48,735,851,1634
626,954,807,2387
900,565,103,1568
40,336,173,549
899,232,961,2092
948,615,75,1638
373,690,147,1210
220,513,207,940
410,207,363,980
877,594,783,2254
273,465,587,1325
600,697,790,2087
810,220,512,1542
276,876,439,1591
939,27,331,1297
554,586,846,1986
187,763,361,1311
506,254,563,1323
960,880,307,2147
289,869,449,1607
168,146,774,1088
201,853,945,1999
728,643,861,2232
592,382,53,1027
138,707,48,893
846,678,182,1706
502,516,876,1894
0,261,114,375
678,877,725,2280
358,632,296,1286
241,403,822,1466
546,208,248,1002
798,247,40,1085
649,74,182,905
439,550,122,1111
173,128,427,728
819,906,818,2543
258,559,298,1115
44,836,901,1781
748,119,904,1771
951,628,289,1868
513,47,848,1408
586,339,227,1152
629,359,38,1026
32,61,566,659
591,528,863,1982
818,761,962,2541
648,651,562,1861
279,328,697,1304
12,404,424,840
883,9,179,1071
122,494,412,1028
637,291,374,1302
49,16,324,389
21,213,846,1080
759,0,13,772
735,980,595,2310
27,782,573,1382
255,666,3,924
751,658,692,2101
179,528,741,1448
567,481,256,1304
638,306,471,1415
866,17,442,1325
607,520,83,1210
833,559,67,1459
886,730,69,1685
867,222,599,1688
966,815,816,2597
452,583,389,1424
506,484,393,1383
589,264,285,1138
440,92,115,647
740,829,834,2403
881,863,852,2596
338,765,642,1745
879,129,384,1392
565,747,348,1660
420,504,889,1813
948,268,365,1581
572,233,875,1680
420,897,725,2042
564,708,104,1376
517,454,262,1233
927,407,889,2223
384,994,447,1825
47,228,136,411
756,657,614,2027
719,976,90,1785
269,580,884,1733
250,742,481,1473
641,296,323,1260
21,744,32,797
296,947,681,1924
625,156,937,1718
403,221,986,1610
754,734,744,2232
878,866,851,2595
622,885,106,1613
803,593,112,1508
170,924,584,1678
187,232,659,1078
443,983,94,1520
435,491,48,974
491,515,260,1266
588,973,356,1917
230,658,195,1083
399,145,902,1446
15,405,855,1275
754,289,250,1293
649,292,359,1300
327,36,144,507
428,39,997,1464
388,341,364,1093
714,426,852,1992
345,274,159,778
888,356,288,1532
896,259,671,1826
746,977,393,2116
282,579,67,928
533,550,397,1480
937,424,481,1842
353,373,631,1357
816,53,552,1421
798,861,558,2217
384,526,154,1064
315,349,813,1477
189,286,125,600
87,110,682,879
165,708,579,1452
620,46,826,1492
499,833,805,2137
100,236,98,434
288,866,386,1540
600,38,485,1123
535,249,502,1286
750,234,108,1092
882,217,979,2078
996,316,247,1559
500,729,852,2081
111,233,836,1180
674,801,98,1573
13,599,712,1324
555,229,537,1321
834,165,377,1376
61,958,709,1728
814,535,883,2232
107,627,782,1516
674,684,998,2356
315,772,369,1456
176,618,879,1673
957,994,965,2916
42,33,928,1003
357,190,112,659
69,607,124,800
252,424,790,1466
212,266,519,997
546,185,480,1211
841,964,542,2347
214,549,981,1744
43,880,187,1110
993,19,212,1224
607,460,890,1957
118,828,221,1167
243,892,233,1368
632,446,111,1189
78,89,287,454
268,20,675,963
916,225,598,1739
524,326,952,1802
441,641,103,1185
127,446,849,1422
970,99,553,1622
558,72,654,1284
612,390,859,1861
210,503,727,1440
928,590,308,1826
512,543,1000,2055
646,582,213,1441
141,879,359,1379
707,444,737,1888
932,894,846,2672
800,543,934,2277
292,544,402,1238
703,862,118,1683
127,210,213,550
554,733,53,1340
349,920,514,1783
94,49,306,449
738,960,70,1768
780,38,879,1697
269,986,746,2001
575,520,42,1137
866,751,746,2363
467,360,855,1682
476,167,951,1594
208,516,470,1194
656,690,538,1884
176,731,193,1100
693,811,841,2345
47,320,5,372
675,493,781,1949
867,402,520,1789
431,873,623,1927
791,468,214,1473
361,431,396,1188
292,306,518,1116
207,478,868,1553
962,936,494,2392
33,673,766,1472
553,114,748,1415
545,182,456,1183
783,575,69,1427
207,107,689,1003
241,927,295,1463
686,787,836,2309
571,990,932,2493
36,275,544,855
663,270,699,1632
342,102,612,1056
604,80,967,1651
658,821,598,2077
869,178,961,2008
532,354,885,1771
482,397,144,1023
630,331,839,1800
537,87,220,844
942,607,455,2004
779,553,41,1373
353,52,242,647
64,467,389,920
227,21,52,300
872,79,158,1109
627,908,141,1676
776,626,270,1672
662,95,258,1015
883,845,130,1858
379,960,702,2041
796,347,125,1268
278,546,814,1638
494,617,903,2014
410,174,821,1405
99,363,657,1119
918,876,513,2307
13,16,315,344
758,964,500,2222
589,57,416,1062
30,608,780,1418
751,702,212,1665
55,472,72,599
642,707,768,2117
398,874,534,1806
382,61,752,1195
715,680,210,1605
598,114,452,1164
541,10,699,1250
142,460,633,1235
829,700,174,1703
537,342,188,1067
112,797,621,1530
808,667,402,1877
86,362,889,1337
261,262,568,1091
144,298,254,696
274,60,543,877
778,36,783,1597
17,316,412,745
493,492,462,1447
79,482,924,1485
135,975,519,1629
734,637,628,1999
770,219,730,1719
862,496,686,2044
401,470,426,1297
600,229,632,1461
456,729,24,1209
992,745,22,1759
467,651,929,2047
78,78,988,1144
758,28,533,1319
460,757,937,2154
817,32,2,851
298,394,237,929
384,733,126,1243
981,902,599,2482
977,473,420,1870
497,160,699,1356
372,847,20,1239
4,736,247,987
609,519,578,1706
685,80,30,795
638,666,677,1981
567,470,369,1406
596,406,291,1293
750,798,883,2431
408,458,287,1153
196,17,83,296
353,217,442,1012
227,899,599,1725
773,318,151,1242
474,451,301,1226
587,908,419,1914
8,333,994,1335
292,229,11,532
882,960,659,2501
907,467,746,2120
516,329,806,1651
207,399,429,1035
866,237,907,2010
431,433,961,1825
367,99,441,907
825,828,823,2476
539,541,338,1418
620,293,236,1149
127,796,911,1834
619,949,569,2137
10,834,73,917
827,836,521,2184
867,767,676,2310
63,186,398,647
500,238,73,811
360,417,235,1012
403,614,587,1604
715,13,337,1065
867,591,800,2258
845,873,765,2483
66,473,321,860
990,260,125,1375
464,392,48,904
897,558,783,2238
134,781,259,1174
516,190,111,817
613,998,674,2285
218,711,946,1875
997,881,98,1976
464,310,706,1480
876,390,482,1748
429,126,516,1071
173,618,713,1504
126,657,791,1574
967,512,911,2390
158,578,826,1562
573,578,870,2021
973,266,241,1480
430,943,787,2160
943,38,865,1846
793,413,873,2079
829,642,332,1803
936,109,28,1073
743,646,476,1865
579,904,940,2423
830,632,97,1559
548,251,471,1270
115,429,245,789
234,802,484,1520
447,520,206,1173
871,999,462,2332
228,470,175,873
939,770,500,2209
833,632,446,1911
473,340,595,1408
665,646,950,2261
600,781,163,1544
64,774,824,1662
3,60,494,557
177,292,513,982
567,746,408,1721
586,487,531,1604
611,72,856,1539
717,420,563,1700
202,428,848,1478
396,213,151,760
606,538,38,1182
492,407,224,1123
27,959,918,1904
86,85,319,490
469,938,581,1988
357,401,971,1729
889,324,489,1702
454,176,484,1114
874,213,171,1258
709,241,792,1742
514,567,656,1737
235,606,873,1714
380,256,923,1559
944,424,238,1606
111,935,20,1066
204,584,733,1521
670,885,850,2405
309,27,414,750
883,819,604,2306
700,59,439,1198
397,594,413,1404
807,359,830,1996
449,603,297,1349
681,149,243,1073
321,129,313,763
900,495,612,2007
682,544,729,1955
23,347,680,1050
848,500,77,1425
794,145,937,1876
117,144,211,472
62,668,854,1584
117,926,362,1405
210,423,489,1122
306,491,735,1532
206,795,291,1292
841,237,652,1730
397,590,768,1755
170,831,361,1362
386,776,312,1474
767,515,841,2123
169,80,477,726
840,337,859,2036
299,195,270,764
377,838,616,1831
9,481,575,1065
647,5,945,1597
240,191,71,502
578,336,156,1070
386,53,312,751
448,678,631,1757
166,856,92,1114
684,232,704,1620
983,83,794,1860
682,530,709,1921
732,397,185,1314
386,683,456,1525
758,493,324,1575
727,655,136,1518
540,854,515,1909
159,261,317,737
390,5,504,899
753,549,335,1637
597,681,467,1745
434,92,846,1372
894,981,594,2469
416,844,220,1480
818,17,522,1357
509,174,716,1399
741,395,783,1919
439,357,748,1544
430,683,181,1294
931,111,783,1825
546,311,600,1457
256,981,40,1277
964,883,117,1964
890,1,4,895
802,267,174,1243
289,756,134,1179
146,73,640,859
493,632,414,1539
972,776,454,2202
153,497,344,994
817,538,652,2007
497,114,422,1033
609,533,861,2003
884,348,953,2185
817,800,778,2395
614,685,205,1504
90,713,87,890
812,65,295,1172
538,894,431,1863
291,235,236,762
942,880,122,1944
171,931,348,1450
998,395,182,1575
64,649,207,920
726,646,195,1567
990,409,565,1964
722,117,870,1709
277,771,322,1370
890,908,38,1836
976,267,369,1612
564,605,696,1865
282,94,575,951
384,937,408,1729
332,434,291,1057
571,113,934,1618
398,995,77,1470
10,54,321,385
459,307,418,1184
806,920,412,2138
861,830,690,2381
623,481,896,2000
790,345,484,1619
58,252,752,1062
920,233,975,2128
755,52,167,974
147,896,222,1265
505,137,275,917
107,777,227,1111
982,601,690,2273
574,806,365,1745
20,27,507,554
981,893,289,2163
987,306,60,1353
579,243,643,1465
108,187,232,527
643,984,107,1734
901,315,797,2013
453,324,266,1043
971,226,670,1867
932,780,956,2668
727,366,913,2006
865,278,344,1487
674,221,840,1735
507,383,677,1567
424,928,245,1597
415,408,863,1686
888,14,213,1115
440,120,949,1509
717,710,56,1483
423,378,592,1393
492,390,321,1203
943,263,80,1286
76,847,831,1754
416,316,567,1299
377,194,952,1523
497,252,29,778
898,842,335,2075
499,547,274,1320
378,862,123,1363
541,683,829,2053
295,511,670,1476
329,618,328,1275
770,102,177,1049
694,120,100,914
499,504,209,1212
201,698,230,1129
950,20,459,1429
371,679,683,1733
938,185,545,1668
489,808,9,1306
769,575,975,2319
845,266,866,1977
232,106,582,920
878,699,799,2376
552,178,261,991
1,746,848,1595
295,29,79,403
927,910,280,2117
233,444,547,1224
7,896,250,1153
294,190,464,948
126,462,226,814
918,438,453,1809
794,807,496,2097
353,991,559,1903
35,663,149,847
122,804,243,1169
429,766,278,1473
447,496,420,1363
562,340,419,1321
693,499,84,1276
875,591,642,2108
779,535,515,1829
883,913,378,2174
632,476,522,1630
399,78,937,1414
451,288,209,948
733,749,984,2466
872,498,485,1855
505,553,233,1291
107,497,746,1350
651,432,85,1168
460,863,586,1909
519,265,637,1421
12,754,409,1175
0,281,195,476
985,737,661,2383
551,514,572,1637
947,603,394,1944
923,507,33,1463
958,343,227,1528
974,423,169,1566
476,616,280,1372
215,817,506,1538
371,293,327,991
129,472,528,1129
989,154,100,1243
415,527,144,1086
607,408,779,1794
158,864,763,1785
174,479,281,934
272,99,462,833
892,644,981,2517
743,418,511,1672
147,856,833,1836
781,883,694,2358
536,875,37,1448
902,752,957,2611
0,799,419,1218
882,191,266,1339
34,334,219,587
107,208,558,873
998,986,107,2091
251,187,110,548
867,414,458,1739
385,996,279,1660
136,608,362,1106
408,732,475,1615
781,560,135,1476
473,203,738,1414
913,149,622,1684
95,893,352,1340
274,403,353,1030
425,88,97,610
943,378,911,2232
486,42,450,978
31,3,268,302
678,632,622,1932
580,890,336,1806
795,103,721,1619
118,443,86,647
841,100,825,1766
827,579,229,1635
633,554,863,2050
228,889,231,1348
263,20,479,762
614,339,789,1742
952,699,752,2403
430,214,352,996
403,675,760,1838
899,43,666,1608
773,840,464,2077
93,838,990,1921
678,448,884,2010
877,414,363,1654
318,462,56,836
207,804,130,1141
333,505,679,1517
96,409,293,798
836,912,711,2459
928,385,189,1502
439,236,555,1230
463,888,656,2007
739,142,946,1827
907,439,192,1538
796,780,491,2067
72,373,667,1112
875,61,93,1029
214,528,265,1007
856,228,806,1890
501,747,530,1778
197,326,367,890
331,378,975,1684
342,420,823,1585
796,831,850,2477
937,611,930,2478
619,505,871,1995
140,135,852,1127
390,800,973,2163
991,910,675,2576
313,688,184,1185
149,766,968,1883
185,266,515,966
685,143,864,1692
440,142,65,647
237,335,203,775
996,708,333,2037
584,529,789,1902
600,320,467,1387
377,635,308,1320
29,242,183,454
405,126,913,1444
773,49,510,1332
762,407,7,1176
971,654,424,2049
573,186,663,1422
915,621,460,1996
458,495,649,1602
251,269,448,968
149,633,33,815
491,916,917,2324
647,385,620,1652
864,987,412,2263
826,851,684,2361
976,624,334,1934
813,50,933,1796
783,498,248,1529
450,113,402,965
961,134,481,1576
691,809,939,2439
378,112,249,739
430,569,174,1173
866,104,578,1548
482,215,402,1099
575,364,7,946
831,751,633,2215
511,358,585,1454
24,216,221,461
798,101,777,1676
459,530,179,1168
19,474,829,1322
665,460,843,1968
816,472,753,2041
158,598,297,1053
215,141,639,995
101,931,387,1419
570,79,395,1044
803,498,848,2149
926,691,582,2199
5,42,258,305
954,138,220,1312
436,289,773,1498
360,146,141,647
285,116,16,417
977,632,360,1969
748,265,878,1891
245,367,826,1438
234,965,731,1930
600,3,760,1363
779,47,861,1687
487,857,161,1505
555,947,785,2287
1,475,196,672
505,916,990,2411
335,453,781,1569
655,154,911,1720
523,757,319,1599
332,69,207,608
328,578,340,1246
816,562,888,2266
12,210,322,544
484,298,764,1546
16,953,749,1718
857,800,854,2511
916,500,597,2013
190,234,664,1088
935,164,101,1200
938,279,990,2207
791,628,791,2210
498,731,181,1410
808,631,351,1790
133,489,269,891
357,452,527,1336
370,871,101,1342
212,802,745,1759
885,477,431,1793
756,247,81,1084
279,189,122,590
948,657,962,2567
309,607,637,1553
696,403,336,1435
280,1,861,1142
25,13,119,157
208,79,443,730
896,521,215,1632
593,801,460,1854
682,930,230,1842
930,914,939,2783
624,499,352,1475
978,953,901,2832
826,484,111,1421
27,58,105,190
404,115,838,1357
696,899,18,1613
374,565,148,1087
635,210,53,898
714,167,850,1731
557,190,490,1237
655,2,479,1136
729,832,757,2318
997,246,236,1479
709,88,183,980
773,607,170,1550
860,666,976,2502
262,691,275,1228
197,371,249,817
84,907,167,1158
128,135,951,1214
729,521,586,1836
475,801,220,1496
981,183,670,1834
387,458,867,1712
858,674,684,2216
410,970,774,2154
494,260,602,1356
158,383,324,865
1,826,729,1556
17,465,636,1118
255,218,869,1342
47,350,135,532
858,824,473,2155
418,284,700,1402
768,422,90,1280
778,89,289,1156
496,304,66,866
903,799,675,2377
214,962,44,1220
582,38,965,1585
501,520,426,1447
491,745,607,1843
452,206,817,1475
175,369,279,823
92,630,688,1410
470,380,327,1177
214,318,347,879
287,511,215,1013
570,629,941,2140
158,940,255,1353
701,376,602,1679
565,303,410,1278
528,988,582,2098
561,444,957,1962
725,510,650,1885
873,563,855,2291
732,427,779,1938
190,47,513,750
592,43,265,900
285,767,768,1820
153,449,895,1497
811,575,708,2094
832,125,610,1567
873,459,887,2219
171,571,36,778
701,42,139,882
463,825,20,1308
243,944,167,1354
901,280,473,1654
562,756,681,1999
574,136,736,1446
621,502,414,1537
480,825,438,1743
707,313,378,1398
791,817,11,1619
473,770,566,1809
231,228,785,1244
167,546,481,1194
848,223,637,1708
22,476,5,503
618,950,831,2399
151,567,708,1426
116,881,837,1834
103,495,771,1369
795,280,124,1199
322,14,256,592
294,417,764,1475
271,990,962,2223
847,1000,925,2772
745,827,366,1938
285,826,784,1895
388,656,822,1866
940,502,617,2059
810,107,402,1319
234,676,545,1455
488,943,605,2036
764,999,60,1823
379,918,391,1688
79,438,719,1236
486,584,307,1377
568,976,988,2532
955,632,489,2076
512,740,682,1934
521,910,424,1855
724,558,223,1505
113,291,933,1337
179,791,198,1168
856,49,388,1293
268,907,420,1595
580,654,135,1369
691,586,639,1916
832,247,255,1334
27,400,416,843
721,863,227,1811
951,359,958,2268
180,354,938,1472
554,840,78,1472
479,267,980,1726
701,539,517,1757
855,157,125,1137
560,616,591,1767
928,905,628,2461
493,190,695,1378
448,815,976,2239
295,307,462,1064
402,418,87,907
399,215,261,875
962,985,840,2787
731,883,274,1888
843,165,216,1224
759,791,139,1689
789,181,841,1811
201,631,346,1178
133,181,918,1232
126,559,70,755
460,440,715,1615
884,986,272,2142
927,302,681,1910
489,824,554,1867
715,549,862,2126
252,443,647,1342
546,463,630,1639
767,310,155,1232
688,361,495,1544
36,911,395,1342
783,617,481,1881
287,873,427,1587
1,361,634,996
771,769,564,2104
0,230,218,448
852,78,335,1265
685,72,118,875
707,50,957,1714
553,510,634,1697
522,274,480,1276
707,689,720,2116
674,914,21,1609
314,856,191,1361
292,445,340,1077
243,653,326,1222
955,254,645,1854
545,935,254,1734
217,874,344,1435
263,33,384,680
56,921,151,1128
58,426,251,735
427,899,921,2247
291,372,118,781
708,580,7,1295
345,44,53,442
710,801,220,1731
437,257,386,1080
541,922,525,1988
346,620,633,1599
255,890,100,1245
980,619,604,2203
680,443,562,1685
539,915,429,1883
358,60,345,763
461,124,278,863
940,365,994,2299
220,644,692,1556
505,481,600,1586
922,274,806,2002
667,956,660,2283
995,938,509,2442
72,297,903,1272
642,563,805,2010
507,711,215,1433
108,10,547,665
420,925,314,1659
198,442,184,824
588,122,412,1122
516,805,103,1424
64,105,710,879
299,334,507,1140
631,634,196,1461
229,31,419,679
343,470,546,1359
441,625,332,1398
474,384,270,1128
914,261,856,2031
258,415,1000,1673
635,221,200,1056
197,634,901,1732
677,955,238,1870
64,87,299,450
81,373,10,464
877,965,202,2044
270,822,699,1791
899,646,913,2458
562,634,114,1310
394,702,539,1635
820,888,776,2484
422,839,533,1794
602,484,469,1555
112,376,136,624
815,973,691,2479
577,514,675,1766
940,908,293,2141
277,567,637,1481
169,314,530,1013
312,311,804,1427
264,374,812,1450
754,18,112,884
916,728,644,2288
277,463,96,836
837,86,353,1276
4,760,78,842
992,370,598,1960
953,493,796,2242
438,873,155,1466
810,69,450,1329
372,497,702,1571
731,385,956,2072
917,689,160,1766
21,12,611,644
1,688,847,1536
335,288,990,1613
946,562,874,2382
509,380,22,911
388,798,789,1975
47,777,274,1098
371,464,410,1245
364,962,384,1710
340,496,724,1560
991,212,640,1843
438,690,753,1881
116,882,811,1809
768,856,440,2064
706,954,439,2099
383,368,998,1749
329,651,393,1373
810,251,725,1786
635,673,716,2024
280,391,454,1125
994,977,57,2028
840,848,690,2378
276,50,436,762
769,879,639,2287
233,597,618,1448
142,68,616,826
778,336,876,1990
433,669,284,1386
555,499,279,1333
575,964,145,1684
934,602,200,1736
564,674,46,1284
394,305,746,1445
603,954,696,2253
429,759,395,1583
147,199,490,836
644,623,966,2233
351,621,530,1502
315,140,470,925
133,969,155,1257
37,282,438,757
575,170,182,927
815,835,231,1881
411,502,915,1828
722,915,191,1828
711,620,869,2200
356,642,203,1201
805,961,813,2579
27,248,810,1085
523,381,320,1224
278,458,739,1475
657,632,936,2225
170,813,368,1351
361,485,500,1346
290,223,294,807
7,30,881,918
521,279,22,822
782,571,244,1597
600,37,764,1401
310,217,901,1428
72,253,21,346
709,368,79,1156
507,812,242,1561
77,45,522,644
783,896,98,1777
911,158,17,1086
95,630,607,1332
589,304,225,1118
920,153,98,1171
838,438,260,1536
238,761,900,1899
69,14,36,119
109,781,7,897
820,893,91,1804
202,379,308,889
555,225,307,1087
291,392,977,1660
549,310,367,1226
619,392,792,1803
859,278,513,1650
965,141,599,1705
55,70,164,289
914,346,417,1677
491,163,825,1479
150,70,869,1089
976,348,742,2066
949,173,856,1978
676,131,297,1104
727,818,856,2401
131,270,621,1022
251,707,126,1084
421,74,400,895
36,141,393,570
412,474,758,1644
736,787,745,2268
690,482,557,1729
543,919,475,1937
357,95,167,619
693,904,973,2570
1,861,936,1798
94,709,879,1682
756,94,747,1597
95,597,374,1066
223,588,996,1807
476,229,391,1096
48,534,633,1215
721,175,708,1604
409,21,326,756
245,858,585,1688
514,923,316,1753
433,165,67,665
52,280,776,1108
610,105,985,1700
772,968,318,2058
370,463,86,919
46,595,269,910
50,896,798,1744
215,462,526,1203
734,332,673,1739
85,566,985,1636
10,241,779,1030
520,425,648,1593
353,552,381,1286
500,65,828,1393
651,991,684,2326
766,485,73,1324
128,65,389,582
452,541,565,1558
714,359,453,1526
569,642,180,1391
641,483,923,2047
352,1,330,683
584,607,751,1942
517,316,512,1345
278,932,943,2153
461,412,903,1776
506,890,215,1611
647,640,53,1340
546,165,63,774
290,724,247,1261
202,901,888,1991
153,245,184,582
949,937,48,1934
427,202,820,1449
239,518,735,1492
228,932,614,1774
267,395,54,716
874,459,329,1662
518,345,567,1430
926,3,813,1742
476,6,222,704
366,835,312,1513
718,501,839,2058
264,84,467,815
986,405,12,1403
657,512,259,1428
92,964,397,1453
368,708,276,1352
780,470,822,2072
669,9,556,1234
891,75,347,1313
854,940,581,2375
189,852,257,1298
229,700,390,1319
870,255,145,1270
266,163,0,429
280,665,859,1804
225,3,489,717
860,426,907,2193
865,708,188,1761
510,324,431,1265
228,886,461,1575
643,370,216,1229
740,82,952,1774
701,389,810,1900
944,506,504,1954
931,267,448,1646
621,796,248,1665
287,816,448,1551
272,811,5,1088
736,595,324,1655
613,910,967,2490
764,282,422,1468
942,910,373,2225
402,454,659,1515
198,782,567,1547
505,556,857,1918
453,859,819,2131
158,648,753,1559
967,975,451,2393
681,382,179,1242
913,441,650,2004
881,319,161,1361
6,983,960,1949
356,709,834,1899
997,380,885,2262
200,514,459,1173
576,956,329,1861
675,309,645,1629
14,241,874,1129
884,961,918,2763
888,47,40,975
756,236,382,1374
330,934,69,1333
94,564,249,907
346,494,494,1334
516,818,697,2031
243,576,929,1748
374,496,1,871
995,960,966,2921
83,693,404,1180
925,79,913,1917
76,30,309,415
371,882,851,2104
273,867,664,1804
576,983,575,2134
488,739,895,2122
479,377,473,1329
898,169,730,1797
45,444,514,1003
42,695,741,1478
186,174,969,1329
496,565,736,1797
616,607,639,1862
418,30,103,551
799,276,197,1272
804,721,357,1882
606,161,140,907
253,762,715,1730
555,451,856,1862
265,184,384,833
625,306,640,1571
638,603,546,1787
863,707,333,1903
570,79,434,1083
807,577,703,2087
742,4,202,948
889,74,609,1572
953,707,850,2510
791,114,920,1825
737,995,242,1974
540,262,725,1527
945,587,530,2062
264,69,50,383
375,668,192,1235
879,296,246,1421
240,977,77,1294
235,451,218,904
309,724,990,2023
92,638,763,1493
540,555,131,1226
266,366,948,1580
288,669,724,1681
481,819,500,1800
859,183,703,1745
983,411,891,2285
176,746,869,1791
486,75,197,758
833,741,161,1735
916,313,440,1669
613,775,790,2178
530,69,807,1406
513,991,25,1529
851,668,173,1692
2,808,760,1570
379,117,0,496
685,58,931,1674
218,558,757,1533
120,767,622,1509
32,334,910,1276
635,395,604,1634
86,70,821,977
749,898,953,2600
234,711,179,1124
905,671,416,1992
482,153,976,1611
14,254,449,717
502,171,801,1474
791,791,863,2445
551,309,373,1233
715,445,481,1641
301,356,505,1162
303,275,602,1180
395,157,29,581
731,485,92,1308
149,720,291,1160
130,814,389,1333
245,716,58,1019
417,877,631,1925
978,541,21,1540
476,647,820,1943
451,361,170,982
620,665,911,2196
837,231,801,1869
776,417,234,1427
643,439,858,1940
137,444,223,804
536,519,573,1628
520,918,332,1770
412,267,268,947
489,179,10,678
421,914,384,1719
24,764,114,902
428,639,122,1189
269,676,467,1412
416,190,200,806
324,896,746,1966
348,888,206,1442
940,254,865,2059
615,855,991,2461
685,284,383,1352
245,719,709,1673
591,661,344,1596
578,38,465,1081
272,780,403,1455
370,36,472,878
796,309,973,2078
914,157,279,1350
303,372,611,1286
943,661,723,2327
813,592,891,2296
455,56,219,730
62,338,29,429
286,761,316,1363
374,985,730,2089
439,260,651,1350
764,819,657,2240
770,373,454,1597
734,989,314,2037
669,499,11,1179
322,758,480,1560
337,798,977,2112
338,767,345,1450
311,430,702,1443
120,339,204,663
614,544,2,1160
619,143,618,1380
95,420,100,615
125,871,505,1501
616,694,254,1564
19,987,579,1585
752,438,801,1991
368,605,990,1963
847,780,523,2150
614,326,829,1769
867,951,48,1866
620,746,733,2099
382,628,735,1745
814,864,829,2507
821,519,59,1399
558,28,59,645
916,98,935,1949
879,614,878,2371
812,103,480,1395
187,745,471,1403
156,858,980,1994
252,904,911,2067
725,609,793,2127
784,280,472,1536
690,647,960,2297
898,346,528,1772
388,588,704,1680
647,214,47,908
147,492,423,1062
255,821,981,2057
205,238,154,597
974,607,792,2373
808,525,522,1855
346,974,171,1491
882,858,877,2617
89,43,286,418
406,84,490,980
781,971,158,1910
477,212,807,1496
133,485,887,1505
90,934,463,1487
480,620,903,2003
431,474,167,1072
374,449,426,1249
334,326,356,1016
910,241,251,1402
348,105,253,706
515,487,88,1090
429,217,909,1555
842,639,229,1710
893,441,781,2115
905,190,263,1358
773,207,172,1152
655,880,533,2068
425,579,568,1572
268,932,484,1684
603,951,877,2431
505,675,475,1655
930,102,377,1409
556,476,827,1859
270,497,661,1428
966,892,588,2446
555,439,885,1879
360,618,19,997
629,865,956,2450
930,896,203,2029
253,264,729,1246
965,384,306,1655
709,674,166,1549
934,610,986,2530
492,546,29,1067
34,420,84,538
578,402,606,1586
870,991,315,2176
299,727,358,1384
193,463,886,1542
109,753,162,1024
30,685,421,1136
96,532,490,1118
305,755,813,1873
531,606,261,1398
780,100,125,1005
612,495,804,1911
38,575,251,864
195,69,926,1190
440,39,374,853
270,705,588,1563
560,120,779,1459
597,917,414,1928
263,892,611,1766
240,719,163,1122
440,117,696,1253
737,476,890,2103
66,728,170,964
931,119,304,1354
978,561,939,2478
525,28,81,634
374,801,68,1243
376,321,482,1179
596,835,585,2016
538,862,858,2258
178,579,857,1614
470,733,689,1892
887,523,250,1660
684,32,527,1243
876,579,691,2146
814,770,590,2174
972,198,185,1355
609,696,626,1931
972,126,101,1199
393,232,103,728
295,934,337,1566
303,247,472,1022
251,579,183,1013
830,296,703,1829
13,620,260,893
28,378,954,1360
222,734,220,1176
149,82,110,341
523,881,992,2396
853,739,143,1735
80,966,482,1528
591,350,503,1444
924,88,857,1869
94,513,245,852
865,86,650,1601
939,628,467,2034
272,67,819,1158
643,196,762,1601
442,390,761,1593
847,12,553,1412
747,560,111,1418
612,630,436,1678
725,422,134,1281
534,26,341,901
693,141,112,946
592,275,450,1317
543,225,274,1042
236,458,953,1647
969,706,892,2567
389,462,160,1011
535,456,285,1276
751,250,829,1830
965,759,619,2343
113,203,439,755
79,631,389,1099
627,878,214,1719
56,586,890,1532
996,843,307,2146
92,91,383,566
234,69,498,801
258,846,233,1337
15,571,897,1483
154,239,408,801
437,752,112,1301
422,820,983,2225
312,983,275,1570
145,49,305,499
5,740,716,1461
439,883,464,1786
614,388,209,1211
536,232,652,1420
774,997,243,2014
107,511,238,856
880,631,457,1968
229,245,737,1211
67,467,57,591
998,489,983,2470
970,96,411,1477
221,946,270,1437
266,555,11,832
56,998,683,1737
493,979,226,1698
891,239,751,1881
407,600,868,1875
370,896,776,2042
139,497,332,968
221,938,15,1174
418,372,134,924
345,877,441,1663
468,246,168,882
44,844,544,1432
117,803,413,1333
193,192,238,623
404,368,46,818
184,96,234,514
937,843,206,1986
682,904,507,2093
870,161,765,1796
516,754,992,2262
917,144,250,1311
681,301,290,1272
452,275,396,1123
229,356,590,1175
902,509,681,2092
994,136,956,2086
684,63,346,1093
848,822,25,1695
146,179,399,724
651,999,584,2234
458,562,888,1908
733,599,854,2186
703,489,451,1643
755,398,403,1556
214,46,476,736
654,895,998,2547
871,380,966,2217
691,88,72,851
146,59,522,727
497,267,490,1254
139,366,400,905
223,892,825,1940
124,202,796,1122
744,278,478,1500
514,782,62,1358
974,496,230,1700
178,546,807,1531
403,6,455,864
658,287,64,1009
30,673,293,996
39,604,768,1411
751,578,225,1554
310,210,686,1206
726,268,5,999
44,598,89,731
757,23,187,967
534,256,357,1147
21,956,310,1287
882,106,423,1411
368,964,257,1589
618,18,943,1579
306,360,642,1308
352,380,684,1416
295,219,793,1307
168,286,884,1338
979,105,888,1972
91,868,523,1482
623,479,402,1504
105,647,809,1561
385,988,0,1373
146,950,11,1107
916,723,741,2380
178,73,850,1101
983,472,707,2162
659,186,11,856
265,163,932,1360
398,201,409,1008
453,312,920,1685
590,683,462,1735
722,577,556,1855
239,291,779,1309
420,12,873,1305
471,48,801,1320
771,880,726,2377
179,711,617,1507
923,520,198,1641
530,781,157,1468
336,258,596,1190
547,74,572,1193
813,227,736,1776
619,23,398,1040
285,711,77,1073
646,545,611,1802
111,101,17,229
197,734,514,1445
201,239,433,873
621,873,375,1869
898,898,102,1898
411,422,838,1671
451,891,890,2232
131,342,970,1443
277,46,452,775
585,635,330,1550
963,363,62,1388
599,105,376,1080
653,631,5,1289
313,980,766,2059
964,840,302,2106
121,525,942,1588
261,62,93,416
402,912,380,1694
664,925,968,2557
322,90,306,718
373,911,341,1625
290,533,727,1550
204,109,460,773
896,701,956,2553
1,132,633,766
169,573,873,1615
950,173,117,1240
320,485,253,1058
35,720,763,1518
672,574,601,1847
200,764,231,1195
833,179,999,2011
355,904,606,1865
498,571,164,1233
954,925,730,2609
951,761,720,2432
211,906,606,1723
188,462,855,1505
312,826,112,1250
711,691,146,1548
658,505,388,1551
203,70,57,330
369,664,153,1186
857,255,604,1716
484,952,397,1833
886,370,396,1652
677,612,394,1683
132,356,70,558
189,55,479,723
476,623,530,1629
879,526,911,2316
634,781,526,1941
2,438,235,675
20,167,889,1076
549,895,525,1969
268,741,473,1482
791,989,99,1879
104,859,325,1288
554,535,762,1851
583,706,712,2001
665,818,627,2110
64,475,174,713
334,367,262,963
455,874,190,1519
971,638,73,1682
902,385,639,1926
92,345,312,749
488,236,165,889
22,684,429,1135
562,154,565,1281
835,988,756,2579
740,305,530,1575
83,55,269,407
902,675,581,2158
271,218,243,732
965,321,559,1845
925,511,484,1920
647,231,522,1400
403,859,188,1450
404,131,763,1298
113,664,394,1171
381,49,859,1289
251,892,822,1965
77,236,762,1075
10,986,467,1463
68,730,157,955
479,750,266,1495
972,561,996,2529
389,771,69,1229
96,437,432,965
442,380,789,1611
447,245,649,1341
680,498,326,1504
191,716,485,1392
534,388,556,1478
25,69,402,496
856,317,138,1311
460,762,943,2165
389,791,451,1631
974,162,311,1447
745,54,721,1520
359,418,958,1735
201,906,525,1632
716,280,935,1931
664,875,68,1607
968,657,70,1695
299,954,996,2249
178,727,18,923
272,403,302,977
827,711,314,1852
521,565,456,1542
443,633,163,1239
699,501,147,1347
190,55,717,962
509,309,377,1195
433,112,858,1403
770,290,490,1550
562,692,301,1555
753,643,723,2119
703,244,786,1733
382,916,883,2181
402,861,441,1704
294,895,23,1212
876,848,831,2555
338,371,292,1001
875,23,10,908
248,724,804,1776
211,138,309,658
243,400,772,1415
903,120,601,1624
9,627,28,664
700,315,880,1895
625,783,991,2399
267,788,716,1771
756,21,898,1675
423,855,270,1548
584,732,280,1596
374,523,487,1384
342,410,285,1037
794,148,15,957
185,536,373,1094
833,629,341,1803
421,222,681,1324
337,186,161,684
72,836,284,1192
324,359,743,1426
55,815,121,991
983,357,862,2202
113,345,651,1109
817,863,25,1705
197,428,218,843
724,625,236,1585
422,949,563,1934
950,835,45,1830
345,553,811,1709
60,923,248,1231
19,540,587,1146
49,896,485,1430
516,464,480,1460
670,59,594,1323
563,699,382,1644
280,166,207,653
364,609,628,1601
198,727,730,1655
545,347,573,1465
138,826,4,968
182,362,506,1050
41,877,822,1740
829,556,41,1426
29,760,490,1279
863,251,141,1255
568,23,433,1024
611,797,222,1630
762,662,353,1777
795,869,789,2453
688,431,402,1521
850,578,284,1712
938,18,983,1939
394,906,928,2228
64,559,32,655
151,337,932,1420
851,402,748,2001
524,253,187,964
312,945,486,1743
739,690,624,2053
928,192,579,1699
124,656,503,1283
136,595,580,1311
947,273,774,1994
777,187,643,1607
473,54,229,756
760,946,902,2608
483,738,608,1829
924,612,763,2299
491,799,895,2185
513,906,253,1672
293,14,813,1120
860,503,875,2238
135,921,191,1247
387,753,762,1902
850,944,59,1853
623,894,873,2390
193,739,758,1690
752,262,149,1163
217,811,260,1288
219,408,570,1197
713,150,762,1625
917,230,192,1339
947,237,603,1787
563,372,193,1128
856,920,324,2100
277,912,114,1303
13,657,53,723
793,829,826,2448
367,845,875,2087
655,826,319,1800
453,136,205,794
187,74,375,636
898,463,969,2330
817,311,945,2073
758,564,63,1385
854,737,697,2288
574,742,697,2013
456,985,293,1734
29,804,487,1320
566,267,105,938
84,516,476,1076
524,940,515,1979
240,984,230,1454
564,773,792,2129
108,901,119,1128
529,60,719,1308
955,869,343,2167
377,312,201,890
129,836,0,965
85,262,891,1238
583,129,380,1092
767,249,144,1160
667,740,877,2284
875,672,687,2234
933,36,683,1652
953,164,895,2012
888,956,754,2598
829,726,573,2128
228,31,794,1053
983,455,684,2122
393,973,766,2132
700,968,679,2347
411,502,361,1274
642,97,757,1496
810,241,769,1820
67,371,541,979
652,902,798,2352
123,386,273,782
719,747,76,1542
572,545,254,1371
156,855,776,1787
485,284,701,1470
361,9,689,1059
538,444,10,992
890,198,647,1735
396,58,691,1145
332,346,794,1472
305,67,440,812
783,138,583,1504
224,719,42,985
794,115,763,1672
500,538,503,1541
833,106,956,1895
687,659,911,2257
566,470,813,1849
410,456,719,1585
459,614,482,1555
966,649,877,2492
737,358,507,1602
482,457,325,1264
276,878,364,1518
209,630,759,1598
576,395,571,1542
801,362,88,1251
995,766,834,2595
828,680,700,2208
851,207,117,1175
408,826,656,1890
655,867,276,1798
921,353,155,1429
744,33,88,865
4,134,917,1055
856,56,14,926
184,525,607,1316
279,270,292,841
68,393,2,463
244,784,381,1409
885,44,42,971
558,132,217,907
601,401,612,1614
121,936,153,1210
982,491,378,1851
832,535,334,1701
536,9,24,569
344,267,544,1155
495,81,913,1489
619,962,859,2440
71,557,577,1205
966,522,510,1998
405,215,115,735
173,599,877,1649
369,242,479,1090
578,825,703,2106
254,234,416,904
958,496,460,1914
448,156,364,968
307,921,792,2020
682,94,478,1254
328,449,783,1560
20,861,785,1666
700,488,240,1428
123,572,639,1334
626,249,737,1612
498,932,267,1697
17,248,970,1235
742,273,491,1506
499,581,955,2035
231,251,441,923
253,135,281,669
171,69,709,949
581,617,145,1343
957,419,420,1796
151,414,316,881
52,212,936,1200
686,437,709,1832
487,432,625,1544
11,590,173,774
792,814,898,2504
36,859,732,1627
806,434,224,1464
795,243,697,1735
281,659,136,1076
620,280,475,1375
259,320,138,717
585,677,428,1690
570,745,924,2239
174,835,78,1087
175,526,307,1008
293,831,151,1275
570,403,635,1608
499,477,954,1930
709,59,358,1126
763,818,693,2274
988,108,588,1684
844,946,828,2618
583,469,686,1738
103,657,885,1645
347,740,402,1489
672,168,52,892
822,757,54,1633
6,505,937,1448
97,483,36,616
109,664,301,1074
827,331,265,1423
506,442,481,1429
333,573,126,1032
10,397,262,669
671,488,649,1808
230,844,585,1659
254,196,667,1117
548,950,770,2268
133,640,993,1766
687,839,118,1644
810,51,543,1404
526,741,759,2026
647,802,715,2164
354,495,927,1776
973,529,130,1632
39,915,512,1466
514,356,32,902
306,268,702,1276
456,288,336,1080
335,958,716,2009
564,314,128,1006
759,65,7,831
287,856,540,1683
763,591,446,1800
408,878,245,1531
360,667,401,1428
843,500,746,2089
235,15,955,1205
890,692,796,2378
728,855,243,1826
889,170,538,1597
140,885,981,2006
539,723,836,2098
381,484,723,1588
124,16,930,1070
265,78,864,1207
874,615,512,2001
900,165,37,1102
594,428,133,1155
75,312,670,1057
500,441,638,1579
305,711,878,1894
729,957,468,2154
293,548,424,1265
109,372,494,975
357,564,620,1541
487,383,160,1030
767,678,266,1711
928,620,43,1591
534,518,798,1850
845,902,959,2706
212,564,591,1367
77,592,931,1600
19,924,870,1813
245,638,81,964
914,408,334,1656
753,43,817,1613
119,332,236,687
719,491,466,1676
68,548,299,915
910,197,644,1751
355,14,763,1132
66,375,51,492
193,584,397,1174
423,809,44,1276
995,512,933,2440
780,799,557,2136
232,876,982,2090
226,602,914,1742
801,623,29,1453
370,42,81,493
608,942,892,2442
474,603,566,1643
524,201,631,1356
548,92,91,731
860,71,422,1353
972,936,24,1932
995,397,264,1656
17,932,90,1039
694,399,870,1963
637,464,904,2005
435,430,627,1492
58,877,567,1502
847,105,934,1886
938,24,278,1240
248,311,830,1389
740,791,691,2222
431,943,771,2145
181,845,296,1322
278,76,368,722
284,766,154,1204
770,759,608,2137
964,798,790,2552
741,593,532,1866
118,580,687,1385
326,538,793,1657
222,975,162,1359
559,332,572,1463
695,821,233,1749
914,891,138,1943
786,63,576,1425
55,370,747,1172
770,347,231,1348
683,130,363,1176
34,629,859,1522
880,603,209,1692
906,89,564,1559
39,244,599,882
713,535,307,1555
230,895,374,1499
604,5,908,1517
279,514,636,1429
113,18,422,553
575,198,868,1641
308,184,42,534
542,815,332,1689
501,861,801,2163
236,396,776,1408
525,112,369,1006
385,776,314,1475
638,614,568,1820
205,611,501,1317
909,610,495,2014
278,163,179,620
937,489,378,1804
31,430,144,605
314,198,364,876
506,392,511,1409
567,673,788,2028
556,202,503,1261
466,741,417,1624
395,817,631,1843
92,405,823,1320
934,417,790,2141
703,625,330,1658
815,117,951,1883
56,723,669,1448
744,477,932,2153
218,989,698,1905
837,640,132,1609
673,130,460,1263
756,964,459,2179
701,567,376,1644
519,782,804,2105
434,420,238,1092
293,62,780,1135
172,972,558,1702
325,158,270,753
455,772,966,2193
66,34,352,452
985,752,154,1891
795,120,597,1512
978,885,511,2374
831,167,161,1159
708,907,738,2353
127,933,270,1330
127,862,962,1951
132,980,368,1480
831,285,710,1826
587,552,563,1702
58,158,700,916
181,906,579,1666
520,634,138,1292
951,912,989,2852
287,762,140,1189
935,891,22,1848
725,585,346,1656
932,186,330,1448
988,308,133,1429
519,166,128,813
299,611,623,1533
979,773,179,1931
210,66,63,339
934,171,780,1885
23,65,406,494
639,560,433,1632
678,407,862,1947
472,507,646,1625
821,863,59,1743
960,896,623,2479
707,722,995,2424
2,868,712,1582
555,194,987,1736
650,421,531,1602
725,900,387,2012
555,85,389,1029
988,250,700,1938
868,597,588,2053
964,60,525,1549
573,187,254,1014
96,696,930,1722
695,326,743,1764
226,373,592,1191
625,133,761,1519
201,434,688,1323
729,319,289,1337
671,96,325,1092
817,263,689,1769
555,33,980,1568
707,703,631,2041
478,756,878,2112
912,202,840,1954
764,845,654,2263
981,349,811,2141
390,0,278,668
964,708,63,1735
518,760,591,1869
96,158,55,309
691,741,559,1991
683,736,191,1610
983,778,206,1967
547,437,594,1578
908,82,17,1007
189,116,754,1059
52,745,974,1771
919,845,280,2044
510,233,982,1725
136,43,536,715
199,459,236,894
722,564,286,1572
145,696,220,1061
492,563,39,1094
680,713,146,1539
936,731,405,2072
806,112,36,954
47,804,388,1239
86,190,720,996
982,381,968,2331
365,132,160,657
449,646,76,1171
285,236,296,817
732,840,772,2344
840,927,713,2480
941,282,837,2060
627,435,283,1345
781,876,279,1936
653,211,583,1447
279,590,724,1593
441,498,542,1481
195,271,173,639
734,875,180,1789
662,669,257,1588
734,307,238,1279
422,686,221,1329
475,9,428,912
363,377,750,1490
49,497,487,1033
751,344,787,1882
266,52,248,566
211,188,166,565
990,315,889,2194
518,645,879,2042
381,952,560,1893
212,874,517,1603
387,10,979,1376
661,419,717,1797
578,170,197,945
790,856,575,2221
6,709,254,969
382,830,94,1306
133,175,88,396
321,698,231,1250
644,591,874,2109
535,461,366,1362
151,246,624,1021
254,951,132,1337
702,489,93,1284
321,150,56,527
341,728,687,1756
416,489,478,1383
414,987,717,2118
652,604,669,1925
616,533,395,1544
245,379,67,691
244,746,485,1475
537,884,491,1912
201,322,501,1024
611,908,59,1578
800,745,605,2150
725,660,262,1647
335,39,287,661
181,558,41,780
268,608,996,1872
443,853,532,1828
872,124,188,1184
269,819,250,1338
789,742,249,1780
938,38,929,1905
88,73,827,988
129,963,965,2057
196,459,493,1148
420,971,329,1720
591,646,370,1607
729,168,409,1306
89,549,16,654
317,700,695,1712
995,479,419,1893
296,941,321,1558
491,252,128,871
162,575,525,1262
766,534,176,1476
410,505,227,1142
204,247,274,725
301,30,70,401
569,148,7,724
239,584,298,1121
261,22,783,1066
350,45,696,1091
401,532,832,1765
696,185,413,1294
400,274,876,1550
935,276,652,1863
859,94,7,960
178,898,676,1752
670,397,396,1463
669,862,885,2416
882,966,410,2258
786,888,226,1900
529,183,370,1082
366,75,430,871
647,152,55,854
595,731,125,1451
417,433,376,1226
574,362,802,1738
369,256,762,1387
915,224,5,1144
617,503,609,1729
426,783,23,1232
278,862,798,1938
158,924,996,2078
809,910,371,2090
207,644,659,1510
60,243,673,976
212,143,92,447
267,52,94,413
18,604,204,826
858,710,342,1910
421,354,547,1322
611,203,974,1788
318,941,638,1897
755,20,175,950
600,473,622,1695
500,387,6,893
645,829,108,1582
106,179,597,882
274,415,201,890
641,332,194,1167
184,562,921,1667
175,415,568,1158
773,380,195,1348
724,924,944,2592
356,517,780,1653
466,393,764,1623
260,316,930,1506
113,511,910,1534
298,86,837,1221
616,822,461,1899
686,182,154,1022
178,298,353,829
509,496,332,1337
292,924,807,2023
18,575,546,1139
742,468,57,1267
256,551,16,823
22,780,26,828
154,754,984,1892
110,486,142,738
799,348,172,1319
472,460,148,1080
357,479,1000,1836
135,359,957,1451
979,320,89,1388
532,229,826,1587
309,381,708,1398
475,986,663,2124
907,156,890,1953
86,943,656,1685
730,662,230,1622
317,572,492,1381
113,102,865,1080
329,288,515,1132
257,255,760,1272
160,472,554,1186
745,857,76,1678
89,296,121,506
862,900,178,1940
766,199,534,1499
997,296,805,2098
807,267,370,1444
859,825,375,2059
579,547,497,1623
82,82,70,234
428,674,754,1856
493,947,932,2372
289,400,511,1200
713,759,955,2427
177,531,490,1198
421,319,179,919
606,484,79,1169
542,92,553,1187
193,862,272,1327
24,225,806,1055
241,31,376,648
258,757,770,1785
321,488,239,1048
758,730,743,2231
833,706,956,2495
183,848,411,1442
488,206,171,865
760,40,776,1576
661,906,126,1693
440,902,903,2245
202,254,627,1083
210,570,97,877
755,924,969,2648
5,244,156,405
828,834,687,2349
998,419,821,2238
658,51,459,1168
317,482,952,1751
569,759,49,1377
859,117,761,1737
5,0,531,536
37,219,456,712
174,725,358,1257
707,889,766,2362
68,396,680,1144
138,802,121,1061
874,316,933,2123
700,226,849,1775
211,83,672,966
524,440,463,1427
723,649,395,1767
928,732,614,2274
54,154,849,1057
940,517,844,2301
719,471,740,1930
625,341,671,1637
270,283,952,1505
198,295,623,1116
330,375,67,772
176,339,434,949
418,75,35,528
83,555,661,1299
689,430,535,1654
595,99,812,1506
718,548,588,1854
451,322,927,1700
277,381,812,1470
776,834,69,1679
819,916,79,1814
327,841,313,1481
641,560,693,1894
411,123,635,1169
347,781,359,1487
81,31,915,1027
711,945,565,2221
220,674,661,1555
327,671,370,1368
720,584,235,1539
986,521,372,1879
167,446,1,614
476,231,528,1235
45,215,231,491
401,694,686,1781
732,829,441,2002
506,885,358,1749
382,495,990,1867
761,126,777,1664
838,93,572,1503
127,574,550,1251
929,49,842,1820
213,814,743,1770
468,782,868,2118
908,264,23,1195
153,6,787,946
80,370,244,694
516,53,942,1511
141,545,620,1306
127,54,819,1000
941,42,670,1653
181,797,768,1746
794,447,141,1382
807,895,241,1943
598,316,501,1415
517,56,208,781
157,661,622,1440
47,131,594,772
350,864,45,1259
50,217,532,799
239,992,849,2080
801,377,555,1733
301,646,435,1382
692,234,813,1739
764,491,304,1559
451,463,301,1215
591,804,102,1497
230,690,409,1329
666,479,845,1990
401,211,907,1519
230,957,795,1982
418,199,600,1217
487,308,512,1307
621,695,435,1751
441,482,194,1117
973,531,429,1933
31,767,616,1414
443,920,520,1883
143,923,733,1799
811,188,918,1917
28,278,319,625
614,272,244,1130
916,28,847,1791
430,355,582,1367
505,877,473,1855
657,893,343,1893
441,719,713,1873
447,663,863,1973
392,364,960,1716
813,890,28,1731
452,558,616,1626
58,14,368,440
777,843,985,2605
271,731,882,1884
493,257,861,1611
688,729,56,1473
27,982,24,1033
163,382,363,908
782,551,637,1970
573,279,710,1562
254,456,248,958
483,930,496,1909
961,617,688,2266
945,503,58,1506
945,646,744,2335
468,857,130,1455
390,753,907,2050
498,501,829,1828
683,882,744,2309
388,518,610,1516
528,596,178,1302
682,512,770,1964
557,218,137,912
603,453,575,1631
693,649,892,2234
368,737,335,1440
623,120,124,867
471,225,445,1141
301,744,753,1798
845,681,443,1969
365,851,670,1886
785,610,310,1705
0,1000,784,1784
896,706,943,2545
755,391,257,1403
592,573,261,1426
205,826,58,1089
14,415,105,534
812,428,614,1854
462,678,828,1968
518,310,353,1181
895,3,406,1304
792,2,698,1492
455,363,301,1119
336,771,127,1234
371,312,523,1206
129,150,259,538
502,68,902,1472
239,364,649,1252
819,895,134,1848
146,148,254,548
240,332,130,702
418,88,301,807
993,53,282,1328
123,193,804,1120
868,596,559,2023
757,806,860,2423
183,935,518,1636
599,14,971,1584
862,366,975,2203
838,462,767,2067
905,735,72,1712
706,301,705,1712
523,416,273,1212
354,513,961,1828
934,75,472,1481
435,437,116,988
460,675,433,1568
818,4,462,1284
380,406,937,1723
361,16,995,1372
79,489,452,1020
707,461,917,2085
890,558,241,1689
995,746,944,2685
186,849,704,1739
687,725,808,2220
482,826,990,2298
367,929,375,1671
940,95,964,1999
593,300,541,1434
209,241,941,1391
615,412,252,1279
895,674,100,1669
135,905,554,1594
325,744,32,1101
855,353,649,1857
64,438,110,612
450,770,410,1630
141,818,614,1573
969,349,783,2101
2,552,511,1065
717,937,358,2012
588,968,834,2390
452,366,51,869
411,54,415,880
831,673,680,2184
757,490,688,1935
718,808,594,2120
151,309,934,1394
271,141,572,984
115,463,0,578
755,827,257,1839
51,967,653,1671
641,326,646,1613
87,592,435,1114
227,30,225,482
568,165,69,802
959,697,5,1661
757,826,51,1634
135,11,986,1132
186,497,7,690
657,709,358,1724
164,589,529,1282
324,950,928,2202
544,53,51,648
909,420,863,2192
703,804,433,1940
474,765,155,1394
819,636,5,1460
442,170,36,648
597,798,715,2110
873,193,67,1133
775,754,540,2069
6,937,364,1307
176,49,826,1051
717,380,662,1759
775,30,460,1265
375,441,36,852
696,611,432,1739
867,510,837,2214
744,423,95,1262
100,758,90,948
858,449,43,1350
182,587,843,1612
999,716,61,1776
823,308,964,2095
957,953,119,2029
50,595,46,691
88,294,240,622
284,952,346,1582
132,970,285,1387
270,878,28,1176
66,288,956,1310
37,459,226,722
255,310,494,1059
457,199,360,1016
204,456,288,948
382,238,517,1137
684,306,841,1831
781,173,761,1715
212,99,826,1137
556,90,312,958
56,948,772,1776
555,196,707,1458
762,448,835,2045
492,842,152,1486
58,855,539,1452
619,246,267,1132
325,936,670,1931
257,938,131,1326
865,519,521,1905
205,625,246,1076
602,750,738,2090
588,474,880,1942
521,340,842,1703
978,48,607,1633
19,191,328,538
634,510,828,1972
152,564,45,761
218,241,972,1431
951,67,890,1908
164,829,444,1437
554,383,620,1557
342,423,977,1742
723,751,273,1747
679,632,488,1799
404,176,398,978
801,651,611,2063
431,340,950,1721
156,153,557,866
397,868,153,1418
960,819,448,2227
774,377,245,1396
254,31,276,561
775,448,406,1629
656,624,897,2177
638,938,693,2269
775,376,632,1783
879,622,965,2466
218,790,579,1587
904,918,907,2729
260,14,52,326
925,755,496,2176
682,450,651,1783
245,62,859,1166
531,565,99,1195
531,986,856,2373
778,564,492,1834
81,813,361,1255
986,654,400,2040
796,896,224,1916
640,369,206,1215
846,144,412,1402
195,29,263,487
465,151,833,1449
848,470,513,1831
315,951,893,2159
513,1000,891,2404
49,497,973,1519
418,750,18,1186
427,917,669,2013
970,904,178,2052
812,270,807,1889
54,958,252,1264
743,649,560,1952
251,332,752,1335
277,339,652,1268
900,817,886,2603
690,466,883,2039
546,617,463,1626
142,805,743,1690
531,948,775,2254
97,413,879,1389
819,245,646,1710
202,722,665,1589
612,526,209,1347
389,333,871,1593
24,425,71,520
616,685,10,1311
517,67,234,818
926,392,363,1681
247,342,844,1433
902,518,592,2012
620,835,920,2375
201,9,130,340
293,39,393,725
245,686,707,1638
871,663,552,2086
354,923,392,1669
269,326,908,1503
314,135,322,771
457,984,893,2334
933,157,919,2009
56,876,49,981
394,93,472,959
390,219,45,654
769,23,640,1432
914,57,754,1725
620,601,489,1710
441,54,876,1371
367,383,251,1001
433,919,767,2119
92,518,922,1532
956,67,340,1363
691,586,242,1519
352,623,695,1670
786,493,489,1768
126,247,270,643
852,919,103,1874
604,526,70,1200
466,922,331,1719
76,649,861,1586
737,581,990,2308
416,762,757,1935
498,417,81,996
193,530,326,1049
481,737,601,1819
84,995,635,1714
647,309,933,1889
810,982,299,2091
952,48,598,1598
800,411,727,1938
338,641,947,1926
285,144,802,1231
113,874,689,1676
383,279,288,950
220,78,213,511
738,983,168,1889
287,585,4,876
36,459,405,900
166,605,527,1298
883,474,289,1646
872,510,626,2008
338,817,709,1864
44,611,760,1415
114,976,711,1801
845,392,795,2032
337,292,768,1397
208,247,30,485
777,255,754,1786
695,279,687,1661
87,519,527,1133
735,177,544,1456
287,191,612,1090
743,9,629,1381
400,141,892,1433
538,835,382,1755
118,458,9,585
390,360,132,882
515,826,743,2084
866,80,973,1919
53,860,308,1221
581,94,514,1189
371,61,789,1221
440,641,725,1806
298,780,939,2017
496,917,81,1494
468,691,161,1320
689,201,33,923
668,871,369,1908
296,325,588,1209
393,568,37,998
76,144,805,1025
930,475,828,2233
146,364,786,1296
398,435,266,1099
794,83,869,1746
769,326,765,1860
741,361,561,1663
909,162,653,1724
362,859,129,1350
156,854,927,1937
226,695,102,1023
739,870,591,2200
407,530,830,1767
484,942,125,1551
910,423,241,1574
876,579,848,2303
437,139,337,913
729,766,959,2454
255,348,522,1125
242,390,696,1328
252,642,504,1398
596,236,326,1158
764,258,353,1375
522,489,503,1514
784,183,318,1285
440,745,710,1895
248,184,128,560
617,690,422,1729
822,191,306,1319
978,695,998,2671
606,490,812,1908
643,290,531,1464
902,439,77,1418
940,861,424,2225
503,335,108,946
755,911,619,2285
163,744,762,1669
828,586,936,2350
320,984,18,1322
39,821,417,1277
460,319,370,1149
97,744,25,866
23,149,123,295
978,162,971,2111
406,168,242,816
378,782,241,1401
821,928,881,2630
544,502,161,1207
955,325,473,1753
832,980,3,1815
506,562,523,1591
972,172,447,1591
240,395,763,1398
402,599,886,1887
8,650,936,1594
169,113,139,421
625,656,653,1934
149,686,332,1167
67,779,931,1777
205,740,256,1201
544,51,159,754
774,831,0,1605
450,946,729,2125
886,470,160,1516
781,206,748,1735
277,700,882,1859
783,709,676,2168
507,301,707,1515
691,54,842,1587
584,271,75,930
719,21,52,792
875,583,613,2071
848,446,480,1774
991,149,416,1556
127,565,672,1364
125,388,187,700
512,976,934,2422
677,535,721,1933
523,244,515,1282
432,102,538,1072
459,463,923,1845
264,513,664,1441
63,425,229,717
535,871,695,2101
673,816,456,1945
554,311,1,866
360,357,897,1614
771,802,565,2138
620,850,628,2098
422,964,286,1672
275,587,79,941
73,630,474,1177
906,198,174,1278
746,557,949,2252
793,39,551,1383
302,726,667,1695
61,979,181,1221
703,450,487,1640
348,822,305,1475
255,594,267,1116
155,151,471,777
608,301,831,1740
802,792,36,1630
956,726,32,1714
129,781,635,1545
108,914,68,1090
361,864,63,1288
0,580,643,1223
545,882,952,2379
476,243,718,1437
290,610,325,1225
302,40,302,644
268,428,932,1628
646,711,23,1380
76,968,187,1231
696,526,1,1223
418,808,164,1390
276,568,705,1549
876,444,397,1717
859,541,313,1713
590,160,732,1482
825,513,536,1874
681,389,911,1981
785,934,403,2122
619,190,950,1759
99,827,179,1105
432,225,168,825
163,965,807,1935
290,168,172,630
75,409,803,1287
310,17,113,440
725,819,310,1854
338,542,619,1499
337,264,981,1582
730,506,990,2226
585,398,593,1576
768,470,136,1374
997,204,652,1853
887,11,908,1806
806,112,435,1353
392,582,377,1351
156,334,264,754
801,544,710,2055
433,541,142,1116
743,214,577,1534
303,311,296,910
772,241,835,1848
697,51,861,1609
483,232,701,1416
825,753,475,2053
293,311,753,1357
611,795,236,1642
367,79,126,572
911,322,179,1412
402,723,925,2050
580,364,670,1614
649,137,229,1015
348,662,132,1142
407,171,80,658
199,498,996,1693
20,313,665,998
172,5,790,967
736,268,564,1568
432,786,785,2003
381,60,315,756
902,850,286,2038
377,26,887,1290
894,737,969,2600
42,212,291,545
857,84,69,1010
280,910,285,1475
953,697,168,1818
78,338,903,1319
895,223,412,1530
390,667,53,1110
191,224,389,804
48,984,166,1198
684,998,255,1937
890,551,580,2021
590,428,967,1985
874,344,508,1726
599,280,350,1229
44,861,500,1405
10,15,174,199
592,668,436,1696
454,24,634,1112
966,925,239,2130
622,422,783,1827
708,101,167,976
285,341,868,1494
985,764,674,2423
429,176,535,1140
634,69,241,944
35,979,343,1357
786,889,132,1807
309,244,47,600
450,283,951,1684
28,420,722,1170
635,270,627,1532
619,526,875,2020
479,930,245,1654
393,766,363,1522
675,391,871,1937
22,297,951,1270
464,471,731,1666
893,892,824,2609
240,703,233,1176
247,488,840,1575
362,314,582,1258
901,413,137,1451
29,638,5,672
391,54,39,484
284,705,469,1458
679,930,757,2366
938,595,420,1953
81,423,27,531
31,373,120,524
369,984,484,1837
654,407,870,1931
616,406,670,1692
156,707,44,907
824,210,6,1040
484,215,558,1257
769,901,646,2316
251,384,177,812
354,579,612,1545
523,36,450,1009
881,564,903,2348
407,682,369,1458
679,70,668,1417
804,306,18,1128
386,169,628,1183
778,197,655,1630
25,749,665,1439
721,38,686,1445
368,854,878,2100
819,860,805,2484
635,934,897,2466
845,56,457,1358
947,779,530,2256
131,211,482,824
349,317,755,1421
888,481,870,2239
821,692,496,2009
518,971,224,1713
906,312,574,1792
802,842,151,1795
746,702,222,1670
177,667,289,1133
882,141,380,1403
20,140,51,211
795,49,86,930
32,55,667,754
975,14,559,1548
861,528,431,1820
360,428,177,965
142,330,781,1253
473,96,361,930
853,393,643,1889
485,877,335,1697
28,611,477,1116
230,64,38,332
974,67,394,1435
534,827,881,2242
845,339,46,1230
248,269,201,718
720,451,151,1322
459,293,567,1319
639,367,923,1929
630,226,372,1228
963,896,739,2598
969,15,645,1629
388,255,271,914
838,654,669,2161
216,394,20,630
827,791,723,2341
78,365,812,1255
747,585,788,2120
646,192,380,1218
720,681,694,2095
69,875,794,1738
943,284,557,1784
402,369,277,1048
427,331,783,1541
152,101,80,333
975,126,445,1546
131,187,476,794
862,789,959,2610
783,466,155,1404
163,410,478,1051
147,348,78,573
539,370,382,1291
703,531,510,1744
28,258,642,928
941,942,28,1911
677,650,602,1929
112,90,195,397
247,511,909,1667
107,712,62,881
813,328,382,1523
218,898,518,1634
992,866,442,2300
466,231,674,1371
212,796,123,1131
980,347,613,1940
348,949,916,2213
786,626,112,1524
146,785,836,1767
929,572,405,1906
173,727,490,1390
358,339,594,1291
822,356,695,1873
252,863,890,2005
310,143,198,651
993,238,339,1570
340,685,189,1214
157,893,613,1663
553,973,110,1636
799,69,579,1447
175,280,634,1089
696,83,979,1758
550,851,905,2306
747,452,782,1981
583,273,962,1818
247,453,929,1629
1,464,665,1130
203,396,465,1064
580,500,585,1665
748,517,113,1378
425,359,412,1196
982,4,311,1297
450,77,207,734
393,190,18,601
196,902,815,1913
273,88,828,1189
890,928,88,1906
774,85,256,1115
244,75,919,1238
453,116,833,1402
320,629,723,1672
181,826,151,1158
911,860,370,2141
126,981,378,1485
785,462,992,2239
544,504,99,1147
417,248,68,733
546,661,641,1848
789,476,275,1540
273,153,712,1138
337,29,66,432
135,380,727,1242
338,213,884,1435
557,102,585,1244
971,808,60,1839
158,757,222,1137
333,125,49,507
594,493,546,1633
212,205,794,1211
248,887,248,1383
196,750,916,1862
662,757,167,1586
817,935,569,2321
835,725,613,2173
969,649,963,2581
852,389,835,2076
325,209,781,1315
756,650,181,1587
351,28,46,425
743,715,428,1886
705,881,502,2088
760,332,916,2008
139,954,390,1483
344,970,4,1318
63,923,365,1351
501,453,181,1135
619,186,348,1153
930,506,921,2357
104,319,232,655
941,795,482,2218
480,671,983,2134
297,31,282,610
349,143,122,614
93,646,309,1048
990,124,491,1605
190,817,155,1162
472,362,625,1459
877,289,265,1431
474,521,310,1305
700,785,639,2124
771,467,386,1624
887,220,191,1298
350,179,230,759
689,735,961,2385
355,471,570,1396
707,986,515,2208
816,861,498,2175
450,30,914,1394
814,934,530,2278
865,841,22,1728
225,653,425,1303
527,928,158,1613
45,774,1,820
111,918,263,1292
684,450,809,1943
977,283,210,1470
77,570,169,816
908,911,92,1911
790,528,444,1762
276,799,847,1922
883,503,624,2010
564,416,179,1159
122,173,46,341
528,785,299,1612
705,147,792,1644
36,653,323,1012
272,499,40,811
138,940,229,1307
449,482,677,1608
203,982,839,2024
494,291,931,1716
951,504,928,2383
585,862,663,2110
191,878,366,1435
585,32,278,895
933,684,503,2120
131,374,119,624
214,894,354,1462
97,854,708,1659
638,168,698,1504
796,56,219,1071
922,997,853,2772
656,784,53,1493
318,799,87,1204
469,245,371,1085
544,348,387,1279
724,353,675,1752
532,426,366,1324
434,241,110,785
875,93,682,1650
214,613,788,1615
142,598,9,749
43,79,143,265
98,596,796,1490
435,660,0,1095
805,392,726,1923
950,454,120,1524
180,389,96,665
45,241,345,631
652,860,704,2216
231,707,856,1794
537,219,9,765
983,88,62,1133
159,211,341,711
835,48,91,974
175,751,152,1078
311,850,253,1414
382,61,75,518
891,454,338,1683
787,500,363,1650
339,874,812,2025
410,45,720,1175
487,130,306,923
47,150,461,658
937,686,826,2449
608,652,520,1780
909,214,454,1577
216,353,466,1035
711,249,811,1771
914,505,932,2351
970,919,736,2625
73,708,166,947
521,168,576,1265
473,659,306,1438
359,268,863,1490
530,241,511,1282
634,429,125,1188
484,445,255,1184
692,357,756,1805
773,480,611,1864
227,988,239,1454
699,862,893,2454
968,786,189,1943
944,663,695,2302
475,492,77,1044
33,432,407,872
417,323,124,864
956,719,319,1994
514,402,823,1739
319,785,348,1452
785,181,66,1032
625,242,45,912
712,776,671,2159
524,699,238,1461
248,403,354,1005
73,497,517,1087
836,809,742,2387
975,915,415,2305
524,987,375,1886
666,412,135,1213
865,414,376,1655
864,546,558,1968
288,17,360,665
914,809,10,1733
183,585,692,1460
610,965,556,2131
137,208,758,1103
1,355,824,1180
815,959,685,2459
277,952,645,1874
154,87,539,780
736,620,739,2095
72,542,189,803
868,762,924,2554
484,224,383,1091
297,369,642,1308
64,597,792,1453
72,441,696,1209
74,60,967,1101
481,886,542,1909
605,8,945,1558
769,375,870,2014
603,556,999,2158
613,21,959,1593
84,900,461,1445
96,492,381,969
285,646,749,1680
40,207,828,1075
819,959,978,2756
290,371,807,1468
829,81,692,1602
701,499,895,2095
825,323,450,1598
476,507,829,1812
937,869,628,2434
825,274,178,1277
550,524,608,1682
818,147,273,1238
436,27,825,1288
774,763,354,1891
493,323,956,1772
511,730,638,1879
663,956,642,2261
173,137,495,805
60,417,750,1227
886,85,988,1959
4,86,331,421
979,574,425,1978
589,654,627,1870
141,202,663,1006
54,258,454,766
697,95,233,1025
400,564,226,1190
360,587,848,1795
84,351,212,647
320,62,885,1267
238,400,4,642
705,187,828,1720
964,155,206,1325
276,329,217,822
735,591,339,1665
664,180,22,866
956,778,660,2394
929,95,741,1765
469,768,613,1850
129,105,256,490
47,328,996,1371
531,335,694,1560
246,854,198,1298
531,650,260,1441
337,145,175,657
522,132,282,936
38,91,911,1040
643,616,986,2245
493,988,262,1743
704,679,308,1691
287,678,984,1949
35,75,736,846
838,57,308,1203
605,701,949,2255
891,902,368,2161
556,458,880,1894
679,750,329,1758
988,21,954,1963
393,645,94,1132
597,810,560,1967
812,710,438,1960
972,146,101,1219
173,836,678,1687
393,260,631,1284
240,566,756,1562
244,434,354,1032
657,658,284,1599
376,39,996,1411
918,823,593,2334
677,648,538,1863
13,704,950,1667
750,736,724,2210
676,680,256,1612
20,646,353,1019
644,99,600,1343
944,74,856,1874
11,855,275,1141
444,966,965,2375
171,425,172,768
637,748,598,1983
493,942,322,1757
237,615,7,859
637,76,281,994
453,408,214,1075
415,455,144,1014
528,88,144,760
302,574,540,1416
903,436,866,2205
816,224,346,1386
358,84,566,1008
259,738,761,1758
796,169,514,1479
581,918,628,2127
833,479,233,1545
403,908,860,2171
842,787,264,1893
51,546,811,1408
889,865,388,2142
72,277,822,1171
65,928,506,1499
181,16,170,367
758,631,532,1921
246,812,918,1976
454,57,144,655
118,457,8,583
811,925,987,2723
500,338,873,1711
785,170,413,1368
130,230,995,1355
556,400,404,1360
482,771,70,1323
310,505,509,1324
911,337,100,1348
693,817,813,2323
71,174,966,1211
846,76,437,1359
411,597,313,1321
231,252,306,789
754,823,962,2539
865,270,223,1358
183,14,902,1099
985,188,491,1664
684,604,831,2119
391,567,66,1024
685,35,728,1448
182,535,801,1518
273,37,552,862
980,938,398,2316
222,301,250,773
747,956,844,2547
250,602,194,1046
709,895,336,1940
598,453,410,1461
654,466,448,1568
365,33,89,487
752,936,762,2450
589,402,896,1887
252,177,321,750
925,92,169,1186
707,747,487,1941
852,421,40,1313
0,269,562,831
580,471,186,1237
599,162,111,872
47,977,828,1852
840,665,875,2380
987,736,654,2377
135,886,612,1633
750,294,762,1806
544,852,338,1734
270,658,216,1144
222,341,251,814
164,838,941,1943
952,10,126,1088
946,6,109,1061
985,842,94,1921
721,863,956,2540
652,282,616,1550
352,696,717,1765
296,189,774,1259
564,523,14,1101
763,639,545,1947
133,829,124,1086
956,212,775,1943
783,502,198,1483
85,56,914,1055
748,4,132,884
675,154,846,1675
319,714,323,1356
16,557,351,924
294,550,566,1410
326,379,361,1066
407,362,107,876
457,398,421,1276
909,60,347,1316
58,747,776,1581
775,374,467,1616
558,368,852,1778
279,609,677,1565
193,683,655,1531
445,280,686,1411
428,953,378,1759
421,169,664,1254
317,116,12,445
51,715,430,1196
657,582,311,1550
767,740,19,1526
695,969,414,2078
634,631,468,1733
932,868,867,2667
582,173,408,1163
539,318,485,1342
558,65,110,733
51,917,845,1813
545,361,891,1797
557,549,665,1771
144,539,289,972
505,437,489,1431
804,923,176,1903
57,260,268,585
693,364,292,1349
117,132,282,531
824,556,751,2131
515,671,946,2132
18,645,665,1328
620,175,94,889
912,660,356,1928
374,892,347,1613
116,547,308,971
763,432,803,1998
990,343,191,1524
524,907,801,2232
797,909,415,2121
334,467,965,1766
510,971,889,2370
762,955,770,2487
594,721,891,2206
25,755,864,1644
799,737,37,1573
45,482,1000,1527
55,845,617,1517
751,974,392,2117
812,378,534,1724
669,52,818,1539
757,234,593,1584
622,190,767,1579
611,956,472,2039
930,157,866,1953
466,128,499,1093
639,565,611,1815
680,667,749,2096
395,243,555,1193
359,170,437,966
963,209,72,1244
165,346,864,1375
561,207,405,1173
93,883,27,1003
821,359,681,1861
460,268,439,1167
3,166,1000,1169
107,461,761,1329
141,533,943,1617
686,622,845,2153
344,123,444,911
178,81,495,754
424,256,459,1139
79,274,511,864
764,854,551,2169
31,130,112,273
576,905,392,1873
447,997,329,1773
220,457,633,1310
112,478,301,891
353,582,874,1809
425,724,846,1995
514,591,568,1673
383,661,28,1072
341,318,73,732
114,672,47,833
194,418,981,1593
564,367,554,1485
157,987,385,1529
905,910,839,2654
685,98,371,1154
402,699,683,1784
218,665,699,1582
747,542,48,1337
422,360,218,1000
779,943,614,2336
965,957,420,2342
182,44,49,275
239,200,883,1322
617,789,854,2260
619,743,781,2143
581,376,282,1239
184,16,861,1061
77,587,484,1148
123,71,345,539
524,908,516,1948
451,456,20,927
263,229,481,973
28,45,792,865
254,214,821,1289
728,363,774,1865
987,266,130,1383
820,642,926,2388
524,242,88,854
890,613,31,1534
749,179,958,1886
367,198,126,691
713,796,12,1521
336,224,638,1198
643,205,765,1613
744,718,268,1730
446,1000,259,1705
667,271,412,1350
39,376,971,1386
184,639,75,898
912,343,990,2245
740,264,386,1390
542,971,746,2259
200,137,843,1180
394,236,147,777
454,109,824,1387
516,981,211,1708
939,77,139,1155
664,580,160,1404
915,85,930,1930
243,662,414,1319
718,642,198,1558
381,510,549,1440
18,592,283,893
604,228,227,1059
955,875,922,2752
72,29,409,510
352,741,231,1324
357,8,100,465
846,419,720,1985
23,341,488,852
811,617,108,1536
755,711,792,2258
563,744,632,1939
854,204,89,1147
241,793,964,1998
711,76,126,913
760,368,674,1802
875,539,282,1696
668,511,371,1550
803,929,437,2169
229,219,597,1045
675,515,269,1459
137,636,372,1145
110,818,104,1032
901,462,732,2095
545,790,930,2265
271,104,936,1311
388,82,717,1187
226,790,528,1544
201,788,254,1243
32,967,768,1767
19,662,530,1211
288,951,32,1271
599,377,877,1853
293,880,497,1670
209,154,718,1081
822,256,824,1902
424,150,300,874
564,1,930,1495
407,935,582,1924
759,431,650,1840
641,240,521,1402
49,297,777,1123
310,734,784,1828
45,878,435,1358
608,126,689,1423
415,548,180,1143
292,874,737,1903
722,268,949,1939
958,187,527,1672
120,287,12,419
859,359,584,1802
797,468,303,1568
447,198,998,1643
37,241,348,626
26,855,287,1168
696,35,671,1402
931,891,460,2282
646,581,773,2000
979,135,279,1393
295,543,333,1171
611,529,545,1685
768,401,535,1704
186,130,138,454
418,91,400,909
334,46,91,471
454,192,142,788
33,158,766,957
315,891,885,2091
395,603,700,1698
812,709,836,2357
966,798,458,2222
894,326,317,1537
756,445,720,1921
544,248,110,902
244,915,916,2075
438,840,622,1900
652,643,597,1892
531,281,656,1468
778,944,881,2603
839,113,211,1163
958,945,572,2475
851,453,595,1899
387,322,415,1124
464,392,773,1629
324,964,685,1973
971,730,864,2565
144,929,393,1466
41,132,773,946
792,190,553,1535
178,212,300,690
433,7,854,1294
477,332,814,1623
569,734,919,2222
349,252,871,1472
146,796,117,1059
899,844,810,2553
93,563,896,1552
89,241,607,937
369,132,869,1370
212,432,525,1169
861,939,616,2416
690,284,646,1620
136,296,331,763
431,455,580,1466
251,365,986,1602
444,566,165,1175
725,447,29,1201
855,601,363,1819
788,901,901,2590
962,607,748,2317
288,319,478,1085
136,819,351,1306
996,509,475,1980
619,283,315,1217
792,278,290,1360
24,2,466,492
56,26,817,899
891,732,339,1962
239,963,7,1209
930,815,713,2458
565,598,31,1194
835,237,760,1832
190,237,912,1339
295,302,868,1465
626,97,4,727
189,32,22,243
740,949,332,2021
360,658,860,1878
18,234,582,834
528,418,132,1078
835,236,329,1400
192,825,830,1847
341,331,742,1414
602,326,170,1098
522,701,833,2056
972,305,281,1558
703,646,282,1631
488,111,672,1271
147,138,839,1124
215,781,42,1038
508,770,901,2179
180,232,400,812
60,697,735,1492
117,921,604,1642
331,290,527,1148
482,695,177,1354
550,63,552,1165
814,86,531,1431
570,631,748,1949
234,452,977,1663
211,111,135,457
675,653,339,1667
120,41,833,994
526,299,548,1373
938,777,753,2468
296,873,725,1894
355,614,91,1060
126,84,901,1111
539,876,988,2403
521,184,725,1430
125,510,531,1166
380,564,330,1274
40,861,890,1791
662,366,816,1844
1000,700,779,2479
216,306,41,563
348,783,753,1884
786,572,759,2117
159,531,122,812
703,782,291,1776
505,284,875,1664
389,723,16,1128
867,887,452,2206
657,446,980,2083
337,748,413,1498
1,836,977,1814
799,889,522,2210
989,203,201,1393
544,687,47,1278
275,563,85,923
166,109,200,475
509,11,842,1362
545,192,14,751
150,552,240,942
482,416,785,1683
468,117,986,1571
613,626,350,1589
942,773,958,2673
840,236,814,1890
956,439,485,1880
6,822,68,896
3,748,559,1310
571,40,582,1193
401,167,136,704
980,796,830,2606
625,336,397,1358
69,647,213,929
639,693,347,1679
437,776,321,1534
433,339,167,939
771,843,458,2072
992,642,930,2564
863,879,189,1931
419,833,583,1835
419,68,340,827
864,617,106,1587
343,445,333,1121
137,746,80,963
458,313,262,1033
354,556,310,1220
776,70,748,1594
230,161,14,405
556,911,540,2007
1000,941,328,2269
446,220,724,1390
520,289,238,1047
525,492,486,1503
65,591,947,1603
393,465,695,1553
388,913,324,1625
846,804,907,2557
605,719,355,1679
306,70,305,681
901,263,916,2080
394,103,457,954
883,230,450,1563
204,159,582,945
47,291,534,872
638,290,675,1603
636,958,626,2220
499,651,571,1721
973,864,949,2786
760,599,183,1542
804,251,271,1326
688,206,744,1638
178,489,656,1323
172,110,590,872
548,394,985,1927
439,490,644,1573
237,949,941,2127
678,747,542,1967
870,614,21,1505
446,75,797,1318
49,592,983,1624
706,133,235,1074
715,188,917,1820
282,147,257,686
590,410,931,1931
737,636,800,2173
99,925,674,1698
878,106,340,1324
262,737,125,1124
206,25,313,544
429,553,973,1955
918,846,486,2250
6,188,811,1005
172,307,869,1348
990,267,433,1690
167,319,22,508
537,908,295,1740
439,804,785,2028
407,660,145,1212
471,576,28,1075
547,136,77,760
561,103,827,1491
435,710,285,1430
544,248,181,973
521,977,732,2230
967,567,755,2289
7,967,284,1258
226,467,254,947
983,371,683,2037
76,882,595,1553
647,907,39,1593
965,790,488,2243
741,334,208,1283
141,768,30,939
13,978,717,1708
446,26,947,1419
913,76,234,1223
366,23,389,778
439,219,434,1092
471,724,903,2098
776,691,236,1703
709,607,412,1728
272,352,766,1390
596,181,799,1576
563,459,638,1660
843,722,699,2264
14,445,543,1002
30,95,884,1009
906,402,442,1750
827,281,731,1839
119,24,143,286
744,737,33,1514
110,496,623,1229
239,893,559,1691
133,585,713,1431
862,467,504,1833
492,232,376,1100
850,698,60,1608
670,732,208,1610
12,275,801,1088
133,6,472,611
230,884,706,1820
779,215,515,1509
467,776,508,1751
816,3,62,881
175,627,970,1772
188,627,537,1352
256,709,139,1104
138,265,961,1364
277,128,160,565
220,151,258,629
351,235,380,966
831,577,618,2026
621,393,795,1809
953,669,56,1678
513,330,733,1576
1,978,617,1596
370,368,670,1408
801,768,772,2341
374,56,1000,1430
251,375,210,836
620,472,545,1637
26,35,242,303
919,278,566,1763
463,454,647,1564
91,402,964,1457
644,756,401,1801
256,439,719,1414
974,693,205,1872
670,303,841,1814
726,169,723,1618
694,861,809,2364
961,516,640,2117
647,950,747,2344
259,371,768,1398
812,816,258,1886
547,559,167,1273
49,415,99,563
217,344,607,1168
789,472,943,2204
267,174,56,497
301,483,992,1776
843,463,934,2240
805,965,976,2746
159,320,866,1345
278,999,852,2129
380,82,407,869
14,983,500,1497
479,531,405,1415
361,846,576,1783
765,266,792,1823
519,583,172,1274
979,644,205,1828
486,985,13,1484
238,356,21,615
23,620,103,746
168,180,155,503
518,264,618,1400
724,243,884,1851
350,803,865,2018
917,53,709,1679
907,871,55,1833
480,569,496,1545
128,478,751,1357
941,922,599,2462
813,473,562,1848
946,863,878,2687
496,588,227,1311
459,231,214,904
125,777,999,1901
480,878,62,1420
328,642,895,1865
865,347,478,1690
113,502,749,1364
152,938,24,1114
530,241,303,1074
512,977,298,1787
728,432,852,2012
321,991,740,2052
448,203,386,1037
65,6,972,1043
230,331,739,1300
947,213,623,1783
88,183,212,483
794,785,532,2111
488,832,314,1634
100,151,441,692
196,196,730,1122
288,506,859,1653
378,196,498,1072
82,81,835,998
21,522,496,1039
648,583,441,1672
818,896,328,2042
304,419,527,1250
758,934,202,1894
147,356,942,1445
444,489,604,1537
820,86,713,1619
38,626,856,1520
717,838,455,2010
489,398,868,1755
552,564,448,1564
918,363,240,1521
77,8,95,180
764,484,673,1921
321,896,1,1218
574,967,326,1867
451,656,650,1757
470,10,102,582
413,910,75,1398
909,190,450,1549
330,337,572,1239
195,327,430,952
923,52,420,1395
813,561,326,1700
267,892,881,2040
925,609,198,1732
227,725,668,1620
167,657,24,848
878,850,789,2517
154,16,554,724
303,840,40,1183
96,384,898,1378
878,322,904,2104
160,751,196,1107
607,844,960,2411
820,83,490,1393
112,578,373,1063
793,550,775,2118
266,461,241,968
934,93,937,1964
429,847,706,1982
734,726,775,2235
786,788,4,1578
669,307,223,1199
666,272,703,1641
462,48,372,882
458,929,925,2312
924,322,601,1847
170,342,567,1079
235,784,590,1609
469,525,949,1943
933,914,791,2638
747,768,725,2240
235,468,176,879
406,715,441,1562
949,475,540,1964
613,832,413,1858
651,728,108,1487
1000,610,347,1957
196,3,272,471
443,193,146,782
379,914,573,1866
153,948,312,1413
584,193,712,1489
728,825,270,1823
640,954,242,1836
984,636,169,1789
525,734,648,1907
373,782,336,1491
573,483,180,1236
871,733,823,2427
412,419,911,1742
746,164,570,1480
50,530,625,1205
428,48,563,1039
466,250,761,1477
293,39,861,1193
374,882,222,1478
94,62,549,705
333,648,499,1480
333,170,484,987
638,363,627,1628
153,315,677,1145
452,281,223,956
276,886,989,2151
570,66,868,1504
313,917,908,2138
437,302,763,1502
856,679,49,1584
290,334,873,1497
802,587,348,1737
457,230,690,1377
733,606,809,2148
814,284,885,1983
692,890,214,1796
974,675,735,2384
4,248,606,858
775,203,131,1109
258,757,738,1753
613,690,605,1908
59,226,147,432
56,306,406,768
828,771,444,2043
191,359,706,1256
320,300,363,983
656,131,946,1733
891,970,541,2402
790,779,485,2054
584,134,783,1501
820,821,848,2489
375,947,582,1904
200,264,476,940
27,856,786,1669
195,558,707,1460
336,473,793,1602
537,45,436,1018
211,935,766,1912
561,96,176,833
661,830,807,2298
312,996,261,1569
816,779,253,1848
72,330,414,816
993,501,252,1746
563,302,104,969
920,704,918,2542
205,545,796,1546
88,393,480,961
80,698,487,1265
171,801,699,1671
386,556,304,1246
865,671,256,1792
139,426,244,809
471,17,579,1067
403,49,112,564
516,4,508,1028
904,576,185,1665
627,549,894,2070
