698,854,599,2151
986,885,204,2075
992,477,17,1486
874,593,5,1472
9,157,803,969
640,954,65,1659
428,57,241,726
969,491,476,1936
798,366,832,1996
795,372,398,1565
644,388,10,1042
296,930,839,2065
133,983,641,1757
293,635,876,1804
886,826,655,2367
898,903,926,2727
542,221,97,860
433,604,524,1561
352,856,998,2206
9,578,657,1244
943,365,725,2033
154,749,593,1496
842,717,406,1965
140,654,187,981
963,99,737,1799
884,282,458,1624
281,817,631,1729
179,963,176,1318
698,221,293,1212
941,951,486,2378
635,629,421,1685
284,66,14,364
658,137,920,1715
412,529,810,1751
68,268,875,1211
564,940,349,1853
283,340,501,1124
77,463,537,1077
682,793,931,2406
353,328,551,1232
35,418,314,767
15,95,343,453
474,338,468,1280
406,692,23,1121
760,344,150,1254
76,780,212,1068
415,524,892,1831
571,80,520,1171
468,77,488,1033
221,481,643,1345
39,570,527,1136
497,204,595,1296
472,69,222,763
406,720,187,1313
357,709,897,1963
650,743,461,1854
217,557,321,1095
717,702,876,2295
310,983,185,1478
804,382,81,1267
184,557,488,1229
420,882,713,2015
538,663,561,1762
126,538,464,1128
80,731,913,1724
752,622,380,1754
124,332,215,671
939,43,160,1142
980,749,791,2520
914,773,746,2433
532,382,836,1750
368,337,149,854
692,323,22,1037
363,351,707,1421
256,815,389,1460
1000,190,550,1740
456,680,315,1451
245,268,78,591
292,515,115,922
819,211,99,1129
645,445,948,2038
165,562,250,977
473,630,985,2088
57,401,274,732
315,224,933,1472
484,684,276,1444
592,782,170,1544
253,553,20,826
500,718,532,1750
182,406,287,875
602,861,255,1718
219,542,199,960
456,420,658,1534
853,930,205,1988
684,505,373,1562
154,553,113,820
140,652,581,1373
243,572,732,1547
926,73,952,1951
616,903,795,2314
316,585,978,1879
955,46,554,1555
987,912,541,2440
235,749,846,1830
869,660,618,2147
328,33,25,386
200,622,634,1456
943,253,885,2081
396,210,213,819
657,882,630,2169
973,51,340,1364
286,628,806,1720
802,830,80,1712
105,510,429,1044
569,891,180,1640
558,361,431,1350
258,57,297,612
643,270,997,1910
160,361,918,1439
129,118,783,1030
231,377,728,1336
239,30,363,632
961,91,430,1482
489,68,655,1212
779,588,849,2216
564,122,476,1162
413,218,153,784
591,893,458,1942
529,935,281,1745
911,589,136,1636
932,900,764,2596
25,548,534,1107
41,218,387,646
601,180,832,1613
117,208,535,860
471,819,533,1823
488,642,607,1737
745,537,254,1536
347,89,341,777
982,602,738,2322
430,333,244,1007
849,635,909,2393
561,703,25,1289
330,784,498,1612
37,732,206,975
454,134,103,691
75,633,517,1225
822,464,292,1578
79,707,584,1370
179,626,119,924
941,635,607,2183
7,593,539,1139
302,199,241,742
556,950,957,2463
707,830,365,1902
762,839,276,1877
284,669,398,1351
958,125,276,1359
78,38,554,670
574,110,81,765
469,88,140,697
279,963,69,1311
412,927,962,2301
85,165,565,815
360,584,369,1313
583,358,714,1655
390,505,135,1030
937,614,609,2160
677,760,302,1739
759,222,922,1903
27,510,759,1296
887,386,181,1454
993,774,520,2287
965,729,528,2222
936,79,826,1841
737,232,439,1408
72,348,835,1255
122,738,567,1427
601,107,501,1209
268,341,957,1566
31,779,656,1466
959,250,906,2115
515,175,598,1288
912,428,159,1499
958,263,899,2120
676,179,139,994
739,557,627,1923
568,479,240,1287
462,355,70,887
336,848,242,1426
474,272,532,1278
634,600,650,1884
15,848,655,1518
691,190,51,932
841,743,384,1968
252,106,431,789
538,56,821,1415
227,884,726,1837
92,995,278,1365
844,621,491,1956
582,216,301,1099
450,136,638,1224
531,251,361,1143
571,142,449,1162
896,680,2,1578
986,229,906,2121
110,547,997,1654
451,433,358,1242
618,298,894,1810
301,415,683,1399
429,87,822,1338
445,255,810,1510
562,764,21,1347
389,433,890,1712
312,735,881,1928
572,329,127,1028
18,163,614,795
989,732,210,1931
561,335,428,1324
619,876,926,2421
883,233,304,1420
932,85,481,1498
656,286,593,1535
284,72,913,1269
692,694,628,2014
91,717,118,926
151,198,22,371
805,252,35,1092
633,40,229,902
705,853,940,2498
739,114,679,1532
459,640,284,1383
653,938,39,1630
311,108,750,1169
313,572,811,1696
158,768,446,1372
887,628,838,2353
497,833,460,1790
371,495,781,1647
472,958,978,2408
681,444,897,2022
699,859,695,2253
458,428,3,889
841,822,359,2022
469,167,883,1519
574,843,836,2253
694,613,134,1441
406,925,576,1907
252,856,362,1470
449,747,631,1827
340,206,590,1136
786,979,423,2188
170,783,513,1466
710,917,178,1805
340,714,44,1098
720,740,28,1488
327,316,669,1312
28,737,117,882
628,578,929,2135
259,663,32,954
111,562,847,1520
967,41,594,1602
766,930,179,1875
464,69,349,882
165,806,708,1679
348,386,643,1377
784,308,923,2015
929,905,458,2292
38,51,972,1061
834,22,315,1171
451,146,396,993
57,789,490,1336
928,674,31,1633
163,752,942,1857
158,363,974,1495
97,607,192,896
459,681,722,1862
139,933,591,1663
522,757,643,1922
674,671,605,1950
941,10,574,1525
993,40,996,2029
230,598,944,1772
912,747,745,2404
163,352,660,1175
864,496,706,2066
886,624,631,2141
592,201,935,1728
200,845,318,1363
736,277,166,1179
749,946,48,1743
706,564,83,1353
929,727,5,1661
613,951,59,1623
790,179,303,1272
842,903,98,1843
776,621,157,1554
696,609,287,1592
117,809,497,1423
109,6,625,740
549,415,444,1408
387,286,23,696
953,751,956,2660
931,432,713,2076
853,136,449,1438
458,404,37,899
323,773,363,1459
108,857,201,1166
350,816,797,1963
558,68,748,1374
147,749,406,1302
394,741,653,1788
251,815,649,1715
614,369,304,1287
509,750,788,2047
460,59,188,707
524,89,171,784
382,256,617,1255
149,662,615,1426
200,62,328,590
688,105,19,812
463,245,318,1026
49,742,139,930
833,569,191,1593
31,962,540,1533
125,824,166,1115
128,67,51,246
93,825,31,949
821,647,94,1562
196,177,51,424
234,745,736,1715
848,730,41,1619
957,260,437,1654
971,197,224,1392
673,981,771,2425
411,807,209,1427
293,529,937,1759
278,421,952,1651
507,152,339,998
185,713,67,965
509,670,357,1536
840,461,666,1967
313,168,272,753
389,749,680,1818
285,816,481,1582
823,290,201,1314
570,447,459,1476
651,96,534,1281
734,255,304,1293
463,948,148,1559
9,338,590,937
715,235,833,1783
341,807,77,1225
777,853,744,2374
243,605,577,1425
962,230,161,1353
445,133,730,1308
417,506,12,935
117,67,318,502
300,924,810,2034
642,220,853,1715
987,672,556,2215
472,747,667,1886
205,502,959,1666
472,884,441,1797
821,689,590,2100
820,185,552,1557
293,749,394,1436
981,975,596,2552
173,596,905,1674
401,179,835,1415
646,616,514,1776
806,989,340,2135
187,491,657,1335
629,223,512,1364
320,913,814,2047
595,60,444,1099
80,471,621,1172
28,1000,103,1131
968,274,167,1409
173,572,369,1114
357,618,977,1952
533,851,173,1557
110,217,496,823
616,930,19,1565
176,646,40,862
927,730,204,1861
249,122,761,1132
642,176,211,1029
791,610,89,1490
92,951,268,1311
373,721,27,1121
737,378,510,1625
498,762,688,1948
413,436,320,1169
192,588,835,1615
541,77,315,933
79,975,221,1275
720,53,117,890
419,826,695,1940
952,435,558,1945
714,367,822,1903
860,647,321,1828
343,337,605,1285
853,147,527,1527
347,848,665,1860
775,893,411,2079
438,384,714,1536
829,708,431,1968
477,532,802,1811
152,855,719,1726
784,195,763,1742
873,146,365,1384
537,195,418,1150
192,771,672,1635
174,735,558,1467
289,238,705,1232
654,915,972,2541
732,177,506,1415
164,704,240,1108
726,52,320,1098
915,520,964,2399
578,608,335,1521
799,357,73,1229
313,427,190,930
890,556,750,2196
182,775,164,1121
170,528,34,732
208,341,601,1150
257,68,589,914
117,779,480,1376
785,94,947,1826
27,930,530,1487
924,385,268,1577
679,194,714,1587
874,485,530,1889
414,239,518,1171
564,380,105,1049
226,555,593,1374
689,820,274,1783
913,637,137,1687
115,870,207,1192
275,43,402,720
569,607,593,1769
165,198,128,491
968,326,803,2097
947,198,553,1698
794,676,522,1992
737,874,191,1802
354,30,176,560
735,355,401,1491
27,933,473,1433
214,119,601,934
212,463,510,1185
924,217,183,1324
72,259,174,505
43,916,457,1416
183,119,220,522
167,448,224,839
736,325,448,1509
668,347,557,1572
922,314,638,1874
167,197,919,1283
177,225,801,1203
596,563,450,1609
607,165,779,1551
738,428,542,1708
920,697,202,1819
140,507,644,1291
109,43,186,338
397,75,411,883
749,990,978,2717
572,484,256,1312
489,866,772,2127
814,809,135,1758
318,419,132,869
37,752,30,819
101,359,367,827
303,96,421,820
321,341,400,1062
902,737,833,2472
707,6,943,1656
396,795,174,1365
481,823,857,2161
357,598,386,1341
492,1000,344,1836
604,664,123,1391
821,353,330,1504
428,525,300,1253
682,539,589,1810
147,387,621,1155
814,875,28,1717
427,7,276,710
595,861,592,2048
300,613,657,1570
451,678,706,1835
660,49,122,831
540,862,621,2023
705,295,881,1881
365,213,302,880
726,426,400,1552
710,100,721,1531
97,739,200,1036
846,65,236,1147
474,741,497,1712
78,950,858,1886
878,3,990,1871
238,864,654,1756
211,290,979,1480
564,888,523,1975
14,896,304,1214
513,439,723,1675
244,240,507,991
640,107,390,1137
971,378,194,1543
182,381,775,1338
126,477,87,690
33,866,175,1074
310,484,348,1142
543,446,778,1767
603,952,869,2424
958,728,832,2518
333,811,183,1327
229,946,962,2137
341,165,425,931
464,658,773,1895
657,110,757,1524
331,840,177,1348
661,270,490,1421
413,850,724,1987
95,743,645,1483
533,994,304,1831
371,250,958,1579
252,311,913,1476
102,848,778,1728
223,518,156,897
780,733,969,2482
561,168,33,762
713,133,369,1215
291,964,277,1532
399,602,192,1193
743,805,862,2410
921,877,418,2216
243,689,54,986
507,413,692,1612
734,362,612,1708
119,258,859,1236
713,261,836,1810
942,703,375,2020
829,837,916,2582
733,510,114,1357
636,85,951,1672
305,639,445,1389
28,47,402,477
357,356,561,1274
232,780,10,1022
128,288,426,842
495,431,128,1054
15,355,801,1171
174,16,932,1122
276,516,50,842
495,255,307,1057
198,471,76,745
996,215,284,1495
678,268,655,1601
949,684,461,2094
546,475,636,1657
825,32,822,1679
346,375,10,731
922,77,423,1422
799,963,424,2186
579,945,380,1904
439,389,2,830
394,152,689,1235
754,600,59,1413
777,225,49,1051
37,376,792,1205
611,269,616,1496
78,981,35,1094
552,528,927,2007
83,602,677,1362
261,478,852,1591
200,524,165,889
251,781,114,1146
68,555,208,831
250,794,385,1429
999,762,122,1883
131,318,320,769
541,707,759,2007
675,301,473,1449
919,888,400,2207
901,567,725,2193
169,74,85,328
841,980,369,2190
904,645,230,1779
478,365,812,1655
872,185,775,1832
655,207,846,1708
923,202,748,1873
492,167,404,1063
721,175,902,1798
407,944,798,2149
740,916,363,2019
718,412,470,1600
632,744,174,1550
18,354,398,770
389,595,668,1652
517,719,164,1400
451,979,299,1729
329,793,860,1982
848,368,27,1243
253,375,23,651
932,182,527,1641
837,491,514,1842
87,136,574,797
935,483,872,2290
23,483,990,1496
637,956,465,2058
64,529,124,717
230,950,924,2104
91,235,496,822
648,766,970,2384
26,779,641,1446
16,850,304,1170
203,336,649,1188
452,207,154,813
576,360,128,1064
932,76,376,1384
694,763,570,2027
143,334,307,784
204,310,636,1150
4,887,551,1442
627,379,133,1139
483,963,229,1675
779,151,533,1463
249,883,686,1818
708,397,481,1586
811,888,36,1735
472,212,922,1606
692,887,994,2573
574,594,803,1971
965,992,961,2918
839,391,545,1775
413,170,922,1505
605,945,54,1604
795,832,716,2343
369,394,626,1389
744,435,945,2124
453,199,573,1225
167,991,37,1195
2,40,822,864
614,228,174,1016
549,910,500,1959
867,713,249,1829
814,513,307,1634
673,555,373,1601
843,760,334,1937
720,300,292,1312
886,903,910,2699
214,78,62,354
625,311,276,1212
793,786,881,2460
73,517,318,908
579,711,686,1976
598,304,734,1636
904,439,934,2277
393,563,343,1299
21,522,691,1234
247,514,558,1319
911,143,935,1989
431,631,740,1802
776,521,813,2110
969,526,453,1948
623,600,937,2160
838,422,465,1725
166,419,269,854
460,874,322,1656
582,906,37,1525
999,885,894,2778
843,717,488,2048
506,702,280,1488
201,783,817,1801
683,643,740,2066
918,993,341,2252
561,155,570,1286
536,693,279,1508
989,71,3,1063
560,484,926,1970
432,937,732,2101
222,408,417,1047
950,778,748,2476
685,669,842,2196
273,714,446,1433
503,132,68,703
744,370,611,1725
636,620,523,1779
166,214,545,925
160,527,173,860
305,804,196,1305
784,835,26,1645
484,684,599,1767
891,44,952,1887
222,969,152,1343
398,204,479,1081
897,505,246,1648
21,789,181,991
845,631,269,1745
948,772,767,2487
432,313,16,761
95,348,938,1381
206,341,92,639
175,208,442,825
602,277,73,952
574,541,341,1456
463,163,512,1138
497,82,630,1209
968,436,986,2390
642,472,597,1711
572,826,694,2092
246,728,767,1741
965,846,993,2804
596,798,204,1598
425,829,784,2038
404,994,15,1413
321,909,491,1721
984,974,852,2810
912,947,105,1964
820,872,547,2239
451,637,162,1250
913,249,588,1750
332,374,509,1215
800,696,627,2123
44,736,363,1143
44,875,24,943
412,337,898,1647
681,281,800,1762
259,389,666,1314
736,16,694,1446
650,602,154,1406
731,783,416,1930
119,662,380,1161
250,22,304,576
885,461,898,2244
210,316,613,1139
280,85,785,1150
408,882,665,1955
794,953,402,2149
939,714,804,2457
540,285,716,1541
34,606,420,1060
398,219,28,645
892,768,351,2011
537,338,267,1142
38,780,572,1390
935,48,291,1274
575,793,258,1626
668,985,352,2005
538,333,610,1481
617,692,238,1547
898,480,739,2117
418,405,481,1304
440,821,986,2247
730,571,270,1571
101,953,32,1086
511,521,316,1348
198,666,901,1765
792,653,278,1723
169,940,939,2048
24,825,966,1815
518,597,289,1404
717,309,633,1659
941,235,852,2028
379,68,131,578
759,577,587,1923
178,100,375,653
794,806,177,1777
458,505,659,1622
154,989,19,1162
841,816,667,2324
509,111,502,1122
495,377,863,1735
64,393,358,815
113,827,721,1661
862,107,59,1028
120,826,555,1501
755,618,535,1908
919,614,756,2289
268,725,345,1338
976,377,847,2200
702,609,384,1695
107,839,954,1900
909,592,272,1773
64,241,989,1294
375,346,476,1197
144,529,639,1312
706,436,397,1539
357,390,199,946
465,218,252,935
839,419,651,1909
327,559,206,1092
874,798,847,2519
163,947,233,1343
837,706,15,1558
648,412,528,1588
0,751,486,1237
165,835,576,1576
68,864,735,1667
132,923,460,1515
691,310,157,1158
374,643,371,1388
845,914,319,2078
159,269,397,825
165,178,752,1095
129,989,888,2006
630,549,809,1988
959,141,943,2043
991,353,457,1801
500,112,363,975
751,97,366,1214
484,864,28,1376
356,749,780,1885
185,521,981,1687
536,362,622,1520
115,373,346,834
925,904,992,2821
69,518,218,805
385,962,596,1943
334,620,394,1348
956,254,311,1521
457,918,320,1695
389,206,434,1029
761,232,16,1009
652,28,993,1673
737,508,434,1679
33,911,725,1669
559,490,211,1260
829,586,600,2015
186,285,705,1176
747,710,373,1830
314,578,949,1841
518,43,185,746
348,867,417,1632
163,488,12,663
886,290,724,1900
696,643,981,2320
298,983,462,1743
13,679,878,1570
595,467,396,1458
849,599,829,2277
789,939,510,2238
95,973,1,1069
538,739,397,1674
419,241,148,808
53,886,618,1557
964,148,859,1971
671,164,138,973
927,939,236,2102
522,946,502,1970
749,399,553,1701
872,326,436,1634
536,238,443,1217
634,386,108,1128
268,503,92,863
64,760,892,1716
53,752,138,943
719,227,197,1143
255,230,230,715
233,518,428,1179
536,218,413,1167
995,243,718,1956
776,460,915,2151
264,702,879,1845
904,639,750,2293
351,973,873,2197
323,340,834,1497
761,313,845,1919
265,194,213,672
83,179,504,766
653,519,831,2003
976,286,576,1838
300,986,809,2095
616,855,282,1753
982,741,154,1877
337,449,249,1035
227,493,824,1544
59,543,496,1098
26,548,908,1482
563,628,535,1726
410,741,399,1550
626,470,395,1491
841,616,365,1822
35,570,953,1558
209,658,228,1095
952,803,507,2262
689,831,287,1807
814,244,478,1536
662,513,387,1562
687,453,138,1278
781,972,132,1885
498,325,167,990
875,599,177,1651
190,499,172,861
704,251,719,1674
476,326,182,984
497,412,185,1094
781,243,338,1362
714,414,199,1327
967,320,761,2048
109,276,257,642
107,985,665,1757
80,741,788,1609
200,84,139,423
976,868,538,2382
652,275,900,1827
727,194,56,977
370,711,349,1430
485,460,192,1137
628,651,545,1824
835,394,750,1979
383,728,769,1880
796,142,387,1325
853,768,901,2522
696,52,654,1402
376,247,880,1503
696,453,92,1241
697,249,901,1847
514,701,693,1908
888,852,462,2202
231,490,172,893
791,444,883,2118
118,511,345,974
744,260,416,1420
825,144,620,1589
162,383,354,899
785,167,572,1524
392,620,826,1838
611,59,251,921
602,803,699,2104
834,444,564,1842
565,446,699,1710
476,899,217,1592
163,135,897,1195
577,676,569,1822
81,888,7,976
519,595,464,1578
91,572,261,924
537,485,307,1329
124,64,171,359
308,670,383,1361
911,218,880,2009
929,829,825,2583
636,962,58,1656
524,278,388,1190
422,943,614,1979
384,857,629,1870
822,905,868,2595
383,224,278,885
857,358,447,1662
645,210,119,974
75,102,704,881
748,26,81,855
100,275,776,1151
260,621,804,1685
467,642,681,1790
302,540,353,1195
643,766,294,1703
458,902,843,2203
583,913,529,2025
780,842,523,2145
212,711,921,1844
955,777,450,2182
451,349,264,1064
102,825,600,1527
496,952,942,2390
621,567,537,1725
403,394,862,1659
440,179,673,1292
921,990,41,1952
853,102,900,1855
618,350,782,1750
991,522,8,1521
860,156,537,1553
592,266,880,1738
25,749,455,1229
29,274,527,830
339,558,265,1162
916,65,612,1593
258,374,117,749
152,986,672,1810
181,841,616,1638
965,341,322,1628
485,588,807,1880
666,902,428,1996
209,459,252,920
201,57,484,742
268,938,461,1667
649,283,834,1766
834,715,840,2389
392,725,723,1840
608,678,447,1733
973,75,94,1142
601,915,60,1576
422,429,447,1298
919,293,330,1542
596,343,542,1481
447,344,935,1726
274,683,37,994
766,343,880,1989
505,484,15,1004
920,972,463,2355
978,719,196,1893
538,24,853,1415
949,558,327,1834
774,430,317,1521
978,473,25,1476
252,606,874,1732
23,943,323,1289
405,981,985,2371
848,388,583,1819
55,176,601,832
875,507,934,2316
200,385,63,648
299,55,455,809
364,570,603,1537
152,385,888,1425
23,31,491,545
146,266,957,1369
675,572,582,1829
984,929,361,2274
223,549,89,861
557,679,587,1823
729,760,163,1652
205,66,510,781
149,13,501,663
148,160,213,521
601,679,644,1924
305,166,693,1164
42,237,513,792
145,5,247,397
697,826,641,2164
576,950,914,2440
460,223,691,1374
254,529,634,1417
53,519,245,817
240,189,382,811
351,123,693,1167
311,270,82,663
769,19,835,1623
544,354,34,932
32,909,78,1019
726,679,142,1547
133,600,220,953
748,66,559,1373
104,167,516,787
887,794,266,1947
140,794,592,1526
972,976,638,2586
914,631,906,2451
425,305,596,1326
223,798,623,1644
555,620,554,1729
101,285,356,742
629,84,955,1668
519,470,296,1285
155,585,187,927
703,801,426,1930
1000,37,85,1122
564,34,325,923
332,789,114,1235
132,687,32,851
859,809,754,2422
618,88,109,815
800,683,920,2403
127,724,120,971
109,900,142,1151
859,34,345,1238
817,131,422,1370
789,129,161,1079
299,696,48,1043
718,531,808,2057
371,89,23,483
373,261,957,1591
31,650,845,1526
513,913,577,2003
273,271,796,1340
231,202,821,1254
469,781,631,1881
922,632,487,2041
175,859,596,1630
84,617,748,1449
318,698,470,1486
991,607,251,1849
411,461,756,1628
915,348,150,1413
378,621,137,1136
697,632,623,1952
816,183,23,1022
220,718,694,1632
987,114,386,1487
309,739,879,1927
590,533,27,1150
991,546,421,1958
364,474,491,1329
824,619,105,1548
493,694,667,1854
141,712,274,1127
994,517,583,2094
220,508,822,1550
811,837,330,1978
350,456,910,1716
915,291,379,1585
666,155,956,1777
90,877,202,1169
302,653,769,1724
793,50,854,1697
423,651,145,1219
819,987,437,2243
32,338,630,1000
878,540,938,2356
848,451,949,2248
606,462,357,1425
941,141,912,1994
713,535,815,2063
789,703,872,2364
476,550,780,1806
575,572,278,1425
621,243,104,968
507,465,302,1274
893,282,559,1734
742,616,375,1733
511,375,953,1839
71,395,544,1010
794,685,417,1896
7,893,674,1574
576,190,524,1290
57,816,486,1359
780,755,352,1887
226,813,894,1933
731,660,698,2089
858,650,972,2480
36,388,440,864
870,466,268,1604
135,576,814,1525
143,952,870,1965
574,380,728,1682
74,517,148,739
647,269,980,1896
836,541,459,1836
272,416,658,1346
792,63,160,1015
742,402,579,1723
503,131,833,1467
606,648,397,1651
655,994,250,1899
917,403,950,2270
244,18,667,929
65,819,873,1757
490,891,469,1850
682,432,29,1143
151,996,458,1605
317,743,381,1441
198,862,815,1875
54,805,521,1380
25,631,266,922
462,474,467,1403
445,279,0,724
9,533,501,1043
969,922,249,2140
69,625,888,1582
855,95,411,1361
493,63,97,653
788,88,879,1755
737,721,547,2005
755,336,111,1202
194,723,882,1799
108,859,633,1600
352,374,835,1561
558,173,886,1617
387,892,917,2196
494,929,550,1973
488,672,184,1344
558,533,411,1502
163,967,701,1831
155,444,204,803
472,314,691,1477
513,640,10,1163
439,656,972,2067
980,285,826,2091
174,353,931,1458
463,762,219,1444
295,684,319,1298
523,254,194,971
730,859,258,1847
330,468,989,1787
932,393,27,1352
906,111,616,1633
599,486,93,1178
461,315,687,1463
737,558,695,1990
877,427,510,1814
973,724,230,1927
627,879,279,1785
88,98,716,902
340,762,963,2065
225,365,555,1145
114,721,985,1820
439,574,844,1857
136,112,813,1061
958,773,509,2240
895,395,594,1884
847,539,915,2301
779,972,646,2397
837,549,210,1596
151,269,943,1363
920,458,450,1828
139,905,168,1212
841,193,341,1375
778,658,670,2106
766,218,32,1016
576,557,998,2131
727,614,298,1639
568,155,325,1048
831,872,328,2031
945,872,276,2093
530,289,609,1428
197,63,708,968
530,47,967,1544
982,96,315,1393
469,180,816,1465
104,536,565,1205
983,964,906,2853
160,865,474,1499
242,603,838,1683
299,531,973,1803
845,855,978,2678
392,75,774,1241
278,126,228,632
19,584,308,911
248,583,805,1636
748,676,674,2098
863,76,205,1144
839,110,669,1618
713,559,987,2259
152,439,764,1355
502,363,949,1814
628,13,754,1395
195,480,111,786
655,719,241,1615
176,559,528,1263
875,889,612,2376
827,252,275,1354
202,539,726,1467
187,799,183,1169
423,867,475,1765
241,789,652,1682
675,454,473,1602
634,791,797,2222
703,490,774,1967
775,195,170,1140
276,22,260,558
635,778,21,1434
665,276,988,1929
446,878,294,1618
31,632,142,805
351,131,188,670
75,266,465,806
556,89,961,1606
340,752,51,1143
288,982,817,2087
964,602,973,2539
712,985,171,1868
676,641,100,1417
187,967,74,1228
230,359,686,1275
539,565,924,2028
112,947,651,1710
981,870,257,2108
857,471,342,1670
595,595,644,1834
407,717,884,2008
648,629,509,1786
241,768,52,1061
843,960,878,2681
307,615,732,1654
875,811,170,1856
843,636,413,1892
427,323,822,1572
827,453,347,1627
38,824,319,1181
427,76,824,1327
468,869,166,1503
807,381,162,1350
808,362,942,2112
556,458,437,1451
84,230,714,1028
55,583,415,1053
920,653,993,2566
542,54,1,597
132,797,287,1216
14,433,640,1087
833,794,914,2541
433,291,434,1158
467,207,52,726
641,767,939,2347
626,867,346,1839
871,25,920,1816
828,135,394,1357
672,42,103,817
516,830,377,1723
157,937,759,1853
742,248,155,1145
897,786,867,2550
616,84,168,868
473,770,464,1707
771,421,19,1211
348,238,216,802
744,427,588,1759
966,159,2,1127
366,387,215,968
825,701,235,1761
638,541,521,1700
586,377,867,1830
424,266,286,976
438,87,255,780
460,915,518,1893
678,657,824,2159
6,359,447,812
525,332,287,1144
274,651,590,1515
935,655,759,2349
747,883,220,1850
911,34,25,970
717,492,550,1759
220,138,667,1025
880,757,880,2517
967,824,545,2336
177,863,78,1118
213,864,936,2013
229,267,506,1002
159,164,209,532
686,500,876,2062
585,76,615,1276
481,229,497,1207
337,981,618,1936
876,160,692,1728
24,251,406,681
957,979,702,2638
485,64,642,1191
922,673,515,2110
109,525,808,1442
924,719,606,2249
805,976,939,2720
880,497,717,2094
723,539,189,1451
732,575,392,1699
873,195,991,2059
951,179,453,1583
973,795,459,2227
168,872,476,1516
725,878,760,2363
948,823,146,1917
984,866,60,1910
268,646,130,1044
688,925,780,2393
112,297,869,1278
885,485,639,2009
855,133,936,1924
597,468,980,2045
785,35,421,1241
714,566,765,2045
410,469,736,1615
928,870,490,2288
808,188,394,1390
438,132,741,1311
985,311,873,2169
428,692,95,1215
686,53,404,1143
318,835,364,1517
135,147,474,756
275,766,961,2002
697,108,888,1693
819,930,879,2628
781,410,286,1477
231,847,657,1735
167,879,693,1739
318,190,484,992
905,594,597,2096
161,514,343,1018
877,744,105,1726
904,707,363,1974
853,409,159,1421
117,358,683,1158
28,66,301,395
542,361,942,1845
829,969,393,2191
815,655,333,1803
838,590,943,2371
259,88,859,1206
56,242,333,631
31,510,495,1036
822,203,700,1725
877,641,541,2059
165,497,861,1523
827,804,635,2266
920,723,793,2436
539,646,406,1591
955,160,442,1557
421,404,643,1468
351,627,731,1709
141,778,38,957
556,927,658,2141
104,326,952,1382
400,845,896,2141
972,661,105,1738
740,952,874,2566
514,545,825,1884
924,659,234,1817
684,903,204,1791
537,955,597,2089
498,482,950,1930
71,120,337,528
792,260,966,2018
384,561,708,1653
5,919,146,1070
229,893,790,1912
41,943,214,1198
613,886,465,1964
840,522,886,2248
400,289,843,1532
917,782,483,2182
846,920,689,2455
108,78,48,234
965,573,707,2245
688,504,659,1851
159,695,328,1182
488,132,313,933
459,997,446,1902
550,713,322,1585
81,194,850,1125
369,261,310,940
461,50,653,1164
482,768,963,2213
707,102,372,1181
267,618,156,1041
445,605,905,1955
880,829,694,2403
55,667,359,1081
972,453,547,1972
503,488,959,1950
638,325,485,1448
958,193,969,2120
16,161,826,1003
976,279,117,1372
213,836,14,1063
605,380,407,1392
77,237,399,713
698,25,757,1480
844,122,822,1788
225,413,415,1053
797,532,963,2292
575,984,728,2287
793,246,900,1939
700,784,616,2100
759,847,556,2162
771,765,396,1932
375,401,484,1260
554,678,501,1733
10,847,305,1162
28,658,661,1347
277,261,621,1159
443,495,772,1710
495,18,434,947
764,780,611,2155
139,740,113,992
639,395,387,1421
840,71,923,1834
678,228,49,955
222,710,220,1152
32,23,451,506
572,503,618,1693
301,645,245,1191
645,400,146,1191
319,522,724,1565
635,885,291,1811
114,143,459,716
299,810,722,1831
219,777,312,1308
883,849,94,1826
43,351,656,1050
400,214,579,1193
669,63,478,1210
777,29,866,1672
859,186,514,1559
424,332,927,1683
918,498,192,1608
789,947,855,2591
353,742,545,1640
570,561,991,2122
978,438,465,1881
691,563,946,2200
396,739,792,1927
770,168,26,964
311,501,543,1355
897,154,221,1272
553,920,485,1958
936,314,44,1294
779,12,559,1350
587,413,566,1566
251,11,496,758
208,628,778,1614
54,759,229,1042
66,200,311,577
385,261,999,1645
37,238,823,1098
696,316,967,1979
546,3,904,1453
559,769,32,1360
326,701,378,1405
330,517,339,1186
603,242,871,1716
296,430,877,1603
906,654,573,2133
126,60,682,868
657,744,925,2326
371,562,173,1106
324,253,236,813
32,653,939,1624
33,862,706,1601
681,365,891,1937
923,754,616,2293
569,634,90,1293
632,623,618,1873
815,467,889,2171
131,294,62,487
469,697,280,1446
563,861,3,1427
855,903,483,2241
981,492,485,1958
278,992,860,2130
962,526,441,1929
69,967,803,1839
227,111,321,659
618,875,474,1967
917,741,967,2625
824,868,729,2421
804,632,514,1950
830,132,745,1707
579,920,430,1929
194,686,766,1646
288,411,980,1679
865,456,897,2218
497,864,825,2186
525,105,995,1625
453,668,815,1936
633,902,430,1965
51,701,668,1420
950,101,155,1206
330,678,399,1407
532,525,136,1193
250,833,535,1618
680,574,891,2145
824,26,486,1336
754,117,131,1002
842,386,865,2093
26,645,604,1275
686,27,420,1133
392,87,996,1475
863,206,199,1268
666,951,768,2385
217,137,349,703
509,114,690,1313
391,209,454,1054
100,912,518,1530
546,515,373,1434
789,496,790,2075
557,721,749,2027
930,672,970,2572
533,259,265,1057
628,249,68,945
74,811,154,1039
910,239,0,1149
637,294,479,1410
642,975,996,2613
874,639,581,2094
505,635,518,1658
382,62,828,1272
368,38,876,1282
222,983,931,2136
712,33,980,1725
387,808,50,1245
622,91,526,1239
735,985,394,2114
485,812,509,1806
304,527,786,1617
994,939,660,2593
368,430,589,1387
300,996,686,1982
566,757,863,2186
844,848,43,1735
476,600,425,1501
667,895,657,2219
845,189,317,1351
190,462,929,1581
909,880,949,2738
786,1,456,1243
506,189,822,1517
813,375,275,1463
212,972,348,1532
748,181,399,1328
335,671,677,1683
506,747,574,1827
90,990,631,1711
397,633,997,2027
770,860,478,2108
345,632,465,1442
477,102,160,739
413,295,637,1345
232,550,94,876
213,236,227,676
806,53,500,1359
621,539,57,1217
909,84,102,1095
796,761,254,1811
964,204,844,2012
901,214,961,2076
450,662,557,1669
475,662,171,1308
845,397,664,1906
476,933,786,2195
221,97,401,719
308,720,304,1332
880,57,505,1442
962,741,303,2006
487,681,752,1920
993,536,447,1976
612,538,618,1768
394,212,589,1195
868,443,773,2084
406,684,685,1775
505,36,420,961
553,585,674,1812
948,807,493,2248
225,646,392,1263
117,744,433,1294
145,394,302,841
126,281,659,1066
436,583,949,1968
241,153,358,752
767,164,30,961
404,579,632,1615
172,381,322,875
644,315,708,1667
292,763,820,1875
807,406,818,2031
637,76,116,829
275,723,465,1463
990,72,497,1559
932,391,737,2060
967,458,38,1463
836,152,555,1543
697,380,104,1181
809,794,748,2351
83,887,831,1801
90,770,398,1258
737,36,356,1129
336,348,351,1035
531,234,709,1474
397,353,176,926
770,496,51,1317
760,294,51,1105
393,707,285,1385
822,32,612,1466
632,889,514,2035
625,571,148,1344
423,474,879,1776
615,429,66,1110
853,185,847,1885
555,308,183,1046
167,998,689,1854
570,715,249,1534
786,793,1,1580
313,416,841,1570
806,597,369,1772
515,417,600,1532
523,560,405,1488
571,459,486,1516
674,866,481,2021
271,942,308,1521
467,537,6,1010
939,831,502,2272
779,255,219,1253
203,242,380,825
666,857,173,1696
157,541,691,1389
498,605,378,1481
671,354,436,1461
970,977,210,2157
794,486,9,1289
307,639,659,1605
723,995,549,2267
841,829,930,2600
339,149,321,809
361,818,130,1309
289,854,674,1817
996,840,483,2319
261,607,142,1010
843,146,474,1463
984,133,822,1939
387,920,790,2097
391,547,31,969
883,868,939,2690
602,727,275,1604
685,344,398,1427
662,359,294,1315
356,911,33,1300
778,902,353,2033
849,707,23,1579
372,833,19,1224
539,2,718,1259
662,715,284,1661
61,710,303,1074
224,654,103,981
689,408,995,2092
149,876,23,1048
516,983,718,2217
991,197,353,1541
82,734,301,1117
119,851,341,1311
309,981,214,1504
433,570,710,1713
354,267,634,1255
175,744,624,1543
418,930,776,2124
10,792,581,1383
735,784,410,1929
696,394,314,1404
865,64,920,1849
876,310,464,1650
555,51,57,663
136,452,241,829
40,901,854,1795
449,976,527,1952
34,65,672,771
322,92,381,795
669,233,697,1599
690,931,450,2071
563,613,775,1951
562,109,305,976
996,657,902,2555
425,90,946,1461
238,364,344,946
290,84,254,628
204,927,513,1644
170,212,98,480
465,165,745,1375
897,414,226,1537
464,331,802,1597
279,550,502,1331
274,268,758,1300
46,954,312,1312
494,97,716,1307
906,802,922,2630
985,886,715,2586
677,283,220,1180
26,683,235,944
318,528,134,980
913,442,45,1400
380,936,34,1350
941,81,776,1798
985,10,981,1976
231,205,653,1089
644,972,800,2416
645,889,856,2390
33,262,212,507
480,378,330,1188
991,563,143,1697
301,651,870,1822
1,806,75,882
881,911,649,2441
97,155,865,1117
70,69,419,558
287,778,519,1584
7,497,570,1074
472,543,622,1637
206,163,196,565
26,609,924,1559
436,777,398,1611
365,992,427,1784
715,839,579,2133
851,986,796,2633
605,736,171,1512
661,664,367,1692
157,116,640,913
257,248,881,1386
345,395,210,950
755,727,205,1687
327,955,613,1895
608,548,132,1288
374,887,594,1855
420,853,151,1424
323,995,149,1467
128,221,953,1302
838,469,551,1858
242,617,265,1124
534,750,771,2055
967,382,99,1448
706,888,650,2244
74,765,616,1455
194,975,24,1193
6,693,894,1593
516,267,486,1269
91,132,962,1185
83,319,73,475
631,964,954,2549
250,683,3,936
291,173,756,1220
447,661,41,1149
732,883,510,2125
644,549,457,1650
617,45,954,1616
232,892,844,1968
588,579,985,2152
759,134,206,1099
223,160,342,725
487,666,623,1776
828,516,678,2022
743,868,846,2457
422,847,488,1757
591,249,436,1276
57,780,291,1128
941,908,392,2241
247,754,151,1152
53,353,694,1100
611,409,521,1541
552,648,556,1756
997,118,320,1435
616,690,860,2166
240,781,853,1874
673,128,315,1116
461,802,982,2245
565,661,919,2145
199,779,757,1735
109,839,606,1554
539,745,972,2256
231,806,924,1961
186,844,965,1995
879,747,394,2020
556,581,436,1573
729,509,922,2160
513,753,697,1963
767,64,164,995
197,412,895,1504
673,993,609,2275
757,705,761,2223
223,330,221,774
636,84,431,1151
553,285,317,1155
841,210,481,1532
15,704,214,933
666,167,20,853
549,277,276,1102
46,710,874,1630
928,292,959,2179
440,844,731,2015
556,662,663,1881
693,987,951,2631
997,275,677,1949
927,107,781,1815
212,802,624,1638
857,577,767,2201
853,611,961,2425
97,630,855,1582
706,211,264,1181
865,957,104,1926
359,976,590,1925
76,632,788,1496
67,955,524,1546
296,301,590,1187
466,298,540,1304
589,309,787,1685
565,854,519,1938
459,596,88,1143
710,422,247,1379
378,620,18,1016
8,887,199,1094
481,642,348,1471
406,196,249,851
896,580,976,2452
464,614,913,1991
95,598,563,1256
629,932,11,1572
955,85,973,2013
789,232,205,1226
489,813,342,1644
972,247,569,1788
741,178,878,1797
773,577,426,1776
265,710,623,1598
300,417,305,1022
771,441,768,1980
826,70,276,1172
591,387,32,1010
336,813,611,1760
66,950,665,1681
118,455,555,1128
912,34,746,1692
639,826,549,2014
483,889,579,1951
955,134,748,1837
202,565,70,837
716,150,250,1116
466,337,460,1263
462,405,287,1154
503,721,752,1976
193,760,57,1010
146,103,511,760
700,102,403,1205
796,427,858,2081
959,682,64,1705
773,416,456,1645
338,573,937,1848
206,6,351,563
991,560,208,1759
425,262,664,1351
888,743,837,2468
257,809,600,1666
486,519,283,1288
553,115,406,1074
762,975,776,2513
920,170,487,1577
980,388,713,2081
1,904,574,1479
387,340,776,1503
767,921,44,1732
748,289,345,1382
209,358,536,1103
398,200,161,759
742,436,138,1316
663,969,822,2454
340,149,684,1173
146,549,52,747
489,182,46,717
58,1,573,632
177,742,530,1449
211,885,439,1535
504,961,590,2055
690,882,395,1967
393,908,76,1377
686,82,277,1045
726,437,706,1869
767,350,874,1991
274,110,355,739
286,569,956,1811
300,513,507,1320
917,565,627,2109
519,549,998,2066
723,346,168,1237
821,785,866,2472
727,186,818,1731
8,206,970,1184
991,111,942,2044
892,383,274,1549
615,44,785,1444
341,981,452,1774
415,148,94,657
975,889,401,2265
167,965,489,1621
387,352,513,1252
744,784,535,2063
125,143,772,1040
865,523,426,1814
348,430,662,1440
68,653,127,848
162,217,547,926
997,236,287,1520
292,702,364,1358
812,360,415,1587
284,854,912,2050
498,428,576,1502
529,262,259,1050
576,630,245,1451
257,653,285,1195
680,128,705,1513
780,418,654,1852
167,971,29,1167
893,590,575,2058
210,336,733,1279
347,964,863,2174
184,879,67,1130
160,219,321,700
141,189,439,769
108,439,220,767
173,628,299,1100
785,51,591,1427
455,742,342,1539
999,711,803,2513
959,589,355,1903
440,134,152,726
300,93,504,897
263,353,654,1270
654,254,199,1107
841,590,52,1483
603,872,261,1736
688,12,410,1110
645,826,46,1517
782,181,293,1256
681,559,386,1626
676,388,307,1371
121,91,341,553
217,570,292,1079
894,710,218,1822
759,741,500,2000
112,791,584,1487
195,828,199,1222
61,97,184,342
434,894,389,1717
883,851,216,1950
385,374,721,1480
865,304,478,1647
670,325,45,1040
95,366,629,1090
868,87,970,1925
704,609,542,1855
514,626,538,1678
207,501,137,845
863,569,378,1810
192,526,836,1554
438,331,914,1683
102,104,783,989
740,72,844,1656
843,407,300,1550
236,394,95,725
117,739,787,1643
935,508,924,2367
689,749,257,1695
70,319,328,717
26,250,684,960
969,684,771,2424
635,602,905,2142
342,653,942,1937
729,664,936,2329
370,405,601,1376
854,550,673,2077
504,472,686,1662
18,401,117,536
894,918,312,2124
285,573,836,1694
477,450,482,1409
651,974,354,1979
436,48,934,1418
507,196,139,842
805,290,71,1166
921,294,49,1264
931,536,232,1699
598,390,680,1668
945,738,308,1991
912,759,683,2354
640,84,249,973
407,827,116,1350
507,124,281,912
382,487,595,1464
84,803,905,1792
103,826,693,1622
331,530,395,1256
850,448,498,1796
45,562,307,914
724,86,562,1372
30,389,380,799
209,249,116,574
980,203,994,2177
31,946,880,1857
472,178,404,1054
964,966,796,2726
531,662,131,1324
512,614,66,1192
141,821,690,1652
237,946,39,1222
963,321,356,1640
200,498,384,1082
306,431,450,1187
439,486,450,1375
160,654,165,979
951,777,583,2311
909,874,786,2569
382,882,236,1500
363,148,997,1508
430,341,595,1366
654,913,874,2441
629,455,524,1608
411,795,55,1261
785,188,440,1413
42,34,649,725
549,216,242,1007
37,555,583,1175
186,258,909,1353
529,613,513,1655
688,404,271,1363
602,44,770,1416
628,190,387,1205
631,886,943,2460
493,895,6,1394
363,569,996,1928
546,416,751,1713
109,641,806,1556
532,915,212,1659
482,430,756,1668
944,291,794,2029
324,427,180,931
495,893,753,2141
470,561,214,1245
725,598,490,1813
953,620,608,2181
166,225,681,1072
340,966,89,1395
883,530,494,1907
830,809,168,1807
647,498,511,1656
784,438,369,1591
202,632,964,1798
330,993,820,2143
543,990,933,2466
446,777,143,1366
675,33,661,1369
601,238,871,1710
894,190,574,1658
678,771,187,1636
158,725,297,1180
823,747,354,1924
591,64,714,1369
504,386,668,1558
779,716,975,2470
863,973,870,2706
500,475,574,1549
748,669,143,1560
628,17,845,1490
621,38,256,915
136,330,347,813
112,208,918,1238
295,613,351,1259
774,0,168,942
223,41,531,795
760,754,562,2076
689,836,364,1889
327,64,889,1280
69,697,918,1684
234,821,246,1301
64,325,54,443
299,835,451,1585
490,870,840,2200
324,425,539,1288
125,191,45,361
99,332,597,1028
169,178,193,540
89,617,855,1561
832,971,720,2523
232,797,384,1413
667,910,249,1826
297,763,937,1997
685,790,267,1742
901,143,273,1317
757,564,982,2303
669,137,92,898
409,901,892,2202
117,458,269,844
356,518,793,1667
519,609,923,2051
560,706,905,2171
125,719,832,1676
964,935,662,2561
828,795,273,1896
995,137,100,1232
731,428,83,1242
578,405,599,1582
763,36,964,1763
482,966,81,1529
641,525,298,1464
501,804,891,2196
919,924,734,2577
74,249,935,1258
685,262,876,1823
869,488,607,1964
6,199,168,373
317,486,459,1262
551,199,160,910
204,286,868,1358
611,732,101,1444
585,209,194,988
154,537,505,1196
715,272,313,1300
17,558,288,863
267,348,588,1203
354,171,886,1411
527,755,706,1988
635,157,473,1265
868,224,791,1883
683,629,349,1661
208,461,180,849
706,800,885,2391
936,598,451,1985
609,854,777,2240
61,843,506,1410
24,521,499,1044
609,446,941,1996
73,424,169,666
521,140,106,767
742,2,414,1158
423,787,775,1985
830,220,248,1298
408,368,189,965
427,116,124,667
682,592,609,1883
902,682,130,1714
220,482,621,1323
114,334,674,1122
318,209,836,1363
711,377,193,1281
238,351,120,709
245,962,157,1364
952,563,112,1627
221,484,425,1130
782,187,602,1571
546,291,591,1428
54,380,667,1101
997,177,770,1944
811,173,430,1414
645,413,341,1399
485,992,136,1613
547,682,939,2168
505,994,917,2416
529,149,536,1214
645,822,14,1481
697,455,859,2011
172,714,824,1710
858,691,379,1928
65,794,938,1797
944,2,848,1794
821,161,460,1442
455,288,132,875
442,120,467,1029
146,696,953,1795
272,98,867,1237
49,237,31,317
353,249,423,1025
859,773,575,2207
829,865,886,2580
252,308,308,868
370,806,760,1936
53,604,4,661
418,6,399,823
794,492,818,2104
148,172,272,592
383,90,855,1328
507,697,764,1968
756,879,82,1717
238,358,982,1578
366,992,539,1897
892,223,203,1318
784,200,836,1820
332,187,524,1043
495,377,766,1638
409,668,559,1636
437,61,977,1475
309,719,216,1244
119,487,811,1417
74,320,742,1136
728,279,797,1804
400,623,343,1366
738,115,483,1336
319,257,190,766
50,181,683,914
473,657,250,1380
603,967,271,1841
912,747,309,1968
328,461,160,949
65,430,626,1121
650,867,628,2145
86,993,635,1714
134,451,390,975
716,742,266,1724
86,788,739,1613
215,93,955,1263
938,130,331,1399
334,764,74,1172
526,592,557,1675
931,27,434,1392
747,373,119,1239
887,531,846,2264
861,348,21,1230
627,274,363,1264
253,279,794,1326
911,929,71,1911
537,921,83,1541
427,253,305,985
700,543,933,2176
206,62,462,730
72,425,573,1070
875,677,713,2265
958,574,718,2250
561,514,577,1652
132,62,532,726
430,552,476,1458
43,340,214,597
774,766,397,1937
865,748,132,1745
763,423,819,2005
610,587,535,1732
294,593,81,968
656,491,43,1190
120,546,968,1634
349,990,983,2322
16,814,267,1097
520,324,588,1432
242,654,440,1336
751,32,857,1640
682,689,912,2283
2,634,646,1282
737,107,903,1747
93,726,67,886
927,839,993,2759
690,165,414,1269
43,158,465,666
903,614,215,1732
560,436,887,1883
945,113,837,1895
3,722,705,1430
432,424,397,1253
606,86,455,1147
83,736,745,1564
248,228,981,1457
762,960,14,1736
189,340,508,1037
832,864,527,2223
508,681,218,1407
404,666,615,1685
135,516,862,1513
419,560,384,1363
880,634,908,2422
588,463,739,1790
597,481,828,1906
301,198,677,1176
705,504,14,1223
912,211,374,1497
494,757,695,1946
392,220,676,1288
895,675,349,1919
766,274,730,1770
482,354,873,1709
897,209,48,1154
476,462,536,1474
934,231,950,2115
876,470,246,1592
935,326,593,1854
992,176,809,1977
206,670,915,1791
745,469,111,1325
484,407,447,1338
240,415,359,1014
476,93,502,1071
644,247,837,1728
355,856,878,2089
224,971,969,2164
871,242,937,2050
375,894,836,2105
694,42,457,1193
558,574,666,1798
18,129,26,173
366,770,780,1916
780,166,776,1722
553,517,481,1551
693,449,390,1532
912,830,243,1985
975,688,574,2237
463,243,675,1381
816,348,172,1336
765,865,560,2190
753,558,492,1803
845,655,267,1767
568,348,418,1334
666,234,75,975
562,541,575,1678
420,319,82,821
215,223,864,1302
42,917,799,1758
410,860,160,1430
804,387,915,2106
523,593,419,1535
907,874,220,2001
339,90,162,591
147,879,854,1880
325,91,260,676
135,680,889,1704
328,789,0,1117
786,401,657,1844
441,207,819,1467
552,979,135,1666
969,492,84,1545
600,257,385,1242
767,649,464,1880
809,662,356,1827
703,135,374,1212
796,900,142,1838
229,409,431,1069
186,573,916,1675
289,397,233,919
230,266,88,584
548,748,650,1946
624,551,18,1193
149,354,243,746
681,70,499,1250
253,869,716,1838
354,363,87,804
91,112,985,1188
47,221,460,728
734,698,324,1756
181,39,645,865
724,404,258,1386
306,977,316,1599
956,970,160,2086
745,270,986,2001
141,856,697,1694
422,882,611,1915
485,380,886,1751
15,806,742,1563
785,966,680,2431
603,844,598,2045
757,132,894,1783
594,286,236,1116
173,971,396,1540
678,519,32,1229
767,682,281,1730
481,809,225,1515
315,565,616,1496
191,53,813,1057
926,681,642,2249
109,451,607,1167
18,6,206,230
316,22,418,756
832,253,695,1780
475,694,736,1905
768,25,771,1564
178,450,418,1046
387,682,775,1844
424,754,248,1426
828,599,280,1707
411,160,756,1327
291,509,824,1624
491,54,674,1219
107,734,916,1757
196,10,12,218
200,631,479,1310
1,304,802,1107
759,614,202,1575
412,296,348,1056
195,918,299,1412
808,307,715,1830
4,625,114,743
367,403,406,1176
877,36,245,1158
171,323,408,902
313,87,951,1351
61,553,804,1418
582,827,521,1930
502,488,492,1482
715,523,328,1566
535,73,229,837
327,283,181,791
183,31,503,717
485,453,369,1307
473,501,451,1425
859,278,829,1966
304,644,449,1397
731,907,317,1955
129,994,865,1988
306,465,653,1424
179,557,378,1114
799,330,48,1177
258,975,111,1344
891,600,328,1819
819,55,179,1053
623,297,973,1893
787,772,776,2335
218,957,612,1787
568,968,486,2022
715,74,201,990
766,825,350,1941
11,801,370,1182
767,382,551,1700
129,457,685,1271
579,602,81,1262
458,684,713,1855
406,112,296,814
231,927,4,1162
934,829,915,2678
337,927,749,2013
726,630,639,1995
592,398,566,1556
567,735,651,1953
716,413,874,2003
912,594,103,1609
537,521,126,1184
772,162,118,1052
506,446,645,1597
938,855,306,2099
283,774,635,1692
279,631,476,1386
124,210,965,1299
18,736,103,857
535,99,768,1402
709,390,612,1711
686,779,761,2226
670,700,753,2123
585,643,668,1896
291,984,115,1390
719,237,419,1375
254,282,175,711
529,765,174,1468
112,323,307,742
299,756,405,1460
398,431,900,1729
331,773,464,1568
665,939,549,2153
228,1,870,1099
207,829,839,1875
338,317,718,1373
45,891,559,1495
682,104,139,925
971,775,797,2543
390,445,65,900
177,661,618,1456
64,431,298,793
744,447,298,1489
984,556,635,2175
689,634,418,1741
760,520,458,1738
946,95,388,1429
634,180,173,987
877,127,485,1489
300,156,767,1223
229,541,389,1159
653,27,868,1548
881,911,620,2412
347,228,666,1241
800,52,718,1570
173,628,359,1160
811,828,779,2418
367,402,439,1208
196,919,687,1802
936,788,556,2280
344,537,694,1575
720,410,910,2040
852,511,975,2338
429,948,523,1900
242,795,250,1287
643,22,563,1228
912,387,934,2233
339,317,126,782
132,645,989,1766
152,389,855,1396
964,556,880,2400
939,57,216,1212
393,953,519,1865
704,483,75,1262
66,903,240,1209
539,660,486,1685
787,592,526,1905
249,711,693,1653
374,57,464,895
59,89,508,656
591,268,601,1460
740,146,306,1192
116,917,957,1990
369,82,953,1404
382,296,82,760
131,530,693,1354
662,18,338,1018
759,335,375,1469
380,611,619,1610
138,258,471,867
234,860,760,1854
372,512,142,1026
923,160,352,1435
988,25,529,1542
781,935,802,2518
676,916,448,2040
399,548,906,1853
46,523,347,916
819,706,19,1544
544,775,55,1374
229,674,978,1881
407,81,989,1477
725,644,52,1421
34,281,574,889
175,539,820,1534
671,914,238,1823
898,82,102,1082
65,502,878,1445
89,844,698,1631
176,3,457,636
69,470,880,1419
95,533,552,1180
633,734,985,2352
649,805,982,2436
394,537,969,1900
925,569,109,1603
475,878,726,2079
269,278,414,961
387,603,542,1532
952,218,820,1990
965,767,428,2160
578,407,983,1968
38,594,609,1241
612,660,673,1945
79,905,533,1517
724,657,628,2009
811,941,789,2541
510,623,907,2040
527,235,889,1651
278,397,265,940
969,566,611,2146
963,419,403,1785
290,345,659,1294
813,327,380,1520
296,482,994,1772
170,452,555,1177
879,307,336,1522
898,440,612,1950
817,336,450,1603
965,456,20,1441
343,447,365,1155
419,309,10,738
895,913,257,2065
633,994,241,1868
948,900,907,2755
516,904,247,1667
886,639,596,2121
447,132,522,1101
145,940,396,1481
739,161,212,1112
243,659,879,1781
588,626,972,2186
732,67,283,1082
350,852,851,2053
680,852,840,2372
477,588,896,1961
386,475,138,999
535,699,670,1904
435,68,35,538
737,272,158,1167
905,834,660,2399
547,343,242,1132
721,905,318,1944
875,168,756,1799
623,814,32,1469
959,23,356,1338
34,170,890,1094
373,12,656,1041
366,230,317,913
39,971,530,1540
857,514,713,2084
677,93,927,1697
991,367,478,1836
361,921,267,1549
483,872,891,2246
687,302,12,1001
621,150,573,1344
472,950,505,1927
905,361,709,1975
102,311,427,840
328,27,927,1282
136,609,445,1190
24,114,291,429
282,629,546,1457
57,863,569,1489
656,352,147,1155
239,187,597,1023
896,834,313,2043
433,306,901,1640
343,429,300,1072
674,309,706,1689
81,769,498,1348
352,155,24,531
405,214,547,1166
768,765,741,2274
837,107,410,1354
556,751,70,1377
647,663,755,2065
741,749,813,2303
520,759,269,1548
411,531,386,1328
886,423,813,2122
427,741,20,1188
894,976,536,2406
895,433,677,2005
165,373,476,1014
706,310,671,1687
79,683,387,1149
930,772,578,2280
395,882,898,2175
165,667,805,1637
429,157,741,1327
35,360,989,1384
897,980,355,2232
328,849,758,1935
318,322,606,1246
110,923,144,1177
891,952,776,2619
56,658,415,1129
583,573,955,2111
998,719,345,2062
659,454,543,1656
383,408,913,1704
521,468,393,1382
464,517,346,1327
535,933,299,1767
456,174,782,1412
842,386,550,1778
340,659,753,1752
204,267,836,1307
692,477,929,2098
698,823,126,1647
965,926,368,2259
318,328,918,1564
945,287,428,1660
535,243,638,1416
855,46,134,1035
762,992,397,2151
358,493,706,1557
319,94,763,1176
286,212,759,1257
155,846,450,1451
410,473,819,1702
494,718,98,1310
690,322,71,1083
49,764,11,824
543,762,890,2195
178,63,297,538
772,96,18,886
0,514,164,678
702,293,421,1416
330,618,518,1466
693,885,102,1680
362,67,983,1412
570,454,955,1979
810,978,187,1975
929,479,497,1905
616,279,606,1501
314,695,758,1767
26,82,322,430
577,70,171,818
77,166,506,749
553,68,260,881
47,966,259,1272
428,191,310,929
850,135,887,1872
18,631,958,1607
551,761,923,2235
985,489,389,1863
756,177,833,1766
931,946,725,2602
178,667,681,1526
581,402,89,1072
558,431,268,1257
291,599,589,1479
88,196,148,432
821,707,10,1538
478,205,939,1622
941,117,372,1430
406,826,623,1855
145,94,444,683
181,565,643,1389
56,621,32,709
673,94,672,1439
959,28,177,1164
148,184,902,1234
959,208,32,1199
362,920,536,1818
294,837,720,1851
155,283,552,990
541,482,435,1458
16,964,974,1954
531,25,354,910
910,924,136,1970
649,23,351,1023
602,933,98,1633
219,748,334,1301
645,995,599,2239
389,634,191,1214
70,645,746,1461
279,700,137,1116
365,216,577,1158
253,127,545,925
622,147,346,1115
491,360,254,1105
612,633,653,1898
92,845,531,1468
358,54,891,1303
281,40,164,485
301,51,540,892
541,952,500,1993
1,946,726,1673
672,173,264,1109
899,344,457,1700
495,360,509,1364
741,28,950,1719
315,1000,823,2138
707,735,304,1746
813,498,351,1662
449,47,919,1415
854,559,518,1931
254,271,4,529
792,536,746,2074
101,596,738,1435
641,633,72,1346
101,874,480,1455
697,364,742,1803
761,828,365,1954
585,205,686,1476
619,103,741,1463
32,516,565,1113
854,590,354,1798
782,853,247,1882
616,805,916,2337
200,860,973,2033
91,928,526,1545
835,229,18,1082
33,242,160,435
680,474,288,1442
108,250,428,786
658,198,921,1777
292,387,2,681
406,966,360,1732
728,547,182,1457
704,753,749,2206
623,376,939,1938
450,861,677,1988
436,953,159,1548
639,486,885,2010
175,836,612,1623
452,876,194,1522
727,716,63,1506
390,545,329,1264
797,392,558,1747
765,665,205,1635
654,394,559,1607
474,130,791,1395
416,415,917,1748
259,761,393,1413
4,678,78,760
872,905,455,2232
293,43,535,871
73,152,750,975
933,482,446,1861
209,455,736,1400
105,489,518,1112
462,875,626,1963
845,419,476,1740
641,479,110,1230
952,543,97,1592
346,621,4,971
21,773,331,1125
649,818,737,2204
744,47,481,1272
198,613,487,1298
218,955,559,1732
165,133,556,854
765,948,371,2084
558,772,94,1424
484,423,994,1901
451,449,947,1847
765,881,420,2066
454,397,805,1656
186,255,619,1060
569,536,40,1145
958,900,164,2022
637,285,817,1739
945,563,330,1838
423,328,952,1703
140,335,235,710
199,595,664,1458
473,537,968,1978
293,663,556,1512
238,694,968,1900
770,714,637,2121
891,981,582,2454
756,102,537,1395
673,606,572,1851
213,885,583,1681
231,929,143,1303
896,698,31,1625
546,675,860,2081
113,406,450,969
727,467,415,1609
978,908,612,2498
403,745,815,1963
52,299,735,1086
865,219,623,1707
830,590,695,2115
56,755,957,1768
457,486,745,1688
178,33,890,1101
168,8,764,940
218,652,173,1043
229,127,778,1134
969,573,256,1798
735,703,5,1443
256,219,975,1450
275,479,809,1563
153,776,327,1256
751,67,889,1707
638,476,909,2023
534,641,722,1897
722,27,747,1496
120,763,784,1667
888,128,498,1514
903,994,727,2624
574,441,711,1726
918,247,677,1842
857,474,582,1913
26,483,535,1044
522,757,955,2234
131,469,211,811
91,949,720,1760
818,824,220,1862
498,297,333,1128
588,483,152,1223
127,825,366,1318
156,406,127,689
650,876,944,2470
411,808,644,1863
98,286,507,891
103,170,669,942
23,491,35,549
528,200,258,986
931,480,940,2351
780,489,941,2210
31,982,263,1276
776,978,941,2695
59,252,773,1084
155,62,235,452
191,835,430,1456
986,89,541,1616
889,564,827,2280
794,15,857,1666
42,330,787,1159
12,681,251,944
857,705,657,2219
818,70,808,1696
572,803,709,2084
278,988,782,2048
938,953,844,2735
641,995,817,2453
207,134,879,1220
60,421,738,1219
710,528,924,2162
285,522,788,1595
259,766,595,1620
191,425,438,1054
183,530,179,892
830,323,348,1501
769,550,428,1747
291,802,604,1697
696,129,574,1399
976,8,185,1169
454,594,202,1250
94,949,913,1956
582,83,419,1084
364,927,361,1652
323,238,301,862
494,269,588,1351
231,213,675,1119
655,485,412,1552
802,318,908,2028
821,416,450,1687
693,418,559,1670
886,730,958,2574
770,317,66,1153
992,872,762,2626
321,154,49,524
609,513,555,1677
942,231,278,1451
766,977,729,2472
964,172,490,1626
185,861,588,1634
827,977,923,2727
484,197,514,1195
27,940,132,1099
888,740,735,2363
953,644,902,2499
490,411,734,1635
390,349,417,1156
957,458,470,1885
492,760,468,1720
712,295,827,1834
670,720,235,1625
954,137,538,1629
304,647,22,973
262,787,713,1762
9,261,658,928
949,307,545,1801
712,940,862,2514
306,509,970,1785
846,704,821,2371
384,292,436,1112
819,386,429,1634
398,606,852,1856
893,116,726,1735
236,989,412,1637
604,154,230,988
912,578,548,2038
839,134,17,990
315,793,374,1482
343,344,299,986
409,53,687,1149
375,676,144,1195
832,276,140,1248
390,221,614,1225
720,708,972,2400
606,518,287,1411
481,62,280,823
211,640,658,1509
388,40,840,1268
990,636,693,2319
365,947,925,2237
416,955,408,1779
405,366,858,1629
521,58,608,1187
10,494,614,1118
431,903,104,1438
16,65,705,786
905,98,105,1108
292,124,618,1034
498,88,445,1031
612,721,620,1953
847,592,922,2361
522,908,569,1999
268,76,562,906
183,852,6,1041
854,823,389,2066
777,106,989,1872
443,640,465,1548
718,76,209,1003
677,989,833,2499
995,959,431,2385
569,439,401,1409
809,94,602,1505
984,657,768,2409
824,975,348,2147
524,778,126,1428
876,390,920,2186
330,957,186,1473
882,775,201,1858
229,934,808,1971
805,169,730,1704
982,310,394,1686
466,888,213,1567
317,215,588,1120
178,101,535,814
313,860,505,1678
816,917,428,2161
106,736,226,1068
272,706,485,1463
427,388,770,1585
778,302,785,1865
824,663,645,2132
842,122,393,1357
333,813,679,1825
329,903,702,1934
734,341,80,1155
108,37,603,748
238,483,332,1053
240,783,726,1749
727,718,493,1938
605,554,470,1629
339,884,641,1864
518,845,624,1987
431,339,198,968
310,272,257,839
263,803,25,1091
353,736,366,1455
86,525,41,652
70,714,972,1756
505,83,195,783
766,299,580,1645
700,592,640,1932
220,433,302,955
461,676,421,1558
12,869,321,1202
377,612,861,1850
818,352,516,1686
567,122,636,1325
301,932,313,1546
102,162,663,927
69,144,927,1140
578,675,388,1641
732,509,892,2133
671,314,881,1866
641,563,697,1901
857,129,747,1733
72,598,152,822
15,804,291,1110
188,130,448,766
589,921,809,2319
211,806,461,1478
352,941,413,1706
860,817,663,2340
823,450,771,2044
298,949,140,1387
717,537,334,1588
813,583,295,1691
517,673,676,1866
495,5,240,740
181,420,843,1444
920,836,345,2101
710,395,164,1269
985,438,80,1503
589,221,18,828
277,91,224,592
388,800,793,1981
116,442,278,836
186,130,417,733
536,776,890,2202
481,308,574,1363
277,669,21,967
619,637,190,1446
59,570,329,958
141,442,237,820
449,201,265,915
999,527,48,1574
921,549,970,2440
408,593,874,1875
817,239,456,1512
489,73,977,1539
904,82,319,1305
33,358,851,1242
79,910,991,1980
725,6,800,1531
639,581,424,1644
393,264,564,1221
165,212,442,819
50,878,669,1597
983,748,669,2400
364,734,654,1752
913,55,945,1913
65,645,637,1347
940,254,529,1723
28,237,378,643
320,652,224,1196
327,25,53,405
815,121,297,1233
11,109,113,233
492,781,167,1440
140,648,103,891
695,568,813,2076
239,685,518,1442
955,830,532,2317
500,244,140,884
591,888,162,1641
766,223,31,1020
954,152,918,2024
473,955,465,1893
823,281,905,2009
980,377,721,2078
973,607,469,2049
453,893,137,1483
104,960,292,1356
961,904,939,2804
57,838,318,1213
860,293,260,1413
194,527,651,1372
513,452,249,1214
374,274,724,1372
3,371,443,817
340,155,931,1426
789,178,681,1648
880,335,357,1572
822,750,694,2266
974,577,258,1809
763,222,33,1018
583,734,841,2158
399,520,130,1049
297,755,266,1318
206,542,479,1227
808,664,606,2078
194,425,61,680
974,970,843,2787
383,471,214,1068
484,10,511,1005
909,873,370,2152
501,203,373,1077
876,454,325,1655
722,273,644,1639
939,215,653,1807
227,276,916,1419
300,96,732,1128
835,161,465,1461
294,520,525,1339
967,297,965,2229
950,185,446,1581
546,227,999,1772
581,78,887,1546
916,581,706,2203
216,589,741,1546
905,955,575,2435
111,97,885,1093
184,275,292,751
485,885,49,1419
817,732,583,2132
200,906,834,1940
122,62,615,799
782,209,341,1332
742,355,80,1177
715,152,201,1068
32,780,277,1089
560,130,967,1657
738,479,391,1608
557,630,500,1687
493,954,606,2053
83,500,611,1194
315,78,849,1242
730,892,586,2208
91,567,685,1343
33,904,936,1873
378,274,198,850
443,647,860,1950
598,800,611,2009
106,921,345,1372
826,973,379,2178
690,434,145,1269
533,798,933,2264
508,131,810,1449
799,112,261,1172
445,358,243,1046
808,854,902,2564
834,192,107,1133
818,301,555,1674
726,800,118,1644
205,488,986,1679
281,546,167,994
131,838,8,977
386,194,913,1493
546,300,985,1831
514,377,871,1762
921,900,169,1990
931,114,301,1346
546,241,478,1265
601,382,950,1933
438,225,650,1313
499,800,115,1414
269,378,738,1385
97,889,794,1780
141,762,548,1451
608,506,703,1817
30,974,652,1656
70,317,380,767
504,86,30,620
251,175,496,922
694,989,19,1702
741,291,896,1928
132,536,979,1647
230,581,292,1103
438,749,454,1641
720,505,886,2111
629,916,457,2002
48,605,370,1023
804,644,147,1595
95,635,498,1228
970,601,666,2237
305,202,989,1496
649,364,644,1657
137,589,931,1657
739,513,442,1694
359,129,245,733
537,341,432,1310
55,608,37,700
177,631,414,1222
375,716,977,2068
423,215,872,1510
888,315,621,1824
52,915,832,1799
564,644,813,2021
865,345,611,1821
735,715,193,1643
904,278,239,1421
751,840,835,2426
613,390,536,1539
346,882,227,1455
271,54,346,671
280,891,863,2034
858,37,707,1602
125,424,218,767
151,834,460,1445
50,678,751,1479
749,650,226,1625
339,255,560,1154
612,514,986,2112
359,724,478,1561
875,259,212,1346
388,428,571,1387
365,473,696,1534
364,83,540,987
334,649,5,988
163,188,407,758
114,498,712,1324
745,197,331,1273
895,358,446,1699
566,980,307,1853
215,156,304,675
378,606,685,1669
754,177,30,961
127,636,753,1516
25,131,72,228
178,125,129,432
990,558,859,2407
289,509,199,997
525,356,866,1747
172,444,329,945
326,275,315,916
66,403,218,687
865,750,65,1680
869,476,853,2198
430,376,122,928
342,308,60,710
862,619,514,1995
977,154,202,1333
443,485,118,1046
818,182,212,1212
819,860,526,2205
877,368,682,1927
27,77,962,1066
608,723,875,2206
949,510,654,2113
52,617,608,1277
576,502,356,1434
374,267,442,1083
125,4,437,566
446,311,756,1513
319,560,875,1754
701,281,903,1885
495,387,305,1187
273,721,70,1064
51,929,593,1573
807,47,109,963
846,233,488,1567
410,169,321,900
869,746,613,2228
325,708,830,1863
302,215,802,1319
195,746,769,1710
123,301,643,1067
902,305,868,2075
789,604,585,1978
58,876,916,1850
255,484,781,1520
247,501,831,1579
761,47,465,1273
591,634,980,2205
124,963,328,1415
833,16,267,1116
287,898,883,2068
829,351,863,2043
249,744,697,1690
904,299,820,2023
740,687,647,2074
583,26,884,1493
186,455,977,1618
910,140,505,1555
726,232,244,1202
191,364,86,641
531,512,690,1733
299,361,716,1376
722,962,120,1804
319,37,331,687
979,11,188,1178
156,976,886,2018
5,745,333,1083
997,970,320,2287
147,334,310,791
532,406,432,1370
56,153,666,875
608,696,57,1361
373,59,730,1162
266,785,560,1611
470,672,553,1695
617,946,352,1915
712,581,607,1900
69,466,642,1177
135,318,488,941
824,781,919,2524
87,515,288,890
852,986,924,2762
693,555,65,1313
695,480,104,1279
981,485,274,1740
305,880,546,1731
186,875,217,1278
20,650,559,1229
66,472,423,961
268,861,823,1952
41,488,79,608
597,62,856,1515
759,873,184,1816
154,154,423,731
952,732,289,1973
52,97,200,349
876,247,159,1282
676,509,275,1460
124,208,74,406
839,199,437,1475
553,342,470,1365
181,667,198,1046
542,624,164,1330
344,838,807,1989
715,985,685,2385
697,771,0,1468
590,745,0,1335
152,454,465,1071
998,253,634,1885
822,618,814,2254
546,126,942,1614
562,985,246,1793
907,160,807,1874
459,288,541,1288
958,364,800,2122
262,296,814,1372
791,337,689,1817
661,267,662,1590
739,842,0,1581
743,232,588,1563
971,154,999,2124
684,75,610,1369
218,554,261,1033
691,995,12,1698
826,282,800,1908
816,611,634,2061
345,968,351,1664
98,989,199,1286
501,120,14,635
157,536,771,1464
464,522,594,1580
554,750,67,1371
45,155,827,1027
410,996,432,1838
407,810,872,2089
313,216,796,1325
729,223,886,1838
992,534,49,1575
241,455,650,1346
120,611,365,1096
457,131,412,1000
29,6,629,664
400,697,384,1481
984,582,10,1576
720,161,916,1797
127,425,824,1376
24,165,220,409
177,919,218,1314
52,116,796,964
240,105,396,741
318,48,945,1311
995,999,212,2206
518,433,923,1874
194,998,825,2017
483,443,590,1516
576,313,740,1629
692,544,594,1830
820,207,736,1763
898,526,407,1831
827,798,639,2264
173,428,68,669
611,173,889,1673
386,481,925,1792
670,988,637,2295
31,135,849,1015
117,402,413,932
949,347,520,1816
864,569,863,2296
136,809,143,1088
989,320,916,2225
99,432,595,1126
965,90,204,1259
323,420,124,867
221,119,460,800
199,524,613,1336
76,116,927,1119
36,283,255,574
857,402,375,1634
435,794,222,1451
979,926,628,2533
992,598,199,1789
867,691,59,1617
802,345,200,1347
789,628,898,2315
398,193,626,1217
453,961,346,1760
48,919,476,1443
421,60,49,530
691,753,327,1771
884,250,927,2061
169,658,933,1760
141,82,240,463
319,974,911,2204
300,882,324,1506
856,349,999,2204
422,805,436,1663
617,658,383,1658
178,408,19,605
453,295,622,1370
616,983,678,2277
994,626,525,2145
688,888,950,2526
669,539,100,1308
772,458,383,1613
844,902,860,2606
102,361,428,891
513,269,479,1261
423,369,375,1167
979,340,24,1343
342,426,405,1173
206,953,309,1468
741,654,979,2374
444,525,107,1076
434,415,609,1458
361,645,29,1035
297,294,163,754
886,859,572,2317
835,652,840,2327
930,209,276,1415
437,688,505,1630
487,803,464,1754
708,205,936,1849
383,955,127,1465
217,146,127,490
771,97,435,1303
238,231,280,749
396,815,264,1475
505,302,874,1681
492,800,454,1746
776,196,603,1575
320,228,94,642
435,516,163,1114
165,499,94,758
316,725,739,1780
98,130,329,557
441,956,800,2197
768,822,942,2532
666,956,379,2001
595,237,125,957
534,392,684,1610
803,503,162,1468
495,113,702,1310
127,7,215,349
667,300,559,1526
122,686,661,1469
541,340,410,1291
186,733,905,1824
442,752,622,1816
565,365,47,977
993,816,298,2107
451,291,945,1687
630,965,836,2431
636,97,359,1092
696,359,251,1306
629,969,262,1860
147,264,576,987
660,347,35,1042
136,383,444,963
959,421,814,2194
883,477,189,1549
868,636,689,2193
686,927,445,2058
155,354,48,557
665,692,712,2069
247,961,164,1372
454,249,43,746
620,473,370,1463
310,511,707,1528
447,530,691,1668
989,964,519,2472
759,848,476,2083
618,793,776,2187
718,514,500,1732
64,239,603,906
10,989,39,1038
774,469,259,1502
686,548,412,1646
921,196,714,1831
848,287,578,1713
901,479,495,1875
86,473,186,745
445,400,297,1142
394,38,623,1055
255,814,464,1533
946,579,564,2089
243,16,320,579
814,150,699,1663
181,844,29,1054
218,680,566,1464
626,110,374,1110
887,912,971,2770
240,607,887,1734
883,480,326,1689
227,125,75,427
816,638,568,2022
232,504,376,1112
793,811,950,2554
509,702,173,1384
58,847,716,1621
170,150,303,623
364,463,741,1568
232,492,445,1169
187,590,34,811
988,827,803,2618
45,831,935,1811
451,91,755,1297
329,385,266,980
689,611,187,1487
374,820,435,1629
924,360,27,1311
763,537,639,1939
444,751,870,2065
408,434,945,1787
889,706,520,2115
676,35,770,1481
426,913,669,2008
737,969,655,2361
203,698,848,1749
953,185,861,1999
743,394,21,1158
574,663,272,1509
207,117,445,769
749,359,254,1362
438,414,365,1217
26,255,481,762
620,300,927,1847
532,629,93,1254
515,781,853,2149
713,280,9,1002
373,823,452,1648
550,456,658,1664
619,625,766,2010
160,458,973,1591
94,897,368,1359
764,421,748,1933
285,214,632,1131
433,447,693,1573
810,572,435,1817
69,702,808,1579
472,699,64,1235
643,569,854,2066
582,436,820,1838
45,948,328,1321
624,232,87,943
219,759,792,1770
957,189,410,1556
14,636,896,1546
263,221,672,1156
594,108,383,1085
29,655,932,1616
540,191,96,827
601,145,91,837
590,108,788,1486
512,979,68,1559
376,993,865,2234
292,112,403,807
645,308,616,1569
538,832,22,1392
410,450,241,1101
559,216,881,1656
286,750,213,1249
632,233,876,1741
167,815,112,1094
550,151,216,917
285,931,959,2175
442,535,301,1278
99,979,756,1834
142,519,447,1108
726,153,325,1204
262,998,167,1427
867,111,419,1397
531,30,358,919
572,258,499,1329
191,910,701,1802
174,962,520,1656
455,597,185,1237
999,494,210,1703
895,647,849,2391
446,456,493,1395
232,320,602,1154
761,267,717,1745
443,531,821,1795
766,213,422,1401
318,450,760,1528
524,461,395,1380
765,783,239,1787
742,400,496,1638
849,544,632,2025
460,633,470,1563
388,657,460,1505
678,34,536,1248
430,926,944,2300
720,104,969,1793
112,126,897,1135
954,194,652,1800
505,768,2,1275
2,439,609,1050
249,637,65,951
972,388,449,1809
144,733,911,1788
983,797,26,1806
446,646,386,1478
333,83,517,933
610,589,60,1259
697,471,203,1371
538,853,827,2218
968,91,545,1604
120,732,869,1721
73,380,41,494
757,761,142,1660
20,445,725,1190
993,950,878,2821
115,227,630,972
938,569,167,1674
355,408,260,1023
50,473,157,680
73,488,711,1272
659,510,658,1827
943,84,824,1851
459,795,302,1556
625,321,731,1677
762,587,492,1841
626,781,827,2234
863,7,781,1651
725,499,747,1971
111,304,193,608
858,618,472,1948
104,372,959,1435
203,689,404,1296
166,295,332,793
907,178,652,1737
116,85,779,980
218,486,293,997
818,685,138,1641
803,741,787,2331
829,599,783,2211
193,579,477,1249
249,969,690,1908
467,256,849,1572
447,399,258,1104
527,505,15,1047
18,363,372,753
534,974,483,1991
770,267,851,1888
235,436,587,1258
332,696,259,1287
311,548,532,1391
297,369,676,1342
835,524,954,2313
954,91,708,1753
609,703,505,1817
42,813,503,1358
729,235,5,969
942,900,243,2085
677,400,868,1945
735,987,216,1938
44,495,849,1388
918,76,876,1870
902,333,580,1815
66,497,653,1216
10,628,597,1235
833,700,544,2077
861,443,200,1504
114,917,90,1121
608,206,827,1641
563,303,777,1643
893,88,261,1242
507,723,646,1876
591,283,803,1677
11,233,941,1185
327,642,778,1747
283,78,133,494
496,325,578,1399
549,774,410,1733
598,449,19,1066
599,515,466,1580
807,243,233,1283
781,504,761,2046
605,996,202,1803
155,291,306,752
870,195,585,1650
181,571,257,1009
7,166,138,311
83,878,236,1197
303,841,878,2022
24,958,190,1172
637,21,684,1342
198,5,76,279
240,590,326,1156
557,295,758,1610
971,494,151,1616
159,769,220,1148
943,662,967,2572
168,601,385,1154
325,191,528,1044
529,52,344,925
720,552,888,2160
241,50,707,998
332,277,928,1537
818,864,165,1847
482,228,896,1606
155,561,952,1668
891,68,74,1033
917,338,271,1526
32,898,319,1249
454,775,300,1529
840,285,800,1925
613,466,725,1804
245,221,81,547
680,314,695,1689
922,140,557,1619
702,477,244,1423
648,357,413,1418
617,608,388,1613
904,255,246,1405
947,297,924,2168
91,293,276,660
684,86,142,912
911,275,220,1406
307,327,657,1291
483,963,432,1878
892,425,297,1614
561,449,789,1799
643,808,611,2062
876,553,424,1853
302,917,852,2071
915,924,8,1847
213,451,313,977
237,740,217,1194
833,125,23,981
646,678,174,1498
702,222,339,1263
198,1,256,455
38,30,516,584
183,129,646,958
746,938,720,2404
718,300,374,1392
575,380,418,1373
654,200,580,1434
996,255,332,1583
97,88,703,888
41,969,631,1641
17,874,502,1393
384,743,727,1854
338,397,269,1004
710,948,563,2221
596,278,836,1710
355,726,468,1549
58,602,447,1107
961,390,318,1669
260,926,396,1582
924,253,565,1742
486,544,775,1805
435,14,220,669
361,736,606,1703
208,426,460,1094
332,778,619,1729
921,414,763,2098
254,694,764,1712
777,93,47,917
14,402,732,1148
117,816,643,1576
632,271,875,1778
345,224,132,701
811,893,528,2232
805,802,485,2092
313,196,766,1275
414,89,374,877
387,783,712,1882
226,319,985,1530
175,375,212,762
94,363,92,549
174,788,282,1244
998,820,433,2251
351,878,476,1705
624,711,281,1616
526,866,553,1945
266,217,520,1003
731,159,102,992
725,300,933,1958
830,322,553,1705
338,413,243,994
471,521,237,1229
210,899,661,1770
584,293,719,1596
25,111,687,823
585,779,719,2083
939,453,518,1910
664,594,396,1654
167,203,61,431
418,349,35,802
448,443,771,1662
238,378,914,1530
465,606,765,1836
227,127,665,1019
27,717,64,808
348,997,863,2208
952,41,688,1681
467,89,747,1303
314,811,835,1960
328,511,392,1231
441,790,290,1521
73,502,59,634
952,232,422,1606
502,881,1000,2383
572,434,557,1563
827,198,380,1405
286,297,102,685
250,357,655,1262
938,512,133,1583
526,91,972,1589
634,899,765,2298
958,284,102,1344
568,989,359,1916
851,847,728,2426
489,659,228,1376
633,531,401,1565
765,996,222,1983
740,22,577,1339
702,830,883,2415
816,38,325,1179
885,117,440,1442
684,820,612,2116
529,410,606,1545
169,955,612,1736
213,260,196,669
86,900,106,1092
539,257,322,1118
454,161,607,1222
867,860,205,1932
699,414,565,1678
446,528,95,1069
196,16,656,868
152,618,743,1513
10,847,335,1192
163,290,433,886
763,226,698,1687
398,666,851,1915
592,466,693,1751
515,235,423,1173
696,781,545,2022
518,957,389,1864
552,190,623,1365
303,720,501,1524
306,197,2,505
920,464,880,2264
204,548,349,1101
361,639,808,1808
133,651,28,812
537,622,819,1978
462,724,302,1488
596,989,845,2430
925,754,566,2245
922,706,735,2363
195,31,980,1206
128,91,880,1099
31,656,74,761
262,140,265,667
38,57,322,417
478,28,882,1388
860,82,131,1073
337,326,619,1282
721,833,848,2402
514,348,232,1094
784,758,905,2447
363,904,863,2130
855,139,530,1524
355,865,599,1819
608,553,718,1879
148,553,517,1218
267,199,299,765
927,886,690,2503
602,448,303,1353
641,25,47,713
563,662,607,1832
322,998,503,1823
266,33,429,728
927,192,284,1403
543,376,307,1226
69,688,795,1552
509,663,671,1843
761,382,395,1538
532,881,627,2040
895,806,617,2318
972,989,362,2323
111,681,223,1015
812,865,242,1919
40,788,425,1253
818,26,385,1229
846,160,302,1308
353,163,975,1491
238,621,297,1156
934,577,637,2148
390,269,876,1535
963,885,315,2163
207,736,538,1481
320,565,464,1349
391,869,308,1568
265,681,431,1377
17,262,162,441
48,978,978,2004
835,595,349,1779
570,85,576,1231
379,24,356,759
796,258,21,1075
812,664,977,2453
638,126,526,1290
320,615,314,1249
233,142,222,597
275,961,106,1342
133,438,273,844
57,803,449,1309
507,464,693,1664
841,896,720,2457
351,624,351,1326
382,381,416,1179
797,797,111,1705
660,17,69,746
203,644,734,1581
813,447,183,1443
660,103,881,1644
674,570,19,1263
232,658,180,1070
948,871,263,2082
98,568,60,726
155,183,13,351
348,846,715,1909
100,726,213,1039
659,410,117,1186
305,129,215,649
597,508,853,1958
132,423,663,1218
859,688,901,2448
641,890,779,2310
888,458,323,1669
766,905,651,2322
190,911,952,2053
416,863,980,2259
548,53,375,976
975,580,814,2369
199,306,383,888
287,172,66,525
498,635,612,1745
305,598,843,1746
266,480,311,1057
28,171,471,670
241,32,705,978
982,514,278,1774
222,459,704,1385
129,806,172,1107
570,864,665,2099
889,647,164,1700
472,223,386,1081
447,399,546,1392
76,703,184,963
924,11,539,1474
451,288,55,794
474,407,31,912
128,647,825,1600
835,578,757,2170
193,228,843,1264
632,446,388,1466
310,138,94,542
667,465,175,1307
17,715,407,1139
123,967,805,1895
72,964,140,1176
40,309,377,726
578,787,881,2246
650,974,342,1966
349,779,546,1674
28,185,318,531
675,645,727,2047
782,886,931,2599
263,108,475,846
288,392,847,1527
794,182,384,1360
180,74,189,443
256,134,825,1215
747,629,875,2251
56,811,121,988
396,806,358,1560
236,312,967,1515
672,239,492,1403
435,101,191,727
915,67,740,1722
931,527,611,2069
879,111,637,1627
35,944,858,1837
724,98,489,1311
321,90,798,1209
21,670,429,1120
756,88,655,1499
964,585,2,1551
409,713,140,1262
138,412,207,757
173,768,453,1394
453,340,921,1714
606,18,355,979
634,151,460,1245
315,961,652,1928
249,664,644,1557
958,806,540,2304
6,851,384,1241
999,372,681,2052
515,41,879,1435
277,9,79,365
189,551,71,811
418,648,191,1257
962,351,156,1469
866,361,926,2153
698,669,957,2324
397,52,575,1024
113,451,801,1365
896,543,334,1773
267,11,425,703
626,321,115,1062
863,254,776,1893
478,26,354,858
667,977,571,2215
762,127,820,1709
385,548,815,1748
586,174,410,1170
843,371,798,2012
126,690,94,910
342,389,584,1315
614,989,894,2497
117,649,281,1047
772,266,398,1436
566,256,193,1015
818,900,18,1736
351,148,760,1259
791,514,213,1518
612,594,493,1699
634,533,670,1837
233,706,95,1034
837,799,277,1913
965,905,894,2764
1,749,551,1301
698,995,939,2632
851,82,917,1850
838,485,836,2159
46,385,337,768
632,664,540,1836
419,179,895,1493
830,702,234,1766
973,1,136,1110
584,584,265,1433
513,866,268,1647
404,32,47,483
702,963,868,2533
121,366,550,1037
778,776,651,2205
354,37,160,551
870,75,227,1172
678,85,96,859
519,255,191,965
266,9,220,495
590,616,633,1839
276,433,465,1174
334,505,979,1818
524,25,415,964
571,875,805,2251
234,381,696,1311
517,246,399,1162
808,575,296,1679
584,187,638,1409
986,331,35,1352
699,774,277,1750
671,822,461,1954
978,81,267,1326
122,322,659,1103
41,702,182,925
505,610,394,1509
739,92,156,987
501,836,454,1791
466,735,639,1840
803,769,59,1631
784,582,936,2302
319,944,498,1761
864,638,935,2437
608,139,617,1364
333,304,59,696
159,772,780,1711
247,618,658,1523
350,11,157,518
793,980,164,1937
363,223,325,911
693,162,148,1003
9,768,986,1763
46,528,933,1507
508,512,19,1039
954,885,64,1903
481,424,388,1293
323,632,598,1553
490,791,723,2004
314,111,253,678
606,565,180,1351
318,751,4,1073
373,875,787,2035
374,729,851,1954
358,941,298,1597
132,124,711,967
716,479,691,1886
279,366,124,769
327,510,478,1315
441,594,553,1588
279,54,961,1294
574,116,601,1291
431,618,265,1314
35,358,22,415
932,651,875,2458
788,183,223,1194
721,763,70,1554
926,507,904,2337
787,574,923,2284
980,676,333,1989
92,804,201,1097
836,995,97,1928
37,901,982,1920
523,92,200,815
409,65,773,1247
677,630,999,2306
378,801,622,1801
843,768,248,1859
172,604,849,1625
313,639,627,1579
219,741,650,1610
375,863,399,1637
368,449,799,1616
912,496,764,2172
608,780,407,1795
668,301,72,1041
236,661,286,1183
671,83,568,1322
92,948,243,1283
942,955,1000,2897
829,823,436,2088
535,411,88,1034
712,770,546,2028
536,128,533,1197
903,529,596,2028
163,38,542,743
63,6,573,642
987,182,606,1775
747,819,333,1899
28,916,900,1844
384,710,933,2027
372,399,478,1249
780,959,689,2428
259,209,53,521
628,836,455,1919
867,759,118,1744
289,633,214,1136
537,785,719,2041
721,738,124,1583
566,929,693,2188
99,992,221,1312
551,947,146,1644
693,272,53,1018
286,371,699,1356
541,960,84,1585
28,663,845,1536
899,278,389,1566
433,471,927,1831
337,163,113,613
63,587,103,753
944,214,663,1821
148,31,497,676
446,420,601,1467
112,198,3,313
361,816,351,1528
566,379,470,1415
268,800,172,1240
589,383,772,1744
543,66,852,1461
817,493,151,1461
797,88,126,1011
394,853,141,1388
803,380,829,2012
981,890,162,2033
628,502,829,1959
137,793,371,1301
532,959,768,2259
970,338,254,1562
897,553,558,2008
745,397,161,1303
52,381,359,792
117,67,649,833
27,31,850,908
116,535,885,1536
998,203,158,1359
481,558,35,1074
45,662,398,1105
820,127,324,1271
447,786,953,2186
756,804,110,1670
120,834,792,1746
490,546,900,1936
919,210,329,1458
341,322,71,734
617,839,606,2062
72,281,991,1344
988,217,531,1736
319,680,356,1355
824,100,845,1769
573,451,170,1194
230,290,832,1352
884,45,78,1007
652,760,93,1505
166,910,216,1292
56,913,225,1194
946,465,107,1518
465,70,462,997
236,965,996,2197
735,691,74,1500
61,128,997,1186
299,93,158,550
871,351,236,1458
733,878,544,2155
115,898,4,1017
685,401,238,1324
644,130,753,1527
809,432,867,2108
538,558,446,1542
636,845,229,1710
893,621,995,2509
578,201,886,1665
834,157,448,1439
594,472,675,1741
319,943,581,1843
32,688,562,1282
33,164,655,852
587,84,815,1486
895,350,318,1563
397,158,954,1509
163,542,660,1365
463,503,771,1737
270,163,750,1183
40,471,149,660
46,407,803,1256
686,110,621,1417
800,954,96,1850
432,426,296,1154
615,952,536,2103
66,900,473,1439
948,801,911,2660
632,524,816,1972
521,702,122,1345
235,865,394,1494
349,512,683,1544
578,434,655,1667
985,168,33,1186
23,688,695,1406
103,788,4,895
878,681,109,1668
415,578,533,1526
158,606,152,916
950,287,758,1995
182,705,983,1870
908,173,618,1699
949,563,740,2252
22,887,378,1287
329,865,700,1894
187,484,41,712
217,927,506,1650
58,955,884,1897
884,38,304,1226
641,361,549,1551
553,18,230,801
661,732,795,2188
28,472,769,1269
723,354,409,1486
473,538,97,1108
528,522,139,1189
474,546,851,1871
848,323,597,1768
30,318,527,875
336,13,722,1071
367,320,301,988
875,761,155,1791
393,437,578,1408
535,54,894,1483
284,456,991,1731
351,669,38,1058
828,591,195,1614
41,840,128,1009
832,992,187,2011
975,88,383,1446
767,86,753,1606
118,374,401,893
730,964,901,2595
937,155,533,1625
708,625,704,2037
956,723,535,2214
534,619,57,1210
48,342,482,872
467,814,441,1722
549,748,398,1695
463,736,507,1706
247,755,153,1155
472,751,171,1394
684,191,10,885
585,471,251,1307
650,698,744,2092
725,37,523,1285
380,855,434,1669
927,563,830,2320
337,368,496,1201
174,918,569,1661
43,484,153,680
417,653,221,1291
535,736,695,1966
483,279,39,801
673,515,122,1310
801,621,308,1730
679,260,399,1338
768,604,5,1377
539,811,714,2064
317,249,749,1315
798,68,811,1677
218,810,497,1525
100,763,185,1048
83,163,109,355
220,400,202,822
718,351,235,1304
773,865,804,2442
304,275,543,1122
440,521,511,1472
973,870,951,2794
304,980,701,1985
454,341,68,863
812,544,809,2165
208,923,812,1943
91,219,411,721
372,1000,352,1724
813,270,636,1719
265,794,557,1616
97,443,181,721
66,966,292,1324
989,705,81,1775
265,829,417,1511
871,414,555,1840
252,155,264,671
556,913,501,1970
200,685,163,1048
184,47,581,812
889,645,736,2270
159,457,103,719
43,76,155,274
805,313,7,1125
616,536,107,1259
707,718,313,1738
288,647,572,1507
680,496,561,1737
102,87,768,957
556,756,940,2252
663,925,738,2326
299,443,40,782
743,629,142,1514
495,700,482,1677
93,382,628,1103
964,155,904,2023
732,415,511,1658
295,161,596,1052
340,990,467,1797
112,167,204,483
890,385,160,1435
823,339,304,1466
324,378,87,789
184,617,243,1044
286,625,463,1374
704,553,934,2191
119,432,691,1242
728,771,77,1576
55,906,813,1774
612,18,636,1266
589,901,563,2053
4,913,852,1769
714,385,517,1616
934,547,382,1863
686,482,386,1554
260,218,144,622
579,78,393,1050
719,991,801,2511
68,490,671,1229
572,69,874,1515
228,33,616,877
13,770,940,1723
674,592,458,1724
55,971,185,1211
777,605,363,1745
902,972,378,2252
859,192,751,1802
106,121,477,704
376,743,585,1704
662,901,1000,2563
444,73,815,1332
663,630,969,2262
29,138,409,576
550,190,161,901
399,134,253,786
698,611,697,2006
537,112,24,673
261,481,667,1409
266,501,604,1371
694,886,16,1596
426,861,691,1978
690,679,378,1747
291,837,183,1311
700,421,384,1505
927,825,349,2101
40,937,173,1150
676,505,641,1822
501,593,642,1736
208,623,631,1462
392,482,648,1522
327,186,306,819
238,882,987,2107
997,60,744,1801
467,343,117,927
16,274,967,1257
252,12,426,690
872,111,171,1154
580,548,178,1306
225,750,495,1470
278,64,507,849
751,469,326,1546
982,653,188,1823
796,210,454,1460
485,11,394,890
313,904,415,1632
277,333,609,1219
172,387,620,1179
121,284,453,858
357,28,54,439
136,436,257,829
32,377,861,1270
264,712,443,1419
815,302,190,1307
607,901,387,1895
50,660,549,1259
754,564,861,2179
167,973,771,1911
404,336,842,1582
195,242,758,1195
43,545,551,1139
266,938,591,1795
751,485,850,2086
342,498,69,909
487,825,970,2282
452,903,51,1406
661,57,487,1205
335,455,493,1283
525,167,299,991
872,333,965,2170
531,805,334,1670
89,742,601,1432
951,905,129,1985
821,572,151,1544
714,106,566,1386
384,400,201,985
641,895,901,2437
803,227,746,1776
918,905,521,2344
719,667,543,1929
436,362,685,1483
521,415,20,956
880,987,543,2410
164,449,416,1029
383,277,179,839
262,769,562,1593
464,453,938,1855
656,85,539,1280
419,980,554,1953
788,969,353,2110
908,4,640,1552
16,624,306,946
529,854,280,1663
479,346,90,915
183,420,248,851
402,804,982,2188
250,44,745,1039
313,854,725,1892
293,793,722,1808
607,131,955,1693
815,44,0,859
491,571,820,1882
153,585,246,984
245,152,672,1069
340,582,258,1180
317,602,867,1786
136,596,580,1312
541,625,359,1525
119,494,156,769
597,716,726,2039
702,511,752,1965
947,413,270,1630
488,922,144,1554
55,478,380,913
896,285,838,2019
26,915,241,1182
548,86,411,1045
900,74,357,1331
114,595,983,1692
158,838,789,1785
820,112,679,1611
231,963,181,1375
933,719,124,1776
582,74,577,1233
922,231,407,1560
777,388,536,1701
578,46,358,982
356,716,700,1772
373,103,626,1102
894,742,195,1831
634,803,433,1870
746,88,54,888
499,991,387,1877
440,27,348,815
975,696,413,2084
468,758,824,2050
354,961,148,1463
203,723,208,1134
293,667,675,1635
941,156,944,2041
108,99,892,1099
871,189,520,1580
4,332,392,728
735,181,828,1744
162,646,136,944
872,793,978,2643
285,61,932,1278
187,147,109,443
99,420,439,958
557,366,637,1560
21,752,271,1044
154,462,686,1302
473,646,729,1848
44,858,751,1653
660,545,130,1335
376,867,702,1945
581,902,363,1846
172,901,352,1425
73,72,769,914
773,636,419,1828
891,435,769,2095
963,693,204,1860
156,949,689,1794
703,168,776,1647
501,271,572,1344
99,200,566,865
981,355,706,2042
39,213,527,779
560,176,392,1128
294,708,4,1006
552,671,678,1901
103,759,546,1408
202,78,220,500
887,372,526,1785
954,751,608,2313
756,524,369,1649
451,555,37,1043
832,337,893,2062
334,413,65,812
541,293,590,1424
100,772,406,1278
722,429,983,2134
676,921,324,1921
607,545,890,2042
497,543,559,1599
389,507,442,1338
21,674,91,786
752,83,636,1471
708,89,385,1182
91,212,494,797
197,234,130,561
865,742,467,2074
402,23,878,1303
920,48,532,1500
496,404,46,946
683,748,53,1484
586,792,76,1454
843,422,95,1360
93,662,170,925
242,193,360,795
366,186,355,907
86,266,570,922
521,203,287,1011
173,860,206,1239
714,383,699,1796
685,555,437,1677
180,170,953,1303
377,273,773,1423
899,659,566,2124
284,582,840,1706
632,859,187,1678
637,146,699,1482
515,127,458,1100
815,876,95,1786
699,700,920,2319
481,651,692,1824
357,744,759,1860
966,869,963,2798
521,877,449,1847
404,964,695,2063
695,278,298,1271
306,753,360,1419
614,118,371,1103
314,350,524,1188
42,589,851,1482
769,615,570,1954
46,121,88,255
127,640,18,785
728,943,548,2219
501,604,414,1519
492,982,653,2127
847,10,429,1286
525,159,339,1023
242,19,251,512
767,894,121,1782
158,737,62,957
236,307,90,633
840,243,542,1625
726,202,188,1116
392,593,672,1657
139,318,738,1195
765,488,985,2238
298,788,907,1993
880,486,893,2259
783,454,154,1391
714,588,782,2084
753,149,824,1726
295,263,806,1364
106,449,651,1206
711,296,785,1792
471,912,907,2290
300,946,449,1695
294,838,745,1877
583,165,506,1254
822,309,694,1825
834,801,823,2458
160,484,176,820
821,607,399,1827
574,154,310,1038
496,467,513,1476
876,183,517,1576
427,400,774,1601
779,621,470,1870
704,223,65,992
122,62,147,331
170,443,265,878
776,18,36,830
139,548,790,1477
936,701,188,1825
20,824,180,1024
786,296,642,1724
740,85,412,1237
528,301,491,1320
91,435,835,1361
406,966,65,1437
217,517,547,1281
848,387,416,1651
897,359,121,1377
465,637,227,1329
363,948,330,1641
729,364,447,1540
669,950,733,2352
730,250,420,1400
387,13,460,860
293,975,486,1754
175,177,580,932
425,763,941,2129
353,879,225,1457
351,40,99,490
336,6,858,1200
525,579,605,1709
408,285,297,990
989,18,682,1689
846,328,806,1980
802,544,914,2260
112,921,960,1993
104,294,0,398
623,800,797,2220
702,731,473,1906
257,393,327,977
107,121,114,342
889,802,348,2039
19,911,183,1113
201,893,912,2006
725,517,236,1478
586,913,137,1636
875,292,578,1745
168,397,277,842
374,149,337,860
655,80,341,1076
101,780,632,1513
391,918,726,2035
882,527,314,1723
891,101,563,1555
853,913,571,2337
911,39,559,1509
636,43,555,1234
717,72,342,1131
462,955,802,2219
991,466,132,1589
972,708,383,2063
125,341,480,946
146,177,415,738
137,915,136,1188
653,574,406,1633
218,168,458,844
958,719,245,1922
295,461,106,862
907,956,427,2290
144,97,511,752
325,505,791,1621
986,991,248,2225
774,89,937,1800
237,362,282,881
126,245,602,973
800,376,782,1958
339,197,962,1498
318,876,307,1501
0,913,818,1731
156,442,22,620
885,238,680,1803
395,455,458,1308
980,43,61,1084
132,143,134,409
48,855,987,1890
873,272,722,1867
326,516,16,858
278,715,352,1345
410,474,651,1535
397,398,163,958
656,514,110,1280
983,926,555,2464
971,250,906,2127
358,225,796,1379
512,760,93,1365
270,835,185,1290
821,847,556,2224
256,62,257,575
638,832,684,2154
731,63,749,1543
426,638,375,1439
829,411,686,1926
412,809,691,1912
59,74,633,766
227,594,468,1289
389,873,802,2064
488,375,476,1339
669,238,63,970
824,195,883,1902
85,694,507,1286
112,926,146,1184
685,496,530,1711
465,105,797,1367
100,918,905,1923
770,561,252,1583
748,303,25,1076
406,379,220,1005
745,454,964,2163
869,248,883,2000
401,986,439,1826
872,22,2,896
496,838,185,1519
995,13,464,1472
720,816,778,2314
866,158,311,1335
985,208,446,1639
398,537,948,1883
542,178,878,1598
56,667,284,1007
747,7,924,1678
340,8,941,1289
312,591,927,1830
556,672,623,1851
47,693,921,1661
984,219,7,1210
467,328,296,1091
114,814,116,1044
301,96,787,1184
846,992,977,2815
219,454,181,854
810,384,184,1378
349,595,983,1927
94,778,618,1490
1,413,148,562
117,582,705,1404
171,607,900,1678
10,378,607,995
191,310,372,873
633,810,620,2063
657,823,915,2395
196,595,576,1367
816,810,625,2251
449,149,382,980
694,352,928,1974
373,111,42,526
550,345,399,1294
891,530,717,2138
543,547,869,1959
434,108,435,977
164,714,122,1000
688,348,197,1233
969,378,122,1469
992,347,108,1447
454,93,650,1197
332,453,589,1374
680,623,188,1491
46,263,228,537
114,876,942,1932
176,205,331,712
526,404,119,1049
863,307,293,1463
113,152,627,892
338,601,346,1285
805,831,96,1732
601,850,142,1593
575,782,780,2137
499,189,842,1530
734,502,709,1945
792,720,886,2398
115,118,789,1022
707,355,995,2057
133,40,403,576
386,889,118,1393
814,923,893,2630
17,146,45,208
30,89,183,302
783,200,173,1156
242,597,555,1394
354,984,936,2274
205,835,774,1814
601,75,316,992
434,390,68,892
495,293,717,1505
115,983,592,1690
24,292,663,979
945,630,938,2513
704,989,434,2127
782,649,657,2088
697,612,527,1836
742,516,972,2230
314,529,677,1520
30,798,467,1295
668,976,257,1901
953,120,387,1460
113,396,137,646
24,977,19,1020
39,101,30,170
484,944,922,2350
429,163,331,923
796,958,880,2634
448,781,101,1330
987,637,452,2076
809,902,270,1981
717,758,934,2409
780,446,478,1704
394,147,399,940
263,883,214,1360
398,58,470,926
111,266,872,1249
961,648,442,2051
537,642,876,2055
488,647,829,1964
75,47,356,478
9,512,216,737
25,131,269,425
923,410,658,1991
745,627,425,1797
36,596,956,1588
752,400,680,1832
486,352,414,1252
404,172,705,1281
147,362,745,1254
223,23,139,385
414,426,790,1630
481,126,502,1109
753,128,553,1434
272,102,902,1276
682,719,372,1773
417,726,566,1709
1,272,536,809
340,266,285,891
803,24,912,1739
761,103,778,1642
252,26,327,605
839,842,794,2475
319,654,479,1452
460,882,429,1771
144,356,83,583
239,483,242,964
148,403,793,1344
941,772,789,2502
255,308,15,578
883,246,857,1986
856,357,198,1411
734,696,580,2010
293,863,844,2000
610,728,490,1828
102,572,753,1427
564,375,680,1619
472,587,58,1117
594,195,338,1127
921,887,864,2672
724,153,669,1546
341,637,324,1302
814,52,430,1296
608,668,644,1920
300,215,186,701
357,310,340,1007
775,284,257,1316
406,603,426,1435
805,987,906,2698
974,437,179,1590
666,116,228,1010
458,180,565,1203
653,451,835,1939
770,955,850,2575
647,449,373,1469
388,42,46,476
332,718,111,1161
273,231,191,695
543,556,714,1813
117,737,675,1529
998,84,30,1112
324,273,145,742
701,747,896,2344
862,609,543,2014
752,938,369,2059
482,67,968,1517
115,33,908,1056
813,356,200,1369
480,424,28,932
20,544,129,693
569,599,793,1961
759,233,299,1291
708,910,451,2069
406,29,172,607
139,567,66,772
792,803,477,2072
338,318,893,1549
589,215,482,1286
192,938,225,1355
632,470,628,1730
716,908,755,2379
728,259,847,1834
518,927,912,2357
807,135,272,1214
4,143,809,956
445,3,847,1295
901,328,893,2122
636,979,330,1945
405,276,172,853
20,125,23,168
284,612,558,1454
706,664,279,1649
774,626,882,2282
921,955,803,2679
565,247,841,1653
257,379,63,699
280,150,536,966
358,500,259,1117
17,456,764,1237
334,81,312,727
87,576,460,1123
30,968,20,1018
300,905,193,1398
527,729,257,1513
712,192,296,1200
309,172,969,1450
190,318,532,1040
770,630,713,2113
223,838,373,1434
942,734,901,2577
254,380,977,1611
709,889,334,1932
552,260,550,1362
59,566,517,1142
751,192,813,1756
939,855,982,2776
698,557,887,2142
47,690,231,968
956,388,881,2225
767,329,820,1916
556,965,579,2100
846,317,260,1423
978,380,3,1361
171,613,578,1362
242,298,706,1246
83,904,457,1444
630,44,422,1096
998,138,934,2070
519,161,304,984
717,110,868,1695
834,192,880,1906
238,738,799,1775
727,771,695,2193
568,415,774,1757
43,544,5,592
450,976,484,1910
62,81,28,171
441,697,319,1457
428,581,63,1072
891,252,70,1213
919,122,653,1694
521,668,234,1423
968,257,188,1413
720,360,639,1719
920,424,129,1473
888,532,172,1592
485,167,960,1612
240,50,969,1259
731,423,140,1294
932,468,810,2210
217,656,136,1009
714,850,886,2450
51,347,363,761
603,84,162,849
527,584,935,2046
742,838,533,2113
650,481,200,1331
167,147,251,565
284,227,284,795
552,927,516,1995
427,847,322,1596
989,406,957,2352
436,761,545,1742
713,193,64,970
770,682,836,2288
932,641,750,2323
920,183,550,1653
414,55,136,605
367,776,764,1907
584,402,47,1033
269,924,837,2030
641,706,402,1749
938,174,440,1552
588,124,753,1465
615,1,990,1606
324,512,945,1781
826,149,861,1836
757,672,126,1555
325,656,534,1515
303,409,192,904
417,850,456,1723
97,480,109,686
251,103,140,494
938,329,860,2127
443,12,274,729
301,962,976,2239
781,58,513,1352
505,368,607,1480
855,956,145,1956
957,514,529,2000
188,93,480,761
829,8,857,1694
172,685,152,1009
713,604,948,2265
8,604,503,1115
394,952,385,1731
962,436,857,2255
39,283,28,350
869,370,463,1702
116,431,394,941
914,971,615,2500
4,544,623,1171
260,568,345,1173
545,973,601,2119
235,723,937,1895
179,267,497,943
644,798,78,1520
421,273,103,797
204,957,866,2027
797,822,259,1878
874,274,583,1731
742,800,52,1594
776,368,590,1734
480,746,920,2146
962,941,848,2751
284,368,818,1470
260,15,566,841
755,625,907,2287
443,167,484,1094
361,817,382,1560
952,176,457,1585
630,530,28,1188
329,900,58,1287
439,444,147,1030
131,702,300,1133
462,184,784,1430
525,173,52,750
174,305,69,548
8,307,964,1279
263,858,586,1707
429,978,550,1957
346,805,172,1323
881,345,282,1508
314,39,669,1022
69,724,285,1078
825,925,114,1864
883,756,425,2064
834,973,371,2178
177,946,532,1655
238,99,277,614
334,198,551,1083
649,770,727,2146
340,472,613,1425
280,286,429,995
9,196,618,823
591,981,124,1696
28,519,255,802
7,29,105,141
613,934,617,2164
713,643,515,1871
434,307,644,1385
857,237,55,1149
138,399,733,1270
503,909,56,1468
295,419,555,1269
459,80,945,1484
756,781,599,2136
717,510,807,2034
412,751,788,1951
549,411,282,1242
389,681,601,1671
646,699,616,1961
541,746,774,2061
545,763,955,2263
996,544,557,2097
273,961,927,2161
316,360,117,793
166,662,12,840
96,902,364,1362
685,678,511,1874
119,886,974,1979
158,68,565,791
545,44,296,885
793,863,88,1744
654,897,895,2446
220,864,39,1123
329,576,356,1261
323,430,333,1086
82,353,699,1134
162,123,917,1202
733,356,364,1453
970,256,343,1569
606,224,249,1079
579,144,968,1691
273,957,516,1746
82,709,415,1206
903,989,41,1933
133,4,958,1095
208,228,152,588
314,515,325,1154
448,396,474,1318
860,257,437,1554
83,451,956,1490
670,850,113,1633
692,33,11,736
309,40,130,479
282,626,426,1334
366,774,11,1151
648,410,161,1219
185,751,738,1674
462,355,131,948
543,301,74,918
650,122,70,842
659,780,40,1479
262,633,32,927
563,8,111,682
133,727,698,1558
943,191,202,1336
470,716,240,1426
226,983,356,1565
241,527,204,972
304,911,663,1878
113,756,888,1757
448,330,63,841
599,312,23,934
398,46,99,543
25,697,161,883
862,16,430,1308
228,470,265,963
178,47,964,1189
575,89,906,1570
674,778,281,1733
169,281,204,654
647,463,649,1759
636,576,672,1884
454,237,737,1428
475,523,660,1658
315,663,278,1256
642,788,506,1936
218,921,270,1409
419,509,113,1041
588,818,768,2174
891,376,149,1416
799,51,409,1259
506,241,969,1716
694,563,902,2159
525,747,512,1784
385,21,449,855
151,426,500,1077
274,458,853,1585
9,366,200,575
984,89,426,1499
270,121,879,1270
140,562,523,1225
86,18,92,196
101,653,345,1099
245,233,735,1213
764,848,516,2128
899,651,587,2137
390,595,839,1824
100,500,698,1298
648,980,156,1784
622,136,958,1716
658,504,288,1450
282,635,33,950
837,108,994,1939
413,33,624,1070
336,90,528,954
969,659,124,1752
179,494,121,794
778,990,346,2114
681,407,264,1352
901,870,444,2215
423,852,883,2158
750,477,649,1876
126,7,157,290
918,534,751,2203
549,82,868,1499
471,770,842,2083
822,227,171,1220
430,341,286,1057
955,289,119,1363
811,781,364,1956
980,823,217,2020
376,419,651,1446
179,695,357,1231
353,466,218,1037
30,140,90,260
692,781,207,1680
222,319,921,1462
63,859,250,1172
321,179,68,568
971,271,719,1961
454,732,903,2089
686,497,270,1453
558,571,645,1774
435,929,883,2247
5,403,171,579
85,191,824,1100
776,45,828,1649
83,441,413,937
363,615,698,1676
211,408,494,1113
198,592,138,928
348,814,9,1171
617,727,127,1471
628,494,518,1640
966,240,893,2099
522,979,620,2121
911,878,48,1837
568,272,781,1621
844,639,288,1771
25,7,571,603
832,313,658,1803
189,152,647,988
626,469,816,1911
554,218,476,1248
697,958,158,1813
333,961,908,2202
697,114,546,1357
418,277,835,1530
931,829,336,2096
46,318,976,1340
913,18,592,1523
596,594,722,1912
469,926,586,1981
48,627,438,1113
370,380,493,1243
585,309,923,1817
239,1,47,287
821,725,533,2079
322,529,839,1690
110,674,73,857
196,750,627,1573
43,438,692,1173
107,153,983,1243
665,778,524,1967
207,421,5,633
243,148,72,463
506,780,181,1467
716,577,0,1293
894,643,274,1811
477,357,709,1543
926,624,994,2544
287,456,530,1273
451,781,753,1985
336,510,191,1037
492,245,915,1652
96,103,269,468
926,367,201,1494
480,930,770,2180
370,536,890,1796
519,895,634,2048
431,768,5,1204
179,338,945,1462
858,662,350,1870
868,894,15,1777
504,866,766,2136
879,645,711,2235
498,933,638,2069
780,28,541,1349
413,284,201,898
303,341,986,1630
695,488,728,1911
103,525,302,930
191,674,106,971
529,957,799,2285
388,703,385,1476
430,516,313,1259
459,729,534,1722
714,587,195,1496
292,691,66,1049
279,425,389,1093
902,703,292,1897
232,94,499,825
508,49,540,1097
497,17,947,1461
450,182,565,1197
44,243,906,1193
188,423,576,1187
333,455,188,976
255,213,286,754
263,983,973,2219
447,326,274,1047
967,114,245,1326
552,107,138,797
147,155,255,557
841,387,8,1236
411,112,830,1353
225,336,421,982
451,562,358,1371
565,644,589,1798
722,961,801,2484
285,215,921,1421
976,251,350,1577
762,809,931,2502
316,444,115,875
985,256,743,1984
611,241,326,1178
250,101,931,1282
241,550,475,1266
374,99,617,1090
886,404,923,2213
365,533,64,962
312,791,990,2093
14,115,673,802
531,571,128,1230
832,715,486,2033
153,544,443,1140
527,247,820,1594
231,224,484,939
354,277,504,1135
482,984,471,1937
92,710,903,1705
35,506,479,1020
345,214,822,1381
859,824,344,2027
683,424,239,1346
822,38,749,1609
901,501,398,1800
986,763,849,2598
154,560,139,853
525,358,77,960
573,319,923,1815
123,436,424,983
58,775,265,1098
254,383,747,1384
731,376,13,1120
951,248,960,2159
458,932,255,1645
487,799,912,2198
563,476,22,1061
107,943,62,1112
597,555,186,1338
914,932,266,2112
768,357,638,1763
438,679,970,2087
83,934,723,1740
147,388,263,798
295,254,681,1230
716,291,93,1100
719,384,647,1750
630,899,302,1831
612,42,544,1198
543,178,91,812
608,28,567,1203
116,256,784,1156
904,946,635,2485
876,72,763,1711
990,996,739,2725
21,649,317,987
804,965,792,2561
522,590,198,1310
620,985,479,2084
407,186,659,1252
378,123,866,1367
903,540,612,2055
22,411,863,1296
969,891,622,2482
159,564,403,1126
481,798,659,1938
709,518,988,2215
552,950,321,1823
945,485,783,2213
730,249,587,1566
442,825,730,1997
131,332,917,1380
374,839,573,1786
171,930,675,1776
177,598,438,1213
225,332,845,1402
194,806,540,1540
128,232,318,678
425,96,599,1120
176,780,623,1579
802,320,334,1456
351,353,393,1097
127,401,200,728
37,726,644,1407
118,792,761,1671
439,540,230,1209
969,3,461,1433
777,546,793,2116
94,454,130,678
861,226,557,1644
331,795,550,1676
524,68,321,913
546,715,827,2088
427,493,508,1428
724,182,395,1301
389,38,781,1208
427,204,801,1432
944,18,34,996
140,326,129,595
432,794,815,2041
803,48,134,985
66,391,219,676
225,729,163,1117
416,875,731,2022
145,353,762,1260
690,535,732,1957
163,455,442,1060
308,277,551,1136
601,778,2,1381
675,653,492,1820
810,462,130,1402
572,396,292,1260
354,601,323,1278
576,609,706,1891
315,859,338,1512
89,338,725,1152
88,668,154,910
523,918,493,1934
126,100,342,568
648,178,113,939
922,456,210,1588
559,31,150,740
529,63,500,1092
905,659,780,2344
938,604,354,1896
418,525,469,1412
816,272,872,1960
338,278,839,1455
272,430,236,938
545,881,653,2079
367,378,655,1400
245,421,508,1174
88,836,75,999
875,898,985,2758
245,279,890,1414
421,263,616,1300
333,764,286,1383
611,751,301,1663
660,1000,963,2623
729,409,639,1777
230,447,853,1530
969,429,273,1671
611,57,597,1265
34,761,70,865
338,11,389,738
759,370,524,1653
331,66,753,1150
207,288,33,528
340,621,396,1357
614,70,349,1033
576,308,211,1095
372,417,812,1601
626,388,466,1480
924,958,299,2181
275,52,28,355
823,581,15,1419
445,944,799,2188
327,966,877,2170
653,606,223,1482
38,277,117,432
836,696,222,1754
355,443,171,969
177,225,42,444
934,856,559,2349
305,583,352,1240
566,746,154,1466
275,22,866,1163
692,66,973,1731
532,968,701,2201
805,282,340,1427
704,503,125,1332
209,365,835,1409
147,464,505,1116
707,786,706,2199
156,298,431,885
953,819,17,1789
355,733,464,1552
4,538,543,1085
751,627,867,2245
353,167,900,1420
834,506,220,1560
120,366,553,1039
687,406,284,1377
215,653,703,1571
603,758,332,1693
817,242,60,1119
133,413,233,779
536,988,700,2224
33,552,630,1215
243,451,861,1555
467,27,965,1459
762,463,48,1273
870,193,563,1626
458,872,30,1360
953,619,815,2387
1,704,313,1018
320,257,822,1399
83,189,219,491
21,637,288,946
222,111,84,417
362,225,653,1240
643,445,67,1155
469,381,609,1459
418,238,763,1419
705,659,178,1542
717,407,82,1206
487,175,956,1618
445,753,191,1389
678,818,369,1865
822,139,385,1346
521,338,821,1680
374,645,391,1410
701,564,567,1832
835,185,913,1933
43,390,372,805
105,729,122,956
830,656,743,2229
499,387,150,1036
518,40,32,590
467,463,145,1075
359,839,96,1294
178,911,844,1933
26,69,525,620
135,37,249,421
376,504,706,1586
546,932,89,1567
960,195,946,2101
766,660,293,1719
208,745,406,1359
265,793,172,1230
497,469,807,1773
808,129,487,1424
611,974,86,1671
792,407,66,1265
757,553,285,1595
426,163,625,1214
190,276,850,1316
388,1,188,577
859,157,216,1232
950,542,340,1832
310,237,368,915
964,533,12,1509
976,492,458,1926
130,302,587,1019
484,327,338,1149
458,392,468,1318
878,809,109,1796
314,776,325,1415
86,988,758,1832
913,502,461,1876
313,559,127,999
115,578,468,1161
341,675,528,1544
934,200,368,1502
326,426,473,1225
810,515,38,1363
23,477,461,961
133,91,290,514
156,327,45,528
339,117,438,894
543,989,179,1711
483,519,302,1304
581,290,203,1074
801,558,385,1744
520,795,730,2045
761,979,319,2059
66,366,503,935
217,668,802,1687
759,100,332,1191
170,622,939,1731
952,908,268,2128
993,921,372,2286
934,55,162,1151
569,236,834,1639
486,592,757,1835
903,58,887,1848
602,495,315,1412
868,268,622,1758
452,985,701,2138
367,794,454,1615
953,418,58,1429
347,124,891,1362
4,446,483,933
122,560,30,712
132,783,318,1233
37,160,665,862
342,365,210,917
35,89,235,359
257,512,764,1533
752,987,378,2117
820,510,562,1892
642,243,125,1010
396,810,290,1496
582,158,60,800
870,437,355,1662
373,592,825,1790
323,591,383,1297
215,357,749,1321
904,999,165,2068
284,175,907,1366
433,177,439,1049
570,102,172,844
443,917,710,2070
332,50,896,1278
672,704,369,1745
12,642,810,1464
333,599,914,1846
178,209,659,1046
846,332,862,2040
853,663,936,2452
802,208,332,1342
376,515,564,1455
814,926,425,2165
144,738,378,1260
303,119,416,838
355,412,304,1071
356,219,351,926
806,649,710,2165
841,389,792,2022
521,598,372,1491
826,903,318,2047
209,816,341,1366
466,541,917,1924
441,8,378,827
332,127,380,839
39,29,978,1046
588,581,725,1894
68,820,977,1865
371,709,548,1628
281,400,453,1134
274,119,693,1086
767,96,61,924
688,743,764,2195
799,633,855,2287
522,228,289,1039
865,406,718,1989
238,306,83,627
277,408,308,993
96,178,335,609
128,626,975,1729
159,851,228,1238
960,913,721,2594
145,662,339,1146
373,139,440,952
875,860,221,1956
443,127,888,1458
429,347,426,1202
151,917,171,1239
108,383,924,1415
595,977,543,2115
356,924,475,1755
313,369,945,1627
741,599,51,1391
402,292,993,1687
740,793,870,2403
56,957,183,1196
318,659,486,1463
817,669,409,1895
862,610,793,2265
103,575,648,1326
61,545,525,1131
925,38,200,1163
329,812,22,1163
517,199,716,1432
262,385,356,1003
38,836,725,1599
44,491,614,1149
465,520,111,1096
605,820,613,2038
214,905,553,1672
41,327,988,1356
546,466,338,1350
819,274,579,1672
510,600,81,1191
236,815,709,1760
218,614,478,1310
191,104,188,483
719,510,379,1608
575,916,988,2479
595,417,354,1366
740,793,619,2152
689,235,825,1749
268,166,236,670
898,91,54,1043
288,779,456,1523
169,702,315,1186
751,839,136,1726
829,575,931,2335
821,867,818,2506
800,825,918,2543
134,667,709,1510
74,536,352,962
75,968,909,1952
522,203,646,1371
996,598,846,2440
717,635,603,1955
626,355,758,1739
205,731,688,1624
770,353,519,1642
635,27,287,949
774,460,690,1924
481,305,850,1636
463,584,598,1645
731,926,433,2090
152,836,165,1153
894,908,846,2648
764,72,202,1038
495,133,827,1455
206,600,800,1606
91,290,60,441
131,318,508,957
764,265,610,1639
978,715,348,2041
672,120,143,935
547,574,367,1488
878,823,631,2332
823,628,661,2112
501,354,314,1169
285,173,875,1333
429,836,555,1820
35,607,822,1464
961,666,881,2508
754,679,608,2041
573,832,190,1595
250,52,622,924
340,835,374,1549
928,970,838,2736
769,189,919,1877
791,718,953,2462
857,117,918,1892
988,791,279,2058
507,858,626,1991
672,950,289,1911
435,405,675,1515
668,527,352,1547
740,571,435,1746
744,987,927,2658
417,863,522,1802
987,522,650,2159
115,342,888,1345
66,875,763,1704
433,830,682,1945
596,825,896,2317
107,52,26,185
438,640,97,1175
375,490,184,1049
324,631,138,1093
328,832,145,1305
843,484,215,1542
175,747,429,1351
854,7,755,1616
682,586,66,1334
150,725,792,1667
339,549,999,1887
598,690,568,1856
501,12,108,621
316,522,251,1089
854,794,787,2435
358,266,57,681
410,611,378,1399
44,732,413,1189
941,338,364,1643
920,838,313,2071
659,505,991,2155
810,635,144,1589
257,586,520,1363
110,588,492,1190
777,650,643,2070
323,416,972,1711
891,8,69,968
704,784,840,2328
720,115,493,1328
647,569,937,2153
688,46,828,1562
199,951,127,1277
760,54,334,1148
392,323,974,1689
608,486,776,1870
40,718,797,1555
332,50,794,1176
567,371,302,1240
923,402,318,1643
558,79,158,795
83,400,561,1044
166,908,239,1313
230,291,990,1511
34,253,345,632
669,597,869,2135
690,467,488,1645
273,677,413,1363
881,194,471,1546
407,699,909,2015
322,84,288,694
692,749,586,2027
605,892,788,2285
353,408,977,1738
38,804,347,1189
91,115,14,220
866,668,912,2446
342,598,610,1550
562,540,734,1836
965,360,134,1459
301,714,724,1739
683,183,803,1669
880,119,723,1722
537,826,36,1399
412,403,394,1209
515,920,196,1631
871,631,436,1938
964,12,842,1818
65,156,925,1146
302,502,840,1644
914,922,484,2320
709,861,277,1847
304,908,138,1350
639,156,722,1517
432,390,337,1159
657,517,385,1559
587,425,939,1951
63,737,85,885
268,906,370,1544
54,394,799,1247
265,514,499,1278
653,170,438,1261
620,603,216,1439
100,602,245,947
140,317,2,459
510,471,890,1871
25,189,904,1118
816,292,386,1494
541,361,594,1496
984,510,198,1692
665,402,976,2043
708,317,997,2022
846,86,985,1917
132,237,503,872
627,351,31,1009
166,787,354,1307
905,860,614,2379
770,207,234,1211
573,379,509,1461
460,877,550,1887
508,27,224,759
818,233,334,1385
938,436,80,1454
762,98,612,1472
473,297,141,911
270,729,569,1568
756,71,828,1655
133,184,117,434
399,959,986,2344
862,477,720,2059
933,303,640,1876
947,637,816,2400
977,145,416,1538
114,34,876,1024
756,530,1000,2286
616,439,679,1734
533,37,810,1380
348,197,200,745
714,477,310,1501
201,999,264,1464
656,574,872,2102
535,99,215,849
794,435,422,1651
346,895,945,2186
385,497,360,1242
357,116,254,727
122,67,321,510
10,551,97,658
770,648,832,2250
451,658,366,1475
893,660,830,2383
317,308,636,1261
35,39,656,730
266,699,115,1080
454,153,414,1021
433,286,124,843
231,336,112,679
642,24,0,666
194,613,848,1655
326,311,242,879
608,780,367,1755
964,310,906,2180
10,757,348,1115
629,517,139,1285
340,731,959,2030
284,12,482,778
598,141,287,1026
415,605,681,1701
181,953,889,2023
375,450,292,1117
841,336,469,1646
896,17,809,1722
296,573,663,1532
963,480,631,2074
358,328,495,1181
832,84,393,1309
272,421,285,978
635,343,207,1185
278,546,440,1264
20,643,470,1133
20,925,655,1600
983,316,968,2267
72,968,236,1276
395,392,825,1612
610,595,19,1224
114,732,351,1197
826,688,831,2345
266,58,534,858
55,614,41,710
833,627,595,2055
178,774,517,1469
873,165,540,1578
196,895,179,1270
262,477,9,748
182,946,948,2076
257,244,943,1444
452,905,49,1406
551,52,901,1504
825,762,874,2461
363,361,615,1339
794,582,732,2108
748,404,751,1903
90,415,739,1244
753,113,243,1109
48,896,857,1801
955,464,345,1764
650,104,667,1421
71,652,621,1344
544,599,78,1221
887,739,117,1743
253,103,266,622
75,590,469,1134
208,831,319,1358
558,308,612,1478
867,172,669,1708
485,512,632,1629
319,697,688,1704
11,600,668,1279
553,477,790,1820
187,186,221,594
754,369,87,1210
170,320,107,597
681,752,297,1730
215,658,555,1428
716,441,425,1582
805,67,351,1223
476,396,175,1047
89,755,881,1725
472,3,136,611
958,606,572,2136
375,318,88,781
371,306,434,1111
504,937,238,1679
1,917,435,1353
668,153,348,1169
503,964,94,1561
660,1000,290,1950
442,458,614,1514
949,257,903,2109
140,708,535,1383
772,313,632,1717
599,2,385,986
341,838,956,2135
958,79,763,1800
822,48,416,1286
85,360,477,922
412,463,254,1129
354,211,605,1170
436,845,61,1342
385,813,161,1359
196,98,917,1211
607,410,117,1134
650,181,632,1463
456,782,528,1766
51,731,593,1375
799,278,311,1388
218,473,367,1058
427,675,40,1142
524,824,734,2082
387,359,516,1262
977,466,220,1663
210,64,860,1134
359,924,36,1319
822,454,738,2014
253,847,284,1384
663,180,605,1448
39,601,631,1271
885,513,341,1739
883,133,122,1138
137,362,354,853
803,722,536,2061
175,129,242,546
413,625,11,1049
679,701,487,1867
563,180,245,988
941,588,175,1704
586,292,400,1278
477,239,720,1436
33,150,678,861
184,555,211,950
615,855,38,1508
211,174,265,650
940,377,869,2186
894,599,306,1799
96,793,167,1056
529,79,618,1226
164,659,840,1663
618,118,399,1135
132,984,275,1391
664,128,712,1504
507,175,955,1637
330,391,859,1580
538,55,919,1512
545,921,679,2145
628,829,921,2378
794,460,729,1983
391,554,503,1448
957,796,138,1891
981,31,520,1532
489,80,181,750
329,691,105,1125
982,106,117,1205
536,181,691,1408
649,880,555,2084
449,347,604,1400
749,139,696,1584
103,223,145,471
591,119,470,1180
219,471,342,1032
33,446,820,1299
639,325,185,1149
212,875,670,1757
433,499,639,1571
532,354,349,1235
400,247,867,1514
293,167,260,720
664,48,959,1671
626,272,136,1034
116,743,445,1304
82,454,248,784
172,32,372,576
784,85,877,1746
402,59,273,734
576,601,813,1990
919,306,487,1712
882,551,53,1486
810,798,648,2256
107,846,98,1051
535,917,897,2349
74,251,266,591
734,353,990,2077
903,602,311,1816
559,813,954,2326
524,615,984,2123
505,387,657,1549
860,406,198,1464
191,874,299,1364
980,20,203,1203
666,45,480,1191
59,647,174,880
115,499,853,1467
555,816,544,1915
695,910,75,1680
486,47,333,866
468,271,818,1557
696,601,770,2067
18,723,527,1268
314,141,468,923
603,915,361,1879
762,189,570,1521
968,573,855,2396
479,279,693,1451
847,556,523,1926
882,499,572,1953
98,383,923,1404
903,640,293,1836
13,560,3,576
265,389,29,683
110,842,648,1600
172,366,90,628
682,192,387,1261
87,596,356,1039
679,255,411,1345
255,524,965,1744
562,278,545,1385
618,347,955,1920
696,290,992,1978
230,624,134,988
315,98,358,771
466,439,379,1284
346,512,879,1737
921,774,552,2247
157,249,684,1090
520,586,529,1635
961,376,420,1757
128,551,1000,1679
410,41,738,1189
476,665,160,1301
676,400,331,1407
916,176,30,1122
824,375,422,1621
213,206,937,1356
229,867,317,1413
90,517,680,1287
244,946,275,1465
58,602,342,1002
434,89,121,644
488,987,284,1759
46,506,740,1292
740,580,677,1997
226,25,215,466
595,761,103,1459
151,949,502,1602
6,758,957,1721
0,480,94,574
595,841,903,2339
756,720,671,2147
479,862,382,1723
808,683,139,1630
499,827,848,2174
549,124,43,716
724,659,382,1765
269,923,557,1749
716,77,207,1000
566,340,499,1405
581,499,248,1328
583,872,576,2031
861,477,199,1537
173,956,223,1352
427,827,753,2007
768,646,590,2004
401,473,26,900
139,258,456,853
252,995,394,1641
378,764,858,2000
272,87,300,659
954,297,645,1896
533,307,610,1450
323,246,744,1313
134,955,284,1373
539,601,689,1829
879,258,839,1976
615,467,944,2026
522,869,326,1717
405,809,58,1272
461,244,967,1672
409,73,655,1137
657,730,263,1650
893,939,331,2163
365,93,746,1204
153,523,506,1182
0,954,183,1137
117,729,186,1032
306,0,343,649
123,247,143,513
954,986,542,2482
474,716,588,1778
198,383,322,903
843,710,377,1930
434,937,60,1431
849,431,816,2096
74,453,613,1140
348,574,975,1897
727,930,267,1924
448,574,906,1928
157,640,235,1032
738,632,235,1605
592,796,54,1442
882,60,909,1851
354,606,69,1029
415,128,880,1423
466,735,727,1928
470,421,636,1527
942,70,630,1642
155,777,65,997
743,220,393,1356
212,96,814,1122
308,562,610,1480
683,214,850,1747
549,35,638,1222
608,816,616,2040
603,75,753,1431
701,500,373,1574
618,710,870,2198
133,377,379,889
425,954,458,1837
624,236,833,1693
546,553,105,1204
95,823,66,984
978,757,406,2141
689,316,525,1530
954,586,264,1804
255,111,572,938
610,260,459,1329
361,333,678,1372
302,980,521,1803
705,730,675,2110
761,147,523,1431
701,423,872,1996
519,304,957,1780
732,634,698,2064
136,607,824,1567
308,753,746,1807
872,389,118,1379
522,924,782,2228
407,749,868,2024
181,930,789,1900
286,802,9,1097
55,525,814,1394
686,442,907,2035
100,741,295,1136
940,719,125,1784
675,291,964,1930
156,641,511,1308
663,684,881,2228
55,263,807,1125
700,769,442,1911
253,597,888,1738
278,535,581,1394
186,483,655,1324
48,766,951,1765
970,682,104,1756
204,271,310,785
499,988,284,1771
871,114,439,1424
888,399,409,1696
979,537,571,2087
210,145,491,846
262,344,853,1459
141,634,876,1651
152,393,315,860
521,77,279,877
459,994,918,2371
61,317,618,996
808,60,669,1537
332,463,450,1245
325,415,580,1320
367,691,381,1439
519,96,603,1218
633,143,737,1513
745,310,221,1276
752,899,458,2109
135,829,943,1907
889,331,350,1570
139,997,656,1792
752,115,826,1693
792,310,457,1559
960,860,170,1990
67,123,280,470
109,83,584,776
962,23,281,1266
953,263,885,2101
118,59,380,557
698,555,231,1484
984,836,727,2547
329,923,191,1443
821,491,899,2211
16,306,824,1146
769,326,899,1994
25,100,244,369
703,229,839,1771
875,102,150,1127
463,570,823,1856
578,311,802,1691
320,478,547,1345
214,856,342,1412
256,964,446,1666
655,186,646,1487
882,507,747,2136
434,163,986,1583
536,755,32,1323
761,785,543,2089
529,353,452,1334
308,144,999,1451
425,84,187,696
852,973,39,1864
71,554,984,1609
639,103,593,1335
435,813,568,1816
696,21,819,1536
735,712,133,1580
181,882,774,1837
759,640,810,2209
913,830,477,2220
977,164,246,1387
87,897,492,1476
275,850,442,1567
72,955,324,1351
815,449,637,1901
235,418,79,732
970,883,306,2159
820,731,149,1700
691,959,80,1730
564,583,801,1948
615,218,127,960
866,637,298,1801
227,938,720,1885
317,728,888,1933
406,419,480,1305
189,434,775,1398
390,334,297,1021
967,846,8,1821
476,506,354,1336
905,978,517,2400
228,692,586,1506
68,528,333,929
15,704,225,944
860,254,693,1807
556,340,128,1024
51,833,513,1397
662,2,859,1523
996,334,926,2256
560,1,597,1158
34,627,122,783
503,16,2,521
792,390,337,1519
244,146,345,735
511,544,753,1808
400,148,197,745
803,648,162,1613
481,371,182,1034
876,297,673,1846
573,793,38,1404
195,731,587,1513
627,70,405,1102
640,542,675,1857
278,653,760,1691
213,100,338,651
173,983,17,1173
823,24,453,1300
525,276,424,1225
536,194,882,1612
997,304,57,1358
885,747,637,2269
225,577,631,1433
186,303,655,1144
907,605,4,1516
52,983,247,1282
48,557,729,1334
817,165,165,1147
380,810,439,1629
809,449,408,1666
804,933,828,2565
392,169,174,735
715,180,559,1454
92,194,83,369
733,597,967,2297
780,415,428,1623
500,564,672,1736
147,963,169,1279
94,561,973,1628
741,23,34,798
19,31,186,236
516,590,202,1308
494,700,203,1397
468,399,201,1068
370,139,896,1405
459,54,507,1020
142,242,90,474
230,206,801,1237
335,204,731,1270
956,196,161,1313
566,535,534,1635
992,320,518,1830
276,695,479,1450
733,465,146,1344
553,104,476,1133
688,116,976,1780
926,77,101,1104
798,854,182,1834
136,840,118,1094
665,744,935,2344
922,526,95,1543
258,812,670,1740
871,544,826,2241
127,795,12,934
238,647,570,1455
361,126,380,867
926,854,731,2511
365,36,385,786
403,385,867,1655
159,670,280,1109
67,629,427,1123
577,345,525,1447
288,817,273,1378
858,7,216,1081
611,932,974,2517
604,275,994,1873
423,666,777,1866
850,819,654,2323
899,79,534,1512
801,845,425,2071
736,979,154,1869
255,126,817,1198
279,755,585,1619
924,401,894,2219
813,890,290,1993
151,905,429,1485
147,196,96,439
871,954,10,1835
460,699,438,1597
157,10,354,521
524,945,182,1651
45,347,497,889
983,374,575,1932
884,733,987,2604
460,306,246,1012
339,101,409,849
675,949,269,1893
804,348,48,1200
997,328,584,1909
759,621,672,2052
346,550,752,1648
621,188,617,1426
143,58,879,1080
294,62,525,881
378,315,453,1146
799,405,986,2190
800,779,437,2016
120,715,831,1666
557,508,956,2021
496,387,423,1306
793,702,310,1805
57,214,997,1268
552,356,588,1496
556,531,667,1754
601,446,618,1665
695,383,975,2053
731,659,81,1471
454,798,664,1916
894,315,751,1960
993,421,928,2342
506,143,20,669
267,506,60,833
123,586,802,1511
999,883,11,1893
48,190,957,1195
305,97,525,927
241,143,905,1289
392,957,270,1619
99,751,589,1439
618,370,476,1464
889,278,331,1498
601,425,913,1939
121,169,484,774
132,808,51,991
500,464,855,1819
5,440,324,769
726,277,187,1190
334,407,531,1272
656,283,99,1038
896,73,898,1867
56,991,460,1507
30,536,60,626
563,636,325,1524
636,640,740,2016
577,881,804,2262
763,71,859,1693
805,918,68,1791
707,318,222,1247
451,0,680,1131
994,979,149,2122
534,707,113,1354
849,112,561,1522
534,307,658,1499
707,759,776,2242
747,843,816,2406
787,364,944,2095
744,737,720,2201
810,743,441,1994
140,631,538,1309
4,734,959,1697
716,268,696,1680
378,308,449,1135
185,433,205,823
205,73,580,858
554,798,71,1423
386,501,435,1322
398,123,258,779
421,80,712,1213
765,867,764,2396
662,254,716,1632
967,557,362,1886
251,475,39,765
605,691,992,2288
29,165,508,702
77,646,174,897
610,260,523,1393
101,877,496,1474
465,612,559,1636
47,755,953,1755
345,786,840,1971
71,415,800,1286
682,570,7,1259
794,335,834,1963
603,514,795,1912
866,617,866,2349
552,907,986,2445
470,261,630,1361
31,464,178,673
992,949,304,2245
547,993,843,2383
433,761,216,1410
659,991,88,1738
578,706,494,1778
222,13,410,645
749,842,861,2452
661,745,500,1906
243,123,490,856
934,596,114,1644
483,771,646,1900
887,671,943,2501
495,115,765,1375
127,186,315,628
741,625,54,1420
773,570,585,1928
599,747,868,2214
22,976,978,1976
586,156,107,849
840,957,563,2360
210,103,480,793
649,219,836,1704
392,524,243,1159
473,208,379,1060
385,421,737,1543
962,1,424,1387
174,522,649,1345
933,310,342,1585
525,192,344,1061
903,657,794,2354
122,531,145,798
59,341,53,453
440,814,607,1861
397,687,313,1397
920,563,94,1577
905,572,363,1840
17,298,733,1048
48,157,185,390
502,75,456,1033
139,822,495,1456
252,231,761,1244
398,137,422,957
6,779,986,1771
826,747,882,2455
540,939,768,2247
428,421,104,953
592,426,363,1381
571,563,644,1778
555,725,963,2243
928,208,990,2126
444,604,897,1945
599,167,63,829
246,319,813,1378
442,200,583,1225
335,295,70,700
147,100,564,811
877,17,300,1194
735,31,439,1205
945,461,967,2373
233,996,955,2184
422,383,981,1786
390,424,143,957
960,268,500,1728
565,574,949,2088
933,83,611,1627
676,649,289,1614
649,66,218,933
780,983,429,2192
707,988,527,2222
65,206,297,568
81,117,458,656
686,972,225,1883
20,985,118,1123
221,975,794,1990
801,870,603,2274
828,932,859,2619
780,132,947,1859
30,103,792,925
574,475,412,1461
693,798,348,1839
338,165,102,605
198,217,393,808
824,895,329,2048
299,856,424,1579
738,871,106,1715
288,300,226,814
274,528,341,1143
552,653,949,2154
358,545,449,1352
472,24,501,997
758,255,694,1707
568,605,552,1725
153,147,565,865
989,695,775,2459
0,460,383,843
721,869,961,2551
604,123,825,1552
991,704,612,2307
477,28,725,1230
573,507,109,1189
387,362,321,1070
807,784,186,1777
665,386,451,1502
768,720,776,2264
105,140,845,1090
106,149,851,1106
945,981,983,2909
551,995,678,2224
623,893,107,1623
215,233,950,1398
522,144,905,1571
515,333,112,960
471,854,395,1720
554,731,886,2171
277,962,309,1548
996,369,17,1382
945,345,272,1562
357,93,565,1015
957,194,156,1307
115,542,264,921
333,619,687,1639
454,404,0,858
181,503,89,773
320,175,369,864
296,817,34,1147
727,385,429,1541
878,954,275,2107
841,216,409,1466
575,168,266,1009
593,55,46,694
668,201,124,993
330,101,709,1140
316,457,903,1676
435,506,62,1003
449,679,825,1953
603,616,75,1294
477,684,112,1273
244,411,337,992
526,490,552,1568
497,609,957,2063
946,94,728,1768
640,25,372,1037
205,666,799,1670
184,947,252,1383
385,891,158,1434
540,615,178,1333
873,27,314,1214
856,327,597,1780
464,968,705,2137
73,732,43,848
34,728,248,1010
455,183,504,1142
185,196,17,398
358,425,856,1639
721,28,355,1104
776,854,175,1805
465,960,749,2174
985,955,910,2850
373,499,761,1633
554,418,519,1491
671,377,872,1920
769,345,660,1774
941,445,714,2100
547,181,478,1206
85,375,227,687
917,451,937,2305
148,337,232,717
692,389,439,1520
558,543,751,1852
525,980,315,1820
890,399,92,1381
275,483,586,1344
320,979,296,1595
809,854,217,1880
113,140,890,1143
358,588,876,1822
137,201,103,441
497,880,541,1918
480,283,457,1220
897,660,91,1648
311,364,6,681
99,543,527,1169
660,973,645,2278
555,1,394,950
597,103,40,740
377,799,902,2078
205,369,679,1253
824,970,209,2003
595,616,8,1219
836,509,574,1919
201,30,495,726
415,990,717,2122
570,479,233,1282
350,676,469,1495
708,807,676,2191
506,656,153,1315
65,287,526,878
675,598,570,1843
727,295,332,1354
568,369,282,1219
617,647,18,1282
51,333,979,1363
216,180,272,668
778,319,715,1812
867,538,680,2085
9,971,95,1075
923,317,275,1515
64,160,169,393
155,253,450,858
87,730,822,1639
310,29,158,497
252,86,998,1336
849,839,755,2443
95,175,499,769
828,105,696,1629
651,16,118,785
45,635,616,1296
163,553,123,839
734,958,474,2166
90,182,161,433
302,324,19,645
544,816,562,1922
685,409,569,1663
435,357,664,1456
88,151,435,674
392,25,411,828
463,7,772,1242
955,810,124,1889
342,796,137,1275
368,957,585,1910
557,579,729,1865
971,394,920,2285
431,975,851,2257
879,181,605,1665
52,181,471,704
625,576,167,1368
669,520,687,1876
901,877,248,2026
996,22,482,1500
318,657,902,1877
953,570,909,2432
185,890,540,1615
139,808,686,1633
315,342,444,1101
852,327,45,1224
551,998,455,2004
576,762,788,2126
20,742,621,1383
741,459,342,1542
223,418,5,646
447,723,212,1382
6,727,594,1327
285,145,329,759
241,627,378,1246
950,1000,77,2027
800,576,755,2131
782,422,786,1990
719,390,459,1568
478,286,116,880
60,892,204,1156
969,792,657,2418
4,907,974,1885
137,657,460,1254
687,420,755,1862
980,764,713,2457
903,224,2,1129
842,885,270,1997
306,914,914,2134
309,291,425,1025
558,3,234,795
793,167,289,1249
519,70,77,666
872,399,914,2185
257,350,45,652
836,310,93,1239
338,422,348,1108
818,86,153,1057
586,884,501,1971
593,687,850,2130
183,242,856,1281
312,170,764,1246
608,423,226,1257
64,982,876,1922
486,347,500,1333
906,122,9,1037
426,664,187,1277
34,846,461,1341
134,146,337,617
974,301,890,2165
605,244,414,1263
960,278,184,1422
610,640,275,1525
153,80,447,680
729,265,725,1719
572,673,733,1978
909,279,365,1553
659,275,663,1597
322,975,282,1579
224,592,455,1271
390,500,771,1661
704,890,830,2424
497,630,506,1633
372,505,191,1068
292,10,584,886
97,727,480,1304
130,782,481,1393
388,861,547,1796
642,389,778,1809
892,426,748,2066
308,695,929,1932
23,142,355,520
38,370,270,678
839,450,344,1633
951,108,692,1751
827,365,245,1437
817,161,978,1956
704,833,995,2532
282,962,570,1814
193,828,513,1534
245,172,551,968
413,158,452,1023
908,315,456,1679
965,202,865,2032
291,317,926,1534
541,485,555,1581
293,329,772,1394
757,925,688,2370
384,371,462,1217
264,79,19,362
117,405,656,1178
500,445,492,1437
191,356,828,1375
523,894,785,2202
863,259,649,1771
895,280,298,1473
753,619,65,1437
942,437,308,1687
501,946,90,1537
668,180,880,1728
672,794,972,2438
275,962,772,2009
399,513,794,1706
646,329,790,1765
40,583,904,1527
828,436,557,1821
459,737,548,1744
586,982,504,2072
416,992,639,2047
973,894,117,1984
378,800,569,1747
378,251,222,851
700,548,160,1408
160,308,450,918
406,831,180,1417
101,5,46,152
640,467,377,1484
371,535,668,1574
1,591,707,1299
405,902,266,1573
158,47,704,909
783,568,886,2237
214,351,258,823
33,49,225,307
633,309,497,1439
581,673,507,1761
843,127,445,1415
92,273,792,1157
280,518,101,899
164,224,4,392
612,260,553,1425
954,295,548,1797
709,834,75,1618
453,508,731,1692
647,828,311,1786
962,180,608,1750
858,296,19,1173
189,333,940,1462
484,989,135,1608
47,35,813,895
475,694,621,1790
362,184,30,576
385,676,537,1598
277,487,254,1018
604,648,8,1260
969,148,480,1597
59,444,113,616
602,523,674,1799
663,974,717,2354
153,440,830,1423
258,256,628,1142
336,501,250,1087
312,241,485,1038
368,210,646,1224
134,769,613,1516
947,26,101,1074
644,301,958,1903
307,785,256,1348
205,997,86,1288
301,519,49,869
398,81,885,1364
824,678,525,2027
748,399,551,1698
279,193,77,549
515,676,795,1986
406,516,185,1107
841,627,899,2367
539,495,225,1259
893,610,609,2112
114,709,423,1246
945,592,25,1562
645,178,409,1232
993,478,266,1737
284,722,937,1943
340,968,682,1990
408,944,57,1409
577,104,161,842
48,389,411,848
633,928,881,2442
361,181,966,1508
708,649,336,1693
294,694,282,1270
294,869,550,1713
816,245,248,1309
461,664,591,1716
272,885,563,1720
589,638,958,2185
479,307,857,1643
237,540,916,1693
298,491,368,1157
772,364,352,1488
918,155,43,1116
762,678,373,1813
266,399,109,774
964,354,313,1631
132,276,1,409
583,684,445,1712
221,713,97,1031
870,364,580,1814
185,649,653,1487
310,788,637,1735
117,321,333,771
256,892,135,1283
544,424,272,1240
221,837,132,1190
434,135,22,591
837,584,143,1564
60,351,578,989
882,243,679,1804
91,569,142,802
551,246,679,1476
136,775,887,1798
548,388,18,954
740,763,586,2089
953,918,815,2686
560,536,823,1919
95,497,906,1498
221,458,561,1240
421,43,713,1177
528,361,70,959
902,35,628,1565
989,981,805,2775
296,716,474,1486
878,363,571,1812
996,378,972,2346
48,517,762,1327
540,750,292,1582
990,42,891,1923
196,692,786,1674
411,32,445,888
586,352,414,1352
409,474,808,1691
152,444,551,1147
108,578,908,1594
593,658,994,2245
304,122,136,562
402,844,754,2000
423,928,996,2347
78,571,37,686
994,953,34,1981
25,466,565,1056
42,205,800,1047
966,23,523,1512
243,309,794,1346
562,707,415,1684
217,92,652,961
449,4,805,1258
774,829,827,2430
535,185,326,1046
432,797,550,1779
158,160,620,938
751,474,464,1689
752,692,760,2204
299,611,619,1529
9,765,170,944
338,440,990,1768
656,208,982,1846
721,899,590,2210
986,592,449,2027
232,88,392,712
333,208,141,682
259,163,310,732
538,820,909,2267
705,442,744,1891
163,345,162,670
470,719,833,2022
14,96,933,1043
360,56,372,788
446,379,130,955
898,579,937,2414
860,363,578,1801
306,596,159,1061
418,75,434,927
157,115,135,407
454,522,394,1370
621,74,465,1160
275,407,878,1560
631,959,394,1984
758,358,864,1980
979,604,672,2255
913,444,827,2184
690,923,302,1915
430,538,968,1936
0,751,115,866
33,432,64,529
102,952,469,1523
283,374,672,1329
529,961,79,1569
256,805,944,2005
126,491,937,1554
722,916,345,1983
651,309,353,1313
427,851,790,2068
672,248,162,1082
355,18,125,498
445,662,779,1886
346,905,855,2106
294,896,535,1725
966,763,395,2124
954,384,698,2036
738,948,244,1930
122,375,168,665
28,660,888,1576
109,135,9,253
37,455,162,654
112,960,208,1280
416,553,301,1270
971,601,882,2454
357,581,880,1818
516,577,36,1129
32,574,631,1237
717,746,534,1997
946,59,660,1665
966,172,664,1802
175,165,927,1267
10,328,403,741
191,35,569,795
881,961,544,2386
484,679,647,1810
865,18,957,1840
121,361,511,993
765,884,248,1897
541,515,302,1358
497,893,256,1646
809,973,996,2778
920,581,498,1999
897,413,164,1474
540,852,340,1732
364,770,653,1787
511,323,149,983
856,310,954,2120
909,943,717,2569
347,711,961,2019
833,925,278,2036
801,285,897,1983
935,254,57,1246
976,616,390,1982
513,942,912,2367
216,472,118,806
807,997,17,1821
354,458,761,1573
798,175,808,1781
402,579,580,1561
166,584,28,778
609,947,420,1976
261,828,210,1299
283,926,121,1330
754,339,874,1967
60,818,201,1079
359,439,683,1481
806,958,973,2737
846,184,263,1293
108,672,496,1276
219,413,160,792
138,839,145,1122
863,1000,214,2077
107,603,195,905
90,913,326,1329
645,585,843,2073
193,453,355,1001
199,825,536,1560
834,905,579,2318
974,782,833,2589
722,801,780,2303
464,670,859,1993
69,174,966,1209
631,411,823,1865
235,412,543,1190
417,51,181,649
516,840,322,1678
830,789,45,1664
42,723,78,843
366,527,978,1871
504,838,371,1713
856,937,27,1820
339,843,793,1975
645,349,243,1237
108,52,862,1022
151,462,254,867
403,669,476,1548
283,40,917,1240
68,925,756,1749
556,948,997,2501
51,561,141,753
280,520,608,1408
862,896,525,2283
505,854,461,1820
747,252,905,1904
452,136,440,1028
935,658,37,1630
756,108,593,1457
887,94,775,1756
211,444,121,776
839,204,989,2032
336,913,443,1692
599,551,354,1504
281,829,967,2077
472,989,71,1532
591,984,922,2497
970,955,517,2442
931,832,547,2310
778,479,617,1874
869,581,101,1551
967,151,811,1929
588,381,256,1225
452,98,326,876
336,347,225,908
252,891,971,2114
583,138,497,1218
529,766,301,1596
132,909,11,1052
126,66,100,292
267,66,369,702
400,868,789,2057
518,9,388,915
589,812,554,1955
43,47,901,991
906,539,894,2339
717,251,515,1483
576,815,624,2015
175,911,740,1826
662,556,295,1513
596,539,525,1660
711,847,255,1813
813,474,295,1582
508,503,30,1041
283,511,867,1661
801,703,147,1651
213,45,533,791
170,571,726,1467
491,286,765,1542
809,289,231,1329
981,604,384,1969
594,625,560,1779
828,736,796,2360
353,997,714,2064
687,567,106,1360
285,113,305,703
345,634,676,1655
44,974,486,1504
2,983,279,1264
415,965,124,1504
450,144,548,1142
695,329,705,1729
52,726,561,1339
405,546,555,1506
500,766,392,1658
942,764,53,1759
592,573,424,1589
19,286,544,849
429,954,921,2304
572,81,496,1149
900,755,617,2272
877,765,64,1706
286,248,348,882
457,662,895,2014
769,121,965,1855
1000,978,111,2089
701,510,274,1485
91,192,401,684
78,80,985,1143
569,141,643,1353
988,306,10,1304
556,38,92,686
505,146,843,1494
878,772,782,2432
876,354,409,1639
236,468,235,939
225,13,133,371
520,454,515,1489
171,512,765,1448
755,687,741,2183
319,858,885,2062
326,908,526,1760
969,581,301,1851
210,748,921,1879
933,369,229,1531
657,145,118,920
711,829,775,2315
878,805,556,2239
870,537,756,2163
396,286,997,1679
795,814,456,2065
233,77,216,526
661,198,316,1175
755,459,780,1994
898,324,1000,2222
155,24,296,475
376,631,494,1501
912,508,434,1854
847,245,304,1396
382,222,873,1477
331,276,329,936
212,345,337,894
572,623,648,1843
868,630,977,2475
529,557,283,1369
382,94,224,700
827,157,130,1114
197,670,790,1657
797,171,244,1212
475,91,129,695
520,22,857,1399
876,476,479,1831
889,126,568,1583
373,527,451,1351
120,872,814,1806
744,8,393,1145
45,298,366,709
714,240,336,1290
981,53,931,1965
478,463,678,1619
17,86,806,909
714,601,679,1994
953,267,548,1768
245,67,277,589
333,431,177,941
860,544,291,1695
408,186,607,1201
203,76,569,848
248,915,332,1495
123,520,312,955
980,893,440,2313
638,27,639,1304
640,285,54,979
460,243,698,1401
118,141,806,1065
331,739,148,1218
779,904,643,2326
648,23,466,1137
718,445,719,1882
452,370,484,1306
812,776,236,1824
660,295,810,1765
106,167,419,692
719,510,437,1666
350,710,439,1499
112,462,685,1259
895,798,639,2332
40,900,256,1196
397,794,352,1543
608,598,385,1591
304,828,254,1386
133,789,270,1192
954,523,618,2095
328,534,43,905
246,184,244,674
326,541,80,947
110,124,977,1211
664,737,252,1653
740,860,677,2277
865,599,76,1540
287,788,219,1294
353,987,102,1442
733,225,201,1159
495,272,257,1024
994,698,618,2310
211,869,944,2024
999,662,176,1837
836,920,547,2303
600,562,687,1849
321,768,46,1135
554,742,329,1625
227,324,823,1374
748,20,575,1343
361,474,949,1784
285,818,1,1104
568,542,706,1816
21,343,984,1348
288,924,333,1545
438,977,58,1473
993,601,368,1962
213,117,306,636
284,66,94,444
228,500,235,963
12,567,84,663
741,472,756,1969
993,594,972,2559
205,789,647,1641
856,54,34,944
593,792,971,2356
755,516,705,1976
598,641,657,1896
658,526,193,1377
156,164,561,881
140,820,8,968
275,442,410,1127
300,570,757,1627
956,202,883,2041
424,854,143,1421
250,522,151,923
879,142,527,1548
373,611,626,1610
264,883,619,1766
771,991,47,1809
942,920,483,2345
931,906,87,1924
943,638,861,2442
812,397,103,1312
995,109,352,1456
79,677,402,1158
254,906,536,1696
461,687,674,1822
881,134,810,1825
624,245,443,1312
92,405,564,1061
74,622,893,1589
415,898,69,1382
925,203,641,1769
711,296,166,1173
985,688,655,2328
113,314,266,693
653,275,844,1772
537,260,555,1352
342,534,652,1528
831,471,87,1389
998,218,766,1982
926,698,443,2067
831,884,526,2241
278,51,447,776
162,370,548,1080
863,740,926,2529
896,538,156,1590
987,855,657,2499
125,270,274,669
960,266,467,1693
239,822,0,1061
408,177,141,726
479,67,945,1491
603,962,523,2088
298,114,343,755
996,11,19,1026
276,371,779,1426
927,901,196,2024
244,967,969,2180
273,526,387,1186
274,941,329,1544
716,343,167,1226
978,309,648,1935
370,841,170,1381
747,540,401,1688
15,322,931,1268
36,380,635,1051
968,466,491,1925
525,704,190,1419
600,780,318,1698
562,312,611,1485
837,234,467,1538
24,177,390,591
371,801,356,1528
590,817,150,1557
729,220,61,1010
327,786,277,1390
299,645,599,1543
184,334,667,1185
253,753,492,1498
51,409,836,1296
684,999,217,1900
793,724,81,1598
909,778,811,2498
38,52,434,524
312,166,359,837
423,101,914,1438
618,971,754,2343
531,832,121,1484
477,243,508,1228
240,158,90,488
104,458,15,577
105,686,805,1596
228,160,496,884
238,90,753,1081
955,273,212,1440
959,368,949,2276
535,520,406,1461
346,252,71,669
690,281,730,1701
12,18,649,679
51,64,176,291
816,846,420,2082
394,851,531,1776
661,947,900,2508
136,645,660,1441
144,379,479,1002
78,834,876,1788
866,751,583,2200
323,955,584,1862
719,449,882,2050
597,13,145,755
520,164,10,694
24,115,954,1093
830,708,609,2147
878,751,454,2083
700,95,633,1428
796,690,506,1992
191,758,118,1067
754,236,75,1065
994,65,532,1591
769,821,322,1912
620,973,951,2544
30,509,524,1063
763,275,200,1238
810,254,380,1444
788,782,983,2553
779,738,102,1619
444,199,141,784
883,427,433,1743
53,594,175,822
116,441,650,1207
556,439,815,1810
800,515,508,1823
680,76,346,1102
521,497,93,1111
178,642,229,1049
998,683,336,2017
148,617,402,1167
89,785,414,1288
207,711,394,1312
15,833,452,1300
624,324,214,1162
694,183,959,1836
574,481,943,1998
742,966,554,2262
888,265,140,1293
869,1000,478,2347
480,962,778,2220
780,130,447,1357
761,10,234,1005
213,369,617,1199
208,665,245,1118
354,42,95,491
310,473,41,824
617,292,396,1305
613,705,885,2203
631,418,654,1703
390,502,620,1512
362,733,393,1488
196,674,712,1582
899,955,467,2321
804,568,765,2137
864,118,731,1713
785,200,685,1670
486,160,396,1042
502,985,305,1792
122,968,147,1237
427,459,415,1301
915,859,645,2419
245,897,634,1776
503,11,674,1188
411,133,546,1090
713,296,99,1108
494,237,765,1496
625,381,832,1838
102,17,972,1091
857,308,296,1461
174,289,410,873
459,722,645,1826
758,933,935,2626
236,534,517,1287
537,943,110,1590
563,617,70,1250
755,499,901,2155
253,483,550,1286
98,105,744,947
44,744,551,1339
597,811,944,2352
867,728,732,2327
801,971,223,1995
535,211,759,1505
972,263,984,2219
544,644,549,1737
374,89,4,467
437,674,865,1976
807,503,964,2274
279,111,24,414
957,956,173,2086
997,762,970,2729
225,970,586,1781
568,885,247,1700
546,73,173,792
935,597,437,1969
415,981,877,2273
799,946,851,2596
83,600,606,1289
227,444,534,1205
526,971,707,2204
219,914,277,1410
144,32,734,910
80,260,461,801
646,413,259,1318
359,593,259,1211
353,763,610,1726
160,60,85,305
568,423,444,1435
821,865,147,1833
693,347,338,1378
507,513,119,1139
330,673,23,1026
19,396,495,910
120,189,737,1046
201,234,457,892
910,519,182,1611
553,402,272,1227
414,995,882,2291
737,586,408,1731
814,320,372,1506
546,356,781,1683
827,744,604,2175
364,318,18,700
843,460,879,2182
345,877,352,1574
649,51,788,1488
237,362,297,896
239,227,787,1253
134,520,16,670
727,647,820,2194
179,67,62,308
486,269,893,1648
854,680,459,1993
307,13,118,438
441,56,197,694
922,681,649,2252
730,889,93,1712
981,660,863,2504
929,20,993,1942
348,967,226,1541
956,195,499,1650
295,92,431,818
812,756,504,2072
883,457,26,1366
581,461,638,1680
945,806,951,2702
592,850,616,2058
561,763,924,2248
6,701,924,1631
711,195,148,1054
791,744,565,2100
191,204,990,1385
429,630,743,1802
433,313,23,769
793,506,19,1318
221,130,121,472
619,528,731,1878
308,227,672,1207
154,84,880,1118
700,821,953,2474
239,703,193,1135
871,951,64,1886
759,395,291,1445
18,238,892,1148
692,80,177,949
765,95,618,1478
80,733,581,1394
907,725,708,2340
900,562,487,1949
881,443,84,1408
482,246,789,1517
481,113,533,1127
219,262,69,550
803,283,462,1548
600,199,630,1429
622,25,953,1600
12,675,690,1377
499,328,482,1309
847,260,570,1677
116,835,651,1602
960,870,992,2822
860,500,327,1687
775,922,642,2339
316,257,230,803
958,596,644,2198
950,727,90,1767
460,554,387,1401
919,650,809,2378
92,632,450,1174
391,74,808,1273
5,195,220,420
834,131,417,1382
824,424,554,1802
875,615,268,1758
438,699,146,1283
720,207,352,1279
837,579,274,1690
752,540,825,2117
873,782,722,2377
841,144,811,1796
455,575,148,1178
472,509,625,1606
361,948,973,2282
938,649,73,1660
142,331,328,801
161,979,555,1695
18,852,607,1477
931,312,534,1777
140,655,270,1065
290,895,224,1409
261,285,342,888
395,304,20,719
746,656,180,1582
981,37,550,1568
103,202,297,602
493,288,534,1315
463,69,734,1266
732,176,138,1046
209,227,754,1190
532,931,946,2409
242,298,884,1424
814,588,78,1480
4,283,3,290
717,61,135,913
937,906,426,2269
13,199,848,1060
290,87,122,499
132,340,122,594
454,504,798,1756
32,573,937,1542
747,757,234,1738
344,977,461,1782
700,201,778,1679
448,933,4,1385
34,918,26,978
129,350,693,1172
964,486,634,2084
676,788,394,1858
597,16,887,1500
51,236,989,1276
265,28,397,690
685,925,197,1807
830,763,930,2523
482,379,144,1005
408,938,984,2330
631,379,500,1510
559,356,468,1383
919,98,720,1737
630,121,881,1632
637,714,420,1771
224,20,811,1055
815,716,609,2140
447,464,685,1596
539,7,136,682
500,462,111,1073
474,858,474,1806
999,89,119,1207
589,381,196,1166
125,834,691,1650
142,690,983,1815
590,403,37,1030
820,211,773,1804
279,31,392,702
472,306,490,1268
111,727,388,1226
626,997,40,1663
237,195,489,921
413,183,229,825
832,197,418,1447
252,465,623,1340
247,306,190,743
475,413,3,891
422,24,762,1208
221,252,126,599
399,269,800,1468
657,436,224,1317
216,805,790,1811
907,669,252,1828
490,825,294,1609
759,954,79,1792
343,246,695,1284
795,957,53,1805
206,809,533,1548
8,809,434,1251
496,912,440,1848
275,595,315,1185
985,448,619,2052
182,265,754,1201
601,228,562,1391
468,276,774,1518
621,265,511,1397
55,808,651,1514
84,670,804,1558
213,394,325,932
405,988,886,2279
457,127,489,1073
41,84,131,256
344,769,186,1299
318,831,704,1853
113,830,899,1842
819,511,871,2201
592,29,272,893
464,798,521,1783
107,292,18,417
969,39,183,1191
187,446,980,1613
24,208,905,1137
272,138,693,1103
439,192,261,892
857,406,511,1774
703,878,45,1626
468,691,660,1819
426,182,725,1333
457,846,942,2245
741,402,31,1174
636,996,587,2219
89,316,709,1114
488,167,678,1333
615,898,64,1577
335,463,409,1207
128,253,8,389
985,297,942,2224
977,606,107,1690
136,839,537,1512
542,990,333,1865
22,965,289,1276
500,587,477,1564
572,243,132,947
425,294,920,1639
817,562,574,1953
571,74,901,1546
793,791,513,2097
900,947,972,2819
153,494,388,1035
704,998,848,2550
152,243,448,843
759,679,434,1872
402,802,300,1504
89,613,75,777
936,518,954,2408
955,143,806,1904
585,750,875,2210
805,694,339,1838
730,464,440,1634
493,60,401,954
200,926,251,1377
461,451,501,1413
438,394,731,1563
591,651,289,1531
645,529,324,1498
389,77,21,487
195,416,615,1226
571,645,146,1362
325,144,154,623
279,26,89,394
709,347,987,2043
934,149,82,1165
428,677,1000,2105
610,47,953,1610
588,248,425,1261
929,531,125,1585
22,908,111,1041
986,46,349,1381
649,428,397,1474
238,39,90,367
953,153,720,1826
813,656,334,1803
968,387,399,1754
538,371,419,1328
39,95,149,283
543,475,602,1620
428,831,624,1883
552,740,269,1561
975,643,669,2287
615,308,44,967
985,512,886,2383
801,391,293,1485
963,871,15,1849
37,697,74,808
388,538,59,985
665,883,447,1995
186,17,92,295
743,736,505,1984
331,602,658,1591
848,227,346,1421
486,122,710,1318
156,85,569,810
984,467,360,1811
310,699,286,1295
509,92,281,882
646,456,568,1670
496,989,734,2219
810,250,81,1141
863,285,373,1521
811,748,572,2131
17,365,409,791
424,69,480,973
535,828,716,2079
683,556,892,2131
322,280,299,901
509,845,573,1927
468,821,753,2042
353,826,452,1631
302,246,728,1276
259,999,297,1555
242,308,700,1250
561,173,328,1062
540,847,490,1877
507,936,404,1847
277,365,629,1271
712,551,559,1822
5,291,59,355
782,454,158,1394
73,26,458,557
781,83,794,1658
587,488,686,1761
478,802,998,2278
602,927,445,1974
717,577,543,1837
641,508,937,2086
346,163,646,1155
188,326,128,642
106,706,101,913
448,906,487,1841
473,952,737,2162
414,803,361,1578
28,982,718,1728
476,885,95,1456
295,463,98,856
190,600,201,991
931,681,231,1843
403,832,377,1612
603,878,228,1709
784,387,101,1272
287,819,951,2057
5,290,142,437
945,131,306,1382
19,365,36,420
687,940,286,1913
154,526,883,1563
679,982,737,2398
405,724,1000,2129
23,385,822,1230
987,570,766,2323
662,569,811,2042
547,464,716,1727
681,785,920,2386
573,301,616,1490
550,102,699,1351
569,683,741,1993
947,44,0,991
647,558,424,1629
66,797,595,1458
305,227,308,840
422,926,775,2123
816,596,93,1505
16,264,199,479
23,713,358,1094
57,208,212,477
797,663,581,2041
29,529,832,1390
991,772,496,2259
674,621,383,1678
794,680,705,2179
84,805,732,1621
980,971,271,2222
234,619,839,1692
721,239,382,1342
975,169,2,1146
261,761,226,1248
968,299,457,1724
876,1000,473,2349
264,313,598,1175
692,679,121,1492
842,943,637,2422
535,932,719,2186
9,546,608,1163
783,754,570,2107
332,718,606,1656
673,479,698,1850
893,258,986,2137
230,32,358,620
282,439,59,780
912,987,669,2568
867,781,95,1743
891,402,411,1704
93,838,169,1100
733,8,270,1011
189,907,638,1734
583,645,742,1970
421,62,433,916
803,458,883,2144
573,845,917,2335
966,746,107,1819
133,241,405,779
957,923,354,2234
237,571,869,1677
197,132,703,1032
552,525,523,1600
585,943,878,2406
396,867,904,2167
455,465,418,1338
549,133,436,1118
913,759,455,2127
313,434,947,1694
116,723,187,1026
951,41,339,1331
263,122,88,473
537,992,836,2365
427,775,297,1499
877,454,869,2200
996,599,564,2159
959,974,76,2009
776,830,846,2452
707,616,25,1348
613,289,781,1683
452,876,517,1845
459,94,430,983
388,21,118,527
374,825,122,1321
951,321,20,1292
470,634,627,1731
408,868,676,1952
304,693,839,1836
541,136,956,1633
122,289,647,1058
716,865,530,2111
69,676,580,1325
969,992,549,2510
534,664,174,1372
456,63,574,1093
424,775,521,1720
997,745,105,1847
611,702,832,2145
622,329,352,1303
560,403,606,1569
5,196,454,655
594,758,78,1430
896,384,65,1345
314,490,95,899
330,272,33,635
616,747,62,1425
293,820,193,1306
168,678,442,1288
99,127,899,1125
167,48,4,219
538,413,191,1142
353,699,140,1192
871,172,747,1790
859,450,665,1974
201,870,535,1606
195,54,156,405
689,752,690,2131
636,119,438,1193
371,648,575,1594
634,945,103,1682
577,161,623,1361
262,966,801,2029
829,176,366,1371
921,773,497,2191
975,462,868,2305
2,61,894,957
533,258,745,1536
908,663,310,1881
635,54,4,693
354,882,658,1894
751,75,806,1632
124,689,876,1689
4,286,886,1176
336,800,356,1492
237,803,748,1788
129,43,203,375
257,48,974,1279
195,483,435,1113
468,941,914,2323
686,184,238,1108
269,448,511,1228
836,212,68,1116
907,786,909,2602
442,653,809,1904
695,205,933,1833
158,547,120,825
357,478,861,1696
270,843,14,1127
204,401,916,1521
434,541,530,1505
993,932,24,1949
569,453,223,1245
515,706,209,1430
804,935,718,2457
650,566,78,1294
861,733,558,2152
393,628,703,1724
876,245,168,1289
640,846,100,1586
569,608,950,2127
101,292,130,523
620,437,692,1749
737,395,916,2048
454,683,696,1833
899,487,490,1876
545,551,522,1618
631,474,164,1269
281,101,492,874
980,65,747,1792
796,682,2,1480
206,455,451,1112
269,278,336,883
208,897,767,1872
67,499,865,1431
166,438,516,1120
107,466,610,1183
885,998,381,2264
217,963,420,1600
68,333,912,1313
597,305,485,1387
983,52,688,1723
684,319,138,1141
274,885,370,1529
30,609,992,1631
56,38,401,495
852,613,257,1722
286,311,42,639
481,779,353,1613
135,871,980,1986
962,401,433,1796
589,89,349,1027
876,501,975,2352
266,599,346,1211
125,621,227,973
774,4,210,988
865,597,813,2275
566,875,885,2326
260,403,69,732
726,953,138,1817
263,756,174,1193
624,113,707,1444
10,806,218,1034
1000,184,76,1260
716,177,967,1860
763,720,993,2476
127,207,540,874
405,228,792,1425
971,437,113,1521
779,827,468,2074
481,81,418,980
839,507,968,2314
597,975,990,2562
660,207,74,941
249,977,133,1359
865,936,359,2160
614,606,71,1291
917,808,559,2284
501,138,993,1632
423,557,605,1585
502,379,844,1725
689,199,300,1188
745,534,924,2203
786,296,277,1359
726,480,579,1785
699,840,595,2134
540,130,362,1032
810,19,346,1175
928,983,389,2300
811,280,855,1946
484,770,263,1517
177,749,731,1657
265,131,533,929
440,56,342,838
754,517,787,2058
743,528,703,1974
990,799,136,1925
928,186,291,1405
759,304,868,1931
197,525,394,1116
659,168,810,1637
350,999,749,2098
5,222,855,1082
962,698,843,2503
636,715,525,1876
963,598,875,2436
602,126,583,1311
280,565,502,1347
561,717,386,1664
199,385,504,1088
801,479,212,1492
558,682,242,1482
766,142,286,1194
631,614,533,1778
489,900,411,1800
556,771,752,2079
61,174,919,1154
733,988,23,1744
931,44,198,1173
278,731,437,1446
243,582,886,1711
844,168,16,1028
9,362,79,450
416,691,545,1652
814,36,247,1097
950,327,623,1900
314,443,113,870
349,223,561,1133
224,466,133,823
967,240,871,2078
359,4,479,842
596,899,895,2390
792,102,414,1308
97,876,882,1855
863,299,167,1329
199,668,289,1156
366,400,761,1527
607,469,120,1196
128,81,628,837
74,536,808,1418
705,414,313,1432
114,409,250,773
130,84,378,592
344,967,453,1764
925,263,68,1256
991,690,70,1751
996,153,443,1592
299,843,932,2074
272,813,13,1098
42,759,499,1300
171,614,598,1383
528,686,197,1411
432,381,983,1796
822,869,377,2068
137,33,940,1110
902,634,412,1948
512,721,497,1730
253,387,249,889
30,663,329,1022
758,846,555,2159
299,403,758,1460
549,632,587,1768
496,31,798,1325
372,193,877,1442
110,277,993,1380
508,939,48,1495
395,197,826,1418
520,13,546,1079
356,212,113,681
848,167,682,1697
754,835,275,1864
880,442,850,2172
368,796,648,1812
989,279,99,1367
120,631,427,1178
751,330,623,1704
135,245,347,727
122,184,472,778
90,222,615,927
731,233,505,1469
903,805,966,2674
479,992,113,1584
384,956,757,2097
779,141,250,1170
477,21,684,1182
518,949,529,1996
268,80,652,1000
365,58,324,747
468,966,303,1737
311,600,622,1533
684,505,435,1624
432,540,417,1389
832,773,234,1839
667,419,431,1517
36,227,420,683
168,426,671,1265
958,30,149,1137
903,275,887,2065
495,368,331,1194
1000,420,172,1592
666,573,516,1755
431,569,293,1293
185,145,601,931
138,604,378,1120
372,619,130,1121
433,505,322,1260
18,279,557,854
183,835,70,1088
149,293,302,744
93,438,816,1347
24,870,279,1173
815,593,181,1589
262,235,943,1440
695,859,399,1953
904,838,862,2604
558,251,916,1725
479,924,275,1678
504,906,702,2112
477,89,118,684
923,122,628,1673
863,891,560,2314
775,142,133,1050
227,886,390,1503
871,927,453,2251
640,762,667,2069
879,878,742,2499
874,477,696,2047
968,242,171,1381
210,449,693,1352
621,193,973,1787
192,533,556,1281
523,745,686,1954
378,890,608,1876
484,790,843,2117
439,281,419,1139
420,651,778,1849
635,872,351,1858
767,950,254,1971
249,444,962,1655
986,254,886,2126
649,800,589,2038
347,767,695,1809
47,217,956,1220
74,373,995,1442
472,543,166,1181
915,856,45,1816
825,20,831,1676
71,15,72,158
203,203,515,921
805,891,705,2401
579,731,959,2269
175,193,867,1235
926,747,346,2019
719,381,611,1711
10,48,395,453
338,151,494,983
996,670,776,2442
394,372,509,1275
733,927,687,2347
126,425,624,1175
352,365,631,1348
629,303,455,1387
115,501,553,1169
644,654,153,1451
646,521,725,1892
416,421,927,1764
550,370,220,1140
915,330,521,1766
848,554,575,1977
289,152,343,784
623,110,787,1520
806,33,343,1182
747,773,771,2291
110,200,531,841
648,130,358,1136
696,585,292,1573
822,232,217,1271
89,728,114,931
461,375,432,1268
844,520,264,1628
932,229,749,1910
909,508,666,2083
820,339,559,1718
551,445,649,1645
245,599,541,1385
912,594,778,2284
178,876,849,1903
453,755,384,1592
679,985,199,1863
387,698,879,1964
942,121,574,1637
682,900,85,1667
777,387,726,1890
527,615,410,1552
191,440,78,709
814,88,981,1883
87,725,46,858
19,583,558,1160
223,617,419,1259
136,666,84,886
352,135,559,1046
286,249,769,1304
817,803,793,2413
383,416,72,871
82,71,199,352
510,101,53,664
954,980,852,2786
877,223,365,1465
73,693,801,1567
337,726,180,1243
85,192,931,1208
78,192,525,795
199,223,757,1179
357,622,189,1168
6,938,977,1921
450,63,245,758
336,425,573,1334
381,54,147,582
416,589,512,1517
291,38,332,661
604,240,921,1765
354,957,681,1992
238,908,223,1369
944,118,317,1379
138,492,578,1208
724,978,381,2083
16,408,523,947
493,342,258,1093
394,130,750,1274
612,753,994,2359
532,714,463,1709
501,867,953,2321
890,235,198,1323
778,984,621,2383
996,71,371,1438
673,155,29,857
570,720,744,2034
849,509,588,1946
849,407,846,2102
264,259,271,794
262,362,139,763
539,268,300,1107
679,271,255,1205
268,548,229,1045
769,528,975,2272
917,771,474,2162
952,702,140,1794
170,728,737,1635
673,914,475,2062
113,134,770,1017
180,299,536,1015
492,214,116,822
370,107,313,790
888,35,872,1795
991,627,576,2194
808,905,861,2574
26,642,45,713
529,774,198,1501
488,462,480,1430
111,610,257,978
177,500,697,1374
930,108,172,1210
412,365,176,953
651,773,944,2368
419,410,974,1803
41,273,302,616
441,490,199,1130
525,991,652,2168
537,785,296,1618
661,760,231,1652
773,409,403,1585
666,860,909,2435
177,610,105,892
363,127,881,1371
547,291,707,1545
874,572,58,1504
257,804,914,1975
530,653,864,2047
990,332,841,2163
993,894,256,2143
356,767,172,1295
576,708,221,1505
36,762,303,1101
734,173,225,1132
556,86,781,1423
608,261,383,1252
887,119,944,1950
177,775,673,1625
122,766,259,1147
844,973,352,2169
571,630,24,1225
119,568,65,752
552,156,685,1393
788,115,169,1072
911,94,246,1251
540,523,855,1918
733,52,188,973
435,352,363,1150
727,475,266,1468
25,151,105,281
402,780,371,1553
964,239,433,1636
663,104,444,1211
107,369,411,887
805,258,297,1360
230,987,845,2062
249,798,959,2006
52,179,760,991
362,268,438,1068
349,391,8,748
195,38,702,935
533,664,563,1760
71,629,382,1082
26,796,889,1711
567,945,1000,2512
136,217,382,735
440,301,998,1739
292,4,152,448
529,365,399,1293
196,784,492,1472
509,648,424,1581
955,207,886,2048
334,901,340,1575
963,118,526,1607
962,112,15,1089
711,403,916,2030
813,130,709,1652
639,432,791,1862
855,159,895,1909
96,416,307,819
640,942,566,2148
870,255,112,1237
288,299,27,614
587,847,391,1825
821,297,819,1937
813,393,971,2177
243,990,115,1348
295,977,727,1999
442,648,639,1729
863,577,959,2399
584,468,429,1481
441,444,208,1093
865,3,828,1696
505,461,854,1820
83,764,235,1082
823,252,602,1677
531,267,548,1346
343,653,518,1514
2,241,754,997
955,663,670,2288
918,794,859,2571
879,536,970,2385
375,588,271,1234
36,130,712,878
437,747,283,1467
11,642,20,673
526,920,833,2279
811,723,277,1811
773,292,652,1717
809,191,420,1420
277,941,864,2082
518,541,358,1417
714,65,481,1260
623,716,224,1563
574,822,274,1670
815,652,351,1818
394,840,459,1693
656,64,153,873
256,456,161,873
655,624,481,1760
128,907,476,1511
477,218,899,1594
600,340,452,1392
713,723,984,2420
274,938,992,2204
645,185,625,1455
434,693,568,1695
550,779,845,2174
43,806,274,1123
642,695,746,2083
225,732,710,1667
541,771,933,2245
578,14,172,764
584,964,408,1956
483,592,727,1802
502,844,946,2292
851,166,952,1969
572,923,849,2344
623,824,934,2381
787,505,382,1674
48,698,90,836
16,38,610,664
292,309,580,1181
605,489,231,1325
372,984,304,1660
547,255,368,1170
992,965,742,2699
506,779,531,1816
223,316,328,867
886,418,351,1655
447,24,772,1243
932,434,811,2177
115,682,912,1709
850,269,408,1527
829,869,560,2258
78,459,606,1143
240,159,788,1187
500,873,133,1506
221,234,168,623
582,201,200,983
364,678,517,1559
438,842,178,1458
96,761,125,982
415,863,346,1624
877,554,987,2418
747,375,934,2056
830,72,917,1819
353,828,77,1258
68,812,104,984
806,173,712,1691
329,306,952,1587
238,518,690,1446
809,167,914,1890
73,415,312,800
359,921,361,1641
586,715,585,1886
5,866,281,1152
805,48,239,1092
205,120,115,440
921,857,444,2222
283,998,400,1681
788,346,427,1561
24,396,20,440
181,250,3,434
767,879,890,2536
950,749,727,2426
206,1000,750,1956
130,633,961,1724
38,452,314,804
854,655,392,1901
737,943,45,1725
978,753,723,2454
990,318,698,2006
170,456,517,1143
571,779,285,1635
725,703,331,1759
878,89,917,1884
70,628,887,1585
466,765,130,1361
4,198,293,495
164,460,868,1492
850,717,834,2401
962,39,347,1348
724,963,151,1838
325,666,767,1758
706,667,424,1797
915,970,469,2354
824,732,109,1665
650,152,867,1669
853,398,537,1788
132,88,968,1188
742,982,529,2253
896,330,239,1465
64,813,371,1248
355,532,245,1132
701,193,840,1734
36,222,192,450
996,769,186,1951
994,527,586,2107
435,381,483,1299
720,888,375,1983
775,585,309,1669
681,766,267,1714
417,40,727,1184
304,16,754,1074
351,792,785,1928
775,109,423,1307
641,147,6,794
301,714,111,1126
298,515,395,1208
521,369,636,1526
105,797,462,1364
146,401,424,971
380,581,752,1713
613,116,221,950
410,555,21,986
879,96,469,1444
160,422,359,941
17,970,6,993
588,370,410,1368
309,323,188,820
941,292,725,1958
627,326,768,1721
858,803,544,2205
302,402,395,1099
513,80,117,710
206,819,201,1226
937,766,540,2243
769,384,623,1776
272,972,17,1261
508,234,374,1116
961,40,376,1377
672,185,368,1225
717,775,952,2444
442,24,438,904
806,761,997,2564
991,75,171,1237
810,574,938,2322
609,990,726,2325
422,166,928,1516
864,590,17,1471
837,39,414,1290
905,511,10,1426
517,249,755,1521
471,495,709,1675
576,23,155,754
519,0,634,1153
23,361,432,816
632,711,429,1772
779,778,554,2111
849,434,965,2248
95,894,572,1561
20,535,0,555
333,825,87,1245
248,450,72,770
591,118,675,1384
828,226,253,1307
309,551,710,1570
828,253,838,1919
905,815,389,2109
692,716,384,1792
625,283,38,946
640,716,845,2201
823,133,531,1487
447,946,892,2285
192,445,958,1595
879,992,339,2210
654,532,20,1206
999,212,105,1316
914,985,508,2407
39,574,38,651
244,321,316,881
921,198,790,1909
299,138,338,775
651,774,460,1885
0,934,1,935
806,871,832,2509
10,450,529,989
684,8,136,828
652,221,313,1186
498,631,884,2013
165,229,573,967
833,503,414,1750
903,374,98,1375
50,859,136,1045
824,450,987,2261
985,979,419,2383
612,789,783,2184
181,944,768,1893
587,333,194,1114
120,470,294,884
277,190,688,1155
552,993,863,2408
67,525,714,1306
694,721,245,1660
755,914,834,2503
849,925,157,1931
107,237,922,1266
33,956,741,1730
363,203,103,669
636,220,958,1814
32,641,835,1508
702,787,939,2428
982,847,495,2324
74,801,633,1508
333,185,438,956
647,819,591,2057
275,640,318,1233
79,391,669,1139
74,379,988,1441
26,434,291,751
327,894,660,1881
799,254,324,1377
23,278,234,535
420,492,4,916
320,224,874,1418
242,870,727,1839
929,66,925,1920
221,333,734,1288
412,343,23,778
927,296,980,2203
527,612,609,1748
229,495,27,751
976,394,41,1411
973,787,994,2754
925,728,242,1895
457,849,653,1959
405,171,700,1276
780,584,742,2106
613,428,247,1288
490,912,817,2219
791,765,164,1720
91,59,765,915
205,766,870,1841
585,693,275,1553
288,181,195,664
304,242,437,983
665,715,518,1898
93,890,513,1496
957,472,635,2064
392,809,703,1904
737,519,642,1898
799,771,143,1713
960,521,308,1789
715,811,490,2016
629,344,417,1390
485,482,512,1479
964,190,469,1623
295,476,49,820
166,8,386,560
121,421,168,710
936,261,208,1405
43,609,726,1378
852,131,265,1248
467,139,359,965
408,895,731,2034
91,140,246,477
469,580,360,1409
900,849,919,2668
455,948,56,1459
7,793,143,943
710,308,141,1159
271,529,628,1428
924,269,993,2186
183,710,204,1097
213,624,175,1012
813,977,956,2746
395,467,823,1685
629,695,120,1444
574,141,581,1296
877,576,58,1511
525,724,516,1765
579,546,37,1162
383,963,43,1389
267,676,417,1360
625,605,976,2206
353,461,896,1710
257,369,149,775
399,506,588,1493
559,467,648,1674
683,391,463,1537
1000,729,692,2421
510,212,312,1034
720,164,319,1203
47,234,338,619
849,838,544,2231
478,114,676,1268
465,639,483,1587
60,148,507,715
878,155,740,1773
862,986,647,2495
755,190,368,1313
476,316,774,1566
766,61,437,1264
850,959,453,2262
695,1000,5,1700
663,876,901,2440
900,807,951,2658
633,125,941,1699
183,338,108,629
538,55,674,1267
609,431,299,1339
94,301,114,509
489,607,819,1915
859,190,89,1138
721,276,742,1739
917,711,839,2467
899,439,106,1444
284,773,50,1107
785,78,157,1020
714,265,374,1353
695,309,920,1924
445,540,460,1445
75,673,808,1556
27,271,405,703
523,335,171,1029
148,879,991,2018
502,240,389,1131
728,510,481,1719
204,881,923,2008
963,109,917,1989
101,991,448,1540
412,330,112,854
696,756,509,1961
709,41,924,1674
814,227,422,1463
400,159,109,668
682,272,728,1682
389,485,561,1435
499,552,968,2019
542,282,426,1250
586,835,286,1707
759,690,158,1607
979,758,303,2040
951,152,257,1360
112,838,587,1537
266,976,660,1902
860,624,153,1637
66,468,852,1386
965,877,749,2591
816,955,346,2117
545,1000,501,2046
768,980,817,2565
252,368,655,1275
683,311,27,1021
483,426,34,943
35,560,447,1042
654,62,741,1457
972,255,747,1974
99,340,901,1340
321,37,445,803
917,814,21,1752
632,4,470,1106
413,798,873,2084
907,180,404,1491
959,869,911,2739
551,307,361,1219
138,669,695,1502
292,329,338,959
631,239,887,1757
63,206,939,1208
614,363,699,1676
785,534,234,1553
682,515,859,2056
194,5,296,495
432,737,716,1885
880,380,127,1387
228,273,235,736
845,924,662,2431
971,671,129,1771
426,85,625,1136
749,426,407,1582
285,761,854,1900
295,159,60,514
357,841,99,1297
250,748,204,1202
373,826,889,2088
352,27,940,1319
88,112,672,872
331,587,224,1142
22,870,134,1026
112,764,15,891
638,873,495,2006
672,65,196,933
508,96,892,1496
702,48,767,1517
118,273,812,1203
848,0,397,1245
273,842,62,1177
181,111,610,902
237,44,712,993
960,156,971,2087
608,443,392,1443
832,816,465,2113
841,770,496,2107
169,730,689,1588
854,502,140,1496
341,336,49,726
726,54,707,1487
68,373,497,938
440,309,449,1198
877,953,331,2161
58,941,38,1037
238,430,904,1572
932,666,54,1652
475,532,235,1242
737,195,992,1924
40,658,666,1364
607,779,845,2231
677,995,979,2651
769,516,564,1849
563,984,849,2396
675,664,693,2032
871,440,270,1581
40,862,575,1477
270,16,212,498
402,224,825,1451
633,3,789,1425
299,534,961,1794
184,251,80,515
188,896,905,1989
867,892,871,2630
240,76,941,1257
822,831,192,1845
120,941,6,1067
81,442,78,601
186,326,266,778
609,965,504,2078
762,678,584,2024
43,179,40,262
470,472,126,1068
729,243,370,1342
228,141,855,1224
412,552,427,1391
295,708,403,1406
600,512,568,1680
235,656,54,945
133,228,725,1086
351,596,545,1492
121,61,783,965
974,786,641,2401
453,970,15,1438
948,626,678,2252
107,309,396,812
817,744,308,1869
585,438,216,1239
402,494,721,1617
396,983,944,2323
814,117,814,1745
442,296,523,1261
331,228,455,1014
229,919,131,1279
594,57,446,1097
870,982,214,2066
899,619,943,2461
924,854,229,2007
404,526,989,1919
913,68,540,1521
178,330,27,535
300,651,793,1744
990,849,54,1893
670,823,155,1648
129,813,569,1511
355,340,690,1385
990,172,477,1639
748,24,773,1545
283,766,372,1421
788,426,978,2192
749,809,999,2557
63,630,735,1428
43,192,744,979
920,350,370,1640
692,188,188,1068
978,842,821,2641
270,809,524,1603
313,280,116,709
322,994,193,1509
710,355,566,1631
158,543,442,1143
725,684,16,1425
342,49,276,667
475,501,183,1159
636,724,716,2076
822,91,697,1610
359,992,673,2024
253,716,220,1189
127,782,123,1032
82,750,237,1069
553,395,382,1330
11,415,818,1244
113,160,419,692
619,173,154,946
931,382,99,1412
903,810,971,2684
178,720,926,1824
255,980,444,1679
50,485,935,1470
808,191,700,1699
284,390,159,833
466,102,515,1083
588,387,835,1810
975,68,250,1293
240,298,835,1373
698,206,219,1123
769,698,118,1585
601,221,444,1266
753,769,916,2438
0,46,251,297
310,214,692,1216
431,351,483,1265
253,745,968,1966
111,395,46,552
692,29,210,931
340,23,800,1163
119,177,13,309
356,158,597,1111
195,894,21,1110
991,47,322,1360
181,417,826,1424
436,385,587,1408
198,60,872,1130
463,453,817,1733
778,867,787,2432
881,85,339,1305
964,10,570,1544
178,83,189,450
155,186,897,1238
618,98,544,1260
358,700,684,1742
599,704,219,1522
634,868,205,1707
350,471,146,967
259,686,777,1722
325,630,837,1792
74,559,613,1246
602,19,222,843
885,907,873,2665
965,163,626,1754
266,8,740,1014
727,224,338,1289
405,788,320,1513
573,824,398,1795
795,113,636,1544
338,478,219,1035
319,780,926,2025
384,405,691,1480
242,439,319,1000
173,874,2,1049
771,104,435,1310
489,778,78,1345
137,888,627,1652
781,433,894,2108
602,316,806,1724
549,985,222,1756
262,138,357,757
798,748,192,1738
168,269,959,1396
822,643,293,1758
832,439,669,1940
976,58,827,1861
956,79,952,1987
121,917,94,1132
660,660,397,1717
921,674,709,2304
474,556,759,1789
830,692,113,1635
454,547,270,1271
98,409,988,1495
951,315,506,1772
224,276,138,638
483,584,283,1350
338,25,825,1188
567,68,376,1011
548,193,501,1242
793,468,820,2081
258,971,748,1977
47,511,533,1091
756,687,287,1730
669,785,408,1862
970,704,121,1795
444,228,405,1077
190,195,826,1211
565,240,51,856
665,828,879,2372
548,104,419,1071
653,219,774,1646
873,404,815,2092
375,268,616,1259
976,751,897,2624
32,751,575,1358
845,542,693,2080
28,415,424,867
64,470,416,950
152,722,836,1710
824,242,971,2037
741,369,405,1515
309,165,145,619
135,572,952,1659
414,460,923,1797
906,212,687,1805
77,440,913,1430
791,44,339,1174
600,204,920,1724
969,168,813,1950
221,863,456,1540
515,41,733,1289
5,912,946,1863
25,496,259,780
235,637,57,929
886,43,872,1801
659,767,321,1747
825,885,495,2205
465,785,484,1734
801,176,756,1733
862,773,421,2056
894,205,869,1968
779,880,469,2128
121,100,118,339
721,9,496,1226
913,177,692,1782
366,184,20,570
921,450,574,1945
639,0,593,1232
468,482,383,1333
615,289,243,1147
800,932,485,2217
614,60,279,953
668,162,351,1181
292,828,319,1439
109,694,850,1653
224,250,674,1148
916,172,838,1926
120,988,185,1293
831,452,65,1348
238,933,969,2140
878,404,956,2238
666,865,785,2316
132,99,239,470
287,700,806,1793
319,254,586,1159
374,123,310,807
581,201,168,950
532,701,668,1901
157,493,306,956
153,294,364,811
361,608,397,1366
161,673,832,1666
258,383,777,1418
21,812,24,857
152,332,826,1310
214,754,855,1823
811,799,264,1874
657,733,105,1495
777,604,708,2089
606,727,158,1491
142,226,377,745
397,175,170,742
788,678,708,2174
709,612,126,1447
802,11,23,836
753,453,67,1273
538,427,327,1292
711,720,945,2376
68,961,173,1202
955,124,205,1284
965,462,838,2265
489,496,42,1027
993,4,814,1811
745,522,60,1327
146,870,415,1431
821,888,542,2251
556,686,707,1949
594,638,971,2203
434,139,755,1328
569,627,233,1429
578,224,727,1529
984,917,848,2749
541,330,681,1552
331,897,506,1734
709,519,327,1555
542,48,464,1054
199,15,20,234
642,861,989,2492
322,490,208,1020
839,781,62,1682
608,401,119,1128
438,21,99,558
705,26,926,1657
304,19,223,546
642,894,208,1744
165,350,709,1224
106,930,485,1521
777,776,182,1735
905,622,44,1571
705,828,579,2112
923,839,716,2478
442,50,371,863
843,939,643,2425
199,827,684,1710
441,515,157,1113
66,94,502,662
223,561,332,1116
465,506,675,1646
871,384,218,1473
125,355,322,802
64,346,164,574
807,614,94,1515
336,932,430,1698
487,14,550,1051
867,991,641,2499
967,603,852,2422
903,14,935,1852
433,567,520,1520
946,753,660,2359
724,770,950,2444
204,825,525,1554
1,669,577,1247
378,121,200,699
937,937,746,2620
383,169,412,964
108,414,845,1367
800,114,291,1205
699,155,499,1353
539,327,106,972
38,892,904,1834
830,845,202,1877
890,415,365,1670
524,245,499,1268
80,168,372,620
645,396,839,1880
15,746,235,996
122,825,381,1328
32,856,940,1828
560,566,312,1438
765,210,822,1797
95,168,868,1131
837,190,8,1035
652,19,595,1266
365,680,733,1778
14,25,718,757
498,222,645,1365
187,182,926,1295
154,189,806,1149
298,152,94,544
628,710,424,1762
409,172,24,605
800,119,369,1288
398,347,55,800
323,1000,874,2197
347,966,573,1886
532,321,607,1460
941,777,802,2520
790,638,627,2055
438,495,688,1621
648,18,366,1032
454,4,83,541
124,809,517,1450
999,921,415,2335
879,198,148,1225
912,322,915,2149
108,699,71,878
564,771,866,2201
396,575,830,1801
631,416,798,1845
306,488,56,850
604,721,998,2323
82,194,541,817
824,41,692,1557
676,431,168,1275
102,998,676,1776
713,111,451,1275
825,133,751,1709
896,169,800,1865
327,11,69,407
674,609,64,1347
1000,469,911,2380
3,551,288,842
591,534,573,1698
375,766,837,1978
441,858,345,1644
394,982,406,1782
521,51,324,896
421,322,910,1653
464,678,171,1313
153,204,484,841
824,302,775,1901
803,350,218,1371
728,924,404,2056
489,53,593,1135
978,401,910,2289
497,702,759,1958
318,943,837,2098
813,92,56,961
386,33,650,1069
201,977,200,1378
477,537,232,1246
921,813,479,2213
531,313,965,1809
577,875,585,2037
304,498,754,1556
695,898,164,1757
385,615,97,1097
165,663,799,1627
536,265,293,1094
943,842,154,1939
219,29,575,823
908,230,887,2025
221,343,10,574
719,156,673,1548
923,582,188,1693
345,231,227,803
291,21,233,545
958,648,285,1891
622,330,114,1066
318,736,971,2025
157,396,17,570
216,34,833,1083
781,819,742,2342
873,720,665,2258
292,818,366,1476
914,192,991,2097
306,28,286,620
48,665,404,1117
547,664,554,1765
242,227,764,1233
471,417,517,1405
443,900,506,1849
345,372,224,941
448,12,813,1273
573,105,750,1428
158,137,451,746
251,114,174,539
614,868,840,2322
746,170,275,1191
319,321,795,1435
48,708,974,1730
600,401,839,1840
617,798,505,1920
698,395,651,1744
874,892,347,2113
15,327,649,991
715,573,847,2135
92,91,383,566
888,786,775,2449
685,703,490,1878
721,862,256,1839
625,16,374,1015
684,447,979,2110
847,28,937,1812
372,454,545,1371
477,696,324,1497
729,140,678,1547
662,52,885,1599
481,785,702,1968
415,368,93,876
388,232,91,711
663,15,218,896
888,648,486,2022
28,777,988,1793
631,30,39,700
401,918,940,2259
896,923,489,2308
954,26,465,1445
892,831,725,2448
627,37,219,883
16,303,463,782
982,733,425,2140
529,575,417,1521
98,859,527,1484
95,473,918,1486
183,505,217,905
246,696,703,1645
549,218,568,1335
124,386,398,908
789,373,95,1257
825,921,355,2101
744,276,892,1912
671,861,855,2387
254,847,783,1884
455,578,599,1632
910,904,334,2148
943,500,954,2397
184,671,912,1767
359,683,7,1049
232,629,808,1669
677,849,272,1798
148,631,719,1498
603,411,310,1324
502,486,119,1107
631,316,424,1371
92,855,487,1434
983,46,84,1113
552,381,780,1713
87,529,522,1138
903,506,401,1810
710,260,925,1895
576,70,570,1216
617,502,104,1223
996,820,672,2488
255,835,75,1165
990,24,60,1074
906,169,189,1264
735,661,698,2094
186,639,883,1708
595,442,240,1277
156,755,255,1166
55,2,861,918
53,435,894,1382
982,821,303,2106
963,903,464,2330
579,704,197,1480
909,447,267,1623
846,666,697,2209
51,447,466,964
883,123,317,1323
257,679,874,1810
818,658,254,1730
271,155,947,1373
509,686,309,1504
993,617,958,2568
267,551,181,999
35,485,682,1202
33,670,637,1340
620,208,910,1738
338,556,527,1421
551,167,237,955
121,443,793,1357
609,335,481,1425
596,805,791,2192
721,708,361,1790
706,967,765,2438
838,289,113,1240
241,585,932,1758
627,703,469,1799
514,148,103,765
401,266,806,1473
129,948,119,1196
616,883,79,1578
907,696,298,1901
447,765,764,1976
375,458,254,1087
154,704,757,1615
203,832,413,1448
758,174,119,1051
409,488,392,1289
10,908,416,1334
204,891,475,1570
500,993,625,2118
192,423,344,959
270,255,848,1373
450,190,631,1271
514,286,780,1580
333,548,27,908
127,452,139,718
91,90,599,780
281,390,679,1350
647,774,679,2100
602,916,999,2517
310,971,139,1420
158,717,661,1536
809,627,498,1934
228,85,970,1283
572,601,21,1194
31,485,965,1481
956,3,850,1809
801,566,825,2192
906,165,568,1639
459,76,843,1378
720,524,573,1817
228,14,327,569
551,139,620,1310
410,139,428,977
565,503,598,1666
855,841,729,2425
83,240,301,624
303,214,413,930
409,669,943,2021
232,81,284,597
699,612,30,1341
606,424,79,1109
796,853,148,1797
554,389,660,1603
575,884,972,2431
982,339,329,1650
53,984,452,1489
339,694,67,1100
411,510,735,1656
658,96,969,1723
539,875,944,2358
264,563,422,1249
336,653,541,1530
461,117,399,977
421,216,872,1509
62,785,694,1541
483,36,662,1181
868,776,82,1726
327,852,947,2126
534,746,780,2060
419,455,520,1394
202,25,977,1204
696,400,25,1121
75,104,2,181
440,190,177,807
379,791,576,1746
733,251,230,1214
139,250,406,795
232,329,446,1007
111,487,802,1400
709,1,622,1332
231,398,494,1123
669,853,450,1972
958,300,473,1731
186,706,302,1194
471,412,525,1408
697,492,203,1392
536,222,414,1172
336,820,847,2003
117,577,301,995
336,321,133,790
868,881,774,2523
604,744,269,1617
742,126,755,1623
8,531,131,670
608,179,441,1228
829,806,241,1876
262,286,489,1037
759,674,6,1439
400,311,197,908
747,578,813,2138
46,470,331,847
860,469,502,1831
245,304,399,948
440,641,222,1303
290,694,538,1522
351,20,803,1174
249,295,114,658
871,331,452,1654
137,625,723,1485
488,632,343,1463
27,454,853,1334
602,101,761,1464
281,318,861,1460
368,295,301,964
604,649,119,1372
295,494,591,1380
445,958,240,1643
264,503,9,776
440,801,329,1570
416,359,147,922
338,394,252,984
620,639,125,1384
794,750,592,2136
319,895,548,1762
653,960,515,2128
691,626,755,2072
625,238,124,987
131,416,125,672
553,103,719,1375
392,469,182,1043
922,795,865,2582
302,290,69,661
314,639,413,1366
430,115,200,745
65,263,684,1012
878,132,909,1919
593,577,407,1577
879,993,564,2436
224,251,829,1304
464,100,646,1210
515,425,347,1287
935,201,498,1634
987,544,593,2124
977,193,769,1939
972,25,820,1817
614,111,595,1320
98,225,225,548
623,395,294,1312
793,974,323,2090
195,472,554,1221
559,782,478,1819
78,763,266,1107
669,756,141,1566
123,580,978,1681
303,773,469,1545
55,287,173,515
593,848,548,1989
468,704,765,1937
952,435,374,1761
293,583,451,1327
362,220,155,737
523,942,563,2028
977,313,180,1470
574,864,240,1678
17,999,464,1480
958,202,608,1768
223,60,657,940
680,228,214,1122
47,330,534,911
154,540,387,1081
432,359,931,1722
884,295,44,1223
561,967,413,1941
599,731,657,1987
365,990,325,1680
262,599,383,1244
140,758,363,1261
131,887,674,1692
645,115,206,966
566,474,83,1123
354,158,769,1281
554,437,561,1552
641,198,702,1541
902,799,544,2245
142,410,476,1028
583,708,704,1995
447,50,887,1384
865,509,991,2365
781,11,237,1029
205,566,637,1408
617,777,823,2217
12,182,25,219
715,222,534,1471
623,195,837,1655
89,951,142,1182
737,180,271,1188
70,954,910,1934
675,799,869,2343
130,342,238,710
48,432,497,977
337,185,992,1514
489,928,497,1914
753,693,859,2305
201,550,829,1580
364,598,53,1015
29,447,174,650
426,510,280,1216
677,602,964,2243
44,110,894,1048
973,334,30,1337
740,417,691,1848
539,670,333,1542
195,351,943,1489
716,455,958,2129
913,58,683,1654
183,26,565,774
782,480,779,2041
425,842,201,1468
218,77,755,1050
279,210,42,531
159,612,841,1612
857,262,403,1522
666,566,962,2194
41,219,740,1000
972,944,144,2060
440,253,878,1571
110,554,172,836
45,804,598,1447
840,167,336,1343
799,809,743,2351
16,30,238,284
895,349,535,1779
853,683,4,1540
294,415,379,1088
811,590,782,2183
891,457,756,2104
813,788,802,2403
833,679,539,2051
762,188,245,1195
606,459,282,1347
794,106,690,1590
591,188,385,1164
333,156,7,496
710,490,263,1463
423,97,434,954
131,662,326,1119
548,348,147,1043
814,328,993,2135
772,457,430,1659
175,204,998,1377
491,563,60,1114
782,443,385,1610
443,360,902,1705
14,672,109,795
690,572,440,1702
873,897,42,1812
657,526,652,1835
487,189,836,1512
111,627,991,1729
194,55,136,385
723,686,399,1808
662,207,126,995
240,889,712,1841
28,265,318,611
426,502,806,1734
638,943,822,2403
983,925,471,2379
626,485,23,1134
51,487,716,1254
844,1000,806,2650
289,821,272,1382
939,623,312,1874
288,433,11,732
722,92,551,1365
303,754,660,1717
878,370,160,1408
932,637,677,2246
410,488,435,1333
817,697,380,1894
631,896,953,2480
814,563,28,1405
715,61,773,1549
386,835,616,1837
914,939,110,1963
142,656,345,1143
148,211,245,604
679,605,15,1299
28,881,488,1397
483,923,686,2092
560,466,502,1528
868,873,826,2567
73,430,675,1178
459,112,965,1536
121,16,688,825
414,119,794,1327
654,1,698,1353
730,552,476,1758
53,320,680,1053
679,319,596,1594
795,713,119,1627
614,996,173,1783
419,508,531,1458
596,481,462,1539
810,154,258,1222
711,735,96,1542
136,406,877,1419
195,373,8,576
926,583,803,2312
190,135,904,1229
585,763,56,1404
524,186,826,1536
94,269,758,1121
113,887,864,1864
661,715,741,2117
804,749,202,1755
403,212,206,821
899,816,859,2574
831,28,814,1673
121,53,582,756
452,351,88,891
32,471,618,1121
873,187,834,1894
92,604,496,1192
166,23,438,627
607,260,663,1530
680,936,980,2596
821,787,972,2580
376,50,442,868
322,778,303,1403
509,574,573,1656
221,594,790,1605
272,131,207,610
735,600,553,1888
239,305,384,928
407,468,641,1516
32,831,161,1024
42,400,719,1161
115,417,632,1164
874,859,952,2685
109,279,132,520
36,337,58,431
508,699,480,1687
247,984,533,1764
138,187,427,752
221,746,395,1362
337,396,407,1140
335,843,854,2032
37,858,724,1619
3,541,397,941
605,615,284,1504
39,604,622,1265
831,121,308,1260
974,418,550,1942
142,225,594,961
740,899,515,2154
843,998,626,2467
64,272,912,1248
938,404,600,1942
131,138,475,744
664,645,232,1541
625,75,270,970
546,911,577,2034
441,943,98,1482
289,409,219,917
141,133,829,1103
422,574,260,1256
62,356,882,1300
561,583,733,1877
883,83,182,1148
404,650,448,1502
80,771,195,1046
528,520,356,1404
918,571,909,2398
146,596,872,1614
400,297,636,1333
624,661,649,1934
5,346,501,852
628,432,119,1179
365,614,514,1493
706,734,446,1886
812,297,575,1684
685,943,287,1915
875,669,886,2430
279,957,204,1440
727,967,600,2294
699,801,25,1525
512,463,977,1952
443,261,312,1016
141,37,169,347
531,534,22,1087
559,549,229,1337
765,504,36,1305
818,301,39,1158
927,786,742,2455
621,527,590,1738
524,408,700,1632
546,793,46,1385
435,16,166,617
30,209,521,760
168,796,483,1447
943,37,431,1411
930,473,610,2013
436,152,96,684
920,801,992,2713
495,222,608,1325
399,513,782,1694
874,409,341,1624
119,757,422,1298
899,225,889,2013
121,796,854,1771
885,529,781,2195
530,267,398,1195
48,932,432,1412
148,921,506,1575
492,759,496,1747
175,475,210,860
634,369,235,1238
654,224,453,1331
79,333,96,508
115,275,845,1235
791,299,841,1931
635,248,463,1346
73,210,553,836
601,139,261,1001
73,180,346,599
787,53,724,1564
787,34,876,1697
350,579,116,1045
581,268,821,1670
304,678,633,1615
149,901,783,1833
16,629,301,946
16,385,386,787
166,451,805,1422
772,116,252,1140
445,591,649,1685
51,120,425,596
658,430,8,1096
609,449,118,1176
