630,841,1471
93,309,402
898,400,1298
537,376,913
724,846,1570
7,900,907
772,153,925
447,747,1194
995,448,1443
289,767,1056
520,677,1197
901,104,1005
32,343,375
242,583,825
123,307,430
263,523,786
949,475,1424
626,283,909
291,784,1075
192,805,997
989,103,1092
311,75,386
427,253,680
59,48,107
297,287,584
797,485,1282
434,584,1018
814,462,1276
799,764,1563
689,630,1319
498,159,657
18,448,466
180,289,469
654,520,1174
423,174,597
204,920,1124
610,338,948
436,610,1046
671,863,1534
720,701,1421
366,336,702
62,720,782
159,299,458
231,108,339
664,630,1294
453,369,822
722,759,1481
194,593,787
92,622,714
140,149,289
396,787,1183
920,961,1881
343,651,994
74,186,260
905,147,1052
248,504,752
4,943,947
861,865,1726
567,613,1180
677,426,1103
200,845,1045
252,881,1133
607,894,1501
304,380,684
347,31,378
167,649,816
299,984,1283
713,392,1105
340,462,802
150,447,597
719,462,1181
855,278,1133
162,605,767
938,152,1090
695,476,1171
698,565,1263
242,870,1112
855,373,1228
467,313,780
881,800,1681
59,277,336
100,781,881
615,794,1409
786,633,1419
704,854,1558
991,456,1447
910,812,1722
754,918,1672
99,613,712
234,627,861
697,671,1368
581,679,1260
519,602,1121
496,236,732
348,238,586
767,236,1003
677,464,1141
640,25,665
128,396,524
801,345,1146
234,228,462
533,922,1455
154,431,585
792,16,808
54,652,706
976,207,1183
138,381,519
476,120,596
769,546,1315
551,740,1291
572,243,815
500,412,912
262,778,1040
462,659,1121
438,502,940
317,197,514
218,41,259
267,644,911
693,59,752
798,160,958
219,62,281
630,932,1562
343,738,1081
9,605,614
809,655,1464
425,379,804
762,934,1696
497,121,618
335,233,568
83,826,909
942,214,1156
454,815,1269
249,425,674
18,883,901
919,477,1396
771,493,1264
498,455,953
987,231,1218
910,696,1606
577,226,803
567,673,1240
159,469,628
116,603,719
295,71,366
104,114,218
55,205,260
372,659,1031
303,971,1274
39,934,973
507,377,884
288,750,1038
9,275,284
686,535,1221
347,63,410
540,459,999
971,133,1104
383,313,696
581,356,937
893,997,1890
182,97,279
785,889,1674
923,742,1665
979,50,1029
849,804,1653
758,632,1390
27,762,789
994,109,1103
474,906,1380
985,852,1837
314,641,955
453,149,602
267,425,692
224,469,693
379,536,915
411,340,751
909,101,1010
255,308,563
993,318,1311
66,636,702
709,653,1362
677,361,1038
743,84,827
141,276,417
427,134,561
334,852,1186
43,996,1039
259,597,856
735,708,1443
701,88,789
507,66,573
69,625,694
571,290,861
731,44,775
989,133,1122
775,333,1108
801,580,1381
765,470,1235
570,547,1117
417,263,680
400,986,1386
356,434,790
16,506,522
382,984,1366
664,479,1143
734,632,1366
595,851,1446
675,575,1250
415,575,990
525,478,1003
201,929,1130
777,456,1233
929,428,1357
297,628,925
360,208,568
358,204,562
316,365,681
421,784,1205
142,655,797
610,391,1001
960,743,1703
794,550,1344
975,983,1958
746,306,1052
445,561,1006
737,524,1261
680,726,1406
112,172,284
382,158,540
550,209,759
596,397,993
285,305,590
232,587,819
774,26,800
88,192,280
29,831,860
197,727,924
208,743,951
913,245,1158
941,103,1044
376,836,1212
169,518,687
226,284,510
808,399,1207
721,387,1108
101,599,700
453,234,687
129,920,1049
60,840,900
367,732,1099
956,955,1911
859,375,1234
625,691,1316
422,476,898
304,619,923
538,91,629
740,738,1478
397,249,646
599,589,1188
867,821,1688
815,370,1185
440,675,1115
147,534,681
18,264,282
825,476,1301
352,141,493
87,785,872
575,236,811
117,151,268
68,795,863
199,203,402
766,115,881
470,983,1453
343,223,566
552,335,887
593,853,1446
657,77,734
540,457,997
695,923,1618
63,978,1041
787,806,1593
730,903,1633
714,475,1189
236,626,862
970,495,1465
7,656,663
906,430,1336
609,835,1444
412,858,1270
757,996,1753
348,925,1273
197,891,1088
439,553,992
846,789,1635
855,120,975
78,543,621
422,870,1292
9,933,942
870,335,1205
307,619,926
868,196,1064
297,36,333
934,564,1498
853,406,1259
214,707,921
557,713,1270
897,107,1004
451,709,1160
544,906,1450
826,431,1257
575,500,1075
905,784,1689
559,536,1095
815,292,1107
159,814,973
364,613,977
767,32,799
714,151,865
861,488,1349
484,270,754
430,614,1044
759,792,1551
644,247,891
912,338,1250
366,770,1136
39,350,389
59,318,377
309,775,1084
392,723,1115
586,180,766
40,832,872
820,3,823
136,126,262
350,777,1127
577,822,1399
990,296,1286
171,848,1019
658,747,1405
490,453,943
892,719,1611
120,947,1067
931,878,1809
168,444,612
431,793,1224
530,171,701
830,764,1594
75,553,628
166,738,904
821,896,1717
708,225,933
587,828,1415
108,614,722
754,648,1402
920,105,1025
548,429,977
329,990,1319
125,406,531
14,44,58
420,247,667
580,706,1286
178,184,362
980,694,1674
407,95,502
230,434,664
634,808,1442
102,762,864
301,849,1150
705,406,1111
122,120,242
341,367,708
998,260,1258
515,316,831
732,794,1526
473,772,1245
405,778,1183
472,625,1097
64,228,292
984,44,1028
964,85,1049
83,851,934
559,692,1251
202,834,1036
632,309,941
208,452,660
58,773,831
674,164,838
343,56,399
513,864,1377
771,82,853
664,613,1277
249,800,1049
379,785,1164
410,542,952
590,221,811
19,692,711
796,540,1336
186,182,368
56,730,786
834,947,1781
943,884,1827
316,691,1007
334,806,1140
95,944,1039
302,653,955
37,316,353
378,94,472
305,542,847
926,498,1424
702,472,1174
291,899,1190
560,603,1163
829,949,1778
565,20,585
254,34,288
562,877,1439
894,436,1330
235,573,808
924,175,1099
763,123,886
629,915,1544
908,615,1523
962,62,1024
286,786,1072
538,301,839
884,204,1088
706,151,857
979,39,1018
637,60,697
930,44,974
423,123,546
741,159,900
655,710,1365
928,343,1271
223,938,1161
221,575,796
695,746,1441
98,671,769
10,583,593
895,531,1426
332,888,1220
178,202,380
629,133,762
205,914,1119
310,601,911
557,738,1295
258,36,294
413,167,580
128,286,414
434,280,714
771,427,1198
836,399,1235
326,539,865
990,410,1400
215,720,935
358,758,1116
394,34,428
307,291,598
687,144,831
756,831,1587
388,976,1364
321,562,883
235,939,1174
975,596,1571
913,907,1820
671,751,1422
673,927,1600
487,525,1012
675,852,1527
270,341,611
324,950,1274
596,803,1399
606,556,1162
170,142,312
107,566,673
283,696,979
787,53,840
302,110,412
478,667,1145
339,244,583
294,978,1272
170,584,754
516,645,1161
350,145,495
251,31,282
361,690,1051
298,578,876
845,794,1639
298,533,831
21,3,24
639,349,988
320,497,817
871,829,1700
427,506,933
268,936,1204
945,638,1583
261,189,450
345,879,1224
569,140,709
123,585,708
624,298,922
561,632,1193
964,594,1558
968,502,1470
790,969,1759
778,578,1356
221,50,271
402,481,883
506,267,773
769,436,1205
394,415,809
901,46,947
77,883,960
923,739,1662
111,428,539
4,61,65
256,708,964
538,844,1382
535,823,1358
137,534,671
818,461,1279
140,40,180
389,26,415
87,724,811
988,322,1310
617,266,883
395,697,1092
276,775,1051
211,884,1095
243,653,896
522,432,954
596,530,1126
314,373,687
748,698,1446
783,496,1279
931,284,1215
488,709,1197
874,246,1120
154,614,768
927,623,1550
923,949,1872
209,757,966
710,311,1021
958,821,1779
228,956,1184
802,196,998
559,21,580
738,684,1422
904,928,1832
669,41,710
331,942,1273
719,856,1575
48,6,54
616,80,696
390,450,840
900,799,1699
87,80,167
744,87,831
875,368,1243
76,428,504
316,200,516
635,964,1599
542,867,1409
860,995,1855
828,835,1663
196,460,656
786,47,833
910,867,1777
760,393,1153
624,102,726
402,662,1064
879,123,1002
722,120,842
753,332,1085
603,420,1023
90,499,589
995,379,1374
738,175,913
587,506,1093
589,64,653
339,267,606
396,324,720
677,96,773
478,127,605
102,37,139
39,299,338
15,994,1009
69,418,487
597,78,675
997,929,1926
964,700,1664
163,176,339
865,211,1076
703,147,850
676,937,1613
302,761,1063
702,753,1455
131,241,372
675,913,1588
867,940,1807
404,404,808
576,768,1344
841,112,953
827,624,1451
383,723,1106
366,742,1108
876,461,1337
156,992,1148
882,626,1508
274,494,768
286,948,1234
92,995,1087
292,927,1219
941,746,1687
639,774,1413
924,461,1385
166,169,335
248,379,627
813,833,1646
45,788,833
273,158,431
26,866,892
937,322,1259
201,724,925
618,960,1578
449,546,995
56,71,127
868,982,1850
126,216,342
851,445,1296
847,263,1110
370,279,649
549,956,1505
954,660,1614
100,179,279
697,445,1142
161,663,824
488,70,558
543,518,1061
783,310,1093
661,984,1645
549,702,1251
252,47,299
279,198,477
484,863,1347
540,563,1103
749,172,921
101,4,105
110,978,1088
602,1000,1602
194,510,704
423,704,1127
164,537,701
183,945,1128
161,116,277
44,866,910
821,904,1725
657,639,1296
768,894,1662
839,189,1028
340,469,809
833,206,1039
255,664,919
913,19,932
876,953,1829
480,126,606
773,887,1660
582,193,775
363,236,599
830,907,1737
114,80,194
498,218,716
539,365,904
869,507,1376
269,272,541
275,771,1046
152,657,809
54,266,320
230,547,777
536,916,1452
462,63,525
236,659,895
397,712,1109
276,424,700
353,586,939
259,860,1119
843,903,1746
852,789,1641
195,88,283
230,175,405
291,970,1261
708,269,977
351,998,1349
325,883,1208
473,700,1173
643,421,1064
636,214,850
235,192,427
251,229,480
830,372,1202
173,452,625
622,639,1261
358,91,449
347,78,425
586,661,1247
420,514,934
551,671,1222
211,657,868
257,830,1087
992,99,1091
960,764,1724
135,59,194
765,584,1349
641,954,1595
192,204,396
672,332,1004
835,677,1512
6,79,85
265,682,947
44,745,789
926,952,1878
582,287,869
375,173,548
445,411,856
49,216,265
625,299,924
417,657,1074
430,683,1113
712,851,1563
288,721,1009
44,440,484
537,920,1457
489,387,876
792,674,1466
8,158,166
163,293,456
977,774,1751
890,355,1245
117,686,803
572,177,749
976,623,1599
684,216,900
743,643,1386
711,182,893
641,209,850
874,889,1763
215,300,515
10,412,422
697,129,826
610,368,978
431,712,1143
301,765,1066
454,732,1186
696,290,986
235,569,804
64,611,675
219,889,1108
735,557,1292
293,145,438
204,404,608
150,494,644
884,290,1174
545,298,843
442,366,808
939,286,1225
511,620,1131
719,697,1416
642,300,942
16,367,383
656,226,882
816,362,1178
383,195,578
155,326,481
599,400,999
589,549,1138
660,946,1606
448,119,567
502,468,970
550,252,802
919,222,1141
137,172,309
24,941,965
313,667,980
91,766,857
12,970,982
333,477,810
186,208,394
772,299,1071
886,275,1161
1000,265,1265
132,535,667
449,77,526
304,915,1219
908,717,1625
401,903,1304
482,239,721
721,104,825
199,92,291
995,531,1526
9,610,619
552,710,1262
769,884,1653
536,865,1401
135,390,525
378,684,1062
26,967,993
911,389,1300
82,665,747
412,874,1286
855,131,986
92,676,768
87,419,506
954,395,1349
415,975,1390
80,471,551
704,990,1694
674,646,1320
870,590,1460
899,330,1229
972,753,1725
261,500,761
831,357,1188
600,214,814
279,906,1185
404,943,1347
332,738,1070
391,771,1162
112,322,434
775,959,1734
893,607,1500
820,988,1808
485,183,668
561,271,832
662,278,940
726,137,863
150,242,392
335,534,869
402,427,829
876,660,1536
890,327,1217
129,50,179
214,864,1078
916,969,1885
984,468,1452
928,17,945
38,897,935
121,503,624
521,438,959
498,796,1294
229,562,791
567,767,1334
775,725,1500
932,347,1279
272,130,402
742,660,1402
132,581,713
571,89,660
470,461,931
678,248,926
564,695,1259
346,282,628
17,194,211
381,626,1007
561,501,1062
814,852,1666
8,395,403
857,530,1387
691,14,705
296,285,581
15,119,134
717,41,758
526,726,1252
194,590,784
103,436,539
956,349,1305
160,613,773
938,893,1831
292,873,1165
963,160,1123
205,969,1174
147,685,832
173,94,267
422,4,426
281,642,923
361,918,1279
427,743,1170
543,32,575
135,314,449
961,788,1749
744,231,975
928,740,1668
335,790,1125
102,501,603
147,999,1146
420,763,1183
612,937,1549
103,86,189
677,335,1012
811,461,1272
499,906,1405
425,749,1174
615,400,1015
654,123,777
922,1,923
410,864,1274
733,39,772
763,797,1560
621,996,1617
811,436,1247
542,312,854
163,832,995
416,540,956
779,128,907
268,813,1081
59,35,94
258,84,342
556,730,1286
669,304,973
674,288,962
730,98,828
297,273,570
66,607,673
227,472,699
945,30,975
24,47,71
5,351,356
200,151,351
936,1000,1936
725,500,1225
174,149,323
184,810,994
980,560,1540
365,726,1091
32,542,574
576,107,683
571,88,659
81,928,1009
392,455,847
821,514,1335
856,277,1133
747,108,855
614,434,1048
457,444,901
630,34,664
989,318,1307
822,147,969
350,601,951
922,544,1466
591,790,1381
142,872,1014
153,419,572
310,680,990
327,507,834
190,3,193
88,970,1058
503,304,807
418,517,935
910,907,1817
212,861,1073
83,100,183
778,712,1490
263,309,572
242,552,794
955,788,1743
561,619,1180
901,97,998
80,390,470
699,972,1671
647,470,1117
772,600,1372
89,197,286
926,193,1119
735,604,1339
372,228,600
42,915,957
346,405,751
894,577,1471
894,821,1715
609,428,1037
613,845,1458
492,625,1117
957,23,980
133,453,586
550,90,640
309,340,649
87,643,730
75,514,589
727,626,1353
832,408,1240
61,211,272
819,983,1802
476,821,1297
522,602,1124
911,980,1891
487,519,1006
292,704,996
106,94,200
348,422,770
353,196,549
459,964,1423
189,665,854
112,317,429
15,379,394
60,193,253
707,262,969
339,705,1044
703,771,1474
897,926,1823
469,399,868
853,140,993
379,60,439
430,128,558
990,832,1822
266,65,331
501,111,612
770,583,1353
517,950,1467
999,915,1914
950,638,1588
156,715,871
761,371,1132
432,671,1103
47,510,557
387,601,988
264,388,652
267,795,1062
33,956,989
540,683,1223
184,115,299
712,576,1288
522,945,1467
197,239,436
682,630,1312
241,533,774
16,29,45
820,762,1582
323,597,920
51,60,111
364,162,526
354,346,700
367,640,1007
39,22,61
560,328,888
509,191,700
168,51,219
932,604,1536
917,483,1400
500,412,912
552,99,651
469,264,733
486,942,1428
897,153,1050
579,696,1275
370,990,1360
462,641,1103
395,26,421
494,931,1425
162,776,938
97,188,285
398,955,1353
19,857,876
254,187,441
96,684,780
57,298,355
839,160,999
375,218,593
716,521,1237
596,330,926
892,694,1586
889,721,1610
368,34,402
86,508,594
138,313,451
881,102,983
781,615,1396
212,258,470
677,21,698
866,407,1273
223,115,338
943,639,1582
85,885,970
455,930,1385
818,961,1779
177,819,996
235,825,1060
42,204,246
940,352,1292
808,649,1457
684,290,974
938,877,1815
222,67,289
145,923,1068
483,274,757
889,882,1771
243,843,1086
585,433,1018
267,527,794
503,286,789
387,713,1100
570,942,1512
384,814,1198
326,153,479
807,656,1463
19,946,965
242,307,549
104,825,929
845,466,1311
579,605,1184
390,246,636
478,105,583
734,266,1000
478,283,761
366,711,1077
172,251,423
260,515,775
736,593,1329
693,404,1097
87,652,739
701,107,808
921,820,1741
205,446,651
435,885,1320
388,405,793
210,569,779
710,827,1537
759,360,1119
185,140,325
368,618,986
374,493,867
546,806,1352
856,673,1529
188,267,455
678,615,1293
586,52,638
974,917,1891
262,101,363
418,383,801
906,749,1655
135,658,793
169,360,529
406,602,1008
454,301,755
970,220,1190
823,707,1530
554,142,696
102,202,304
263,978,1241
70,19,89
688,247,935
624,565,1189
549,246,795
692,201,893
958,15,973
147,203,350
142,483,625
670,225,895
800,422,1222
219,606,825
718,124,842
673,72,745
932,927,1859
493,424,917
434,302,736
139,938,1077
561,988,1549
153,595,748
940,465,1405
103,756,859
58,370,428
554,356,910
646,554,1200
278,489,767
969,425,1394
68,182,250
80,96,176
185,564,749
611,284,895
783,172,955
960,218,1178
26,65,91
832,616,1448
242,587,829
631,425,1056
608,221,829
948,326,1274
362,898,1260
347,298,645
870,15,885
194,863,1057
727,522,1249
326,621,947
925,386,1311
724,863,1587
342,928,1270
799,838,1637
81,986,1067
856,593,1449
244,163,407
99,126,225
234,383,617
736,679,1415
179,908,1087
656,58,714
911,723,1634
557,813,1370
724,2,726
446,476,922
736,511,1247
636,859,1495
599,270,869
412,575,987
793,863,1656
734,564,1298
430,817,1247
219,689,908
679,111,790
167,574,741
195,92,287
753,218,971
84,470,554
258,528,786
152,245,397
520,643,1163
748,214,962
286,502,788
997,66,1063
552,78,630
236,559,795
78,609,687
252,40,292
420,189,609
655,569,1224
346,650,996
20,529,549
235,727,962
400,546,946
488,400,888
599,758,1357
297,892,1189
634,75,709
583,47,630
707,698,1405
82,957,1039
610,752,1362
515,757,1272
274,10,284
732,425,1157
848,498,1346
605,10,615
654,933,1587
454,676,1130
114,758,872
715,583,1298
533,242,775
948,182,1130
386,152,538
584,456,1040
115,336,451
844,767,1611
755,366,1121
696,627,1323
500,242,742
985,237,1222
242,12,254
80,569,649
666,758,1424
654,842,1496
788,122,910
919,658,1577
506,717,1223
872,39,911
987,311,1298
12,446,458
103,942,1045
206,615,821
731,631,1362
526,264,790
182,179,361
718,641,1359
194,330,524
112,452,564
505,94,599
463,651,1114
12,80,92
189,29,218
444,926,1370
204,135,339
283,899,1182
713,239,952
25,1000,1025
72,627,699
841,71,912
516,949,1465
222,251,473
657,433,1090
544,845,1389
785,111,896
124,70,194
449,891,1340
450,381,831
142,590,732
508,287,795
454,512,966
990,396,1386
454,186,640
49,865,914
900,106,1006
685,358,1043
157,181,338
943,666,1609
236,83,319
329,491,820
827,371,1198
834,663,1497
137,204,341
707,926,1633
811,974,1785
614,345,959
842,508,1350
881,396,1277
273,406,679
307,569,876
808,74,882
720,291,1011
55,833,888
58,393,451
408,873,1281
347,13,360
176,75,251
89,270,359
448,846,1294
816,476,1292
25,150,175
933,131,1064
547,504,1051
188,445,633
862,195,1057
351,467,818
795,185,980
382,690,1072
959,928,1887
329,92,421
668,560,1228
975,418,1393
631,928,1559
170,904,1074
74,965,1039
384,771,1155
6,568,574
941,560,1501
507,186,693
34,240,274
333,243,576
177,509,686
556,708,1264
12,976,988
864,174,1038
480,728,1208
314,39,353
691,446,1137
908,152,1060
516,403,919
171,476,647
252,698,950
430,249,679
816,639,1455
65,243,308
949,869,1818
139,817,956
359,93,452
790,48,838
543,657,1200
332,81,413
435,111,546
290,320,610
609,759,1368
749,54,803
68,848,916
779,79,858
849,820,1669
159,642,801
179,5,184
190,323,513
156,427,583
909,171,1080
68,982,1050
779,649,1428
550,596,1146
894,975,1869
704,803,1507
963,867,1830
470,490,960
992,855,1847
181,24,205
868,177,1045
337,149,486
827,180,1007
588,172,760
91,128,219
269,266,535
753,490,1243
959,505,1464
414,48,462
60,507,567
691,877,1568
653,877,1530
96,4,100
754,450,1204
68,977,1045
788,257,1045
208,768,976
178,296,474
895,512,1407
192,500,692
120,745,865
303,643,946
574,267,841
443,396,839
524,719,1243
955,73,1028
779,620,1399
363,817,1180
899,16,915
906,616,1522
68,126,194
409,114,523
398,895,1293
521,116,637
301,189,490
173,914,1087
432,250,682
231,362,593
258,360,618
926,111,1037
939,998,1937
627,946,1573
463,339,802
269,717,986
288,156,444
109,105,214
109,195,304
331,28,359
94,713,807
695,823,1518
37,442,479
830,557,1387
708,228,936
884,221,1105
998,904,1902
711,378,1089
575,471,1046
104,38,142
893,129,1022
897,850,1747
243,492,735
552,272,824
167,16,183
590,937,1527
316,540,856
789,176,965
397,468,865
498,969,1467
176,930,1106
232,856,1088
532,769,1301
629,928,1557
935,879,1814
920,775,1695
545,260,805
891,387,1278
62,253,315
923,396,1319
711,859,1570
851,801,1652
251,943,1194
230,885,1115
419,427,846
704,666,1370
176,128,304
482,587,1069
627,308,935
838,9,847
484,986,1470
923,525,1448
20,942,962
469,11,480
676,199,875
914,436,1350
19,397,416
935,892,1827
284,150,434
480,192,672
434,375,809
324,259,583
197,810,1007
671,977,1648
340,661,1001
499,865,1364
378,856,1234
45,214,259
404,392,796
226,894,1120
517,5,522
263,401,664
461,884,1345
253,343,596
120,853,973
726,553,1279
179,680,859
618,925,1543
450,547,997
826,609,1435
842,26,868
826,261,1087
56,32,88
70,152,222
874,740,1614
254,538,792
3,443,446
802,809,1611
912,559,1471
965,742,1707
912,915,1827
590,728,1318
173,499,672
999,758,1757
479,35,514
101,409,510
564,969,1533
485,926,1411
196,670,866
876,822,1698
957,917,1874
671,830,1501
722,484,1206
719,444,1163
566,578,1144
370,568,938
945,42,987
710,458,1168
684,60,744
139,582,721
411,857,1268
544,189,733
732,761,1493
267,938,1205
997,475,1472
852,191,1043
279,166,445
528,791,1319
21,41,62
365,82,447
754,763,1517
702,746,1448
366,372,738
813,186,999
621,304,925
471,625,1096
264,635,899
775,444,1219
880,732,1612
578,797,1375
238,213,451
884,6,890
117,791,908
752,8,760
148,203,351
600,561,1161
911,211,1122
163,411,574
851,575,1426
9,804,813
234,811,1045
131,47,178
578,613,1191
713,219,932
756,987,1743
833,481,1314
394,24,418
526,456,982
703,118,821
990,208,1198
419,52,471
389,84,473
754,24,778
661,603,1264
956,537,1493
989,64,1053
17,666,683
394,75,469
657,683,1340
900,94,994
366,467,833
603,707,1310
554,770,1324
860,134,994
710,401,1111
506,841,1347
590,936,1526
965,702,1667
224,95,319
405,860,1265
532,998,1530
461,498,959
450,446,896
984,725,1709
493,328,821
310,211,521
780,8,788
694,366,1060
268,237,505
810,527,1337
186,949,1135
710,574,1284
656,707,1363
268,607,875
4,690,694
841,699,1540
580,682,1262
961,878,1839
347,112,459
784,125,909
578,17,595
609,915,1524
971,904,1875
332,880,1212
707,805,1512
757,875,1632
26,784,810
3,205,208
760,159,919
457,702,1159
232,420,652
349,455,804
815,546,1361
862,693,1555
403,773,1176
765,660,1425
984,151,1135
446,35,481
952,629,1581
943,556,1499
120,938,1058
367,549,916
287,527,814
385,20,405
559,946,1505
682,762,1444
566,152,718
106,132,238
988,766,1754
273,505,778
740,911,1651
478,401,879
198,893,1091
446,160,606
341,854,1195
288,551,839
182,788,970
14,429,443
553,592,1145
150,1000,1150
558,202,760
768,14,782
557,316,873
33,504,537
637,757,1394
410,425,835
87,774,861
750,187,937
300,298,598
476,478,954
62,143,205
792,343,1135
537,411,948
934,894,1828
684,74,758
951,438,1389
493,167,660
276,500,776
380,517,897
331,945,1276
22,224,246
829,215,1044
367,852,1219
222,103,325
515,697,1212
260,992,1252
985,989,1974
853,159,1012
654,13,667
626,529,1155
921,431,1352
714,474,1188
237,327,564
55,538,593
305,553,858
627,69,696
243,781,1024
194,715,909
969,621,1590
889,172,1061
643,667,1310
629,778,1407
291,321,612
376,622,998
677,7,684
859,627,1486
907,468,1375
865,240,1105
870,470,1340
489,527,1016
867,382,1249
135,500,635
364,526,890
625,276,901
15,256,271
682,764,1446
749,868,1617
853,16,869
572,346,918
733,326,1059
92,266,358
251,569,820
676,59,735
75,520,595
345,757,1102
961,689,1650
870,670,1540
725,544,1269
819,25,844
693,183,876
916,535,1451
339,203,542
479,829,1308
408,139,547
595,617,1212
897,343,1240
272,325,597
932,186,1118
869,890,1759
376,852,1228
331,321,652
53,79,132
69,498,567
673,990,1663
162,892,1054
866,675,1541
358,82,440
334,704,1038
437,902,1339
91,147,238
422,609,1031
98,202,300
159,954,1113
933,787,1720
93,462,555
48,297,345
173,794,967
69,6,75
848,497,1345
257,399,656
285,352,637
501,222,723
880,400,1280
438,179,617
640,656,1296
447,271,718
948,12,960
811,863,1674
623,280,903
818,203,1021
143,892,1035
462,192,654
794,622,1416
928,436,1364
882,851,1733
418,34,452
643,393,1036
269,416,685
511,924,1435
330,334,664
372,751,1123
565,826,1391
144,267,411
588,966,1554
148,874,1022
890,949,1839
892,887,1779
324,849,1173
411,344,755
571,134,705
485,60,545
435,436,871
47,690,737
266,357,623
166,497,663
17,263,280
346,954,1300
978,148,1126
377,544,921
836,512,1348
62,716,778
57,975,1032
477,574,1051
800,543,1343
170,376,546
112,128,240
235,574,809
881,930,1811
897,547,1444
296,353,649
532,313,845
647,11,658
607,37,644
245,247,492
573,35,608
533,37,570
291,753,1044
869,34,903
579,536,1115
436,217,653
702,698,1400
512,155,667
633,374,1007
391,532,923
184,775,959
274,903,1177
506,905,1411
155,868,1023
795,346,1141
557,733,1290
578,94,672
201,387,588
349,321,670
820,252,1072
38,433,471
883,644,1527
871,251,1122
428,516,944
774,330,1104
711,342,1053
640,726,1366
751,898,1649
319,692,1011
116,69,185
327,852,1179
883,512,1395
640,570,1210
704,713,1417
741,244,985
798,378,1176
824,83,907
873,139,1012
796,318,1114
379,295,674
657,75,732
850,891,1741
102,699,801
92,48,140
282,194,476
16,141,157
44,302,346
77,552,629
867,436,1303
328,842,1170
948,621,1569
759,226,985
659,40,699
310,712,1022
218,288,506
613,934,1547
159,675,834
131,846,977
804,66,870
476,852,1328
775,892,1667
791,372,1163
675,893,1568
666,777,1443
81,763,844
662,860,1522
536,975,1511
304,182,486
776,11,787
94,903,997
549,480,1029
27,30,57
906,138,1044
360,640,1000
224,324,548
562,318,880
111,783,894
351,340,691
829,889,1718
808,496,1304
790,993,1783
494,907,1401
176,741,917
915,373,1288
980,83,1063
45,265,310
339,12,351
766,753,1519
678,989,1667
329,456,785
350,406,756
743,638,1381
439,595,1034
258,727,985
842,459,1301
32,630,662
827,722,1549
254,950,1204
179,732,911
676,978,1654
697,279,976
261,636,897
357,384,741
985,954,1939
294,110,404
753,905,1658
852,271,1123
290,746,1036
61,610,671
786,876,1662
122,46,168
472,204,676
332,84,416
317,258,575
429,514,943
739,910,1649
198,890,1088
444,546,990
857,216,1073
917,539,1456
24,527,551
670,986,1656
697,849,1546
919,141,1060
615,348,963
791,338,1129
776,168,944
399,706,1105
801,151,952
661,618,1279
17,845,862
72,696,768
762,533,1295
520,33,553
205,419,624
151,387,538
531,704,1235
19,905,924
327,737,1064
486,708,1194
56,325,381
789,809,1598
657,619,1276
750,682,1432
565,320,885
702,875,1577
166,886,1052
367,331,698
645,877,1522
887,482,1369
574,708,1282
801,172,973
86,452,538
113,995,1108
709,411,1120
345,452,797
891,817,1708
689,623,1312
329,111,440
405,98,503
772,3,775
518,989,1507
991,594,1585
960,329,1289
790,747,1537
356,876,1232
706,319,1025
893,239,1132
270,539,809
830,908,1738
484,786,1270
586,706,1292
951,840,1791
919,907,1826
101,944,1045
679,453,1132
867,348,1215
461,456,917
167,247,414
349,367,716
30,259,289
782,756,1538
835,709,1544
884,645,1529
824,541,1365
365,916,1281
49,960,1009
408,543,951
486,126,612
91,703,794
957,505,1462
298,255,553
708,329,1037
404,502,906
766,292,1058
861,136,997
302,818,1120
241,410,651
399,911,1310
905,363,1268
940,626,1566
209,285,494
99,41,140
189,602,791
573,932,1505
403,233,636
193,192,385
936,376,1312
918,835,1753
187,852,1039
680,156,836
181,727,908
657,636,1293
804,766,1570
343,688,1031
621,518,1139
195,822,1017
576,370,946
929,856,1785
19,36,55
969,472,1441
721,772,1493
596,534,1130
405,53,458
546,371,917
149,79,228
306,830,1136
297,70,367
498,48,546
313,859,1172
891,845,1736
676,357,1033
516,782,1298
146,769,915
704,341,1045
982,732,1714
240,528,768
793,188,981
270,694,964
940,628,1568
199,216,415
323,769,1092
976,485,1461
221,886,1107
291,401,692
125,964,1089
104,76,180
237,415,652
697,228,925
144,562,706
898,804,1702
34,349,383
34,982,1016
771,72,843
783,975,1758
492,167,659
371,48,419
552,730,1282
430,986,1416
595,76,671
639,653,1292
968,614,1582
500,772,1272
318,929,1247
746,852,1598
348,18,366
294,262,556
24,258,282
728,667,1395
53,949,1002
341,38,379
744,572,1316
816,433,1249
378,275,653
247,954,1201
682,776,1458
514,556,1070
426,310,736
56,724,780
307,415,722
864,468,1332
627,919,1546
858,695,1553
668,373,1041
807,958,1765
901,102,1003
279,73,352
998,431,1429
127,990,1117
650,567,1217
59,294,353
666,769,1435
250,82,332
541,278,819
741,503,1244
557,67,624
314,602,916
636,214,850
593,757,1350
629,519,1148
660,773,1433
752,355,1107
304,414,718
544,590,1134
442,696,1138
389,816,1205
36,293,329
873,719,1592
80,151,231
743,260,1003
858,396,1254
123,600,723
159,480,639
145,520,665
241,473,714
882,474,1356
704,24,728
919,103,1022
772,866,1638
546,828,1374
485,352,837
139,908,1047
283,909,1192
329,631,960
726,424,1150
54,990,1044
360,337,697
800,218,1018
904,357,1261
523,292,815
596,762,1358
596,213,809
97,191,288
492,94,586
350,443,793
516,603,1119
759,362,1121
896,294,1190
480,18,498
555,314,869
142,679,821
278,413,691
8,884,892
554,570,1124
607,595,1202
92,580,672
865,73,938
775,385,1160
847,969,1816
58,455,513
688,52,740
675,778,1453
632,70,702
23,604,627
517,549,1066
187,472,659
872,315,1187
834,9,843
18,396,414
711,903,1614
880,315,1195
634,203,837
102,296,398
936,272,1208
609,400,1009
150,591,741
11,699,710
762,783,1545
267,851,1118
825,412,1237
34,38,72
497,774,1271
524,421,945
664,724,1388
17,30,47
503,994,1497
923,706,1629
942,348,1290
462,796,1258
533,133,666
507,955,1462
908,590,1498
360,2,362
284,458,742
234,973,1207
439,1000,1439
36,914,950
444,335,779
276,169,445
100,542,642
334,377,711
168,684,852
658,907,1565
945,402,1347
423,579,1002
427,786,1213
670,140,810
83,346,429
838,11,849
25,969,994
120,79,199
839,898,1737
554,695,1249
91,678,769
19,497,516
720,287,1007
480,680,1160
388,751,1139
772,998,1770
529,410,939
514,946,1460
295,777,1072
342,919,1261
230,551,781
39,84,123
750,731,1481
244,657,901
125,85,210
537,191,728
575,144,719
947,213,1160
64,946,1010
561,708,1269
791,915,1706
123,505,628
295,844,1139
53,777,830
808,18,826
830,420,1250
122,999,1121
46,911,957
438,938,1376
822,948,1770
192,500,692
853,501,1354
99,313,412
684,572,1256
402,891,1293
640,107,747
451,512,963
300,862,1162
991,467,1458
610,55,665
151,627,778
860,292,1152
457,187,644
607,368,975
696,939,1635
602,143,745
591,758,1349
640,175,815
140,433,573
428,185,613
750,341,1091
51,641,692
217,671,888
142,55,197
734,452,1186
723,203,926
151,867,1018
764,347,1111
618,605,1223
839,967,1806
721,600,1321
758,690,1448
285,266,551
584,768,1352
493,490,983
929,696,1625
279,877,1156
826,383,1209
670,871,1541
953,84,1037
541,328,869
500,189,689
392,566,958
595,161,756
821,234,1055
69,925,994
460,863,1323
641,829,1470
435,97,532
6,165,171
648,510,1158
243,704,947
111,385,496
864,287,1151
203,343,546
402,975,1377
181,8,189
144,837,981
380,364,744
184,277,461
9,825,834
270,386,656
723,935,1658
93,867,960
401,665,1066
791,96,887
639,199,838
582,761,1343
49,617,666
855,529,1384
636,35,671
714,795,1509
118,873,991
404,684,1088
69,176,245
491,352,843
24,456,480
908,738,1646
10,828,838
5,148,153
431,97,528
7,709,716
469,31,500
189,314,503
710,393,1103
397,167,564
349,248,597
960,634,1594
689,841,1530
169,147,316
692,744,1436
374,136,510
874,115,989
627,327,954
221,138,359
462,528,990
235,577,812
707,345,1052
401,99,500
218,604,822
784,269,1053
945,282,1227
831,845,1676
442,465,907
176,158,334
681,970,1651
318,787,1105
176,221,397
268,237,505
936,85,1021
797,992,1789
286,518,804
471,619,1090
342,398,740
96,170,266
581,406,987
42,904,946
984,698,1682
513,715,1228
586,239,825
951,635,1586
122,346,468
406,137,543
16,145,161
605,519,1124
767,517,1284
400,388,788
718,630,1348
665,144,809
763,671,1434
360,668,1028
246,987,1233
653,513,1166
963,663,1626
526,367,893
883,826,1709
153,922,1075
658,705,1363
769,772,1541
264,701,965
84,521,605
339,203,542
893,978,1871
333,879,1212
857,328,1185
340,537,877
785,400,1185
370,328,698
916,942,1858
518,597,1115
837,768,1605
139,723,862
258,505,763
888,222,1110
849,241,1090
662,962,1624
886,51,937
371,235,606
719,869,1588
266,308,574
862,751,1613
172,329,501
924,659,1583
509,165,674
612,806,1418
789,808,1597
43,155,198
299,296,595
406,49,455
150,960,1110
136,482,618
436,280,716
354,439,793
843,277,1120
234,718,952
401,933,1334
843,356,1199
550,985,1535
541,706,1247
286,997,1283
36,143,179
973,683,1656
755,826,1581
115,246,361
291,31,322
101,929,1030
912,799,1711
102,31,133
663,930,1593
615,199,814
36,605,641
1,320,321
714,715,1429
945,31,976
993,245,1238
57,630,687
18,435,453
409,100,509
642,19,661
219,347,566
18,623,641
788,271,1059
266,16,282
295,101,396
762,693,1455
402,51,453
46,259,305
675,203,878
787,44,831
478,568,1046
514,337,851
21,272,293
387,437,824
866,382,1248
640,657,1297
783,905,1688
291,67,358
585,186,771
570,782,1352
952,55,1007
126,847,973
530,486,1016
763,895,1658
839,279,1118
624,326,950
616,586,1202
511,502,1013
427,362,789
150,434,584
921,777,1698
805,967,1772
637,692,1329
560,651,1211
75,719,794
546,874,1420
182,57,239
187,569,756
354,6,360
193,497,690
490,960,1450
319,984,1303
711,652,1363
294,917,1211
267,195,462
807,905,1712
142,125,267
594,728,1322
113,419,532
549,334,883
184,212,396
864,479,1343
668,267,935
682,80,762
144,125,269
341,606,947
516,957,1473
335,705,1040
948,208,1156
511,120,631
50,43,93
246,906,1152
328,580,908
101,849,950
723,141,864
171,556,727
278,159,437
890,755,1645
377,179,556
58,390,448
440,115,555
178,357,535
96,261,357
102,943,1045
800,228,1028
678,651,1329
904,548,1452
573,538,1111
871,180,1051
716,870,1586
38,537,575
499,549,1048
100,732,832
638,676,1314
931,700,1631
488,207,695
482,332,814
883,14,897
137,509,646
444,83,527
334,484,818
273,310,583
179,470,649
195,792,987
388,66,454
193,216,409
941,373,1314
441,48,489
309,918,1227
888,306,1194
84,337,421
971,932,1903
748,317,1065
209,211,420
928,798,1726
649,758,1407
565,869,1434
754,605,1359
159,693,852
55,547,602
34,762,796
975,614,1589
890,477,1367
353,106,459
490,568,1058
632,616,1248
475,618,1093
738,816,1554
634,525,1159
996,29,1025
271,845,1116
942,98,1040
697,929,1626
2,941,943
777,851,1628
191,62,253
21,194,215
501,300,801
196,541,737
608,900,1508
758,659,1417
711,571,1282
53,720,773
132,236,368
789,646,1435
919,989,1908
722,103,825
669,671,1340
561,993,1554
804,244,1048
606,849,1455
121,371,492
181,106,287
893,258,1151
597,246,843
323,148,471
569,305,874
345,207,552
649,988,1637
474,982,1456
160,926,1086
391,270,661
65,50,115
684,876,1560
49,260,309
20,609,629
519,407,926
255,859,1114
264,993,1257
354,367,721
191,533,724
557,598,1155
940,199,1139
837,698,1535
764,465,1229
583,226,809
112,930,1042
164,186,350
529,20,549
269,841,1110
325,687,1012
913,700,1613
406,703,1109
765,696,1461
280,699,979
934,940,1874
814,660,1474
399,451,850
889,305,1194
801,342,1143
882,807,1689
36,882,918
965,731,1696
535,838,1373
976,541,1517
660,656,1316
746,656,1402
285,809,1094
413,334,747
858,322,1180
786,72,858
273,808,1081
687,874,1561
973,845,1818
177,802,979
76,296,372
637,408,1045
7,782,789
301,581,882
795,601,1396
248,167,415
737,534,1271
700,520,1220
836,890,1726
372,722,1094
373,428,801
409,359,768
474,572,1046
118,896,1014
439,512,951
619,768,1387
429,666,1095
831,103,934
263,804,1067
172,595,767
852,205,1057
436,960,1396
341,705,1046
834,993,1827
158,10,168
258,879,1137
407,310,717
741,880,1621
873,219,1092
177,947,1124
819,703,1522
423,909,1332
758,367,1125
587,876,1463
844,471,1315
592,933,1525
90,838,928
520,701,1221
123,994,1117
629,730,1359
336,214,550
918,196,1114
313,140,453
609,605,1214
452,293,745
516,394,910
495,624,1119
254,482,736
314,1,315
849,387,1236
344,253,597
435,661,1096
890,518,1408
771,640,1411
782,693,1475
858,706,1564
784,819,1603
310,105,415
901,334,1235
517,594,1111
697,404,1101
457,486,943
946,148,1094
466,91,557
135,593,728
447,923,1370
82,946,1028
503,840,1343
464,575,1039
697,681,1378
493,731,1224
620,95,715
160,849,1009
106,10,116
136,532,668
565,133,698
515,406,921
783,453,1236
619,274,893
50,946,996
529,566,1095
35,618,653
103,371,474
486,360,846
784,80,864
850,613,1463
715,872,1587
597,23,620
536,703,1239
545,199,744
990,812,1802
8,529,537
510,70,580
21,99,120
112,508,620
304,8,312
316,573,889
826,423,1249
319,793,1112
361,640,1001
150,465,615
601,282,883
121,114,235
319,540,859
399,201,600
674,4,678
36,685,721
395,248,643
879,177,1056
701,499,1200
960,444,1404
772,720,1492
412,150,562
313,591,904
350,296,646
667,853,1520
980,226,1206
452,963,1415
521,338,859
846,704,1550
553,624,1177
844,866,1710
819,19,838
3,649,652
844,223,1067
799,843,1642
773,343,1116
17,27,44
479,377,856
848,646,1494
919,88,1007
632,193,825
435,788,1223
409,391,800
585,574,1159
391,500,891
333,3,336
456,847,1303
486,24,510
243,926,1169
432,457,889
757,692,1449
44,694,738
20,258,278
134,661,795
763,503,1266
941,504,1445
74,387,461
178,694,872
457,522,979
360,303,663
604,495,1099
245,637,882
804,775,1579
955,983,1938
441,845,1286
151,962,1113
41,634,675
309,488,797
710,384,1094
211,407,618
418,25,443
148,86,234
481,676,1157
388,742,1130
734,872,1606
82,101,183
476,706,1182
599,282,881
490,0,490
806,852,1658
353,205,558
321,685,1006
306,285,591
962,536,1498
118,872,990
477,544,1021
41,302,343
60,708,768
901,421,1322
784,665,1449
228,939,1167
856,854,1710
184,577,761
938,682,1620
892,761,1653
202,226,428
291,576,867
491,753,1244
84,991,1075
513,109,622
906,544,1450
848,814,1662
126,0,126
824,435,1259
292,775,1067
362,28,390
926,25,951
454,984,1438
667,366,1033
791,418,1209
719,11,730
826,593,1419
903,320,1223
384,216,600
992,884,1876
931,898,1829
515,630,1145
468,741,1209
22,990,1012
71,425,496
319,868,1187
718,36,754
957,550,1507
937,122,1059
174,918,1092
456,648,1104
69,85,154
475,239,714
89,823,912
298,460,758
877,741,1618
368,483,851
315,54,369
409,270,679
877,834,1711
724,88,812
502,691,1193
816,34,850
27,900,927
319,394,713
708,810,1518
242,33,275
241,839,1080
341,334,675
992,343,1335
769,499,1268
935,820,1755
141,873,1014
948,27,975
627,339,966
433,104,537
507,710,1217
330,881,1211
832,225,1057
750,445,1195
601,10,611
50,489,539
216,489,705
476,445,921
732,18,750
599,102,701
778,759,1537
753,490,1243
791,763,1554
775,728,1503
728,654,1382
608,238,846
710,510,1220
753,800,1553
876,94,970
996,714,1710
645,726,1371
351,223,574
749,45,794
323,312,635
109,6,115
576,776,1352
567,939,1506
514,42,556
767,513,1280
431,631,1062
587,250,837
552,957,1509
430,62,492
136,646,782
439,992,1431
612,258,870
23,800,823
778,977,1755
396,6,402
486,932,1418
643,113,756
792,144,936
437,688,1125
488,263,751
765,817,1582
149,901,1050
19,939,958
855,734,1589
290,76,366
98,227,325
463,180,643
347,90,437
652,74,726
408,476,884
112,947,1059
324,755,1079
803,568,1371
816,868,1684
281,319,600
146,839,985
26,540,566
245,307,552
393,420,813
708,112,820
258,720,978
581,970,1551
198,41,239
584,845,1429
444,459,903
334,428,762
401,383,784
155,974,1129
781,489,1270
104,578,682
863,331,1194
629,48,677
358,482,840
43,236,279
300,812,1112
186,143,329
386,12,398
397,799,1196
588,314,902
845,968,1813
745,811,1556
872,630,1502
492,190,682
988,811,1799
416,460,876
54,933,987
934,675,1609
198,505,703
334,237,571
332,864,1196
251,258,509
497,140,637
335,248,583
133,924,1057
81,153,234
396,647,1043
168,695,863
509,449,958
0,522,522
340,848,1188
614,880,1494
252,166,418
745,957,1702
383,214,597
768,522,1290
65,768,833
890,644,1534
355,416,771
58,607,665
157,834,991
696,666,1362
797,843,1640
868,296,1164
437,933,1370
220,621,841
580,297,877
447,190,637
155,334,489
855,482,1337
671,99,770
633,718,1351
403,717,1120
833,714,1547
191,756,947
325,289,614
277,609,886
9,762,771
760,412,1172
991,105,1096
607,670,1277
768,759,1527
696,195,891
709,750,1459
737,909,1646
45,828,873
736,738,1474
188,849,1037
99,604,703
301,909,1210
407,531,938
890,289,1179
635,160,795
469,261,730
528,409,937
804,74,878
596,670,1266
275,628,903
800,654,1454
863,669,1532
146,508,654
784,293,1077
636,225,861
138,911,1049
941,715,1656
741,810,1551
978,833,1811
700,934,1634
62,539,601
299,657,956
556,816,1372
886,934,1820
600,161,761
204,423,627
595,31,626
156,551,707
672,415,1087
845,315,1160
259,236,495
764,91,855
891,739,1630
146,574,720
918,515,1433
239,711,950
201,184,385
124,844,968
397,457,854
830,945,1775
488,749,1237
919,384,1303
514,521,1035
843,698,1541
260,284,544
407,105,512
279,909,1188
451,167,618
332,156,488
434,533,967
298,116,414
11,156,167
156,112,268
311,796,1107
940,327,1267
388,348,736
778,522,1300
601,435,1036
198,956,1154
25,434,459
477,570,1047
344,341,685
596,885,1481
629,398,1027
117,33,150
590,444,1034
403,701,1104
287,287,574
752,446,1198
504,302,806
382,24,406
889,408,1297
460,499,959
817,847,1664
229,565,794
429,587,1016
93,939,1032
659,45,704
730,163,893
770,995,1765
402,179,581
79,123,202
269,493,762
393,416,809
591,814,1405
576,324,900
232,51,283
367,512,879
704,359,1063
767,815,1582
353,697,1050
502,501,1003
147,283,430
588,522,1110
150,706,856
926,991,1917
825,467,1292
846,301,1147
605,279,884
563,148,711
884,733,1617
753,901,1654
684,641,1325
721,817,1538
60,376,436
420,267,687
683,958,1641
293,379,672
14,790,804
620,302,922
692,817,1509
769,585,1354
341,80,421
1,767,768
335,324,659
263,580,843
208,605,813
729,902,1631
460,86,546
825,503,1328
756,764,1520
140,584,724
629,317,946
989,414,1403
557,242,799
291,678,969
525,374,899
605,451,1056
276,782,1058
47,186,233
688,656,1344
9,959,968
858,983,1841
438,264,702
264,128,392
481,870,1351
634,586,1220
573,317,890
685,288,973
417,350,767
187,686,873
116,565,681
816,554,1370
580,359,939
183,524,707
796,267,1063
22,205,227
601,960,1561
296,59,355
248,922,1170
999,433,1432
708,246,954
405,806,1211
272,483,755
754,19,773
82,810,892
325,725,1050
689,262,951
586,277,863
966,552,1518
811,527,1338
91,627,718
917,898,1815
559,668,1227
780,258,1038
215,554,769
420,422,842
241,188,429
699,913,1612
744,847,1591
131,262,393
131,222,353
954,208,1162
672,795,1467
66,442,508
480,851,1331
764,502,1266
6,877,883
490,495,985
22,779,801
54,560,614
21,256,277
964,481,1445
667,87,754
23,843,866
875,712,1587
356,290,646
976,438,1414
89,786,875
841,785,1626
305,375,680
995,250,1245
139,239,378
803,576,1379
106,924,1030
134,657,791
536,241,777
518,527,1045
577,221,798
34,33,67
456,576,1032
676,528,1204
858,457,1315
423,605,1028
882,435,1317
137,31,168
502,395,897
59,686,745
482,544,1026
110,569,679
619,152,771
679,918,1597
780,608,1388
897,601,1498
74,217,291
509,448,957
597,35,632
225,706,931
501,415,916
648,437,1085
486,837,1323
381,495,876
429,425,854
41,554,595
71,637,708
585,28,613
809,121,930
973,585,1558
41,629,670
258,720,978
959,243,1202
251,622,873
103,905,1008
379,388,767
837,392,1229
468,943,1411
988,672,1660
981,615,1596
504,534,1038
741,894,1635
416,644,1060
376,898,1274
825,585,1410
160,1000,1160
711,854,1565
269,497,766
916,247,1163
911,904,1815
443,915,1358
582,591,1173
341,62,403
558,979,1537
461,268,729
231,970,1201
854,392,1246
766,622,1388
347,505,852
274,274,548
127,218,345
647,851,1498
896,240,1136
48,506,554
230,428,658
929,108,1037
656,865,1521
201,965,1166
552,906,1458
357,808,1165
700,495,1195
520,587,1107
452,473,925
216,439,655
827,167,994
901,225,1126
889,658,1547
944,47,991
680,489,1169
517,600,1117
147,160,307
184,846,1030
627,190,817
734,157,891
257,480,737
411,466,877
298,293,591
980,780,1760
479,693,1172
752,97,849
493,988,1481
752,4,756
928,439,1367
401,749,1150
465,4,469
360,842,1202
830,856,1686
308,831,1139
298,338,636
442,499,941
232,829,1061
734,90,824
906,400,1306
907,2,909
805,62,867
14,613,627
396,284,680
494,546,1040
782,560,1342
152,68,220
740,837,1577
543,441,984
175,702,877
232,719,951
614,173,787
448,515,963
742,389,1131
631,734,1365
788,455,1243
418,245,663
179,560,739
412,628,1040
272,247,519
574,100,674
105,484,589
439,451,890
232,121,353
369,357,726
757,296,1053
813,268,1081
806,90,896
869,45,914
634,259,893
770,335,1105
267,37,304
342,851,1193
376,495,871
532,72,604
785,137,922
679,906,1585
698,497,1195
592,78,670
120,134,254
396,455,851
900,437,1337
425,142,567
350,550,900
125,323,448
246,310,556
262,550,812
283,979,1262
478,450,928
789,764,1553
670,949,1619
483,522,1005
663,365,1028
932,674,1606
963,113,1076
21,756,777
767,918,1685
158,120,278
631,797,1428
118,818,936
48,432,480
609,223,832
127,434,561
206,942,1148
121,943,1064
473,661,1134
104,8,112
2,607,609
868,489,1357
549,4,553
167,771,938
768,615,1383
918,341,1259
569,244,813
260,293,553
780,692,1472
932,44,976
556,168,724
118,609,727
41,628,669
604,117,721
518,486,1004
489,315,804
967,673,1640
805,747,1552
222,359,581
933,101,1034
859,356,1215
305,322,627
230,296,526
256,899,1155
615,893,1508
31,886,917
924,882,1806
743,109,852
171,747,918
322,773,1095
710,209,919
672,195,867
882,572,1454
278,237,515
675,10,685
512,184,696
530,72,602
196,786,982
436,75,511
61,505,566
402,816,1218
666,507,1173
830,507,1337
771,656,1427
912,390,1302
103,223,326
112,621,733
403,328,731
530,229,759
488,85,573
394,819,1213
18,768,786
285,33,318
6,321,327
144,521,665
114,680,794
665,475,1140
885,83,968
30,194,224
518,172,690
916,38,954
876,198,1074
90,0,90
761,510,1271
124,564,688
423,894,1317
478,348,826
553,702,1255
772,738,1510
808,590,1398
592,61,653
555,895,1450
731,24,755
142,730,872
961,682,1643
179,559,738
149,969,1118
873,626,1499
260,582,842
915,71,986
189,392,581
30,759,789
482,13,495
960,775,1735
359,580,939
900,575,1475
731,806,1537
719,322,1041
543,570,1113
101,937,1038
40,143,183
540,442,982
226,624,850
419,763,1182
405,77,482
990,943,1933
528,76,604
521,404,925
851,561,1412
531,688,1219
685,832,1517
390,761,1151
240,564,804
785,637,1422
713,87,800
812,257,1069
691,624,1315
927,689,1616
232,607,839
143,133,276
888,966,1854
311,966,1277
787,829,1616
225,90,315
289,958,1247
26,174,200
593,328,921
117,782,899
700,223,923
287,640,927
444,174,618
626,152,778
615,80,695
828,911,1739
572,979,1551
81,980,1061
284,592,876
235,407,642
18,312,330
766,642,1408
871,287,1158
319,680,999
753,956,1709
243,837,1080
510,801,1311
907,69,976
128,652,780
474,337,811
565,951,1516
601,176,777
804,873,1677
379,402,781
407,511,918
775,70,845
408,59,467
277,72,349
70,414,484
463,766,1229
990,999,1989
126,974,1100
232,176,408
518,577,1095
702,782,1484
68,506,574
189,215,404
368,462,830
465,387,852
864,434,1298
256,530,786
629,809,1438
561,732,1293
503,902,1405
548,0,548
546,411,957
494,689,1183
868,711,1579
816,807,1623
204,878,1082
46,78,124
676,691,1367
572,289,861
191,210,401
541,475,1016
834,628,1462
19,472,491
483,597,1080
624,102,726
811,929,1740
991,361,1352
600,418,1018
605,681,1286
0,455,455
427,486,913
438,816,1254
857,928,1785
342,444,786
847,944,1791
715,391,1106
912,709,1621
405,17,422
342,324,666
541,311,852
592,596,1188
296,807,1103
855,132,987
657,919,1576
593,208,801
957,90,1047
418,927,1345
266,953,1219
862,24,886
323,357,680
377,598,975
979,147,1126
113,186,299
827,48,875
851,193,1044
44,404,448
786,765,1551
194,797,991
792,815,1607
652,530,1182
180,864,1044
182,788,970
485,216,701
90,9,99
628,959,1587
713,800,1513
23,783,806
567,765,1332
958,308,1266
498,249,747
21,223,244
455,397,852
135,707,842
445,290,735
333,583,916
169,647,816
310,134,444
558,819,1377
882,96,978
861,268,1129
716,953,1669
561,686,1247
907,708,1615
582,231,813
228,123,351
926,510,1436
26,839,865
115,214,329
166,18,184
169,441,610
336,994,1330
564,412,976
825,456,1281
61,928,989
85,201,286
132,13,145
891,412,1303
822,478,1300
398,968,1366
216,299,515
447,441,888
353,831,1184
798,527,1325
846,152,998
873,662,1535
423,842,1265
35,223,258
912,563,1475
512,24,536
13,650,663
269,309,578
969,417,1386
984,455,1439
21,642,663
328,659,987
629,555,1184
748,263,1011
843,104,947
499,539,1038
687,815,1502
957,33,990
596,116,712
155,863,1018
222,667,889
27,697,724
499,659,1158
286,321,607
909,224,1133
880,637,1517
604,290,894
397,963,1360
659,978,1637
50,78,128
573,917,1490
392,770,1162
915,562,1477
200,494,694
484,308,792
522,308,830
327,577,904
244,959,1203
335,286,621
294,191,485
18,819,837
862,58,920
699,177,876
569,319,888
769,574,1343
972,226,1198
633,667,1300
366,621,987
931,831,1762
977,463,1440
170,130,300
505,354,859
74,864,938
126,180,306
472,299,771
818,994,1812
79,106,185
871,977,1848
296,780,1076
514,103,617
207,12,219
710,316,1026
567,12,579
261,783,1044
970,661,1631
782,850,1632
606,494,1100
608,309,917
343,629,972
165,704,869
143,750,893
101,605,706
212,707,919
451,214,665
919,390,1309
205,477,682
353,659,1012
258,753,1011
335,678,1013
606,460,1066
652,218,870
345,111,456
61,559,620
929,810,1739
142,294,436
947,581,1528
661,808,1469
913,115,1028
252,474,726
630,151,781
33,228,261
924,208,1132
328,676,1004
650,684,1334
817,935,1752
779,147,926
484,407,891
182,372,554
736,738,1474
341,355,696
246,950,1196
543,997,1540
89,19,108
556,107,663
830,897,1727
793,555,1348
261,417,678
559,198,757
538,102,640
113,489,602
98,91,189
566,873,1439
638,355,993
820,867,1687
743,604,1347
595,563,1158
857,99,956
785,232,1017
820,657,1477
776,246,1022
30,969,999
298,59,357
601,578,1179
749,72,821
888,609,1497
488,128,616
475,223,698
126,370,496
220,140,360
103,91,194
863,38,901
883,891,1774
973,900,1873
849,310,1159
17,214,231
376,123,499
387,991,1378
795,313,1108
708,640,1348
54,575,629
422,38,460
12,670,682
43,885,928
224,181,405
642,512,1154
656,952,1608
794,143,937
320,485,805
670,985,1655
508,427,935
715,645,1360
831,71,902
903,460,1363
531,644,1175
734,44,778
424,930,1354
783,543,1326
331,815,1146
84,386,470
924,456,1380
930,298,1228
791,188,979
135,376,511
247,40,287
232,179,411
667,513,1180
807,699,1506
846,93,939
856,885,1741
329,16,345
785,523,1308
17,970,987
793,254,1047
193,281,474
208,346,554
706,744,1450
685,217,902
232,12,244
801,354,1155
900,738,1638
170,39,209
965,531,1496
190,680,870
95,39,134
967,446,1413
549,582,1131
537,268,805
418,158,576
258,860,1118
255,275,530
836,71,907
52,749,801
49,363,412
727,638,1365
354,119,473
835,157,992
227,329,556
945,636,1581
182,54,236
428,326,754
930,433,1363
854,254,1108
819,206,1025
455,669,1124
407,569,976
407,615,1022
868,198,1066
753,677,1430
248,256,504
652,780,1432
787,606,1393
491,646,1137
485,754,1239
292,364,656
104,412,516
539,363,902
549,714,1263
425,847,1272
875,376,1251
481,746,1227
837,389,1226
834,971,1805
422,185,607
403,947,1350
961,875,1836
708,597,1305
130,244,374
587,11,598
964,269,1233
936,798,1734
35,849,884
120,559,679
708,962,1670
462,583,1045
2,314,316
64,558,622
158,4,162
936,723,1659
922,382,1304
510,500,1010
469,315,784
232,713,945
24,782,806
55,324,379
694,572,1266
286,108,394
70,175,245
296,750,1046
974,397,1371
190,184,374
938,283,1221
405,499,904
739,22,761
951,988,1939
601,520,1121
847,23,870
68,798,866
4,810,814
559,322,881
1,163,164
980,382,1362
269,137,406
723,333,1056
128,65,193
754,157,911
328,467,795
777,393,1170
516,856,1372
705,589,1294
32,138,170
839,64,903
217,844,1061
890,296,1186
27,147,174
175,213,388
421,677,1098
736,978,1714
85,472,557
395,451,846
267,337,604
633,943,1576
106,916,1022
996,193,1189
453,954,1407
567,966,1533
323,307,630
277,616,893
285,492,777
367,326,693
549,828,1377
218,60,278
806,191,997
689,538,1227
120,888,1008
265,463,728
59,253,312
735,37,772
849,272,1121
576,82,658
830,258,1088
298,17,315
708,913,1621
181,967,1148
261,349,610
600,627,1227
245,273,518
671,230,901
727,145,872
696,252,948
128,617,745
965,515,1480
226,504,730
935,617,1552
637,263,900
236,617,853
25,769,794
761,526,1287
854,984,1838
491,492,983
465,490,955
847,400,1247
732,577,1309
508,827,1335
203,795,998
474,388,862
77,245,322
435,114,549
961,258,1219
995,914,1909
568,568,1136
494,566,1060
697,189,886
105,709,814
186,280,466
762,397,1159
875,830,1705
66,30,96
905,428,1333
254,595,849
79,411,490
701,451,1152
878,678,1556
197,608,805
833,367,1200
641,852,1493
428,536,964
326,583,909
404,524,928
942,315,1257
163,805,968
778,25,803
893,496,1389
594,375,969
493,610,1103
625,522,1147
539,637,1176
171,835,1006
751,426,1177
626,160,786
624,676,1300
731,23,754
426,714,1140
567,80,647
737,890,1627
518,620,1138
732,358,1090
611,115,726
373,617,990
429,699,1128
979,228,1207
200,336,536
913,771,1684
450,631,1081
187,942,1129
1000,700,1700
343,153,496
686,986,1672
919,583,1502
892,937,1829
905,525,1430
243,660,903
205,83,288
737,321,1058
459,840,1299
301,500,801
903,75,978
621,164,785
590,205,795
548,386,934
421,901,1322
665,356,1021
722,212,934
779,459,1238
542,716,1258
400,423,823
994,756,1750
337,896,1233
38,751,789
84,373,457
19,166,185
155,363,518
266,906,1172
917,277,1194
812,264,1076
258,245,503
569,431,1000
305,737,1042
594,714,1308
346,674,1020
198,343,541
20,206,226
473,669,1142
702,108,810
887,535,1422
851,411,1262
588,390,978
769,929,1698
378,314,692
365,423,788
938,661,1599
792,167,959
190,378,568
739,75,814
766,813,1579
803,820,1623
690,867,1557
195,134,329
880,413,1293
689,28,717
966,317,1283
711,719,1430
41,543,584
292,657,949
284,690,974
435,423,858
854,857,1711
187,645,832
706,591,1297
931,862,1793
189,332,521
994,643,1637
998,43,1041
902,110,1012
347,177,524
915,727,1642
237,226,463
378,461,839
105,858,963
499,668,1167
967,465,1432
528,386,914
647,659,1306
822,548,1370
596,639,1235
828,824,1652
732,70,802
339,977,1316
580,59,639
783,703,1486
326,296,622
791,31,822
941,810,1751
38,137,175
107,697,804
778,11,789
751,309,1060
214,567,781
868,196,1064
342,538,880
514,705,1219
335,544,879
5,373,378
677,390,1067
580,232,812
666,929,1595
129,924,1053
928,406,1334
19,691,710
738,434,1172
801,585,1386
265,684,949
569,574,1143
550,199,749
761,971,1732
418,234,652
64,171,235
326,459,785
537,628,1165
255,482,737
968,219,1187
234,20,254
70,267,337
719,573,1292
311,942,1253
90,5,95
458,831,1289
998,404,1402
433,300,733
741,725,1466
357,583,940
926,138,1064
444,208,652
817,809,1626
441,839,1280
237,698,935
993,205,1198
830,78,908
101,300,401
858,724,1582
728,402,1130
761,187,948
425,183,608
798,937,1735
918,593,1511
342,8,350
232,468,700
372,721,1093
649,486,1135
973,197,1170
591,240,831
624,472,1096
46,701,747
268,864,1132
582,156,738
858,63,921
161,570,731
684,133,817
768,614,1382
519,782,1301
886,575,1461
841,63,904
774,99,873
892,60,952
575,783,1358
899,204,1103
257,666,923
321,800,1121
682,973,1655
87,679,766
908,124,1032
590,434,1024
446,637,1083
946,585,1531
234,939,1173
826,869,1695
48,997,1045
64,57,121
947,104,1051
363,837,1200
621,375,996
966,289,1255
323,80,403
862,825,1687
276,305,581
218,205,423
308,308,616
720,70,790
288,911,1199
129,522,651
546,562,1108
424,90,514
211,994,1205
873,765,1638
770,661,1431
148,992,1140
108,275,383
390,188,578
636,756,1392
781,554,1335
689,17,706
409,592,1001
63,163,226
580,157,737
661,249,910
239,469,708
197,194,391
223,612,835
59,357,416
78,435,513
938,822,1760
374,395,769
489,908,1397
677,511,1188
443,898,1341
432,52,484
648,201,849
168,88,256
389,694,1083
176,361,537
959,500,1459
691,354,1045
957,304,1261
114,168,282
202,972,1174
760,952,1712
731,216,947
224,879,1103
225,225,450
780,121,901
679,931,1610
81,28,109
243,683,926
36,438,474
563,279,842
624,966,1590
970,380,1350
854,488,1342
697,390,1087
778,604,1382
259,953,1212
542,176,718
655,743,1398
218,37,255
150,623,773
288,604,892
632,312,944
326,789,1115
760,239,999
863,185,1048
819,60,879
216,848,1064
861,72,933
556,412,968
186,702,888
302,415,717
287,458,745
970,784,1754
749,743,1492
969,940,1909
831,160,991
507,218,725
556,273,829
626,702,1328
500,609,1109
938,706,1644
487,595,1082
958,964,1922
438,925,1363
216,825,1041
212,904,1116
156,552,708
638,436,1074
921,513,1434
548,877,1425
740,137,877
596,340,936
292,847,1139
413,238,651
792,627,1419
506,797,1303
500,502,1002
387,744,1131
753,562,1315
760,460,1220
136,265,401
950,305,1255
809,620,1429
845,432,1277
101,698,799
197,153,350
526,284,810
309,466,775
282,993,1275
397,705,1102
444,465,909
413,779,1192
550,259,809
891,174,1065
464,674,1138
393,326,719
879,179,1058
889,305,1194
834,476,1310
227,208,435
575,87,662
98,178,276
717,591,1308
852,94,946
121,852,973
954,603,1557
282,982,1264
202,138,340
18,217,235
950,377,1327
968,218,1186
933,620,1553
772,604,1376
169,976,1145
844,748,1592
727,195,922
855,678,1533
755,243,998
681,457,1138
991,238,1229
501,271,772
501,396,897
620,79,699
175,100,275
478,90,568
498,678,1176
579,20,599
51,752,803
3,40,43
159,409,568
554,9,563
973,425,1398
75,917,992
7,842,849
445,342,787
829,143,972
955,637,1592
682,797,1479
854,577,1431
506,971,1477
83,162,245
865,701,1566
3,292,295
744,782,1526
804,475,1279
361,222,583
84,749,833
905,202,1107
544,134,678
436,975,1411
304,313,617
111,92,203
441,442,883
630,853,1483
632,77,709
86,438,524
980,398,1378
641,96,737
710,200,910
167,753,920
902,655,1557
871,696,1567
618,278,896
419,191,610
407,333,740
747,582,1329
575,74,649
462,134,596
693,606,1299
390,241,631
652,939,1591
560,661,1221
522,525,1047
727,322,1049
644,771,1415
808,413,1221
90,372,462
409,201,610
366,349,715
803,892,1695
846,975,1821
209,663,872
245,949,1194
387,362,749
719,516,1235
267,210,477
477,669,1146
152,688,840
453,569,1022
571,354,925
353,910,1263
179,726,905
233,908,1141
221,799,1020
170,198,368
872,413,1285
188,148,336
310,797,1107
936,709,1645
578,195,773
870,107,977
439,953,1392
392,682,1074
757,910,1667
840,304,1144
89,540,629
619,331,950
127,724,851
707,280,987
714,58,772
30,163,193
670,443,1113
52,420,472
282,697,979
127,442,569
244,342,586
375,764,1139
259,59,318
850,314,1164
114,56,170
739,503,1242
146,775,921
479,877,1356
342,562,904
524,644,1168
718,947,1665
488,893,1381
662,295,957
59,377,436
718,325,1043
279,157,436
424,793,1217
145,6,151
446,25,471
156,11,167
31,147,178
202,345,547
322,541,863
730,373,1103
633,719,1352
218,318,536
680,694,1374
140,287,427
502,358,860
525,811,1336
5,867,872
592,490,1082
747,111,858
822,993,1815
525,494,1019
680,212,892
898,136,1034
149,708,857
371,419,790
427,353,780
856,917,1773
950,380,1330
734,667,1401
866,913,1779
537,488,1025
670,343,1013
57,983,1040
802,950,1752
433,965,1398
170,354,524
765,351,1116
668,581,1249
225,277,502
792,323,1115
595,238,833
71,219,290
114,356,470
849,951,1800
338,164,502
874,316,1190
694,599,1293
884,294,1178
459,616,1075
323,242,565
235,887,1122
849,774,1623
742,885,1627
86,273,359
862,264,1126
70,14,84
206,222,428
998,872,1870
328,755,1083
189,40,229
543,127,670
403,145,548
385,839,1224
967,961,1928
210,376,586
517,170,687
695,44,739
194,440,634
172,112,284
615,661,1276
224,493,717
831,739,1570
822,377,1199
602,168,770
449,671,1120
232,915,1147
204,964,1168
721,397,1118
439,57,496
171,888,1059
196,435,631
841,696,1537
125,782,907
353,9,362
327,433,760
675,541,1216
433,769,1202
672,337,1009
620,721,1341
671,932,1603
375,496,871
634,986,1620
602,199,801
123,127,250
220,196,416
46,313,359
115,114,229
513,151,664
170,564,734
357,894,1251
478,611,1089
827,390,1217
506,502,1008
502,570,1072
666,380,1046
564,953,1517
289,912,1201
558,104,662
768,435,1203
987,890,1877
759,505,1264
633,586,1219
772,988,1760
849,295,1144
970,838,1808
115,162,277
353,846,1199
153,948,1101
319,774,1093
229,340,569
725,360,1085
380,17,397
275,224,499
261,937,1198
345,992,1337
807,903,1710
15,731,746
288,759,1047
801,987,1788
698,97,795
948,334,1282
82,684,766
543,368,911
855,388,1243
163,633,796
620,697,1317
440,621,1061
554,264,818
597,529,1126
613,595,1208
338,947,1285
89,109,198
217,639,856
773,160,933
355,927,1282
496,50,546
486,895,1381
56,412,468
442,390,832
210,566,776
986,195,1181
401,646,1047
619,214,833
347,43,390
324,685,1009
130,596,726
539,519,1058
206,308,514
537,124,661
154,55,209
244,980,1224
500,266,766
423,443,866
331,950,1281
830,802,1632
213,444,657
402,48,450
644,810,1454
262,678,940
686,202,888
903,739,1642
429,456,885
8,683,691
542,468,1010
168,276,444
716,582,1298
204,969,1173
986,144,1130
480,599,1079
738,70,808
349,483,832
750,324,1074
813,674,1487
379,849,1228
123,774,897
893,365,1258
709,436,1145
869,818,1687
792,65,857
84,817,901
712,651,1363
345,242,587
745,911,1656
263,700,963
408,652,1060
208,708,916
557,542,1099
345,438,783
652,67,719
910,58,968
129,101,230
647,420,1067
890,21,911
951,614,1565
930,973,1903
166,720,886
926,245,1171
334,968,1302
627,825,1452
19,520,539
489,535,1024
289,598,887
428,394,822
325,435,760
430,710,1140
248,818,1066
518,564,1082
122,571,693
469,572,1041
762,598,1360
776,349,1125
248,216,464
804,522,1326
680,168,848
889,869,1758
239,953,1192
832,172,1004
260,717,977
766,486,1252
413,718,1131
361,755,1116
170,103,273
186,580,766
449,360,809
142,882,1024
382,741,1123
245,91,336
506,566,1072
560,936,1496
441,863,1304
260,265,525
129,534,663
325,240,565
667,752,1419
210,731,941
170,166,336
727,885,1612
834,203,1037
758,37,795
35,183,218
730,287,1017
252,714,966
274,960,1234
715,708,1423
852,440,1292
326,522,848
185,913,1098
140,90,230
294,116,410
284,607,891
625,323,948
674,29,703
889,556,1445
191,522,713
236,208,444
937,527,1464
544,540,1084
977,415,1392
715,324,1039
17,414,431
159,269,428
548,96,644
744,8,752
543,576,1119
649,395,1044
618,809,1427
367,628,995
568,136,704
332,229,561
689,846,1535
949,677,1626
459,527,986
856,368,1224
557,874,1431
489,965,1454
128,703,831
290,682,972
807,227,1034
498,682,1180
947,922,1869
424,678,1102
259,381,640
115,8,123
0,892,892
733,854,1587
792,331,1123
129,285,414
752,901,1653
241,482,723
380,379,759
973,455,1428
124,445,569
292,34,326
179,118,297
903,341,1244
800,185,985
598,939,1537
452,646,1098
579,367,946
237,58,295
174,89,263
522,171,693
587,75,662
231,433,664
297,328,625
155,608,763
543,860,1403
679,823,1502
222,900,1122
368,800,1168
906,450,1356
332,768,1100
156,97,253
188,837,1025
25,329,354
710,807,1517
560,748,1308
553,422,975
506,371,877
66,506,572
879,517,1396
628,544,1172
575,776,1351
464,755,1219
294,842,1136
235,254,489
242,406,648
303,37,340
382,248,630
919,956,1875
361,314,675
357,968,1325
303,92,395
975,871,1846
221,785,1006
227,867,1094
401,134,535
584,884,1468
142,221,363
401,23,424
238,12,250
326,23,349
589,849,1438
982,304,1286
931,14,945
95,676,771
116,888,1004
382,422,804
685,403,1088
116,57,173
767,920,1687
801,428,1229
607,131,738
5,949,954
480,973,1453
656,968,1624
618,225,843
544,235,779
553,359,912
233,111,344
175,830,1005
585,390,975
386,837,1223
415,860,1275
820,962,1782
325,138,463
540,306,846
959,690,1649
711,718,1429
234,956,1190
403,232,635
17,817,834
162,228,390
637,146,783
916,503,1419
380,929,1309
397,449,846
171,268,439
307,47,354
670,324,994
879,750,1629
223,442,665
756,612,1368
707,150,857
677,993,1670
747,778,1525
757,381,1138
890,40,930
148,479,627
596,634,1230
282,370,652
480,498,978
506,947,1453
611,35,646
742,914,1656
933,80,1013
971,730,1701
84,838,922
188,299,487
709,649,1358
102,303,405
374,369,743
504,731,1235
596,87,683
385,540,925
544,436,980
361,474,835
174,22,196
765,810,1575
956,365,1321
197,491,688
516,375,891
668,823,1491
431,299,730
976,76,1052
801,784,1585
492,249,741
362,647,1009
361,991,1352
512,733,1245
383,747,1130
460,793,1253
188,289,477
47,738,785
327,290,617
515,194,709
289,275,564
978,804,1782
66,626,692
838,787,1625
91,97,188
735,17,752
245,223,468
378,726,1104
450,665,1115
753,331,1084
308,550,858
291,985,1276
605,149,754
551,760,1311
558,230,788
444,57,501
504,507,1011
392,466,858
655,643,1298
856,806,1662
639,684,1323
189,690,879
676,723,1399
322,248,570
943,24,967
816,99,915
456,182,638
142,572,714
715,453,1168
643,144,787
399,252,651
434,691,1125
411,262,673
287,305,592
965,604,1569
810,121,931
413,609,1022
142,799,941
46,573,619
322,252,574
821,702,1523
136,978,1114
622,582,1204
316,534,850
740,49,789
700,340,1040
519,468,987
369,337,706
861,147,1008
206,684,890
847,342,1189
746,595,1341
607,645,1252
526,921,1447
332,624,956
866,682,1548
141,747,888
820,52,872
540,378,918
477,359,836
907,345,1252
670,291,961
759,514,1273
191,987,1178
915,957,1872
72,136,208
622,923,1545
894,629,1523
377,809,1186
596,175,771
567,442,1009
215,117,332
480,520,1000
493,318,811
224,878,1102
11,593,604
691,900,1591
9,913,922
378,947,1325
764,544,1308
584,8,592
141,588,729
105,360,465
967,846,1813
148,536,684
473,515,988
406,688,1094
1000,942,1942
496,847,1343
140,50,190
907,836,1743
742,541,1283
482,38,520
695,386,1081
363,625,988
917,564,1481
112,830,942
622,57,679
685,490,1175
947,161,1108
819,361,1180
713,337,1050
933,191,1124
355,320,675
567,79,646
541,581,1122
855,584,1439
711,58,769
728,301,1029
608,884,1492
728,867,1595
702,652,1354
450,624,1074
323,151,474
576,625,1201
630,457,1087
754,905,1659
329,681,1010
403,460,863
441,266,707
690,860,1550
52,822,874
918,893,1811
511,399,910
268,324,592
525,585,1110
238,430,668
763,953,1716
216,389,605
910,150,1060
301,411,712
243,663,906
318,644,962
715,117,832
437,213,650
28,881,909
353,931,1284
194,179,373
686,598,1284
129,163,292
428,584,1012
248,313,561
241,850,1091
724,804,1528
805,177,982
29,877,906
829,871,1700
247,188,435
335,331,666
217,408,625
971,256,1227
606,293,899
866,600,1466
832,173,1005
842,387,1229
47,196,243
330,648,978
716,951,1667
973,663,1636
539,939,1478
46,663,709
392,396,788
560,527,1087
93,818,911
144,686,830
184,67,251
373,892,1265
999,942,1941
39,807,846
917,295,1212
132,730,862
857,924,1781
85,520,605
961,101,1062
986,217,1203
718,618,1336
283,216,499
203,293,496
303,960,1263
260,119,379
215,36,251
249,121,370
320,975,1295
120,627,747
210,711,921
828,689,1517
180,301,481
821,9,830
387,620,1007
814,160,974
434,378,812
439,327,766
473,313,786
103,735,838
654,732,1386
556,460,1016
770,918,1688
670,401,1071
909,769,1678
738,852,1590
489,803,1292
36,570,606
547,346,893
401,150,551
27,311,338
35,160,195
969,847,1816
119,538,657
2,121,123
261,440,701
408,903,1311
801,674,1475
37,734,771
695,418,1113
592,560,1152
354,991,1345
798,683,1481
357,816,1173
719,690,1409
299,829,1128
880,238,1118
563,990,1553
687,482,1169
141,196,337
908,332,1240
680,488,1168
515,323,838
364,950,1314
927,489,1416
847,58,905
796,109,905
73,276,349
642,48,690
356,130,486
487,420,907
306,596,902
631,148,779
740,358,1098
863,682,1545
978,292,1270
154,788,942
1000,390,1390
300,638,938
622,38,660
617,470,1087
971,208,1179
549,348,897
710,152,862
326,930,1256
330,255,585
420,443,863
55,190,245
168,86,254
350,481,831
946,565,1511
959,909,1868
320,198,518
10,927,937
798,182,980
601,647,1248
424,841,1265
169,667,836
479,398,877
125,190,315
892,214,1106
961,354,1315
930,465,1395
934,662,1596
767,631,1398
447,924,1371
499,847,1346
159,996,1155
214,435,649
453,482,935
121,691,812
816,419,1235
699,589,1288
398,697,1095
633,869,1502
698,655,1353
468,5,473
705,426,1131
179,401,580
540,236,776
785,159,944
823,334,1157
99,890,989
635,888,1523
281,928,1209
837,77,914
478,479,957
800,222,1022
219,667,886
610,382,992
286,665,951
109,342,451
213,514,727
982,301,1283
848,118,966
943,104,1047
181,78,259
53,789,842
140,217,357
750,888,1638
42,489,531
403,244,647
290,512,802
404,362,766
504,532,1036
377,41,418
291,553,844
934,233,1167
133,570,703
100,114,214
277,648,925
990,940,1930
64,131,195
336,325,661
941,558,1499
449,930,1379
416,861,1277
979,395,1374
878,544,1422
315,465,780
453,724,1177
136,812,948
37,888,925
189,190,379
667,444,1111
460,241,701
259,151,410
453,265,718
571,282,853
838,240,1078
634,997,1631
849,277,1126
730,594,1324
866,176,1042
544,220,764
883,1000,1883
736,526,1262
633,519,1152
104,538,642
751,630,1381
655,176,831
424,784,1208
515,576,1091
558,74,632
347,805,1152
578,214,792
513,513,1026
32,856,888
922,496,1418
295,856,1151
302,130,432
502,160,662
261,36,297
699,945,1644
23,244,267
743,431,1174
764,418,1182
81,313,394
352,562,914
942,46,988
592,664,1256
911,592,1503
239,179,418
527,610,1137
707,36,743
423,756,1179
554,639,1193
436,317,753
115,24,139
877,854,1731
829,590,1419
32,301,333
908,484,1392
266,369,635
845,827,1672
243,177,420
691,17,708
581,568,1149
347,967,1314
829,838,1667
222,946,1168
709,132,841
713,466,1179
792,579,1371
135,53,188
690,173,863
782,459,1241
442,628,1070
272,490,762
986,555,1541
148,149,297
984,831,1815
114,971,1085
604,814,1418
411,241,652
42,277,319
119,988,1107
613,361,974
8,733,741
189,411,600
396,684,1080
72,447,519
743,133,876
670,93,763
378,580,958
159,757,916
204,809,1013
874,719,1593
574,836,1410
479,73,552
459,385,844
894,260,1154
811,525,1336
574,565,1139
752,949,1701
680,612,1292
400,303,703
724,590,1314
68,236,304
703,197,900
788,899,1687
790,770,1560
992,710,1702
388,212,600
929,811,1740
828,705,1533
433,326,759
474,847,1321
977,847,1824
807,773,1580
392,325,717
156,92,248
750,82,832
916,830,1746
269,46,315
9,429,438
697,141,838
212,748,960
802,341,1143
204,273,477
205,375,580
320,811,1131
662,372,1034
247,540,787
189,699,888
692,907,1599
976,588,1564
219,174,393
204,953,1157
302,831,1133
190,1000,1190
92,607,699
294,32,326
563,910,1473
601,468,1069
473,749,1222
518,987,1505
152,504,656
880,880,1760
344,922,1266
301,169,470
559,787,1346
559,324,883
776,425,1201
151,500,651
299,152,451
953,934,1887
492,348,840
31,319,350
264,638,902
754,694,1448
127,708,835
335,900,1235
684,431,1115
673,999,1672
795,444,1239
939,407,1346
342,32,374
674,758,1432
682,946,1628
836,288,1124
71,335,406
548,296,844
311,776,1087
441,243,684
10,445,455
615,602,1217
74,188,262
335,656,991
785,868,1653
33,551,584
149,80,229
701,468,1169
586,26,612
64,966,1030
897,396,1293
77,530,607
333,66,399
253,604,857
707,900,1607
360,464,824
110,629,739
200,698,898
743,352,1095
564,79,643
102,811,913
473,260,733
577,369,946
753,58,811
436,892,1328
902,877,1779
204,373,577
326,2,328
75,519,594
509,20,529
361,705,1066
145,858,1003
692,380,1072
424,79,503
742,125,867
872,684,1556
21,991,1012
547,492,1039
390,25,415
939,4,943
269,340,609
79,320,399
102,94,196
863,829,1692
530,506,1036
390,146,536
648,474,1122
374,87,461
425,685,1110
55,747,802
882,134,1016
256,830,1086
382,352,734
315,962,1277
69,121,190
210,415,625
56,767,823
593,250,843
905,663,1568
649,522,1171
241,996,1237
662,24,686
193,21,214
842,5,847
920,599,1519
565,493,1058
937,495,1432
1,229,230
231,597,828
506,120,626
67,768,835
495,41,536
351,454,805
437,703,1140
759,980,1739
954,96,1050
501,714,1215
966,140,1106
199,550,749
914,231,1145
716,525,1241
791,286,1077
280,344,624
646,791,1437
121,808,929
66,188,254
560,574,1134
521,346,867
262,608,870
236,819,1055
957,294,1251
307,792,1099
321,740,1061
507,754,1261
64,34,98
520,966,1486
361,892,1253
254,503,757
731,100,831
841,963,1804
844,11,855
571,488,1059
756,532,1288
259,491,750
628,477,1105
242,225,467
96,940,1036
935,370,1305
700,107,807
812,609,1421
263,735,998
233,785,1018
630,445,1075
466,774,1240
369,621,990
33,367,400
618,771,1389
138,850,988
300,698,998
464,678,1142
801,733,1534
655,228,883
401,324,725
370,71,441
60,630,690
349,785,1134
778,347,1125
521,542,1063
764,629,1393
99,805,904
320,630,950
849,636,1485
914,861,1775
90,664,754
449,711,1160
740,534,1274
199,161,360
133,82,215
990,798,1788
310,197,507
182,751,933
334,504,838
401,524,925
138,553,691
98,956,1054
563,260,823
450,180,630
655,735,1390
27,224,251
695,623,1318
359,768,1127
971,203,1174
837,560,1397
163,713,876
327,528,855
647,170,817
564,890,1454
603,585,1188
638,136,774
174,443,617
264,21,285
599,809,1408
540,36,576
806,565,1371
936,420,1356
619,178,797
234,309,543
750,991,1741
267,909,1176
848,471,1319
874,170,1044
386,680,1066
324,433,757
842,83,925
63,890,953
569,406,975
333,255,588
245,862,1107
219,557,776
393,527,920
32,242,274
447,644,1091
368,186,554
951,668,1619
62,334,396
896,65,961
646,578,1224
835,57,892
45,474,519
587,95,682
686,330,1016
606,326,932
666,229,895
419,59,478
526,726,1252
117,939,1056
329,624,953
423,350,773
621,386,1007
843,383,1226
370,476,846
81,571,652
502,876,1378
234,755,989
195,155,350
853,417,1270
192,482,674
374,318,692
551,6,557
560,287,847
618,218,836
783,79,862
700,401,1101
221,417,638
212,37,249
834,444,1278
235,969,1204
940,439,1379
380,759,1139
748,991,1739
615,997,1612
891,586,1477
579,545,1124
644,766,1410
690,603,1293
731,584,1315
745,139,884
955,907,1862
559,382,941
624,400,1024
145,309,454
504,662,1166
436,151,587
946,999,1945
481,964,1445
366,968,1334
472,364,836
746,832,1578
137,1000,1137
420,472,892
392,533,925
851,822,1673
623,72,695
620,192,812
781,91,872
540,544,1084
953,758,1711
784,342,1126
36,934,970
168,394,562
909,987,1896
702,257,959
936,913,1849
356,771,1127
174,421,595
645,542,1187
82,231,313
420,24,444
422,230,652
196,529,725
30,884,914
381,175,556
328,156,484
431,391,822
697,680,1377
600,364,964
631,681,1312
790,946,1736
886,246,1132
9,626,635
750,118,868
236,390,626
143,423,566
558,862,1420
892,640,1532
277,837,1114
357,492,849
239,185,424
928,500,1428
790,755,1545
932,534,1466
627,362,989
778,869,1647
543,99,642
496,151,647
615,630,1245
410,914,1324
152,516,668
20,603,623
11,510,521
741,440,1181
757,583,1340
662,895,1557
665,334,999
956,231,1187
153,844,997
439,35,474
449,953,1402
611,635,1246
255,582,837
223,986,1209
165,413,578
92,328,420
885,110,995
740,207,947
481,796,1277
113,845,958
108,370,478
744,932,1676
233,479,712
72,374,446
178,310,488
600,279,879
147,153,300
683,684,1367
592,944,1536
663,269,932
11,756,767
430,705,1135
363,110,473
601,554,1155
835,371,1206
391,390,781
589,49,638
812,290,1102
890,853,1743
388,504,892
701,211,912
513,634,1147
503,683,1186
172,875,1047
484,583,1067
882,475,1357
280,471,751
912,78,990
996,977,1973
248,417,665
295,92,387
908,239,1147
488,384,872
560,797,1357
615,113,728
128,253,381
710,564,1274
265,952,1217
907,79,986
642,544,1186
298,607,905
81,225,306
837,971,1808
203,241,444
6,681,687
242,203,445
514,290,804
445,751,1196
889,593,1482
709,900,1609
266,199,465
222,951,1173
445,360,805
618,694,1312
11,156,167
568,264,832
667,947,1614
324,130,454
150,636,786
422,971,1393
149,827,976
12,855,867
134,366,500
296,713,1009
842,738,1580
765,519,1284
981,609,1590
473,620,1093
56,811,867
805,89,894
147,822,969
948,640,1588
446,599,1045
394,750,1144
848,933,1781
708,734,1442
304,944,1248
40,297,337
206,915,1121
40,220,260
451,57,508
344,616,960
276,404,680
821,616,1437
677,254,931
294,942,1236
124,421,545
971,118,1089
996,830,1826
817,413,1230
752,229,981
136,145,281
706,158,864
438,956,1394
165,682,847
228,543,771
284,801,1085
125,180,305
795,981,1776
560,13,573
312,935,1247
709,333,1042
766,646,1412
788,119,907
910,694,1604
642,437,1079
412,915,1327
580,899,1479
136,398,534
573,155,728
860,285,1145
520,169,689
450,975,1425
339,192,531
770,732,1502
174,77,251
876,972,1848
392,109,501
178,370,548
806,9,815
597,68,665
989,366,1355
174,252,426
223,367,590
201,960,1161
536,571,1107
977,761,1738
507,583,1090
21,636,657
106,180,286
671,800,1471
818,37,855
436,581,1017
653,30,683
585,904,1489
39,996,1035
89,417,506
15,934,949
675,446,1121
67,269,336
553,76,629
242,949,1191
567,799,1366
651,32,683
972,358,1330
786,210,996
830,539,1369
56,150,206
72,246,318
299,548,847
158,441,599
608,298,906
318,854,1172
371,732,1103
129,414,543
470,901,1371
230,110,340
149,836,985
548,937,1485
327,131,458
818,264,1082
486,235,721
466,571,1037
443,434,877
714,341,1055
424,802,1226
567,546,1113
674,523,1197
211,297,508
737,113,850
711,660,1371
599,133,732
617,758,1375
860,894,1754
838,667,1505
229,779,1008
561,374,935
733,570,1303
642,650,1292
882,282,1164
829,494,1323
898,277,1175
264,975,1239
798,978,1776
581,226,807
903,960,1863
815,346,1161
170,415,585
691,412,1103
318,547,865
614,911,1525
678,14,692
203,46,249
291,135,426
78,717,795
166,838,1004
845,349,1194
949,584,1533
749,550,1299
527,416,943
600,201,801
301,871,1172
64,911,975
564,620,1184
162,99,261
838,637,1475
173,551,724
871,708,1579
264,498,762
254,743,997
127,293,420
144,358,502
995,774,1769
58,386,444
933,169,1102
130,948,1078
192,118,310
475,31,506
752,412,1164
176,640,816
616,520,1136
712,934,1646
645,852,1497
516,39,555
825,589,1414
877,533,1410
268,188,456
571,273,844
360,510,870
166,934,1100
547,290,837
521,116,637
972,34,1006
52,541,593
727,68,795
641,268,909
826,766,1592
484,551,1035
970,867,1837
225,345,570
910,929,1839
371,91,462
34,545,579
323,374,697
106,514,620
39,300,339
202,178,380
874,178,1052
856,36,892
227,425,652
651,977,1628
584,774,1358
823,1000,1823
684,603,1287
323,916,1239
694,612,1306
503,299,802
695,626,1321
472,468,940
564,44,608
522,872,1394
50,575,625
210,447,657
542,601,1143
931,837,1768
189,740,929
827,10,837
567,920,1487
173,693,866
249,610,859
613,297,910
229,177,406
596,149,745
710,756,1466
492,599,1091
138,640,778
802,80,882
867,123,990
481,904,1385
418,221,639
839,482,1321
767,488,1255
25,899,924
906,101,1007
149,70,219
52,175,227
574,323,897
760,670,1430
297,299,596
620,495,1115
14,516,530
851,489,1340
571,511,1082
308,39,347
673,456,1129
65,96,161
462,980,1442
91,244,335
583,610,1193
996,793,1789
763,706,1469
104,673,777
298,716,1014
595,776,1371
535,511,1046
298,952,1250
44,708,752
200,422,622
926,546,1472
99,888,987
747,559,1306
904,689,1593
696,354,1050
474,447,921
662,656,1318
942,445,1387
888,299,1187
213,64,277
986,945,1931
722,664,1386
978,204,1182
388,849,1237
757,575,1332
468,410,878
545,327,872
937,87,1024
578,546,1124
61,873,934
331,517,848
14,14,28
674,960,1634
579,362,941
518,640,1158
532,241,773
638,627,1265
413,251,664
695,764,1459
738,12,750
313,347,660
589,591,1180
891,410,1301
256,404,660
55,671,726
66,596,662
41,855,896
43,997,1040
313,890,1203
973,885,1858
967,827,1794
438,202,640
314,327,641
969,883,1852
986,861,1847
164,990,1154
246,896,1142
608,776,1384
203,662,865
780,870,1650
148,567,715
191,984,1175
675,90,765
406,287,693
685,866,1551
482,388,870
625,360,985
643,905,1548
240,287,527
681,482,1163
824,498,1322
810,253,1063
689,288,977
203,603,806
285,376,661
835,533,1368
663,737,1400
535,386,921
725,471,1196
728,510,1238
249,748,997
82,835,917
128,365,493
541,376,917
699,71,770
754,498,1252
627,976,1603
805,483,1288
599,785,1384
639,974,1613
780,626,1406
368,147,515
923,795,1718
313,849,1162
849,243,1092
787,163,950
431,973,1404
950,657,1607
819,102,921
804,566,1370
676,603,1279
102,452,554
887,605,1492
274,932,1206
952,526,1478
442,260,702
920,674,1594
11,628,639
943,469,1412
447,546,993
642,794,1436
630,296,926
463,55,518
72,213,285
769,853,1622
902,596,1498
469,752,1221
315,718,1033
224,484,708
452,381,833
679,710,1389
529,264,793
494,947,1441
301,35,336
694,201,895
824,764,1588
398,307,705
215,769,984
946,32,978
388,577,965
453,994,1447
815,840,1655
156,770,926
529,165,694
393,100,493
672,897,1569
32,522,554
223,392,615
212,312,524
687,158,845
378,267,645
19,522,541
966,983,1949
220,294,514
732,617,1349
301,9,310
320,377,697
481,181,662
329,82,411
762,821,1583
620,729,1349
639,43,682
111,450,561
696,543,1239
95,922,1017
960,694,1654
493,348,841
357,99,456
827,770,1597
347,911,1258
797,486,1283
192,340,532
826,922,1748
142,719,861
616,391,1007
358,335,693
484,242,726
641,455,1096
635,758,1393
162,237,399
251,358,609
461,859,1320
201,863,1064
610,931,1541
368,300,668
110,656,766
392,972,1364
443,607,1050
653,70,723
260,556,816
198,63,261
158,909,1067
857,621,1478
661,161,822
432,447,879
712,429,1141
311,294,605
930,13,943
810,260,1070
435,536,971
488,14,502
598,823,1421
81,696,777
749,384,1133
831,964,1795
434,978,1412
114,608,722
912,173,1085
743,151,894
156,199,355
240,382,622
143,763,906
653,144,797
908,479,1387
971,838,1809
880,655,1535
681,464,1145
842,921,1763
491,91,582
312,777,1089
795,227,1022
574,334,908
830,341,1171
664,526,1190
431,356,787
409,115,524
77,514,591
302,525,827
102,210,312
407,734,1141
718,286,1004
105,341,446
366,19,385
23,973,996
658,152,810
911,63,974
248,214,462
889,557,1446
756,805,1561
810,523,1333
832,263,1095
10,328,338
162,238,400
69,0,69
554,306,860
688,920,1608
628,42,670
739,996,1735
439,843,1282
269,839,1108
567,100,667
187,424,611
731,536,1267
145,976,1121
14,561,575
471,986,1457
317,30,347
688,662,1350
881,322,1203
394,781,1175
502,537,1039
979,112,1091
982,41,1023
371,656,1027
600,690,1290
997,458,1455
700,299,999
400,729,1129
289,54,343
658,557,1215
167,749,916
208,482,690
779,206,985
743,662,1405
661,872,1533
80,105,185
155,230,385
45,301,346
48,95,143
623,62,685
353,270,623
600,260,860
374,373,747
160,888,1048
507,262,769
675,502,1177
529,752,1281
796,238,1034
216,174,390
994,579,1573
572,388,960
396,262,658
161,321,482
494,587,1081
748,893,1641
884,186,1070
869,533,1402
513,370,883
53,420,473
343,212,555
186,657,843
413,641,1054
625,782,1407
15,369,384
637,766,1403
198,602,800
340,133,473
245,813,1058
411,983,1394
166,695,861
82,666,748
378,853,1231
539,67,606
298,513,811
454,751,1205
613,3,616
809,51,860
963,877,1840
508,447,955
921,539,1460
697,68,765
222,673,895
438,228,666
808,247,1055
866,769,1635
941,26,967
906,2,908
42,453,495
49,875,924
616,403,1019
191,167,358
568,34,602
206,126,332
953,673,1626
584,253,837
607,248,855
266,938,1204
684,439,1123
945,942,1887
621,536,1157
735,48,783
813,751,1564
804,232,1036
950,460,1410
189,719,908
383,464,847
489,968,1457
386,580,966
857,763,1620
648,186,834
214,279,493
825,823,1648
839,321,1160
788,263,1051
611,386,997
999,60,1059
450,470,920
37,603,640
120,881,1001
562,548,1110
714,667,1381
951,116,1067
147,388,535
397,336,733
289,433,722
2,106,108
525,673,1198
744,435,1179
220,310,530
720,360,1080
367,872,1239
243,324,567
754,177,931
197,904,1101
654,929,1583
247,410,657
972,166,1138
364,55,419
509,664,1173
567,832,1399
997,871,1868
919,721,1640
309,424,733
132,711,843
422,904,1326
673,565,1238
392,395,787
804,810,1614
393,467,860
158,874,1032
317,760,1077
521,790,1311
483,978,1461
71,473,544
222,166,388
801,88,889
713,413,1126
886,526,1412
125,505,630
454,596,1050
903,975,1878
269,565,834
218,722,940
191,588,779
452,990,1442
659,405,1064
915,857,1772
950,164,1114
84,284,368
198,57,255
603,979,1582
410,811,1221
916,623,1539
886,763,1649
431,32,463
301,875,1176
12,571,583
6,945,951
347,110,457
602,358,960
632,815,1447
243,0,243
270,908,1178
972,321,1293
738,584,1322
87,644,731
363,695,1058
75,300,375
585,637,1222
758,827,1585
336,168,504
456,811,1267
403,498,901
823,357,1180
429,87,516
904,714,1618
128,320,448
856,119,975
530,444,974
594,760,1354
47,974,1021
922,83,1005
471,130,601
681,492,1173
290,855,1145
129,153,282
253,209,462
641,91,732
64,695,759
702,560,1262
957,457,1414
154,482,636
933,867,1800
922,940,1862
655,626,1281
501,76,577
128,529,657
605,455,1060
777,153,930
859,751,1610
228,132,360
962,547,1509
787,987,1774
870,26,896
392,460,852
458,287,745
321,398,719
971,646,1617
249,61,310
375,867,1242
586,604,1190
748,708,1456
401,725,1126
399,126,525
575,380,955
992,25,1017
221,939,1160
317,984,1301
33,938,971
466,928,1394
520,952,1472
702,530,1232
795,357,1152
103,616,719
838,799,1637
81,191,272
91,169,260
854,307,1161
133,589,722
69,589,658
180,420,600
433,929,1362
192,876,1068
376,628,1004
709,684,1393
61,601,662
735,736,1471
445,368,813
175,348,523
429,9,438
601,318,919
20,44,64
990,388,1378
391,109,500
85,629,714
229,836,1065
921,890,1811
218,709,927
16,813,829
90,625,715
311,553,864
884,811,1695
115,146,261
368,221,589
32,639,671
398,733,1131
221,491,712
347,433,780
342,443,785
46,947,993
920,419,1339
663,534,1197
721,835,1556
441,617,1058
175,715,890
550,259,809
237,829,1066
673,347,1020
506,469,975
182,522,704
560,381,941
322,371,693
537,570,1107
59,333,392
613,700,1313
898,100,998
515,150,665
396,861,1257
742,611,1353
315,912,1227
667,302,969
91,174,265
761,734,1495
890,318,1208
133,427,560
649,809,1458
30,468,498
663,506,1169
693,286,979
967,996,1963
304,185,489
798,652,1450
83,606,689
703,300,1003
950,56,1006
576,543,1119
417,971,1388
968,89,1057
134,658,792
481,375,856
938,546,1484
604,375,979
141,724,865
305,421,726
487,446,933
676,264,940
430,657,1087
952,388,1340
785,504,1289
273,236,509
575,772,1347
737,992,1729
568,110,678
385,128,513
718,438,1156
596,449,1045
785,637,1422
682,52,734
822,711,1533
564,704,1268
51,140,191
531,686,1217
231,53,284
841,103,944
75,327,402
291,94,385
622,646,1268
205,508,713
380,333,713
149,285,434
972,150,1122
388,255,643
982,196,1178
922,704,1626
907,232,1139
793,387,1180
906,265,1171
614,1,615
272,567,839
687,636,1323
61,635,696
159,78,237
300,122,422
978,692,1670
643,121,764
392,76,468
688,235,923
143,415,558
98,455,553
171,905,1076
10,342,352
790,660,1450
669,403,1072
147,402,549
61,88,149
592,67,659
879,398,1277
441,933,1374
590,864,1454
821,579,1400
819,557,1376
964,998,1962
290,74,364
105,213,318
670,281,951
128,91,219
999,81,1080
313,430,743
817,541,1358
951,171,1122
917,680,1597
900,529,1429
631,397,1028
270,254,524
20,848,868
209,52,261
428,527,955
389,18,407
136,224,360
211,438,649
56,1,57
200,477,677
360,983,1343
704,384,1088
494,316,810
635,904,1539
965,804,1769
752,394,1146
891,442,1333
980,981,1961
312,499,811
319,999,1318
521,173,694
282,20,302
769,309,1078
562,370,932
531,966,1497
713,455,1168
737,358,1095
356,984,1340
460,95,555
844,335,1179
286,171,457
325,455,780
707,707,1414
782,985,1767
175,626,801
375,980,1355
855,852,1707
977,907,1884
262,492,754
687,324,1011
233,388,621
206,702,908
561,860,1421
277,112,389
122,738,860
32,694,726
945,142,1087
854,633,1487
620,633,1253
80,841,921
75,739,814
124,120,244
377,707,1084
118,378,496
429,974,1403
178,998,1176
502,887,1389
819,663,1482
853,972,1825
851,366,1217
428,946,1374
739,784,1523
239,593,832
713,501,1214
463,623,1086
793,275,1068
693,902,1595
82,338,420
672,356,1028
519,449,968
772,227,999
381,313,694
888,182,1070
335,468,803
626,282,908
374,463,837
600,513,1113
286,321,607
648,285,933
38,307,345
402,605,1007
314,1,315
603,819,1422
857,909,1766
58,504,562
435,905,1340
939,347,1286
125,733,858
249,548,797
710,648,1358
904,340,1244
210,911,1121
352,528,880
33,761,794
306,285,591
447,324,771
489,476,965
980,449,1429
8,475,483
745,483,1228
401,150,551
599,515,1114
558,201,759
948,820,1768
125,650,775
261,801,1062
510,124,634
183,985,1168
619,3,622
273,46,319
416,672,1088
538,823,1361
887,363,1250
524,613,1137
482,860,1342
908,884,1792
707,866,1573
401,745,1146
812,38,850
481,554,1035
246,468,714
610,499,1109
95,1,96
277,773,1050
774,641,1415
702,109,811
647,646,1293
436,859,1295
672,677,1349
497,938,1435
218,259,477
549,786,1335
817,614,1431
474,217,691
651,704,1355
378,777,1155
212,190,402
941,428,1369
694,91,785
426,404,830
64,166,230
212,226,438
241,670,911
55,735,790
357,273,630
496,122,618
129,880,1009
173,394,567
567,216,783
710,221,931
10,191,201
533,89,622
841,553,1394
775,101,876
133,673,806
791,947,1738
241,680,921
570,973,1543
95,685,780
287,691,978
626,142,768
219,589,808
50,766,816
297,188,485
821,861,1682
244,626,870
800,574,1374
742,558,1300
901,763,1664
59,436,495
619,62,681
642,474,1116
465,450,915
633,485,1118
287,883,1170
946,356,1302
487,736,1223
577,600,1177
278,276,554
251,901,1152
978,162,1140
349,51,400
991,674,1665
642,245,887
845,239,1084
47,358,405
262,449,711
54,862,916
176,856,1032
604,651,1255
32,37,69
967,232,1199
931,985,1916
99,878,977
22,851,873
145,467,612
489,585,1074
394,961,1355
552,617,1169
212,258,470
66,1000,1066
716,737,1453
430,468,898
634,240,874
302,829,1131
786,649,1435
796,669,1465
325,943,1268
2,544,546
39,77,116
477,220,697
520,481,1001
322,305,627
359,149,508
872,189,1061
956,605,1561
572,159,731
944,167,1111
110,46,156
501,207,708
413,36,449
69,332,401
924,75,999
727,180,907
802,167,969
183,267,450
273,107,380
941,448,1389
757,954,1711
573,831,1404
736,961,1697
81,609,690
798,483,1281
562,494,1056
556,357,913
229,215,444
53,28,81
801,939,1740
26,346,372
908,55,963
38,842,880
428,797,1225
349,939,1288
490,899,1389
184,490,674
280,80,360
918,85,1003
818,52,870
48,803,851
675,368,1043
29,182,211
566,545,1111
205,139,344
77,919,996
700,182,882
869,281,1150
136,272,408
334,129,463
367,659,1026
590,935,1525
938,357,1295
11,372,383
375,255,630
791,51,842
288,419,707
873,332,1205
143,472,615
605,455,1060
880,954,1834
79,57,136
172,257,429
829,428,1257
655,684,1339
189,971,1160
184,605,789
991,414,1405
931,453,1384
452,329,781
308,179,487
219,662,881
731,946,1677
875,723,1598
16,877,893
613,652,1265
705,643,1348
708,353,1061
105,175,280
521,342,863
7,685,692
689,409,1098
968,272,1240
871,176,1047
427,44,471
47,895,942
387,968,1355
980,105,1085
692,179,871
25,629,654
767,1000,1767
298,918,1216
800,435,1235
15,495,510
842,976,1818
410,562,972
392,877,1269
618,129,747
558,983,1541
80,685,765
634,502,1136
929,741,1670
461,826,1287
706,526,1232
604,957,1561
894,779,1673
518,497,1015
719,611,1330
450,796,1246
819,303,1122
442,628,1070
361,838,1199
327,42,369
685,950,1635
413,343,756
247,593,840
806,113,919
333,362,695
118,730,848
44,797,841
159,113,272
614,841,1455
609,159,768
688,991,1679
186,985,1171
985,506,1491
79,750,829
637,438,1075
21,561,582
865,360,1225
489,625,1114
631,367,998
571,429,1000
85,465,550
364,363,727
462,224,686
333,396,729
583,662,1245
370,417,787
787,72,859
266,686,952
922,826,1748
966,735,1701
347,531,878
980,202,1182
63,217,280
49,289,338
957,941,1898
61,777,838
46,921,967
234,530,764
199,382,581
75,732,807
940,471,1411
525,414,939
128,151,279
637,106,743
251,57,308
625,448,1073
573,791,1364
343,130,473
943,324,1267
893,978,1871
718,712,1430
976,10,986
690,193,883
748,31,779
927,213,1140
861,959,1820
932,15,947
924,14,938
706,915,1621
754,303,1057
143,561,704
228,386,614
988,455,1443
109,914,1023
97,139,236
823,405,1228
715,128,843
299,755,1054
649,519,1168
945,177,1122
128,67,195
214,975,1189
779,565,1344
233,264,497
217,16,233
874,956,1830
289,585,874
980,260,1240
733,965,1698
747,140,887
866,882,1748
938,947,1885
512,686,1198
642,308,950
535,247,782
312,314,626
15,853,868
387,717,1104
527,471,998
933,787,1720
37,477,514
476,756,1232
125,559,684
936,229,1165
148,768,916
867,668,1535
872,570,1442
241,916,1157
522,326,848
52,859,911
228,485,713
271,773,1044
786,118,904
97,601,698
283,69,352
782,260,1042
76,403,479
172,412,584
98,189,287
578,704,1282
586,706,1292
915,854,1769
354,329,683
375,515,890
745,159,904
37,783,820
710,965,1675
307,152,459
518,482,1000
183,567,750
875,477,1352
59,276,335
698,588,1286
58,399,457
958,497,1455
624,213,837
836,91,927
502,36,538
612,374,986
800,712,1512
879,265,1144
837,445,1282
544,312,856
151,318,469
405,90,495
928,963,1891
612,840,1452
219,55,274
957,697,1654
865,356,1221
726,458,1184
289,644,933
887,124,1011
622,651,1273
135,287,422
200,492,692
787,803,1590
976,288,1264
149,141,290
280,621,901
87,696,783
245,726,971
212,441,653
662,62,724
454,974,1428
690,207,897
607,324,931
741,31,772
185,673,858
98,830,928
217,609,826
608,410,1018
490,869,1359
601,461,1062
190,257,447
555,297,852
115,5,120
605,284,889
970,173,1143
180,64,244
573,332,905
687,190,877
741,350,1091
715,610,1325
107,717,824
363,105,468
762,19,781
868,649,1517
246,976,1222
741,593,1334
0,740,740
916,76,992
773,177,950
89,700,789
407,874,1281
937,539,1476
656,660,1316
860,185,1045
184,100,284
595,368,963
908,475,1383
45,992,1037
402,691,1093
861,621,1482
200,407,607
63,891,954
124,796,920
24,101,125
787,115,902
242,741,983
852,324,1176
634,128,762
367,218,585
133,370,503
918,374,1292
710,434,1144
152,895,1047
178,430,608
886,975,1861
925,332,1257
340,675,1015
765,602,1367
685,251,936
955,838,1793
320,414,734
692,629,1321
284,45,329
770,199,969
80,161,241
139,480,619
341,222,563
877,437,1314
565,380,945
817,770,1587
307,523,830
693,731,1424
937,86,1023
779,116,895
982,449,1431
619,752,1371
796,738,1534
847,688,1535
415,423,838
536,774,1310
720,694,1414
538,373,911
246,135,381
376,263,639
118,706,824
439,452,891
797,43,840
79,328,407
229,585,814
52,567,619
21,923,944
707,452,1159
953,256,1209
416,570,986
383,691,1074
520,843,1363
69,796,865
254,848,1102
961,220,1181
87,805,892
495,233,728
393,353,746
196,626,822
83,595,678
831,699,1530
537,219,756
385,95,480
561,756,1317
364,600,964
972,74,1046
972,999,1971
929,436,1365
854,15,869
651,900,1551
785,448,1233
957,483,1440
892,237,1129
367,838,1205
884,106,990
849,123,972
101,410,511
757,390,1147
495,200,695
329,411,740
514,915,1429
130,308,438
615,324,939
163,770,933
694,347,1041
286,765,1051
250,176,426
870,881,1751
838,503,1341
315,478,793
852,86,938
969,780,1749
555,534,1089
651,969,1620
352,638,990
119,612,731
252,126,378
40,773,813
236,925,1161
699,52,751
4,398,402
208,52,260
487,815,1302
143,397,540
864,252,1116
742,411,1153
401,935,1336
287,41,328
773,322,1095
237,239,476
262,872,1134
600,829,1429
178,850,1028
898,430,1328
638,418,1056
460,582,1042
473,784,1257
203,119,322
630,623,1253
906,202,1108
486,715,1201
265,509,774
448,274,722
705,426,1131
295,544,839
333,402,735
304,396,700
712,312,1024
559,956,1515
945,47,992
394,428,822
246,924,1170
795,891,1686
915,711,1626
692,847,1539
651,826,1477
906,439,1345
959,590,1549
62,340,402
262,934,1196
562,889,1451
719,232,951
448,860,1308
585,369,954
193,26,219
915,180,1095
134,577,711
163,524,687
591,479,1070
63,850,913
961,150,1111
415,18,433
580,753,1333
80,43,123
60,176,236
408,38,446
382,738,1120
556,524,1080
202,864,1066
49,836,885
604,740,1344
458,232,690
308,25,333
0,202,202
70,556,626
469,364,833
812,613,1425
569,650,1219
493,7,500
948,880,1828
250,676,926
603,457,1060
42,99,141
92,635,727
672,620,1292
265,464,729
656,340,996
525,830,1355
466,453,919
217,97,314
849,648,1497
376,513,889
405,273,678
63,268,331
275,329,604
397,389,786
50,510,560
535,617,1152
797,902,1699
73,766,839
117,531,648
621,902,1523
85,216,301
82,526,608
76,800,876
503,284,787
236,489,725
629,915,1544
280,356,636
572,303,875
745,249,994
32,504,536
384,860,1244
7,344,351
351,297,648
227,617,844
717,887,1604
215,947,1162
625,19,644
207,702,909
436,219,655
494,265,759
895,73,968
746,740,1486
944,349,1293
647,62,709
379,673,1052
490,83,573
130,185,315
88,325,413
468,441,909
687,169,856
704,353,1057
690,919,1609
527,563,1090
801,361,1162
477,962,1439
40,814,854
628,489,1117
467,452,919
555,163,718
754,585,1339
974,28,1002
320,687,1007
411,547,958
69,155,224
947,966,1913
914,988,1902
808,955,1763
898,54,952
892,448,1340
583,828,1411
991,477,1468
812,474,1286
745,32,777
655,176,831
354,514,868
168,781,949
127,406,533
267,113,380
386,908,1294
5,513,518
252,111,363
853,872,1725
585,114,699
508,709,1217
566,100,666
815,647,1462
457,11,468
323,11,334
419,16,435
19,819,838
364,569,933
142,84,226
544,368,912
111,751,862
282,390,672
450,638,1088
28,352,380
580,388,968
460,591,1051
461,380,841
587,416,1003
286,759,1045
860,596,1456
631,827,1458
356,919,1275
296,182,478
771,448,1219
231,6,237
950,218,1168
476,863,1339
906,838,1744
137,860,997
968,192,1160
876,433,1309
379,654,1033
36,602,638
743,941,1684
641,943,1584
634,912,1546
499,142,641
18,644,662
709,0,709
295,157,452
657,105,762
123,423,546
640,717,1357
569,700,1269
393,668,1061
973,272,1245
425,716,1141
664,564,1228
744,454,1198
653,928,1581
669,881,1550
157,67,224
30,456,486
160,142,302
215,308,523
15,984,999
267,211,478
726,509,1235
44,669,713
125,244,369
970,291,1261
355,547,902
80,769,849
587,707,1294
706,788,1494
292,113,405
626,455,1081
316,861,1177
262,179,441
134,334,468
74,943,1017
104,68,172
483,961,1444
397,645,1042
225,470,695
850,964,1814
484,151,635
775,681,1456
60,258,318
404,22,426
477,533,1010
358,439,797
381,609,990
447,91,538
384,72,456
266,929,1195
776,169,945
885,86,971
874,431,1305
114,591,705
862,989,1851
913,337,1250
391,584,975
59,59,118
11,219,230
997,593,1590
675,725,1400
151,29,180
832,220,1052
547,571,1118
816,14,830
994,612,1606
821,740,1561
186,369,555
9,665,674
917,248,1165
64,463,527
658,607,1265
175,399,574
238,780,1018
355,352,707
131,922,1053
736,490,1226
636,938,1574
506,292,798
683,111,794
373,589,962
201,86,287
753,502,1255
443,26,469
42,76,118
997,23,1020
112,999,1111
928,445,1373
858,12,870
848,421,1269
963,705,1668
320,866,1186
576,139,715
438,231,669
501,247,748
217,820,1037
974,140,1114
650,606,1256
76,764,840
449,472,921
89,832,921
282,181,463
741,543,1284
674,577,1251
733,73,806
718,642,1360
227,981,1208
26,347,373
976,279,1255
233,53,286
360,50,410
575,202,777
927,963,1890
834,620,1454
51,705,756
178,530,708
718,877,1595
666,874,1540
676,991,1667
583,314,897
507,997,1504
908,33,941
760,657,1417
977,465,1442
782,489,1271
546,361,907
340,490,830
306,678,984
873,240,1113
438,319,757
701,261,962
784,864,1648
156,406,562
153,107,260
930,579,1509
44,232,276
961,888,1849
160,425,585
17,40,57
462,360,822
800,682,1482
656,996,1652
654,563,1217
793,57,850
218,800,1018
129,367,496
464,807,1271
545,503,1048
50,931,981
601,471,1072
647,638,1285
902,782,1684
663,134,797
404,912,1316
46,18,64
108,756,864
466,612,1078
635,187,822
801,111,912
17,347,364
187,810,997
812,835,1647
77,402,479
691,481,1172
78,834,912
131,685,816
853,987,1840
644,888,1532
463,528,991
539,81,620
48,997,1045
197,801,998
364,380,744
462,387,849
595,278,873
147,956,1103
223,75,298
42,821,863
247,303,550
989,904,1893
30,835,865
439,966,1405
224,970,1194
900,940,1840
690,22,712
250,837,1087
238,979,1217
109,944,1053
879,107,986
851,418,1269
241,701,942
533,657,1190
231,48,279
581,913,1494
898,500,1398
692,428,1120
581,376,957
279,75,354
207,143,350
603,919,1522
905,86,991
822,230,1052
22,230,252
466,445,911
860,33,893
595,608,1203
634,947,1581
976,157,1133
797,476,1273
645,682,1327
33,20,53
233,247,480
371,769,1140
587,604,1191
317,651,968
832,948,1780
23,337,360
745,155,900
152,135,287
622,828,1450
441,707,1148
42,199,241
571,975,1546
74,432,506
492,510,1002
47,246,293
801,974,1775
838,280,1118
256,238,494
284,365,649
929,28,957
912,262,1174
57,717,774
315,243,558
908,918,1826
526,591,1117
861,829,1690
425,185,610
670,260,930
554,124,678
981,344,1325
685,22,707
800,295,1095
58,610,668
229,102,331
707,480,1187
339,813,1152
25,344,369
758,750,1508
314,356,670
873,356,1229
782,263,1045
186,165,351
344,728,1072
503,683,1186
851,90,941
497,232,729
621,349,970
290,567,857
724,281,1005
930,316,1246
327,787,1114
701,684,1385
323,757,1080
906,807,1713
349,589,938
655,553,1208
26,716,742
55,534,589
893,416,1309
515,913,1428
322,623,945
203,327,530
417,745,1162
59,323,382
555,773,1328
417,448,865
824,719,1543
950,170,1120
852,822,1674
515,151,666
354,266,620
527,6,533
975,50,1025
931,120,1051
570,206,776
436,455,891
11,536,547
216,536,752
737,666,1403
453,954,1407
983,481,1464
499,224,723
839,402,1241
302,111,413
330,594,924
672,418,1090
844,679,1523
550,331,881
669,539,1208
775,828,1603
196,549,745
15,293,308
494,150,644
963,719,1682
361,626,987
147,386,533
985,957,1942
675,822,1497
196,500,696
387,178,565
223,634,857
526,310,836
619,418,1037
795,902,1697
529,734,1263
939,897,1836
448,988,1436
696,936,1632
604,740,1344
242,641,883
876,161,1037
870,198,1068
185,142,327
870,567,1437
404,646,1050
322,389,711
448,205,653
908,900,1808
785,601,1386
220,768,988
194,778,972
95,130,225
714,154,868
963,751,1714
9,957,966
489,481,970
362,803,1165
536,482,1018
171,867,1038
617,413,1030
311,790,1101
357,544,901
981,274,1255
312,45,357
642,96,738
762,398,1160
672,804,1476
241,720,961
754,527,1281
405,152,557
413,778,1191
128,586,714
613,417,1030
609,617,1226
846,76,922
687,727,1414
144,515,659
71,970,1041
114,51,165
664,861,1525
26,483,509
520,152,672
629,332,961
568,388,956
328,144,472
95,794,889
899,353,1252
942,293,1235
289,480,769
984,543,1527
979,13,992
668,275,943
396,216,612
37,335,372
560,537,1097
966,503,1469
159,618,777
837,464,1301
749,116,865
613,76,689
135,733,868
20,934,954
99,540,639
70,321,391
400,607,1007
793,1,794
518,324,842
398,72,470
47,855,902
277,334,611
203,637,840
997,365,1362
700,804,1504
131,941,1072
574,803,1377
808,435,1243
983,844,1827
782,127,909
272,402,674
154,767,921
192,663,855
646,768,1414
195,576,771
464,570,1034
283,527,810
93,629,722
962,160,1122
103,71,174
927,658,1585
898,47,945
133,360,493
45,268,313
655,470,1125
555,493,1048
302,464,766
582,747,1329
179,385,564
19,292,311
688,194,882
840,742,1582
66,630,696
818,855,1673
169,950,1119
899,599,1498
368,254,622
377,824,1201
463,505,968
737,20,757
536,207,743
619,886,1505
634,365,999
210,180,390
307,356,663
348,866,1214
756,860,1616
106,990,1096
96,946,1042
553,616,1169
856,801,1657
502,985,1487
565,424,989
753,217,970
445,597,1042
196,783,979
480,551,1031
350,821,1171
402,869,1271
602,658,1260
939,40,979
676,941,1617
659,482,1141
926,98,1024
90,819,909
589,586,1175
415,295,710
799,743,1542
310,246,556
392,76,468
488,97,585
592,136,728
506,289,795
537,974,1511
439,975,1414
583,639,1222
660,770,1430
957,593,1550
23,323,346
831,133,964
262,905,1167
418,850,1268
931,602,1533
495,769,1264
296,454,750
617,797,1414
926,286,1212
499,395,894
850,492,1342
953,512,1465
389,493,882
94,987,1081
770,585,1355
614,754,1368
670,843,1513
90,750,840
484,478,962
147,854,1001
485,716,1201
497,980,1477
284,396,680
98,883,981
991,201,1192
589,86,675
732,562,1294
766,884,1650
903,712,1615
536,803,1339
803,234,1037
437,149,586
47,526,573
848,959,1807
955,582,1537
606,797,1403
404,682,1086
369,70,439
293,470,763
531,22,553
790,421,1211
204,28,232
49,681,730
931,815,1746
186,296,482
7,680,687
841,556,1397
555,380,935
0,74,74
38,758,796
643,577,1220
233,359,592
620,204,824
523,408,931
606,885,1491
988,156,1144
797,237,1034
227,566,793
173,591,764
450,218,668
978,387,1365
671,604,1275
796,314,1110
429,785,1214
975,994,1969
717,307,1024
577,696,1273
918,924,1842
201,913,1114
305,855,1160
109,23,132
242,688,930
22,986,1008
160,540,700
284,505,789
457,186,643
628,393,1021
586,608,1194
184,970,1154
346,710,1056
828,898,1726
886,487,1373
484,499,983
360,930,1290
713,286,999
361,374,735
455,301,756
640,686,1326
564,197,761
867,925,1792
686,86,772
298,365,663
798,158,956
491,986,1477
473,860,1333
15,222,237
859,221,1080
382,91,473
452,846,1298
629,782,1411
849,530,1379
356,296,652
36,490,526
363,891,1254
514,8,522
596,993,1589
853,282,1135
577,173,750
204,211,415
993,179,1172
303,408,711
409,515,924
989,449,1438
692,854,1546
947,605,1552
276,766,1042
84,2,86
356,312,668
113,920,1033
169,580,749
296,420,716
470,767,1237
626,160,786
964,402,1366
943,168,1111
914,798,1712
268,286,554
299,546,845
69,256,325
589,158,747
568,781,1349
833,371,1204
338,891,1229
331,60,391
681,70,751
84,149,233
348,954,1302
423,600,1023
631,367,998
346,675,1021
610,112,722
52,706,758
105,51,156
268,8,276
100,393,493
356,494,850
203,38,241
618,885,1503
984,72,1056
889,994,1883
257,885,1142
280,219,499
737,584,1321
445,734,1179
473,604,1077
807,11,818
966,318,1284
474,174,648
740,667,1407
887,902,1789
283,627,910
743,787,1530
659,879,1538
520,608,1128
974,695,1669
988,955,1943
876,878,1754
782,428,1210
146,377,523
559,246,805
59,561,620
519,638,1157
742,156,898
532,852,1384
307,887,1194
283,580,863
453,122,575
158,417,575
582,111,693
423,446,869
40,874,914
350,129,479
578,920,1498
845,656,1501
716,78,794
111,930,1041
689,878,1567
350,847,1197
230,432,662
779,502,1281
887,321,1208
85,529,614
168,985,1153
533,308,841
277,96,373
255,502,757
925,299,1224
192,250,442
456,898,1354
800,578,1378
168,881,1049
601,869,1470
830,436,1266
254,196,450
578,857,1435
517,60,577
152,825,977
763,165,928
933,851,1784
200,814,1014
23,157,180
768,157,925
240,884,1124
750,717,1467
48,922,970
19,552,571
197,628,825
405,883,1288
745,434,1179
444,71,515
152,12,164
604,721,1325
380,574,954
375,836,1211
973,595,1568
810,226,1036
624,242,866
641,685,1326
386,478,864
478,337,815
606,293,899
838,592,1430
52,92,144
409,525,934
892,381,1273
399,131,530
948,603,1551
20,404,424
709,47,756
788,268,1056
287,188,475
783,421,1204
345,574,919
268,51,319
601,617,1218
213,103,316
820,687,1507
14,149,163
595,853,1448
65,479,544
716,324,1040
826,855,1681
769,360,1129
11,564,575
735,805,1540
546,436,982
848,871,1719
93,209,302
974,511,1485
346,509,855
889,564,1453
393,457,850
604,829,1433
26,790,816
72,539,611
480,493,973
262,352,614
602,478,1080
304,49,353
540,767,1307
714,105,819
96,855,951
828,495,1323
728,768,1496
55,587,642
41,292,333
273,21,294
51,330,381
456,83,539
89,382,471
885,83,968
625,127,752
909,106,1015
618,712,1330
285,898,1183
187,504,691
495,975,1470
342,561,903
335,351,686
82,65,147
751,999,1750
458,531,989
353,326,679
300,546,846
592,624,1216
591,682,1273
933,647,1580
989,543,1532
96,76,172
168,984,1152
101,108,209
327,529,856
685,153,838
184,529,713
189,415,604
181,707,888
40,911,951
258,321,579
865,669,1534
259,66,325
528,522,1050
442,836,1278
15,609,624
646,556,1202
992,934,1926
306,157,463
607,133,740
886,880,1766
994,452,1446
993,300,1293
74,323,397
736,367,1103
832,570,1402
850,371,1221
950,231,1181
997,448,1445
94,600,694
873,867,1740
939,591,1530
315,406,721
155,803,958
372,649,1021
969,632,1601
618,454,1072
169,831,1000
978,131,1109
22,221,243
828,908,1736
625,202,827
438,249,687
960,682,1642
773,868,1641
551,576,1127
675,488,1163
209,203,412
463,295,758
730,365,1095
951,301,1252
555,17,572
571,819,1390
673,111,784
174,403,577
213,88,301
443,0,443
857,941,1798
632,807,1439
830,214,1044
242,276,518
143,837,980
443,357,800
685,449,1134
943,67,1010
843,130,973
616,130,746
674,868,1542
364,69,433
42,255,297
48,594,642
737,282,1019
622,123,745
417,569,986
235,274,509
688,965,1653
246,155,401
338,417,755
418,680,1098
371,899,1270
161,787,948
617,197,814
430,213,643
671,558,1229
531,780,1311
839,275,1114
249,643,892
8,78,86
41,359,400
830,549,1379
643,431,1074
312,683,995
315,30,345
708,763,1471
415,65,480
897,178,1075
845,346,1191
788,157,945
463,222,685
931,212,1143
877,329,1206
779,124,903
786,600,1386
109,993,1102
364,409,773
816,566,1382
537,443,980
680,691,1371
443,666,1109
879,407,1286
92,208,300
998,729,1727
530,347,877
616,143,759
183,67,250
658,491,1149
615,30,645
868,335,1203
382,296,678
322,964,1286
425,378,803
446,353,799
847,289,1136
106,919,1025
940,27,967
379,479,858
262,856,1118
852,96,948
991,89,1080
309,774,1083
756,884,1640
316,183,499
907,180,1087
796,547,1343
62,359,421
979,737,1716
482,874,1356
95,135,230
321,416,737
89,278,367
934,358,1292
452,177,629
781,61,842
332,801,1133
735,677,1412
989,603,1592
793,996,1789
772,607,1379
189,28,217
609,167,776
887,202,1089
183,102,285
953,920,1873
746,155,901
9,268,277
301,205,506
202,800,1002
840,890,1730
360,504,864
234,163,397
831,936,1767
532,982,1514
917,788,1705
953,421,1374
371,68,439
369,537,906
948,162,1110
383,587,970
470,535,1005
833,717,1550
538,523,1061
719,702,1421
308,549,857
962,163,1125
463,278,741
780,606,1386
186,814,1000
992,743,1735
562,231,793
260,143,403
417,829,1246
432,13,445
616,15,631
683,345,1028
213,755,968
814,490,1304
454,517,971
166,959,1125
223,814,1037
567,949,1516
799,614,1413
663,550,1213
931,577,1508
861,929,1790
800,312,1112
139,610,749
323,406,729
792,732,1524
584,99,683
571,250,821
214,96,310
340,173,513
601,169,770
647,538,1185
168,189,357
304,547,851
160,754,914
422,533,955
876,399,1275
825,544,1369
720,81,801
875,310,1185
724,302,1026
182,759,941
343,718,1061
521,311,832
510,316,826
653,524,1177
131,201,332
458,276,734
666,582,1248
662,29,691
755,779,1534
347,783,1130
456,178,634
311,761,1072
416,799,1215
509,573,1082
518,434,952
954,818,1772
754,714,1468
259,493,752
992,341,1333
676,940,1616
729,999,1728
612,81,693
377,549,926
891,779,1670
349,702,1051
76,400,476
671,140,811
479,14,493
481,226,707
810,584,1394
86,379,465
295,379,674
354,571,925
924,456,1380
943,194,1137
511,808,1319
588,799,1387
130,352,482
46,194,240
151,255,406
52,316,368
914,563,1477
157,971,1128
210,510,720
818,582,1400
477,690,1167
649,791,1440
898,774,1672
819,75,894
107,670,777
714,836,1550
331,303,634
505,539,1044
539,110,649
376,133,509
780,438,1218
18,901,919
141,127,268
499,873,1372
934,198,1132
541,366,907
756,11,767
364,614,978
757,698,1455
471,185,656
967,499,1466
34,197,231
50,978,1028
994,426,1420
748,692,1440
360,789,1149
716,237,953
818,248,1066
789,283,1072
739,406,1145
755,556,1311
524,68,592
747,947,1694
872,460,1332
129,798,927
727,115,842
395,56,451
149,190,339
421,556,977
634,36,670
867,787,1654
13,539,552
387,681,1068
654,601,1255
104,523,627
466,781,1247
74,203,277
487,270,757
533,944,1477
456,123,579
291,834,1125
778,946,1724
632,551,1183
275,426,701
206,517,723
456,973,1429
675,859,1534
351,195,546
905,983,1888
384,484,868
71,671,742
104,970,1074
524,687,1211
736,900,1636
646,86,732
763,289,1052
845,613,1458
717,664,1381
605,3,608
706,217,923
846,493,1339
70,240,310
223,416,639
437,95,532
843,35,878
570,422,992
973,681,1654
773,737,1510
890,190,1080
996,327,1323
689,881,1570
833,770,1603
155,835,990
10,886,896
533,781,1314
57,986,1043
685,615,1300
578,598,1176
87,516,603
596,209,805
902,243,1145
974,30,1004
873,498,1371
42,648,690
809,745,1554
57,168,225
734,849,1583
558,815,1373
404,714,1118
309,130,439
286,681,967
167,343,510
206,922,1128
888,688,1576
701,600,1301
475,373,848
786,684,1470
7,381,388
991,29,1020
490,799,1289
909,942,1851
331,479,810
472,602,1074
459,949,1408
844,612,1456
688,496,1184
42,168,210
452,171,623
676,321,997
458,292,750
625,241,866
729,799,1528
694,400,1094
242,31,273
612,978,1590
473,895,1368
847,18,865
39,944,983
825,629,1454
524,398,922
8,235,243
260,742,1002
273,708,981
665,913,1578
256,502,758
487,321,808
942,529,1471
721,540,1261
781,886,1667
968,268,1236
136,154,290
570,537,1107
373,44,417
485,500,985
449,170,619
565,226,791
973,554,1527
332,68,400
374,193,567
190,123,313
436,180,616
174,905,1079
27,627,654
943,474,1417
776,820,1596
337,200,537
725,305,1030
47,171,218
47,419,466
639,958,1597
549,637,1186
522,677,1199
659,217,876
323,318,641
590,126,716
931,55,986
446,342,788
914,594,1508
364,341,705
226,833,1059
361,531,892
868,776,1644
213,198,411
449,601,1050
960,74,1034
760,944,1704
957,949,1906
465,997,1462
590,879,1469
114,727,841
651,166,817
234,703,937
792,601,1393
761,228,989
274,432,706
304,913,1217
809,513,1322
211,654,865
263,201,464
8,701,709
989,625,1614
411,291,702
512,40,552
636,507,1143
519,718,1237
204,399,603
931,679,1610
448,296,744
331,504,835
811,338,1149
348,729,1077
918,792,1710
333,225,558
225,532,757
441,942,1383
497,728,1225
217,100,317
736,630,1366
494,549,1043
814,338,1152
522,50,572
303,155,458
203,99,302
779,465,1244
606,811,1417
194,708,902
400,588,988
146,4,150
366,550,916
364,295,659
551,164,715
613,240,853
5,914,919
792,170,962
40,111,151
394,687,1081
441,482,923
116,323,439
766,986,1752
876,715,1591
400,92,492
243,680,923
644,755,1399
796,135,931
520,948,1468
716,759,1475
9,175,184
159,799,958
193,57,250
409,115,524
691,182,873
197,244,441
165,942,1107
353,918,1271
873,979,1852
605,762,1367
889,276,1165
530,229,759
45,864,909
539,364,903
73,54,127
68,154,222
421,419,840
560,158,718
61,88,149
275,726,1001
202,608,810
383,990,1373
380,73,453
616,798,1414
814,394,1208
335,219,554
202,400,602
666,541,1207
441,19,460
484,538,1022
147,141,288
63,922,985
965,551,1516
799,589,1388
203,66,269
998,301,1299
594,479,1073
909,234,1143
111,888,999
592,470,1062
197,635,832
65,371,436
190,365,555
786,846,1632
443,599,1042
296,631,927
992,177,1169
390,192,582
735,404,1139
925,54,979
620,637,1257
317,206,523
56,560,616
407,624,1031
443,607,1050
227,468,695
295,938,1233
778,374,1152
405,699,1104
975,861,1836
964,735,1699
487,306,793
832,409,1241
973,536,1509
139,649,788
700,77,777
566,471,1037
260,183,443
532,21,553
274,213,487
627,384,1011
396,510,906
459,977,1436
941,940,1881
247,948,1195
214,205,419
700,933,1633
444,401,845
876,698,1574
458,930,1388
37,209,246
625,698,1323
850,932,1782
241,842,1083
295,409,704
764,842,1606
899,577,1476
861,815,1676
539,970,1509
207,234,441
445,565,1010
124,414,538
355,680,1035
322,992,1314
455,550,1005
612,232,844
7,874,881
1000,784,1784
639,430,1069
126,754,880
931,185,1116
744,950,1694
370,485,855
883,523,1406
231,737,968
311,469,780
407,762,1169
119,719,838
521,314,835
482,147,629
658,160,818
666,277,943
637,434,1071
615,151,766
133,901,1034
769,395,1164
367,269,636
793,899,1692
955,626,1581
910,179,1089
579,810,1389
899,145,1044
44,7,51
553,918,1471
413,39,452
766,959,1725
117,283,400
358,85,443
296,678,974
95,63,158
549,659,1208
830,195,1025
37,584,621
349,822,1171
563,79,642
520,952,1472
962,179,1141
233,564,797
637,432,1069
47,8,55
110,346,456
565,288,853
26,760,786
977,652,1629
709,717,1426
563,352,915
82,203,285
939,312,1251
15,912,927
16,488,504
217,522,739
964,739,1703
340,262,602
42,363,405
377,762,1139
280,266,546
688,172,860
525,318,843
389,227,616
113,462,575
731,719,1450
146,933,1079
733,330,1063
691,314,1005
672,74,746
117,328,445
623,295,918
331,466,797
422,855,1277
513,497,1010
626,905,1531
881,391,1272
478,127,605
470,27,497
258,635,893
519,588,1107
750,912,1662
197,913,1110
743,83,826
366,843,1209
285,510,795
399,206,605
845,481,1326
484,213,697
712,256,968
374,26,400
107,984,1091
713,629,1342
160,667,827
103,849,952
11,196,207
309,49,358
169,797,966
764,119,883
436,34,470
646,299,945
842,187,1029
411,819,1230
908,589,1497
329,80,409
136,480,616
492,196,688
709,903,1612
631,681,1312
945,553,1498
53,414,467
424,468,892
424,694,1118
774,617,1391
823,324,1147
946,562,1508
784,806,1590
983,523,1506
751,409,1160
640,478,1118
179,369,548
103,317,420
553,305,858
501,340,841
590,589,1179
523,2,525
100,853,953
993,921,1914
669,362,1031
121,692,813
968,576,1544
3,921,924
540,410,950
598,712,1310
961,518,1479
644,98,742
29,970,999
796,142,938
881,116,997
469,194,663
364,427,791
317,702,1019
611,276,887
814,834,1648
785,503,1288
375,79,454
779,539,1318
945,765,1710
767,288,1055
716,998,1714
713,79,792
265,695,960
749,358,1107
912,622,1534
527,107,634
521,12,533
918,315,1233
764,557,1321
540,472,1012
448,602,1050
659,412,1071
659,767,1426
79,824,903
693,856,1549
737,33,770
579,59,638
850,239,1089
159,190,349
731,18,749
577,169,746
696,920,1616
870,494,1364
386,42,428
436,825,1261
914,103,1017
762,730,1492
193,519,712
391,814,1205
522,634,1156
52,578,630
560,165,725
249,904,1153
49,809,858
921,933,1854
787,164,951
818,675,1493
137,644,781
564,937,1501
826,267,1093
390,753,1143
694,432,1126
122,421,543
803,218,1021
304,115,419
754,80,834
755,190,945
498,762,1260
244,358,602
249,928,1177
282,390,672
351,217,568
230,466,696
557,309,866
19,756,775
555,588,1143
861,58,919
109,57,166
719,256,975
137,695,832
201,178,379
287,92,379
874,810,1684
11,960,971
951,957,1908
911,657,1568
911,209,1120
171,415,586
701,986,1687
836,663,1499
242,955,1197
863,113,976
246,259,505
255,210,465
320,377,697
528,412,940
342,623,965
67,479,546
3,142,145
389,849,1238
678,228,906
648,523,1171
724,138,862
190,428,618
276,896,1172
104,246,350
332,744,1076
863,427,1290
147,527,674
765,309,1074
209,386,595
465,146,611
951,188,1139
763,444,1207
373,608,981
167,796,963
515,834,1349
1000,439,1439
37,463,500
592,943,1535
471,100,571
469,883,1352
81,710,791
423,988,1411
768,221,989
36,627,663
181,99,280
925,214,1139
26,439,465
295,174,469
485,537,1022
378,654,1032
868,687,1555
279,762,1041
432,88,520
554,857,1411
179,426,605
785,555,1340
651,130,781
883,901,1784
311,398,709
885,250,1135
202,569,771
945,395,1340
595,25,620
507,691,1198
414,90,504
53,303,356
311,744,1055
15,532,547
414,724,1138
929,747,1676
742,370,1112
486,355,841
894,353,1247
874,556,1430
921,484,1405
450,397,847
279,25,304
583,666,1249
928,3,931
374,334,708
427,28,455
33,951,984
875,790,1665
206,503,709
881,377,1258
83,168,251
238,914,1152
381,735,1116
219,665,884
76,980,1056
139,472,611
576,817,1393
76,269,345
819,577,1396
327,511,838
879,620,1499
53,630,683
586,908,1494
617,164,781
440,556,996
293,354,647
526,738,1264
746,144,890
492,428,920
510,804,1314
74,255,329
357,629,986
137,525,662
866,209,1075
603,862,1465
624,391,1015
584,534,1118
430,303,733
758,561,1319
519,39,558
778,239,1017
410,406,816
379,686,1065
542,36,578
625,490,1115
683,70,753
940,864,1804
803,431,1234
262,399,661
710,797,1507
774,783,1557
785,600,1385
190,105,295
111,474,585
981,973,1954
647,892,1539
412,609,1021
3,356,359
299,212,511
123,963,1086
910,537,1447
904,361,1265
672,217,889
607,627,1234
198,506,704
303,705,1008
446,471,917
360,970,1330
716,16,732
880,467,1347
42,477,519
435,768,1203
10,700,710
11,5,16
156,20,176
14,123,137
748,581,1329
250,485,735
787,467,1254
150,639,789
660,584,1244
538,852,1390
295,698,993
249,17,266
741,7,748
850,637,1487
956,424,1380
134,423,557
898,310,1208
793,112,905
681,684,1365
58,659,717
191,31,222
984,92,1076
125,171,296
137,31,168
907,173,1080
723,963,1686
622,326,948
255,1,256
318,767,1085
336,0,336
444,691,1135
296,49,345
62,777,839
401,6,407
910,744,1654
541,123,664
553,323,876
767,661,1428
101,141,242
214,336,550
364,997,1361
448,39,487
555,727,1282
460,794,1254
600,281,881
460,157,617
88,1,89
730,805,1535
532,48,580
576,178,754
594,202,796
752,515,1267
398,294,692
655,58,713
182,833,1015
297,156,453
368,598,966
919,559,1478
278,646,924
956,382,1338
314,645,959
225,204,429
587,612,1199
353,995,1348
891,537,1428
450,958,1408
28,545,573
560,639,1199
13,488,501
904,468,1372
290,484,774
595,565,1160
374,808,1182
126,56,182
408,320,728
388,834,1222
687,829,1516
471,885,1356
113,387,500
361,88,449
676,887,1563
242,98,340
923,773,1696
537,768,1305
454,974,1428
87,544,631
383,813,1196
478,74,552
700,980,1680
915,506,1421
378,239,617
426,676,1102
348,273,621
153,158,311
53,514,567
63,788,851
896,748,1644
200,695,895
623,437,1060
229,960,1189
92,894,986
141,685,826
262,532,794
852,610,1462
974,452,1426
833,767,1600
680,569,1249
25,639,664
21,391,412
98,491,589
118,180,298
0,784,784
193,457,650
258,303,561
225,9,234
75,740,815
61,450,511
705,60,765
404,740,1144
835,649,1484
735,947,1682
183,938,1121
787,982,1769
287,376,663
800,480,1280
386,476,862
14,790,804
184,173,357
816,155,971
145,674,819
177,635,812
302,334,636
131,327,458
819,73,892
850,852,1702
403,656,1059
597,716,1313
302,679,981
177,146,323
741,38,779
331,12,343
768,468,1236
691,306,997
583,704,1287
704,280,984
980,684,1664
482,813,1295
32,862,894
894,167,1061
748,951,1699
217,221,438
738,238,976
898,676,1574
848,864,1712
917,398,1315
560,125,685
951,499,1450
503,880,1383
345,684,1029
143,379,522
479,255,734
161,80,241
901,921,1822
628,484,1112
948,125,1073
822,798,1620
130,12,142
466,718,1184
257,823,1080
662,863,1525
79,651,730
734,650,1384
871,365,1236
152,701,853
390,932,1322
316,452,768
646,180,826
704,452,1156
519,226,745
575,962,1537
940,243,1183
772,381,1153
805,572,1377
226,835,1061
83,463,546
473,967,1440
882,130,1012
237,540,777
171,974,1145
545,513,1058
917,867,1784
657,753,1410
916,573,1489
478,283,761
420,237,657
538,936,1474
784,810,1594
429,270,699
790,586,1376
387,798,1185
670,504,1174
729,977,1706
385,231,616
617,126,743
784,870,1654
325,32,357
978,317,1295
751,416,1167
420,171,591
867,602,1469
606,723,1329
643,516,1159
674,100,774
439,979,1418
677,424,1101
404,974,1378
472,152,624
558,416,974
726,537,1263
255,844,1099
658,301,959
753,815,1568
711,147,858
457,478,935
768,530,1298
867,100,967
563,164,727
522,188,710
863,31,894
401,355,756
259,796,1055
879,696,1575
285,445,730
366,621,987
743,313,1056
259,794,1053
89,19,108
222,311,533
958,208,1166
236,959,1195
53,366,419
985,329,1314
393,89,482
477,860,1337
409,544,953
313,756,1069
314,651,965
453,468,921
129,183,312
291,34,325
139,94,233
311,225,536
772,720,1492
438,534,972
92,290,382
710,907,1617
825,842,1667
516,944,1460
77,854,931
134,756,890
735,66,801
622,979,1601
618,495,1113
981,980,1961
15,668,683
59,153,212
87,179,266
653,781,1434
938,910,1848
282,821,1103
366,553,919
16,293,309
732,94,826
487,73,560
636,192,828
359,237,596
36,42,78
39,741,780
510,365,875
65,753,818
832,868,1700
720,658,1378
566,974,1540
455,946,1401
151,765,916
998,639,1637
987,75,1062
155,86,241
789,317,1106
226,966,1192
244,992,1236
548,541,1089
113,641,754
581,207,788
304,694,998
542,938,1480
24,133,157
506,934,1440
848,187,1035
662,397,1059
41,878,919
754,71,825
58,262,320
978,156,1134
703,858,1561
660,906,1566
340,545,885
821,730,1551
881,442,1323
951,498,1449
985,541,1526
67,915,982
703,396,1099
435,137,572
949,10,959
202,802,1004
148,620,768
799,557,1356
842,698,1540
893,269,1162
409,451,860
454,922,1376
741,558,1299
268,507,775
453,217,670
131,314,445
458,454,912
440,687,1127
816,266,1082
17,110,127
167,35,202
519,519,1038
748,483,1231
586,918,1504
386,871,1257
334,81,415
623,826,1449
83,978,1061
612,276,888
738,146,884
341,725,1066
849,647,1496
372,58,430
579,23,602
970,864,1834
530,841,1371
789,651,1440
492,159,651
808,64,872
996,859,1855
924,138,1062
463,52,515
936,415,1351
253,112,365
571,475,1046
748,351,1099
440,447,887
837,672,1509
505,442,947
198,5,203
81,910,991
462,5,467
1000,479,1479
894,171,1065
597,885,1482
484,868,1352
939,764,1703
427,173,600
161,781,942
1,112,113
337,157,494
61,247,308
978,345,1323
818,586,1404
82,963,1045
985,948,1933
813,989,1802
702,936,1638
382,871,1253
915,14,929
952,793,1745
715,519,1234
929,697,1626
501,108,609
278,581,859
530,206,736
259,144,403
712,416,1128
185,746,931
665,938,1603
870,109,979
908,756,1664
532,822,1354
208,336,544
345,559,904
295,466,761
689,607,1296
326,681,1007
874,544,1418
56,34,90
644,658,1302
702,295,997
791,742,1533
510,526,1036
343,959,1302
596,32,628
297,127,424
912,508,1420
594,612,1206
148,945,1093
44,746,790
130,640,770
13,708,721
672,153,825
961,60,1021
375,484,859
442,854,1296
427,21,448
37,86,123
873,912,1785
347,749,1096
507,673,1180
987,965,1952
233,492,725
194,909,1103
841,699,1540
946,438,1384
534,669,1203
257,928,1185
726,530,1256
307,119,426
685,16,701
463,462,925
437,33,470
830,518,1348
361,569,930
959,339,1298
740,610,1350
995,9,1004
680,682,1362
27,461,488
704,848,1552
206,131,337
427,299,726
893,205,1098
853,379,1232
191,420,611
35,363,398
211,395,606
883,174,1057
179,597,776
971,408,1379
929,191,1120
316,845,1161
349,589,938
781,199,980
885,757,1642
474,752,1226
114,464,578
784,677,1461
469,553,1022
666,873,1539
322,320,642
928,398,1326
11,530,541
980,751,1731
614,237,851
675,933,1608
227,73,300
884,814,1698
206,415,621
722,41,763
739,694,1433
980,248,1228
959,870,1829
302,857,1159
998,111,1109
49,853,902
38,579,617
105,668,773
83,727,810
42,328,370
340,555,895
554,733,1287
747,196,943
567,941,1508
329,599,928
17,49,66
164,265,429
43,703,746
991,655,1646
57,206,263
340,859,1199
307,364,671
985,789,1774
234,844,1078
715,735,1450
695,74,769
921,463,1384
23,202,225
290,531,821
377,532,909
206,953,1159
986,29,1015
290,223,513
392,730,1122
797,982,1779
507,44,551
72,597,669
190,132,322
115,126,241
835,558,1393
18,479,497
941,298,1239
743,568,1311
854,434,1288
512,813,1325
197,469,666
164,659,823
392,937,1329
959,893,1852
172,86,258
726,673,1399
786,843,1629
118,87,205
535,44,579
916,647,1563
210,677,887
719,781,1500
216,145,361
367,974,1341
717,108,825
831,762,1593
597,506,1103
132,503,635
835,444,1279
321,225,546
113,868,981
772,654,1426
746,157,903
670,720,1390
899,523,1422
296,308,604
674,351,1025
29,722,751
575,99,674
858,841,1699
546,314,860
723,701,1424
442,335,777
639,985,1624
353,547,900
371,882,1253
601,302,903
30,901,931
1,167,168
211,340,551
272,610,882
142,371,513
391,623,1014
724,519,1243
834,945,1779
138,267,405
590,823,1413
18,786,804
32,847,879
134,966,1100
103,919,1022
607,416,1023
87,242,329
606,965,1571
538,0,538
562,73,635
128,506,634
432,267,699
279,480,759
289,613,902
47,642,689
217,457,674
971,933,1904
361,219,580
322,61,383
535,363,898
796,163,959
994,112,1106
273,719,992
491,8,499
933,412,1345
179,142,321
758,31,789
211,168,379
772,771,1543
293,434,727
58,806,864
813,533,1346
394,352,746
571,714,1285
144,1,145
43,838,881
401,69,470
376,932,1308
119,200,319
355,844,1199
94,9,103
17,902,919
768,683,1451
305,259,564
721,489,1210
13,522,535
467,589,1056
773,367,1140
855,195,1050
549,389,938
702,946,1648
196,561,757
21,945,966
153,873,1026
758,878,1636
348,489,837
715,259,974
587,462,1049
420,553,973
76,571,647
361,628,989
621,856,1477
364,819,1183
339,572,911
495,570,1065
771,164,935
713,259,972
224,768,992
175,679,854
575,797,1372
526,475,1001
388,424,812
493,773,1266
199,703,902
467,379,846
360,628,988
818,797,1615
560,208,768
541,380,921
297,611,908
461,513,974
351,809,1160
791,601,1392
602,592,1194
577,425,1002
1,396,397
521,886,1407
653,821,1474
714,884,1598
313,642,955
997,72,1069
77,605,682
168,245,413
126,185,311
403,266,669
584,65,649
202,797,999
561,846,1407
903,414,1317
989,417,1406
288,85,373
665,185,850
439,179,618
431,790,1221
56,717,773
460,622,1082
463,787,1250
614,563,1177
492,425,917
306,944,1250
196,245,441
301,510,811
561,900,1461
367,780,1147
120,393,513
265,143,408
77,276,353
360,918,1278
430,934,1364
156,182,338
44,178,222
542,678,1220
702,266,968
759,785,1544
62,84,146
352,918,1270
96,188,284
429,603,1032
344,475,819
62,477,539
240,295,535
301,764,1065
112,77,189
683,324,1007
179,599,778
200,780,980
672,134,806
176,647,823
243,262,505
422,566,988
261,906,1167
954,500,1454
5,279,284
796,104,900
644,806,1450
139,42,181
847,368,1215
454,508,962
487,831,1318
730,98,828
333,938,1271
143,32,175
16,398,414
505,718,1223
100,331,431
280,604,884
867,835,1702
552,904,1456
496,708,1204
294,744,1038
554,871,1425
79,726,805
736,281,1017
806,971,1777
813,598,1411
864,142,1006
719,186,905
22,97,119
669,626,1295
867,258,1125
37,449,486
561,669,1230
764,852,1616
351,823,1174
142,164,306
495,662,1157
788,513,1301
491,873,1364
566,180,746
592,585,1177
456,942,1398
555,559,1114
165,142,307
739,333,1072
518,397,915
106,365,471
233,268,501
56,524,580
547,46,593
996,565,1561
723,90,813
668,726,1394
611,425,1036
601,838,1439
246,99,345
579,977,1556
610,102,712
917,208,1125
422,481,903
632,609,1241
976,721,1697
660,704,1364
366,722,1088
273,370,643
634,724,1358
863,740,1603
465,598,1063
301,467,768
716,76,792
496,976,1472
923,510,1433
756,953,1709
852,387,1239
443,284,727
10,788,798
713,312,1025
414,303,717
55,957,1012
307,893,1200
954,15,969
415,705,1120
911,608,1519
139,865,1004
856,417,1273
424,786,1210
849,921,1770
813,926,1739
270,968,1238
591,972,1563
780,754,1534
837,144,981
997,906,1903
456,822,1278
3,347,350
881,101,982
685,740,1425
679,77,756
310,886,1196
753,792,1545
811,136,947
259,621,880
121,260,381
100,751,851
755,988,1743
2,5,7
807,544,1351
631,828,1459
816,283,1099
16,777,793
411,717,1128
695,361,1056
941,817,1758
62,296,358
642,856,1498
972,331,1303
607,175,782
755,687,1442
510,99,609
113,636,749
936,932,1868
744,895,1639
290,857,1147
701,178,879
988,351,1339
942,302,1244
236,485,721
520,673,1193
999,436,1435
26,480,506
454,911,1365
708,385,1093
858,937,1795
127,56,183
442,537,979
16,369,385
455,121,576
244,370,614
351,202,553
929,501,1430
244,228,472
547,282,829
458,93,551
446,548,994
726,871,1597
240,18,258
739,241,980
868,14,882
550,441,991
237,582,819
286,287,573
868,421,1289
534,474,1008
388,12,400
89,799,888
217,32,249
86,972,1058
340,819,1159
174,77,251
685,671,1356
28,414,442
368,963,1331
722,276,998
144,244,388
896,64,960
872,274,1146
989,260,1249
958,696,1654
956,681,1637
656,336,992
637,382,1019
666,592,1258
956,489,1445
278,662,940
