940,149,54,1143
446,263,948,1657
608,318,422,1348
608,39,349,996
274,426,674,1374
81,701,809,1591
6,957,661,1624
669,915,925,2509
985,397,661,2043
121,213,980,1314
604,678,33,1315
349,367,6,722
49,419,202,670
878,232,823,1933
855,333,648,1836
143,988,84,1215
623,372,148,1143
147,166,400,713
314,505,765,1584
274,479,651,1404
131,424,634,1189
927,526,2,1455
220,932,72,1224
201,694,268,1163
699,41,870,1610
512,303,553,1368
61,21,472,554
992,572,366,1930
607,542,945,2094
854,815,830,2499
935,389,49,1373
292,364,625,1281
35,58,360,453
796,582,211,1589
106,720,88,914
240,762,336,1338
238,301,719,1258
374,767,52,1193
321,589,445,1355
146,256,225,627
870,568,53,1491
125,478,795,1398
580,588,424,1592
192,75,328,595
228,382,398,1008
467,96,380,943
356,286,361,1003
196,416,216,828
864,691,118,1673
264,282,879,1425
934,34,184,1152
948,1,244,1193
871,594,987,2452
178,488,723,1389
489,891,526,1906
69,138,646,853
595,676,853,2124
93,942,717,1752
441,289,291,1021
676,264,198,1138
659,511,121,1291
71,814,318,1203
593,783,756,2132
562,155,194,911
694,585,321,1600
62,351,528,941
263,435,635,1333
25,464,353,842
627,385,909,1921
773,881,740,2394
589,86,247,922
868,766,348,1982
920,913,393,2226
186,979,856,2021
827,87,907,1821
848,504,411,1763
29,820,932,1781
542,571,81,1194
848,637,728,2213
616,101,23,740
382,384,763,1529
992,397,299,1688
307,365,360,1032
601,156,495,1252
107,22,571,700
770,285,462,1517
995,775,703,2473
628,35,343,1006
266,345,934,1545
426,686,557,1669
50,291,927,1268
176,12,275,463
875,75,303,1253
951,986,232,2169
752,8,260,1020
931,437,457,1825
582,911,327,1820
931,396,380,1707
918,224,90,1232
424,152,787,1363
523,927,833,2283
692,19,425,1136
605,947,349,1901
258,313,889,1460
396,871,874,2141
139,653,517,1309
571,216,767,1554
75,691,589,1355
470,63,596,1129
470,137,449,1056
593,756,694,2043
181,568,580,1329
893,521,864,2278
544,409,961,1914
942,401,284,1627
934,621,929,2484
302,991,640,1933
788,780,876,2444
184,766,215,1165
361,125,960,1446
897,418,613,1928
374,995,809,2178
310,877,815,2002
173,291,347,811
23,270,542,835
988,331,696,2015
708,373,466,1547
181,568,83,832
319,379,302,1000
966,528,357,1851
367,701,210,1278
713,221,774,1708
98,987,90,1175
67,172,920,1159
866,960,27,1853
69,392,828,1289
353,303,626,1282
643,107,173,923
595,547,594,1736
839,97,683,1619
357,284,940,1581
789,148,592,1529
792,938,208,1938
384,672,849,1905
913,241,736,1890
742,480,896,2118
220,903,936,2059
722,596,98,1416
842,502,437,1781
277,615,6,898
155,656,935,1746
617,21,277,915
993,211,958,2162
54,260,634,948
232,20,145,397
742,992,706,2440
677,220,857,1754
832,763,714,2309
358,268,348,974
724,14,463,1201
646,402,213,1261
284,655,443,1382
91,196,976,1263
77,166,422,665
227,759,792,1778
539,826,935,2300
535,164,65,764
53,171,274,498
431,242,470,1143
595,572,832,1999
711,381,245,1337
753,294,768,1815
903,690,301,1894
881,282,489,1652
985,506,168,1659
989,529,894,2412
175,971,479,1625
912,215,692,1819
569,69,5,643
632,517,155,1304
915,683,868,2466
948,184,967,2099
967,73,730,1770
276,168,447,891
303,554,23,880
24,564,748,1336
193,697,809,1699
597,714,933,2244
715,781,485,1981
819,503,234,1556
382,456,814,1652
761,125,472,1358
94,108,263,465
302,982,587,1871
867,732,199,1798
870,308,665,1843
575,175,140,890
284,61,27,372
484,247,916,1647
652,882,655,2189
137,543,210,890
259,26,817,1102
553,837,426,1816
713,654,991,2358
355,647,774,1776
449,954,536,1939
416,210,353,979
219,614,902,1735
651,49,579,1279
301,363,980,1644
404,493,922,1819
660,0,530,1190
517,814,724,2055
60,784,440,1284
503,608,313,1424
455,969,959,2383
688,706,366,1760
424,470,117,1011
165,490,84,739
129,75,441,645
1000,513,116,1629
413,434,484,1331
753,778,249,1780
834,33,512,1379
953,130,253,1336
396,625,488,1509
260,835,547,1642
757,17,676,1450
779,65,121,965
557,461,868,1886
553,549,254,1356
990,614,37,1641
134,469,161,764
318,94,365,777
194,142,185,521
914,5,891,1810
194,907,267,1368
784,292,177,1253
922,130,351,1403
487,468,291,1246
656,141,111,908
714,382,120,1216
784,786,833,2403
557,435,388,1380
849,160,545,1554
840,83,231,1154
68,319,332,719
303,522,767,1592
848,684,51,1583
749,395,407,1551
708,954,371,2033
522,410,747,1679
759,493,957,2209
313,384,847,1544
697,260,745,1702
835,49,751,1635
461,274,340,1075
877,455,940,2272
205,407,666,1278
481,589,350,1420
713,210,127,1050
286,39,111,436
869,88,59,1016
497,683,366,1546
754,891,649,2294
950,423,809,2182
151,614,68,833
878,264,307,1449
903,586,418,1907
523,103,588,1214
773,979,871,2623
304,166,369,839
799,765,291,1855
153,344,467,964
986,516,858,2360
103,758,724,1585
557,377,785,1719
619,964,376,1959
356,589,315,1260
928,918,887,2733
658,272,935,1865
13,658,327,998
947,542,583,2072
129,467,454,1050
507,140,716,1363
164,957,224,1345
496,475,342,1313
787,774,610,2171
946,781,957,2684
519,923,233,1675
223,133,643,999
789,577,186,1552
56,861,250,1167
291,951,43,1285
241,119,567,927
336,13,391,740
145,80,105,330
53,668,393,1114
576,389,588,1553
792,686,294,1772
238,908,90,1236
380,80,450,910
589,368,268,1225
415,391,555,1361
948,396,615,1959
938,819,655,2412
934,690,808,2432
631,111,201,943
616,402,830,1848
565,738,857,2160
837,282,411,1530
298,432,998,1728
978,176,448,1602
462,751,793,2006
959,842,101,1902
587,2,663,1252
405,598,927,1930
72,525,373,970
312,561,933,1806
714,210,435,1359
172,104,374,650
645,401,348,1394
875,960,567,2402
786,583,132,1501
556,505,706,1767
208,571,82,861
888,547,548,1983
987,204,667,1858
454,574,173,1201
946,329,237,1512
346,148,842,1336
7,162,634,803
206,191,473,870
403,689,214,1306
857,280,972,2109
985,446,698,2129
284,287,253,824
300,132,896,1328
828,227,449,1504
854,614,979,2447
499,651,491,1641
135,461,107,703
86,306,356,748
202,472,364,1038
615,218,633,1466
841,683,169,1693
677,365,146,1188
509,765,664,1938
16,163,733,912
195,960,305,1460
960,69,835,1864
619,30,357,1006
927,514,359,1800
953,877,366,2196
638,944,191,1773
66,147,494,707
159,320,373,852
608,66,423,1097
606,112,960,1678
830,556,336,1722
83,121,157,361
159,980,978,2117
646,503,277,1426
946,692,640,2278
323,543,380,1246
506,573,262,1341
5,761,836,1602
365,48,408,821
443,776,708,1927
640,133,806,1579
511,283,928,1722
53,293,589,935
337,838,787,1962
130,495,988,1613
962,142,291,1395
276,298,423,997
404,909,92,1405
14,195,594,803
342,31,597,970
1000,686,655,2341
396,350,512,1258
741,2,210,953
558,186,909,1653
501,603,148,1252
533,482,133,1148
700,772,582,2054
722,955,93,1770
884,402,476,1762
141,707,479,1327
760,41,679,1480
446,548,188,1182
874,927,196,1997
563,214,272,1049
749,440,109,1298
71,753,726,1550
539,237,723,1499
622,178,369,1169
842,476,691,2009
610,653,309,1572
343,854,224,1421
360,30,467,857
908,524,667,2099
264,284,669,1217
248,679,791,1718
489,652,379,1520
351,888,53,1292
140,208,812,1160
839,944,479,2262
857,417,59,1333
657,38,810,1505
15,72,613,700
734,90,549,1373
724,894,53,1671
11,446,85,542
485,367,77,929
274,426,983,1683
298,820,429,1547
382,800,486,1668
40,217,792,1049
610,934,415,1959
904,624,30,1558
624,91,368,1083
437,291,395,1123
819,676,494,1989
100,206,918,1224
996,721,922,2639
735,980,307,2022
557,92,643,1292
544,17,149,710
811,121,50,982
331,972,872,2175
702,369,688,1759
581,680,438,1699
640,149,13,802
140,398,820,1358
625,888,176,1689
567,140,165,872
556,553,712,1821
461,259,185,905
947,862,178,1987
154,709,995,1858
14,143,33,190
228,851,195,1274
810,985,677,2472
28,423,85,536
274,590,455,1319
326,308,52,686
707,607,228,1542
340,966,51,1357
23,692,127,842
505,939,648,2092
915,94,792,1801
578,22,496,1096
855,382,175,1412
501,330,801,1632
927,997,632,2556
76,18,542,636
906,837,341,2084
696,412,27,1135
764,827,584,2175
187,1,400,588
600,115,423,1138
391,845,112,1348
791,85,844,1720
585,647,9,1241
293,145,243,681
430,88,331,849
88,857,392,1337
891,422,860,2173
711,512,506,1729
456,368,794,1618
831,322,618,1771
799,581,18,1398
241,817,13,1071
64,574,582,1220
965,73,351,1389
966,626,787,2379
119,654,722,1495
379,282,894,1555
19,679,965,1663
183,117,884,1184
522,854,488,1864
249,414,757,1420
205,290,961,1456
773,70,498,1341
181,363,600,1144
732,856,358,1946
216,611,409,1236
660,483,916,2059
394,261,911,1566
458,477,158,1093
149,868,244,1261
565,505,241,1311
32,175,206,413
766,829,791,2386
332,148,629,1109
991,93,35,1119
270,223,806,1299
898,172,232,1302
933,24,449,1406
807,991,877,2675
640,559,507,1706
580,455,771,1806
771,491,210,1472
655,312,869,1836
17,861,227,1105
444,132,575,1151
982,573,199,1754
761,771,743,2275
563,414,660,1637
707,187,159,1053
314,57,288,659
457,410,289,1156
536,71,787,1394
846,616,530,1992
840,680,888,2408
739,907,916,2562
631,527,315,1473
817,26,972,1815
674,211,153,1038
762,955,372,2089
416,107,963,1486
497,240,177,914
531,179,280,990
909,530,222,1661
837,173,659,1669
802,856,78,1736
602,148,765,1515
691,133,564,1388
959,11,830,1800
82,30,815,927
987,224,720,1931
231,153,735,1119
94,328,351,773
521,716,362,1599
496,648,643,1787
145,636,767,1548
684,785,872,2341
881,72,509,1462
685,204,964,1853
506,707,624,1837
573,593,513,1679
980,1,320,1301
993,20,689,1702
425,546,89,1060
864,405,427,1696
920,179,839,1938
596,689,766,2051
915,251,909,2075
527,962,696,2185
28,830,692,1550
237,587,313,1137
767,857,882,2506
211,169,451,831
631,216,937,1784
62,900,501,1463
582,263,203,1048
233,347,766,1346
837,606,605,2048
874,369,464,1707
328,752,483,1563
41,565,784,1390
868,963,181,2012
929,785,304,2018
932,328,167,1427
686,899,225,1810
509,778,105,1392
912,573,478,1963
732,877,60,1669
418,723,779,1920
169,405,863,1437
897,460,843,2200
898,303,720,1921
187,80,456,723
278,157,676,1111
96,45,413,554
840,666,464,1970
340,956,635,1931
598,651,398,1647
854,9,726,1589
774,288,31,1093
194,806,609,1609
528,855,675,2058
628,467,580,1675
532,330,110,972
191,186,136,513
449,224,847,1520
404,859,768,2031
664,262,296,1222
991,515,502,2008
894,117,813,1824
369,832,379,1580
481,969,919,2369
573,548,501,1622
712,341,938,1991
289,843,75,1207
930,847,55,1832
201,540,569,1310
330,831,431,1592
376,280,230,886
117,910,608,1635
496,429,277,1202
87,76,560,723
544,295,205,1044
658,973,605,2236
922,453,33,1408
481,533,581,1595
958,324,828,2110
979,444,677,2100
482,794,171,1447
118,141,107,366
829,235,883,1947
515,237,82,834
143,325,909,1377
791,97,811,1699
911,213,135,1259
591,152,698,1441
800,567,508,1875
172,672,971,1815
151,427,772,1350
662,95,237,994
471,57,869,1397
907,6,765,1678
352,827,269,1448
920,213,933,2066
542,671,969,2182
175,453,866,1494
56,159,348,563
319,486,163,968
930,875,571,2376
268,469,349,1086
534,222,188,944
223,373,797,1393
102,234,616,952
792,671,2,1465
826,261,185,1272
963,103,280,1346
546,994,699,2239
321,730,151,1202
915,792,725,2432
76,343,872,1291
773,144,44,961
783,692,867,2342
299,721,832,1852
45,131,562,738
568,572,838,1978
115,390,509,1014
353,547,664,1564
839,222,994,2055
666,483,160,1309
743,759,290,1792
752,810,873,2435
250,562,805,1617
977,912,261,2150
964,260,833,2057
900,56,403,1359
582,967,612,2161
457,905,704,2066
235,710,469,1414
142,61,818,1021
500,679,145,1324
65,101,527,693
724,737,356,1817
718,990,618,2326
156,479,281,916
131,84,882,1097
469,376,576,1421
881,499,271,1651
765,138,215,1118
993,434,514,1941
743,570,200,1513
34,601,692,1327
666,283,493,1442
298,875,843,2016
34,450,877,1361
141,653,54,848
280,841,555,1676
46,593,288,927
220,861,114,1195
321,858,223,1402
733,342,527,1602
647,475,866,1988
103,855,904,1862
966,427,442,1835
938,891,107,1936
421,283,878,1582
392,647,601,1640
77,369,991,1437
501,920,718,2139
656,221,466,1343
540,406,552,1498
375,914,756,2045
636,88,297,1021
50,857,959,1866
50,541,485,1076
937,677,804,2418
999,996,231,2226
522,521,630,1673
202,70,835,1107
168,702,511,1381
345,271,358,974
422,777,93,1292
985,395,447,1827
783,779,17,1579
479,801,315,1595
926,673,895,2494
126,684,910,1720
679,736,733,2148
990,717,73,1780
32,484,741,1257
204,116,923,1243
104,98,189,391
44,449,412,905
783,468,438,1689
289,561,156,1006
629,81,97,807
227,554,277,1058
400,742,636,1778
254,309,476,1039
569,289,61,919
335,73,462,870
532,316,66,914
222,7,244,473
767,580,231,1578
922,699,194,1815
326,813,160,1299
629,70,829,1528
652,412,988,2052
436,454,151,1041
957,889,319,2165
976,811,515,2302
802,823,620,2245
320,139,904,1363
889,691,640,2220
999,79,170,1248
856,207,830,1893
698,135,88,921
408,481,145,1034
530,867,914,2311
348,278,356,982
411,591,466,1468
486,914,853,2253
73,272,426,771
929,510,686,2125
784,765,239,1788
827,97,218,1142
738,890,403,2031
616,384,579,1579
89,429,344,862
422,861,990,2273
547,124,315,986
633,975,55,1663
659,8,336,1003
253,494,32,779
125,578,960,1663
422,582,832,1836
720,516,276,1512
653,46,454,1153
719,673,570,1962
72,465,934,1471
835,257,69,1161
730,642,629,2001
438,145,230,813
233,753,917,1903
299,802,975,2076
608,792,449,1849
306,205,385,896
897,417,653,1967
66,334,976,1376
27,973,894,1894
416,799,352,1567
158,488,61,707
398,345,120,863
898,279,226,1403
281,371,739,1391
785,105,521,1411
462,384,793,1639
69,2,321,392
823,47,219,1089
856,3,493,1352
609,51,611,1271
314,881,592,1787
56,547,739,1342
301,687,836,1824
441,623,55,1119
589,814,716,2119
243,64,359,666
554,20,921,1495
377,795,561,1733
310,849,920,2079
653,557,211,1421
224,276,12,512
216,10,948,1174
958,518,847,2323
569,1000,770,2339
105,676,976,1757
674,307,356,1337
420,555,501,1476
180,998,9,1187
186,459,929,1574
301,420,649,1370
984,683,391,2058
102,434,5,541
96,448,944,1488
53,280,29,362
305,53,447,805
302,439,46,787
536,903,309,1748
726,416,417,1559
202,588,795,1585
73,6,356,435
918,635,831,2384
292,972,607,1871
789,882,392,2063
254,272,881,1407
410,72,129,611
634,774,243,1651
357,720,414,1491
290,695,924,1909
80,321,222,623
533,350,414,1297
815,160,245,1220
803,182,548,1533
529,96,204,829
88,995,432,1515
818,47,493,1358
917,413,294,1624
573,488,970,2031
68,886,363,1317
373,208,848,1429
195,119,198,512
576,964,9,1549
428,267,170,865
93,682,941,1716
207,309,331,847
742,314,686,1742
117,404,96,617
637,370,11,1018
426,941,132,1499
180,225,777,1182
66,831,638,1535
735,600,445,1780
21,956,222,1199
511,467,644,1622
875,300,804,1979
196,758,167,1121
847,305,142,1294
125,560,770,1455
604,784,445,1833
480,919,496,1895
681,46,685,1412
793,372,779,1944
200,445,934,1579
908,522,239,1669
254,780,287,1321
123,193,473,789
275,743,350,1368
764,105,652,1521
100,598,901,1599
764,150,88,1002
544,178,711,1433
960,559,155,1674
283,743,199,1225
320,842,333,1495
860,569,385,1814
675,97,195,967
718,958,39,1715
26,749,591,1366
439,898,588,1925
523,626,96,1245
687,866,105,1658
94,258,649,1001
310,702,476,1488
103,307,355,765
273,648,446,1367
239,388,812,1439
587,685,688,1960
397,342,288,1027
968,529,954,2451
848,264,418,1530
901,482,797,2180
780,996,565,2341
711,974,693,2378
477,408,376,1261
316,14,5,335
941,886,648,2475
74,244,359,677
16,689,837,1542
579,423,943,1945
666,166,695,1527
434,22,191,647
546,412,87,1045
827,226,163,1216
930,572,382,1884
435,385,56,876
611,483,596,1690
888,947,24,1859
980,583,52,1615
885,171,224,1280
273,406,843,1522
179,636,110,925
359,260,351,970
48,386,503,937
147,758,957,1862
22,423,464,909
955,930,212,2097
644,464,948,2056
229,931,964,2124
505,166,241,912
507,399,872,1778
155,331,115,601
331,873,647,1851
98,182,776,1056
354,845,831,2030
549,676,163,1388
18,1000,582,1600
731,21,6,758
227,293,25,545
360,270,596,1226
259,974,557,1790
307,926,460,1693
479,835,637,1951
278,674,119,1071
210,870,100,1180
180,368,892,1440
841,677,434,1952
165,857,558,1580
694,665,784,2143
914,937,225,2076
937,418,700,2055
988,433,653,2074
931,609,231,1771
192,876,7,1075
564,641,857,2062
665,809,96,1570
347,759,943,2049
672,325,696,1693
865,165,254,1284
87,120,905,1112
608,659,965,2232
638,71,234,943
541,447,967,1955
822,560,391,1773
726,86,283,1095
402,463,990,1855
176,210,31,417
404,951,4,1359
156,694,957,1807
228,271,390,889
141,386,847,1374
579,764,163,1506
236,152,727,1115
881,228,378,1487
734,610,718,2062
615,515,210,1340
485,555,852,1892
544,242,280,1066
249,517,680,1446
795,250,731,1776
503,868,35,1406
764,54,17,835
373,701,798,1872
44,686,483,1213
723,437,309,1469
22,441,47,510
535,554,312,1401
378,39,104,521
574,636,33,1243
435,772,242,1449
839,849,527,2215
304,708,478,1490
171,38,119,328
921,504,66,1491
942,370,352,1664
208,147,569,924
701,674,647,2022
540,787,797,2124
193,386,189,768
124,396,863,1383
20,447,635,1102
202,223,198,623
384,339,971,1694
867,374,394,1635
243,478,388,1109
108,910,647,1665
474,236,637,1347
342,662,223,1227
799,341,875,2015
903,982,533,2418
967,776,731,2474
328,537,972,1837
631,836,285,1752
23,357,168,548
535,132,677,1344
635,13,381,1029
294,250,686,1230
632,588,444,1664
612,719,407,1738
831,480,728,2039
769,804,943,2516
581,756,20,1357
782,429,850,2061
750,404,489,1643
474,131,718,1323
995,51,637,1683
314,694,705,1713
768,307,449,1524
606,249,447,1302
740,506,701,1947
164,938,547,1649
185,316,29,530
997,560,847,2404
668,690,300,1658
185,729,189,1103
631,32,268,931
598,854,247,1699
980,171,151,1302
577,306,756,1639
141,758,116,1015
672,174,542,1388
591,205,56,852
885,551,503,1939
323,188,894,1405
88,748,900,1736
426,38,451,915
229,298,958,1485
794,436,367,1597
896,926,981,2803
411,706,515,1632
250,681,245,1176
185,775,419,1379
682,630,979,2291
712,176,500,1388
763,716,124,1603
199,433,865,1497
47,505,219,771
812,417,294,1523
128,884,725,1737
686,612,192,1490
10,50,864,924
419,12,595,1026
823,627,748,2198
893,220,142,1255
753,980,773,2506
866,734,227,1827
7,81,307,395
615,672,538,1825
272,784,894,1950
360,275,608,1243
989,903,150,2042
395,881,275,1551
153,340,873,1366
318,892,726,1936
847,854,889,2590
27,0,517,544
903,108,945,1956
806,981,840,2627
882,726,190,1798
732,347,530,1609
710,175,773,1658
217,198,718,1133
591,620,546,1757
358,350,691,1399
880,838,775,2493
154,243,721,1118
358,552,419,1329
773,907,283,1963
101,731,283,1115
642,329,915,1886
214,180,503,897
162,176,545,883
819,190,484,1493
515,949,153,1617
66,952,716,1734
551,776,199,1526
599,600,556,1755
904,502,252,1658
645,840,168,1653
290,4,157,451
576,662,970,2208
43,336,753,1132
473,851,931,2255
613,881,211,1705
878,616,644,2138
807,137,735,1679
276,400,59,735
476,936,562,1974
361,671,463,1495
583,986,462,2031
581,325,725,1631
487,257,931,1675
74,827,652,1553
680,104,957,1741
704,595,571,1870
283,47,497,827
160,501,969,1630
455,77,690,1222
139,383,345,867
952,192,422,1566
965,109,404,1478
445,87,699,1231
124,45,216,385
669,876,821,2366
792,416,450,1658
503,352,869,1724
733,478,558,1769
296,115,291,702
293,366,831,1490
113,111,817,1041
810,271,764,1845
869,30,980,1879
699,237,881,1817
42,95,506,643
776,416,768,1960
922,563,552,2037
768,745,49,1562
870,111,273,1254
234,648,392,1274
237,100,162,499
194,653,620,1467
424,859,901,2184
56,33,32,121
808,703,177,1688
794,214,33,1041
811,212,501,1524
347,265,522,1134
502,902,218,1622
267,765,520,1552
451,311,905,1667
980,310,75,1365
862,178,738,1778
607,21,291,919
277,2,656,935
82,346,732,1160
569,844,584,1997
508,955,38,1501
438,27,660,1125
499,992,974,2465
903,148,150,1201
849,86,726,1661
3,990,300,1293
718,461,394,1573
681,955,774,2410
609,451,767,1827
540,354,693,1587
877,509,758,2144
110,551,373,1034
100,863,774,1737
697,524,977,2198
334,968,525,1827
4,29,111,144
368,325,673,1366
526,88,811,1425
415,178,551,1144
640,921,663,2224
837,707,922,2466
50,788,737,1575
903,736,875,2514
340,784,905,2029
156,902,143,1201
316,439,706,1461
177,817,611,1605
113,487,360,960
626,480,651,1757
86,325,598,1009
920,843,520,2283
811,571,15,1397
468,377,534,1379
818,187,629,1634
482,441,686,1609
585,946,863,2394
532,149,824,1505
655,852,667,2174
438,853,51,1342
727,189,175,1091
303,292,488,1083
26,355,301,682
272,533,742,1547
187,853,968,2008
219,11,717,947
713,284,138,1135
701,656,105,1462
944,478,260,1682
931,538,215,1684
762,90,362,1214
743,153,358,1254
854,456,425,1735
60,723,32,815
771,749,38,1558
404,435,205,1044
25,353,562,940
960,752,300,2012
556,483,378,1417
396,805,479,1680
214,497,361,1072
147,337,671,1155
321,369,756,1446
281,518,217,1016
772,403,126,1301
654,774,212,1640
139,499,214,852
676,632,172,1480
901,883,813,2597
53,95,225,373
830,782,522,2134
209,86,865,1160
560,739,391,1690
969,964,626,2559
724,456,485,1665
107,756,804,1667
100,992,444,1536
656,437,458,1551
426,417,926,1769
159,80,320,559
345,299,560,1204
481,676,414,1571
264,937,654,1855
106,697,315,1118
998,338,41,1377
197,524,166,887
260,106,248,614
515,704,276,1495
314,507,705,1526
101,701,505,1307
221,390,213,824
436,602,138,1176
313,573,190,1076
165,54,714,933
509,164,952,1625
114,912,438,1464
566,942,9,1517
442,647,403,1492
602,835,127,1564
356,874,844,2074
71,826,101,998
414,564,866,1844
612,451,736,1799
509,932,889,2330
357,522,738,1617
609,705,535,1849
975,864,363,2202
58,174,881,1113
401,965,358,1724
811,788,996,2595
337,142,492,971
67,250,384,701
972,619,289,1880
374,178,102,654
840,759,48,1647
757,690,572,2019
635,43,335,1013
578,625,782,1985
670,473,623,1766
905,805,106,1816
721,662,448,1831
453,896,782,2131
97,510,184,791
775,43,483,1301
669,948,414,2031
315,861,143,1319
627,805,946,2378
479,683,930,2092
253,935,973,2161
975,259,979,2213
331,258,132,721
402,887,550,1839
503,975,885,2363
838,349,312,1499
921,900,797,2618
566,457,517,1540
613,705,621,1939
738,725,345,1808
284,79,153,516
498,682,753,1933
723,829,29,1581
964,435,8,1407
983,359,648,1990
429,364,220,1013
317,428,150,895
39,486,837,1362
701,33,180,914
493,574,830,1897
867,153,270,1290
746,108,525,1379
194,398,329,921
407,47,810,1264
161,649,291,1101
639,274,727,1640
754,360,527,1641
236,10,348,594
680,813,440,1933
482,517,946,1945
97,354,698,1149
820,214,942,1976
945,287,164,1396
272,747,972,1991
92,610,348,1050
175,671,387,1233
993,816,254,2063
451,647,853,1951
44,741,552,1337
122,543,287,952
518,133,231,882
661,281,882,1824
921,903,198,2022
484,443,262,1189
882,647,638,2167
190,247,41,478
57,121,367,545
430,700,644,1774
656,209,442,1307
0,320,426,746
240,678,509,1427
611,740,620,1971
826,114,320,1260
119,208,202,529
235,302,514,1051
236,602,589,1427
369,231,289,889
227,529,836,1592
874,458,444,1776
332,201,228,761
691,929,30,1650
564,620,523,1707
281,749,261,1291
651,911,835,2397
246,994,936,2176
546,110,41,697
502,466,424,1392
967,147,619,1733
921,200,661,1782
407,648,439,1494
491,669,770,1930
392,273,619,1284
383,953,409,1745
401,481,145,1027
842,810,763,2415
559,335,186,1080
762,821,885,2468
226,385,824,1435
583,514,595,1692
678,703,287,1668
513,344,260,1117
650,745,240,1635
228,414,602,1244
347,333,434,1114
494,5,703,1202
192,712,849,1753
894,933,501,2328
234,720,326,1280
983,101,200,1284
68,885,836,1789
720,125,206,1051
443,313,623,1379
644,86,362,1092
946,573,338,1857
443,235,779,1457
162,13,776,951
218,917,740,1875
799,926,89,1814
240,189,954,1383
914,461,138,1513
250,57,9,316
801,512,643,1956
176,476,997,1649
412,691,175,1278
648,731,329,1708
103,461,358,922
406,880,105,1391
124,254,648,1026
790,603,979,2372
148,757,878,1783
683,764,806,2253
282,375,883,1540
384,591,506,1481
8,206,219,433
639,722,863,2224
698,533,908,2139
340,188,355,883
734,359,850,1943
493,752,6,1251
445,689,255,1389
419,177,958,1554
910,980,322,2212
884,363,729,1976
422,573,360,1355
6,543,556,1105
289,845,334,1468
587,324,666,1577
914,452,682,2048
141,588,672,1401
187,131,947,1265
117,893,331,1341
410,672,182,1264
282,711,78,1071
133,422,739,1294
598,58,43,699
750,824,38,1612
628,197,823,1648
654,761,990,2405
948,369,243,1560
155,422,295,872
119,258,551,928
499,110,646,1255
74,670,130,874
127,899,828,1854
75,656,591,1322
93,240,334,667
907,54,344,1305
214,387,993,1594
664,74,77,815
378,805,499,1682
376,799,656,1831
825,289,449,1563
780,414,838,2032
305,660,515,1480
888,589,638,2115
675,226,601,1502
503,189,733,1425
191,976,93,1260
813,465,423,1701
771,688,520,1979
971,674,120,1765
928,317,377,1622
818,574,857,2249
362,273,415,1050
907,964,676,2547
320,234,158,712
1000,228,449,1677
789,31,64,884
671,114,979,1764
992,997,668,2657
544,818,287,1649
821,194,270,1285
119,413,910,1442
746,834,878,2458
348,915,808,2071
934,374,989,2297
239,541,433,1213
913,175,686,1774
942,430,258,1630
294,807,878,1979
238,803,936,1977
830,404,57,1291
624,608,391,1623
216,300,27,543
157,310,944,1411
908,818,158,1884
746,663,97,1506
478,24,262,764
265,236,552,1053
621,845,667,2133
981,611,485,2077
863,603,134,1600
475,263,275,1013
55,709,784,1548
917,678,319,1914
346,940,761,2047
735,526,408,1669
538,380,915,1833
609,456,510,1575
177,24,785,986
708,896,614,2218
759,469,222,1450
382,1000,762,2144
218,471,535,1224
914,396,782,2092
962,114,243,1319
402,39,246,687
396,871,84,1351
794,978,258,2030
262,667,321,1250
907,903,710,2520
59,831,103,993
405,316,616,1337
997,935,983,2915
961,511,256,1728
337,502,750,1589
85,304,201,590
582,328,725,1635
819,124,834,1777
873,544,529,1946
617,681,780,2078
689,365,215,1269
864,763,748,2375
486,127,93,706
879,513,603,1995
694,305,534,1533
338,782,858,1978
909,760,116,1785
725,779,755,2259
187,62,373,622
373,130,199,702
436,832,903,2171
134,38,128,300
839,715,445,1999
463,293,461,1217
433,342,421,1196
478,431,567,1476
464,633,71,1168
759,298,591,1648
404,165,684,1253
43,542,407,992
315,549,58,922
537,609,152,1298
161,346,678,1185
525,604,355,1484
215,396,218,829
567,490,95,1152
525,258,613,1396
379,248,308,935
842,311,670,1823
829,882,739,2450
809,360,95,1264
116,789,771,1676
423,807,242,1472
3,395,813,1211
169,100,939,1208
102,120,554,776
655,685,293,1633
53,867,991,1911
601,405,795,1801
878,167,240,1285
956,45,383,1384
152,272,287,711
788,549,664,2001
729,326,475,1530
190,231,507,928
992,563,682,2237
141,154,657,952
840,896,617,2353
997,986,204,2187
236,388,746,1370
923,21,170,1114
887,796,829,2512
64,477,857,1398
329,505,585,1419
893,399,638,1930
607,335,949,1891
203,627,772,1602
764,498,872,2134
298,635,642,1575
997,700,862,2559
506,560,350,1416
562,688,794,2044
364,16,935,1315
601,361,310,1272
244,685,839,1768
226,310,418,954
88,408,716,1212
288,640,894,1822
331,13,583,927
177,898,433,1508
831,902,188,1921
627,739,496,1862
701,987,70,1758
634,438,426,1498
431,175,301,907
417,884,973,2274
872,238,918,2028
309,102,944,1355
371,395,883,1649
834,543,806,2183
965,933,778,2676
751,726,487,1964
379,534,381,1294
428,222,423,1073
686,955,64,1705
783,52,518,1353
722,541,955,2218
587,349,1000,1936
740,848,640,2228
22,721,873,1616
983,50,357,1390
404,166,962,1532
274,219,726,1219
173,847,50,1070
915,929,521,2365
377,712,941,2030
567,80,140,787
476,919,449,1844
488,817,26,1331
373,166,955,1494
123,281,552,956
951,595,44,1590
0,77,364,441
205,688,51,944
328,800,7,1135
14,712,302,1028
540,826,469,1835
70,155,711,936
533,695,362,1590
706,671,144,1521
921,737,990,2648
939,199,797,1935
864,917,474,2255
44,248,567,859
425,768,33,1226
817,858,798,2473
786,829,31,1646
22,503,526,1051
557,38,135,730
421,603,598,1622
88,193,417,698
379,685,257,1321
323,821,928,2072
427,849,48,1324
22,696,591,1309
759,726,492,1977
780,278,946,2004
335,658,351,1344
775,792,687,2254
337,768,344,1449
400,567,631,1598
603,691,660,1954
472,439,58,969
895,269,794,1958
506,370,269,1145
277,732,514,1523
100,915,467,1482
762,822,336,1920
605,498,595,1698
837,506,413,1756
656,452,526,1634
966,554,81,1601
814,329,384,1527
182,2,694,878
814,602,539,1955
678,644,844,2166
194,406,223,823
280,425,952,1657
273,517,808,1598
237,840,145,1222
658,756,589,2003
62,823,316,1201
363,12,528,903
435,23,60,518
756,855,505,2116
914,740,84,1738
424,546,984,1954
832,340,742,1914
496,912,168,1576
711,227,802,1740
899,258,865,2022
277,642,154,1073
544,30,227,801
122,673,269,1064
436,235,336,1007
18,917,393,1328
796,736,568,2100
938,240,716,1894
631,583,147,1361
39,192,400,631
520,761,105,1386
306,85,745,1136
294,631,654,1579
92,125,384,601
817,472,858,2147
602,952,511,2065
551,478,271,1300
600,377,272,1249
909,925,948,2782
147,799,333,1279
508,981,216,1705
114,955,68,1137
540,584,536,1660
261,727,513,1501
283,694,799,1776
852,856,886,2594
260,151,992,1403
107,903,875,1885
710,329,36,1075
86,981,746,1813
175,571,556,1302
666,103,786,1555
879,512,746,2137
144,14,785,943
230,422,716,1368
821,576,56,1453
558,196,914,1668
554,692,847,2093
454,374,171,999
283,806,47,1136
345,804,113,1262
272,928,279,1479
919,602,568,2089
40,586,50,676
785,526,981,2292
987,442,727,2156
967,663,633,2263
774,29,399,1202
754,363,172,1289
146,750,366,1262
756,910,481,2147
407,40,30,477
276,550,460,1286
569,542,17,1128
225,544,953,1722
836,620,562,2018
779,868,366,2013
530,109,995,1634
156,798,901,1855
875,732,515,2122
448,605,45,1098
408,214,51,673
530,408,189,1127
954,964,740,2658
501,174,913,1588
662,479,12,1153
132,738,600,1470
971,133,484,1588
539,940,745,2224
804,780,700,2284
276,991,110,1377
559,963,372,1894
286,79,977,1342
730,97,324,1151
715,58,66,839
14,771,701,1486
677,461,900,2038
707,861,560,2128
918,834,89,1841
647,256,845,1748
991,199,802,1992
301,476,652,1429
94,747,573,1414
458,88,746,1292
176,552,706,1434
974,408,945,2327
271,373,298,942
436,33,132,601
347,757,783,1887
492,590,759,1841
302,374,578,1254
156,183,4,343
342,235,0,577
799,440,475,1714
378,776,886,2040
412,358,363,1133
692,348,629,1669
617,662,616,1895
242,540,112,894
413,570,667,1650
200,938,254,1392
757,561,574,1892
253,735,216,1204
955,522,445,1922
18,725,623,1366
48,492,153,693
967,824,908,2699
257,462,486,1205
426,426,434,1286
103,281,843,1227
872,78,643,1593
405,51,637,1093
5,434,918,1357
597,416,198,1211
191,252,245,688
953,529,501,1983
949,287,871,2107
81,456,414,951
83,433,616,1132
438,84,852,1374
873,863,507,2243
413,200,369,982
593,80,678,1351
611,65,316,992
629,333,651,1613
156,559,471,1186
742,539,424,1705
200,259,322,781
803,281,800,1884
902,418,853,2173
215,445,82,742
438,765,477,1680
515,253,147,915
933,964,575,2472
435,824,484,1743
628,803,397,1828
471,612,305,1388
362,180,984,1526
943,345,14,1302
695,576,289,1560
581,701,803,2085
505,951,496,1952
362,741,519,1622
664,897,331,1892
962,827,624,2413
960,758,635,2353
444,460,81,985
420,453,72,945
314,329,235,878
829,490,259,1578
820,148,171,1139
676,249,240,1165
645,931,862,2438
50,194,149,393
406,429,935,1770
335,79,579,993
748,776,311,1835
393,138,401,932
967,834,509,2310
426,656,189,1271
546,397,369,1312
931,445,771,2147
513,490,81,1084
390,376,910,1676
717,44,239,1000
989,144,872,2005
388,212,979,1579
410,884,506,1800
867,515,98,1480
653,341,299,1293
490,100,585,1175
458,440,597,1495
388,260,954,1602
697,369,109,1175
125,596,32,753
301,468,110,879
486,17,302,805
325,499,536,1360
740,199,471,1410
392,845,79,1316
13,205,378,596
76,70,536,682
979,865,7,1851
266,562,854,1682
696,997,116,1809
108,971,349,1428
195,954,930,2079
124,630,301,1055
986,97,847,1930
903,341,582,1826
843,986,502,2331
1000,289,532,1821
529,615,115,1259
750,192,473,1415
783,169,504,1456
24,943,76,1043
677,103,36,816
799,933,624,2356
172,180,656,1008
685,846,170,1701
554,935,259,1748
662,271,361,1294
963,398,22,1383
80,229,444,753
848,9,771,1628
181,272,837,1290
491,445,73,1009
258,369,232,859
13,827,765,1605
424,780,615,1819
961,963,131,2055
928,960,118,2006
792,303,182,1277
767,217,68,1052
161,891,536,1588
141,998,723,1862
54,37,896,987
93,707,959,1759
17,506,346,869
442,722,343,1507
998,338,682,2018
924,998,64,1986
503,56,722,1281
979,562,718,2259
172,703,964,1839
927,376,259,1562
456,19,955,1430
901,325,539,1765
912,839,411,2162
64,699,411,1174
171,582,22,775
659,815,564,2038
584,542,335,1461
744,234,830,1808
248,714,428,1390
35,865,316,1216
296,641,199,1136
36,500,342,878
39,448,418,905
209,420,323,952
190,536,631,1357
9,942,985,1936
265,290,767,1322
645,680,638,1963
490,204,497,1191
492,229,708,1429
232,672,584,1488
891,804,616,2311
901,448,427,1776
768,143,768,1679
923,721,117,1761
682,57,451,1190
170,181,331,682
215,426,686,1327
258,401,639,1298
113,763,668,1544
661,126,109,896
472,188,261,921
290,670,812,1772
823,262,442,1527
72,134,989,1195
984,487,738,2209
933,232,594,1759
767,894,884,2545
203,292,262,757
991,374,542,1907
603,397,320,1320
85,467,931,1483
346,212,136,694
828,173,533,1534
884,953,544,2381
933,555,996,2484
654,460,542,1656
33,3,970,1006
519,478,371,1368
966,743,86,1795
448,411,469,1328
243,700,162,1105
717,419,878,2014
781,282,847,1910
448,880,301,1629
619,391,75,1085
885,490,933,2308
128,92,112,332
808,296,429,1533
68,304,220,592
161,909,218,1288
68,179,265,512
664,31,640,1335
837,639,7,1483
284,117,567,968
251,413,694,1358
392,876,457,1725
287,889,988,2164
282,508,185,975
219,569,913,1701
584,242,17,843
786,642,620,2048
978,210,621,1809
292,209,226,727
512,554,255,1321
41,579,554,1174
750,430,92,1272
917,248,888,2053
261,188,862,1311
697,333,106,1136
908,900,120,1928
372,720,306,1398
200,508,392,1100
553,60,227,840
449,14,965,1428
530,929,503,1962
349,102,536,987
883,777,577,2237
982,281,380,1643
397,855,523,1775
312,848,208,1368
329,921,211,1461
696,463,73,1232
240,331,150,721
898,503,854,2255
376,763,819,1958
23,508,611,1142
305,925,346,1576
575,60,140,775
193,899,143,1235
198,124,658,980
541,56,251,848
931,707,751,2389
985,607,896,2488
685,8,86,779
160,606,377,1143
216,804,888,1908
572,453,326,1351
15,686,757,1458
572,18,923,1513
664,251,72,987
233,578,58,869
118,159,295,572
380,947,766,2093
99,823,759,1681
530,816,527,1873
399,451,582,1432
537,751,964,2252
114,544,369,1027
228,195,985,1408
267,888,475,1630
359,357,681,1397
322,115,655,1092
196,624,96,916
590,553,946,2089
330,767,635,1732
258,906,437,1601
20,196,50,266
818,332,730,1880
612,186,880,1678
245,225,839,1309
777,131,97,1005
134,751,319,1204
451,132,553,1136
23,425,635,1083
580,645,328,1553
447,719,684,1850
945,971,312,2228
162,308,632,1102
316,261,33,610
327,838,158,1323
6,723,430,1159
84,582,568,1234
264,470,802,1536
744,87,671,1502
818,593,283,1694
179,905,475,1559
38,431,845,1314
45,191,496,732
838,123,94,1055
284,423,503,1210
167,934,720,1821
565,468,944,1977
286,820,920,2026
980,954,910,2844
467,812,288,1567
556,133,431,1120
324,587,85,996
64,792,530,1386
773,286,611,1670
315,785,777,1877
419,711,242,1372
510,882,342,1734
400,505,559,1464
813,727,105,1645
797,314,224,1335
3,975,582,1560
854,285,79,1218
91,866,681,1638
617,637,478,1732
130,805,197,1132
854,676,574,2104
801,230,601,1632
807,585,254,1646
100,378,197,675
368,656,878,1902
790,975,108,1873
645,883,967,2495
863,150,324,1337
854,851,182,1887
811,10,982,1803
85,712,135,932
531,942,22,1495
238,464,686,1388
579,744,353,1676
558,3,684,1245
909,174,646,1729
620,386,901,1907
171,479,699,1349
557,21,224,802
872,348,947,2167
364,445,772,1581
390,636,669,1695
613,539,43,1195
188,403,908,1499
23,217,631,871
653,862,181,1696
612,787,124,1523
610,720,868,2198
190,965,752,1907
985,499,719,2203
936,805,234,1975
288,703,789,1780
338,796,918,2052
790,502,186,1478
748,871,797,2416
324,709,296,1329
480,652,386,1518
560,349,408,1317
833,293,695,1821
313,719,656,1688
877,195,9,1081
421,991,330,1742
605,223,303,1131
582,742,756,2080
774,533,918,2225
654,671,757,2082
428,824,150,1402
924,756,465,2145
824,505,638,1967
114,356,98,568
332,923,944,2199
336,927,135,1398
231,289,878,1398
193,602,987,1782
468,890,611,1969
564,189,470,1223
226,398,753,1377
375,555,677,1607
326,794,236,1356
78,815,986,1879
711,329,388,1428
77,482,932,1491
174,98,108,380
210,60,662,932
52,746,743,1541
299,193,494,986
193,923,3,1119
211,969,254,1434
476,934,408,1818
436,958,755,2149
107,546,677,1330
970,807,477,2254
14,386,300,700
85,556,631,1272
729,982,36,1747
644,921,481,2046
706,32,820,1558
772,414,825,2011
830,398,206,1434
513,794,365,1672
836,726,760,2322
859,271,470,1600
806,981,262,2049
923,797,483,2203
411,311,846,1568
546,935,373,1854
787,780,926,2493
547,562,494,1603
368,473,291,1132
171,651,629,1451
378,143,291,812
209,703,758,1670
793,104,358,1255
651,150,297,1098
936,205,928,2069
3,902,545,1450
470,837,982,2289
51,268,919,1238
520,317,317,1154
26,1000,320,1346
111,258,516,885
751,845,732,2328
787,285,636,1708
811,690,885,2386
350,980,108,1438
246,490,203,939
199,121,857,1177
984,450,424,1858
687,840,592,2119
789,553,987,2329
195,676,148,1019
128,991,556,1675
732,400,693,1825
753,734,80,1567
958,63,730,1751
509,450,6,965
29,895,502,1426
614,844,834,2292
727,390,470,1587
55,790,580,1425
620,918,905,2443
804,572,672,2048
212,618,1000,1830
978,181,583,1742
921,948,111,1980
205,788,691,1684
314,905,874,2093
463,6,65,534
360,35,671,1066
361,788,722,1871
462,815,427,1704
938,44,629,1611
757,515,609,1881
737,543,93,1373
789,580,183,1552
891,604,396,1891
255,624,874,1753
641,951,152,1744
788,535,461,1784
774,15,543,1332
217,13,395,625
285,67,304,656
372,619,632,1623
428,123,449,1000
556,437,584,1577
598,353,63,1014
345,658,84,1087
453,941,406,1800
386,198,321,905
571,681,133,1385
713,259,148,1120
859,751,836,2446
615,248,125,988
116,517,663,1296
454,284,978,1716
413,585,46,1044
211,49,618,878
171,151,564,886
32,454,62,548
365,458,481,1304
207,578,26,811
176,382,192,750
614,861,170,1645
144,956,655,1755
752,808,964,2524
72,494,603,1169
934,758,659,2351
343,849,462,1654
405,339,912,1656
903,592,857,2352
882,782,153,1817
443,537,39,1019
111,776,833,1720
93,436,188,717
500,379,211,1090
117,26,372,515
371,994,790,2155
595,717,223,1535
253,102,309,664
19,399,40,458
145,128,569,842
96,326,900,1322
256,152,107,515
577,858,445,1880
485,414,323,1222
147,571,507,1225
964,266,4,1234
217,357,164,738
46,935,326,1307
893,642,682,2217
877,110,896,1883
399,712,361,1472
629,46,553,1228
695,270,154,1119
588,241,958,1787
455,873,928,2256
953,175,889,2017
290,721,610,1621
797,152,441,1390
310,620,799,1729
679,203,126,1008
431,190,909,1530
32,306,397,735
111,503,221,835
208,12,241,461
358,439,314,1111
861,146,933,1940
978,535,452,1965
327,525,602,1454
680,497,512,1689
910,253,671,1834
698,840,635,2173
923,494,311,1728
484,636,316,1436
651,139,350,1140
355,347,392,1094
190,87,82,359
344,424,382,1150
852,56,301,1209
746,742,769,2257
704,600,310,1614
347,605,89,1041
622,235,20,877
85,455,886,1426
501,451,869,1821
125,566,387,1078
134,254,630,1018
71,371,281,723
911,414,423,1748
478,43,676,1197
757,920,931,2608
683,521,14,1218
789,223,307,1319
494,904,356,1754
643,516,902,2061
84,512,521,1117
768,811,58,1637
896,830,543,2269
333,174,99,606
773,91,94,958
690,329,86,1105
777,256,641,1674
981,927,309,2217
371,662,120,1153
275,111,548,934
377,668,466,1511
245,898,348,1491
85,750,420,1255
149,775,669,1593
412,394,252,1058
777,378,505,1660
70,495,143,708
535,118,118,771
882,899,621,2402
927,875,41,1843
884,751,84,1719
440,768,182,1390
706,630,909,2245
542,363,385,1290
56,968,708,1732
97,659,524,1280
942,207,77,1226
80,18,704,802
118,479,273,870
868,399,282,1549
738,3,283,1024
342,525,793,1660
517,921,405,1843
813,722,279,1814
501,114,911,1526
932,599,748,2279
170,54,569,793
999,224,532,1755
88,407,290,785
971,674,243,1888
345,676,349,1370
724,625,424,1773
448,53,958,1459
201,879,335,1415
695,778,765,2238
240,728,650,1618
515,998,917,2430
248,401,257,906
20,203,980,1203
698,552,676,1926
780,150,592,1522
287,736,903,1926
659,649,900,2208
933,376,643,1952
552,622,942,2116
442,16,255,713
556,383,806,1745
648,930,233,1811
773,437,311,1521
364,273,962,1599
718,231,106,1055
189,486,651,1326
415,150,140,705
848,624,597,2069
634,648,680,1962
908,396,748,2052
422,41,704,1167
47,271,299,617
449,206,59,714
100,214,808,1122
876,927,979,2782
28,624,237,889
65,739,424,1228
409,538,429,1376
732,389,703,1824
778,381,135,1294
355,66,283,704
47,162,198,407
584,203,872,1659
837,462,156,1455
910,56,372,1338
591,383,177,1151
121,813,671,1605
913,604,458,1975
916,518,314,1748
993,361,378,1732
703,452,800,1955
644,925,337,1906
387,326,275,988
696,617,925,2238
945,952,120,2017
394,310,258,962
222,721,372,1315
725,122,984,1831
763,118,162,1043
178,619,965,1762
311,406,706,1423
902,774,877,2553
642,859,594,2095
556,287,834,1677
235,832,637,1704
341,144,482,967
399,591,57,1047
826,125,141,1092
774,976,558,2308
25,647,119,791
125,25,576,726
685,931,659,2275
754,377,157,1288
751,977,337,2065
560,104,844,1508
761,908,229,1898
237,41,123,401
388,458,156,1002
955,392,346,1693
832,583,750,2165
29,140,159,328
433,744,163,1340
321,200,579,1100
985,100,227,1312
366,977,293,1636
592,59,702,1353
24,609,620,1253
378,771,498,1647
694,257,611,1562
725,800,138,1663
922,208,196,1326
938,393,263,1594
518,482,227,1227
297,13,698,1008
492,999,294,1785
884,725,658,2267
633,9,894,1536
430,303,131,864
457,441,512,1410
334,696,699,1729
33,112,506,651
95,856,885,1836
256,135,30,421
359,578,523,1460
61,776,601,1438
275,413,845,1533
614,96,757,1467
136,726,325,1187
548,386,254,1188
353,763,791,1907
304,636,608,1548
272,101,525,898
762,795,667,2224
844,677,53,1574
560,487,239,1286
54,844,541,1439
1000,387,333,1720
114,316,724,1154
545,961,829,2335
394,59,876,1329
348,783,782,1913
946,40,31,1017
763,253,728,1744
480,761,804,2045
116,775,970,1861
934,480,949,2363
869,111,918,1898
595,109,505,1209
236,955,89,1280
761,753,102,1616
21,476,805,1302
77,435,144,656
985,611,907,2503
368,654,827,1849
189,426,67,682
747,80,93,920
509,69,118,696
725,752,719,2196
746,986,372,2104
148,162,901,1211
78,215,922,1215
470,925,112,1507
717,795,251,1763
337,879,789,2005
306,107,123,536
291,396,163,850
25,108,845,978
353,846,2,1201
910,628,979,2517
97,967,262,1326
327,321,175,823
19,670,906,1595
90,494,255,839
81,847,157,1085
715,82,504,1301
393,515,989,1897
714,448,859,2021
662,291,680,1633
927,618,299,1844
863,939,882,2684
12,468,509,989
280,591,211,1082
345,290,333,968
525,85,641,1251
223,352,414,989
779,430,395,1604
235,725,453,1413
305,849,837,1991
236,693,672,1601
282,878,300,1460
442,99,549,1090
958,273,31,1262
408,499,904,1811
359,945,360,1664
333,829,348,1510
835,862,465,2162
818,791,195,1804
926,987,242,2155
436,881,521,1838
649,328,261,1238
28,854,486,1368
470,922,783,2175
552,783,580,1915
635,109,236,980
673,143,80,896
408,441,236,1085
913,700,662,2275
706,552,696,1954
520,263,503,1286
315,12,554,881
26,790,627,1443
492,377,809,1678
614,770,316,1700
103,52,939,1094
851,525,80,1456
577,916,364,1857
293,783,952,2028
434,5,810,1249
319,675,313,1307
463,106,799,1368
671,85,250,1006
29,379,163,571
264,612,372,1248
731,455,487,1673
809,793,560,2162
227,559,394,1180
617,290,292,1199
220,27,390,637
962,264,103,1329
292,55,321,668
786,951,712,2449
856,438,369,1663
542,106,264,912
555,39,828,1422
895,302,215,1412
521,510,877,1908
554,681,96,1331
996,160,663,1819
33,845,266,1144
307,871,248,1426
249,231,922,1402
231,659,508,1398
55,497,718,1270
489,503,509,1501
531,736,434,1701
296,317,931,1544
901,339,390,1630
677,235,588,1500
920,955,657,2532
831,667,546,2044
457,865,999,2321
755,583,408,1746
627,424,704,1755
101,295,259,655
406,355,925,1686
141,957,381,1479
248,155,981,1384
109,408,42,559
937,181,46,1164
739,47,828,1614
767,572,599,1938
579,80,646,1305
591,519,62,1172
7,980,82,1069
691,833,275,1799
413,301,78,792
557,25,991,1573
986,557,793,2336
990,440,752,2182
24,687,637,1348
820,955,514,2289
468,948,498,1914
636,48,815,1499
723,408,658,1789
983,309,291,1583
83,522,668,1273
107,682,734,1523
104,167,560,831
928,301,779,2008
360,670,672,1702
853,686,310,1849
129,822,659,1610
152,85,830,1067
339,880,13,1232
381,858,903,2142
753,139,604,1496
196,783,761,1740
410,353,507,1270
783,58,525,1366
168,562,676,1406
506,404,307,1217
496,763,678,1937
155,27,352,534
589,816,128,1533
386,559,122,1067
19,657,39,715
450,541,10,1001
480,814,911,2205
181,867,753,1801
837,204,536,1577
488,911,67,1466
289,845,759,1893
266,125,466,857
308,989,16,1313
605,136,704,1445
826,518,971,2315
497,329,963,1789
867,565,91,1523
92,912,206,1210
764,54,704,1522
679,510,871,2060
573,156,78,807
572,804,305,1681
453,158,294,905
345,179,608,1132
451,673,700,1824
674,775,928,2377
780,772,926,2478
312,595,234,1141
201,840,434,1475
816,757,637,2210
811,146,928,1885
482,358,480,1320
708,977,602,2287
784,600,675,2059
734,862,1,1597
700,371,268,1339
991,15,418,1424
110,667,857,1634
970,917,141,2028
418,306,798,1522
82,52,975,1109
1000,998,673,2671
739,320,409,1468
859,121,505,1485
443,702,80,1225
319,543,264,1126
58,387,158,603
100,537,128,765
392,676,830,1898
743,732,255,1730
185,814,682,1681
631,727,801,2159
3,600,735,1338
675,942,92,1709
964,531,251,1746
349,921,692,1962
811,507,886,2204
739,54,53,846
354,598,185,1137
269,13,75,357
673,608,926,2207
754,790,154,1698
805,793,74,1672
31,313,253,597
558,87,734,1379
824,920,88,1832
575,330,725,1630
985,126,187,1298
937,263,725,1925
792,378,70,1240
965,520,956,2441
740,523,263,1526
628,114,568,1310
480,446,702,1628
313,945,73,1331
193,660,349,1202
459,498,717,1674
944,8,618,1570
452,210,22,684
914,963,615,2492
228,535,692,1455
28,751,250,1029
166,446,436,1048
132,853,642,1627
326,283,542,1151
328,939,726,1993
76,611,884,1571
787,938,479,2204
521,721,826,2068
0,46,167,213
698,890,947,2535
671,971,935,2577
252,660,541,1453
118,129,121,368
5,321,497,823
764,127,940,1831
525,279,515,1319
890,170,886,1946
917,207,246,1370
80,330,435,845
766,829,80,1675
962,1000,162,2124
185,406,711,1302
612,38,682,1332
236,50,437,723
942,835,550,2327
765,975,276,2016
175,751,706,1632
327,888,414,1629
54,292,705,1051
891,749,115,1755
401,643,946,1990
419,2,944,1365
750,191,921,1862
451,860,446,1757
27,666,659,1352
572,378,40,990
924,509,826,2259
633,987,194,1814
525,978,766,2269
2,354,109,465
6,990,175,1171
577,589,185,1351
323,803,553,1679
938,707,302,1947
467,478,769,1714
389,116,242,747
887,393,320,1600
516,438,333,1287
31,60,685,776
546,290,197,1033
101,85,965,1151
349,842,907,2098
159,207,570,936
480,646,386,1512
372,819,947,2138
187,939,502,1628
315,318,453,1086
110,767,495,1372
110,339,826,1275
678,559,326,1563
71,127,559,757
429,758,631,1818
669,793,327,1789
370,390,418,1178
163,573,874,1610
618,321,785,1724
680,762,431,1873
793,688,407,1888
339,433,796,1568
603,208,76,887
682,316,765,1763
539,119,439,1097
860,547,744,2151
112,14,611,737
810,717,550,2077
763,836,271,1870
327,417,484,1228
764,495,377,1636
814,733,523,2070
82,711,372,1165
794,640,881,2315
39,526,486,1051
803,278,292,1373
507,618,599,1724
643,208,645,1496
690,570,580,1840
357,687,875,1919
401,180,205,786
479,589,37,1105
108,155,184,447
471,339,652,1462
397,446,110,953
354,952,163,1469
296,65,714,1075
228,915,954,2097
390,334,772,1496
970,708,834,2512
950,193,185,1328
906,736,311,1953
403,209,819,1431
525,194,174,893
497,559,89,1145
102,492,197,791
325,893,529,1747
600,640,248,1488
748,788,635,2171
451,94,646,1191
969,718,857,2544
445,823,138,1406
249,33,948,1230
675,534,685,1894
123,718,388,1229
60,493,938,1491
977,139,855,1971
757,895,662,2314
507,712,985,2204
838,815,843,2496
945,726,850,2521
7,613,712,1332
236,689,187,1112
65,557,282,904
727,882,283,1892
895,455,665,2015
542,669,444,1655
559,730,724,2013
444,329,962,1735
174,990,232,1396
838,575,641,2054
582,434,471,1487
971,155,587,1713
624,233,866,1723
710,22,567,1299
765,684,264,1713
761,817,316,1894
818,816,640,2274
301,855,407,1563
408,581,93,1082
113,84,650,847
653,808,224,1685
821,174,621,1616
468,430,595,1493
292,156,159,607
380,274,158,812
807,868,657,2332
617,335,82,1034
491,985,845,2321
440,926,573,1939
518,41,64,623
408,377,847,1632
80,313,863,1256
481,641,442,1564
347,740,170,1257
372,786,310,1468
255,339,938,1532
603,818,351,1772
208,302,249,759
667,556,468,1691
631,958,771,2360
440,688,432,1560
605,0,438,1043
90,792,333,1215
665,835,843,2343
442,212,595,1249
941,485,282,1708
785,876,63,1724
406,789,891,2086
671,91,328,1090
247,252,215,714
565,744,449,1758
217,493,974,1684
201,495,196,892
961,416,947,2324
762,303,851,1916
828,412,529,1769
433,884,701,2018
651,734,334,1719
208,511,983,1702
339,393,430,1162
152,732,196,1080
259,646,837,1742
71,76,829,976
666,637,996,2299
880,19,933,1832
597,587,867,2051
604,408,12,1024
250,457,754,1461
520,286,231,1037
35,287,979,1301
187,373,22,582
652,518,351,1521
686,126,940,1752
836,159,346,1341
106,381,889,1376
40,949,566,1555
34,186,95,315
955,708,266,1929
413,619,748,1780
453,345,172,970
339,656,14,1009
920,401,98,1419
248,294,665,1207
50,996,225,1271
949,820,910,2679
56,73,273,402
693,969,117,1779
517,461,412,1390
475,724,702,1901
769,194,5,968
711,675,691,2077
253,776,389,1418
864,718,348,1930
124,338,694,1156
900,737,343,1980
60,524,31,615
12,702,412,1126
665,325,563,1553
596,350,303,1249
197,753,923,1873
220,549,324,1093
915,569,262,1746
930,998,378,2306
937,678,169,1784
477,619,778,1874
841,946,951,2738
39,147,515,701
558,453,880,1891
767,96,567,1430
342,953,925,2220
740,720,110,1570
475,564,383,1422
441,427,55,923
885,358,904,2147
2,253,601,856
43,864,553,1460
940,816,437,2193
832,881,691,2404
856,780,922,2558
833,502,387,1722
893,851,972,2716
464,840,215,1519
948,17,235,1200
461,550,237,1248
852,930,729,2511
640,635,581,1856
679,796,793,2268
948,199,292,1439
952,596,86,1634
312,401,412,1125
496,62,903,1461
861,102,933,1896
301,431,62,794
388,845,446,1679
574,190,720,1484
443,904,107,1454
566,667,974,2207
711,807,772,2290
70,816,568,1454
694,52,532,1278
668,496,730,1894
519,9,141,669
953,635,463,2051
940,972,975,2887
458,829,882,2169
484,317,306,1107
154,551,211,916
724,299,350,1373
868,914,788,2570
27,733,767,1527
984,325,261,1570
920,950,954,2824
443,984,92,1519
521,954,959,2434
650,997,671,2318
193,53,780,1026
254,355,203,812
73,20,728,821
32,179,137,348
750,597,271,1618
609,954,128,1691
352,619,253,1224
940,908,338,2186
854,830,115,1799
108,309,398,815
645,219,110,974
746,480,132,1358
487,521,465,1473
479,204,725,1408
356,734,805,1895
570,7,224,801
279,342,187,808
370,671,450,1491
649,149,517,1315
976,795,960,2731
301,599,548,1448
242,15,418,675
121,507,427,1055
182,730,476,1388
806,850,215,1871
594,278,567,1439
120,764,951,1835
62,824,820,1706
630,407,741,1778
522,184,976,1682
462,633,830,1925
902,976,586,2464
322,264,332,918
708,329,818,1855
85,966,454,1505
501,758,255,1514
12,980,872,1864
147,645,689,1481
102,694,208,1004
386,536,344,1266
302,365,864,1531
251,94,249,594
767,157,985,1909
281,126,497,904
521,233,617,1371
238,319,582,1139
263,14,734,1011
958,697,236,1891
596,952,111,1659
613,251,377,1241
945,540,60,1545
45,8,54,107
224,767,294,1285
849,985,564,2398
23,723,672,1418
465,94,456,1015
411,37,423,871
307,981,563,1851
501,958,785,2244
910,745,582,2237
903,524,394,1821
167,113,918,1198
1,796,303,1100
251,749,925,1925
447,193,530,1170
17,157,984,1158
909,676,366,1951
327,635,514,1476
405,742,872,2019
691,258,680,1629
568,494,844,1906
41,635,66,742
129,458,766,1353
491,911,190,1592
585,875,882,2342
944,320,970,2234
987,34,966,1987
733,911,958,2602
772,698,386,1856
613,73,595,1281
144,74,746,964
69,604,591,1264
41,510,226,777
155,811,70,1036
823,343,898,2064
949,312,761,2022
521,932,475,1928
225,98,971,1294
326,372,783,1481
709,47,653,1409
903,559,606,2068
878,4,841,1723
885,846,930,2661
163,139,102,404
177,816,744,1737
18,964,368,1350
931,602,985,2518
701,724,605,2030
381,663,864,1908
984,803,794,2581
634,516,704,1854
107,447,30,584
161,808,609,1578
237,87,696,1020
882,138,443,1463
607,304,126,1037
565,523,696,1784
700,335,328,1363
902,716,414,2032
613,878,254,1745
459,747,22,1228
539,101,565,1205
508,966,794,2268
791,254,379,1424
116,603,82,801
876,536,939,2351
296,818,741,1855
273,260,643,1176
260,910,23,1193
560,782,86,1428
581,714,875,2170
663,203,717,1583
690,395,726,1811
406,774,865,2045
535,627,643,1805
88,940,983,2011
825,527,310,1662
7,304,15,326
480,224,420,1124
515,895,434,1844
861,188,463,1512
214,421,455,1090
700,692,663,2055
486,398,657,1541
441,960,859,2260
736,938,553,2227
432,1000,447,1879
110,361,160,631
897,54,834,1785
351,122,101,574
860,327,328,1515
239,146,110,495
31,754,165,950
23,311,355,689
381,277,304,962
884,853,48,1785
764,145,826,1735
826,264,530,1620
232,113,599,944
361,181,420,962
277,478,283,1038
617,749,907,2273
367,470,710,1547
117,75,590,782
233,696,731,1660
401,734,598,1733
962,755,5,1722
950,510,771,2231
186,363,236,785
604,118,485,1207
207,746,400,1353
211,2,235,448
459,334,82,875
620,927,555,2102
889,211,94,1194
836,171,163,1170
731,663,190,1584
623,672,669,1964
901,241,377,1519
672,722,662,2056
540,194,753,1487
541,84,977,1602
629,49,327,1005
993,146,604,1743
280,373,497,1150
967,288,233,1488
35,674,954,1663
621,383,118,1122
893,358,161,1412
206,324,9,539
210,124,708,1042
518,101,536,1155
872,413,912,2197
71,220,133,424
874,317,718,1909
651,622,908,2181
225,482,129,836
228,318,644,1190
130,814,141,1085
299,622,557,1478
963,561,443,1967
121,429,706,1256
517,510,262,1289
331,200,308,839
503,975,505,1983
332,90,54,476
992,104,576,1672
78,727,552,1357
809,35,191,1035
296,560,926,1782
170,180,552,902
280,918,836,2034
130,236,654,1020
591,328,312,1231
685,338,870,1893
354,885,419,1658
529,952,536,2017
118,816,64,998
709,463,947,2119
461,313,497,1271
581,46,763,1390
609,806,31,1446
450,641,598,1689
972,562,754,2288
262,112,192,566
193,288,184,665
935,561,60,1556
493,983,133,1609
563,126,312,1001
703,315,665,1683
728,610,694,2032
458,149,376,983
570,283,22,875
173,664,872,1709
852,900,393,2145
239,549,700,1488
439,437,121,997
969,294,811,2074
958,316,39,1313
8,890,650,1548
694,762,451,1907
843,838,55,1736
204,963,704,1871
835,370,164,1369
369,622,72,1063
941,644,343,1928
210,599,334,1143
77,188,705,970
226,240,21,487
238,846,874,1958
489,386,221,1096
619,912,371,1902
155,555,163,873
892,628,233,1753
289,112,114,515
863,24,956,1843
907,639,949,2495
116,159,139,414
365,331,627,1323
876,833,875,2584
217,809,10,1036
765,491,380,1636
746,318,717,1781
86,159,698,943
89,247,574,910
738,497,564,1799
188,809,694,1691
288,174,817,1279
946,947,121,2014
911,549,823,2283
354,686,80,1120
111,345,987,1443
542,281,720,1543
261,399,922,1582
846,62,513,1421
52,331,477,860
927,33,641,1601
620,960,759,2339
81,871,673,1625
67,71,46,184
379,705,13,1097
399,870,208,1477
303,960,248,1511
915,668,91,1674
933,508,105,1546
106,774,805,1685
500,247,864,1611
773,949,896,2618
368,749,839,1956
51,588,558,1197
411,431,135,977
766,604,468,1838
992,601,181,1774
598,372,29,999
225,421,151,797
329,937,472,1738
220,615,433,1268
441,273,401,1115
227,928,398,1553
200,492,23,715
47,660,703,1410
954,371,57,1382
913,506,538,1957
782,292,44,1118
843,936,484,2263
783,854,281,1918
821,400,407,1628
877,433,548,1858
492,230,191,913
359,480,166,1005
733,165,18,916
754,667,722,2143
583,184,368,1135
125,500,331,956
519,591,995,2105
416,994,960,2370
865,260,897,2022
640,173,395,1208
584,685,135,1404
937,48,778,1763
787,167,174,1128
742,374,333,1449
663,804,46,1513
526,408,173,1107
853,374,950,2177
114,283,616,1013
667,916,876,2459
609,506,760,1875
604,402,527,1533
471,814,824,2109
583,700,267,1550
899,523,632,2054
716,596,411,1723
849,447,207,1503
424,559,939,1922
44,697,475,1216
97,499,405,1001
306,622,235,1163
612,705,660,1977
743,679,692,2114
692,491,495,1678
215,113,81,409
101,837,447,1385
308,146,106,560
570,200,18,788
595,33,297,925
923,942,992,2857
321,297,374,992
20,432,952,1404
489,535,242,1266
164,281,313,758
632,28,639,1299
415,373,324,1112
173,791,302,1266
682,590,400,1672
660,421,659,1740
117,154,359,630
559,132,611,1302
858,970,498,2326
783,450,355,1588
688,958,91,1737
216,451,41,708
515,969,928,2412
307,189,929,1425
335,430,138,903
917,359,765,2041
892,293,63,1248
345,656,613,1614
117,420,387,924
613,774,88,1475
647,312,675,1634
263,305,722,1290
842,467,825,2134
773,789,166,1728
294,913,709,1916
170,738,711,1619
896,1,39,936
273,977,670,1920
702,422,92,1216
69,192,325,586
215,761,900,1876
504,737,221,1462
580,820,738,2138
13,366,153,532
466,736,25,1227
470,498,581,1549
815,952,693,2460
891,583,948,2422
899,992,986,2877
879,368,928,2175
580,283,1000,1863
804,653,22,1479
902,317,128,1347
986,997,454,2437
157,161,945,1263
475,691,153,1319
22,874,265,1161
263,767,964,1994
922,259,558,1739
10,241,745,996
867,470,769,2106
222,731,294,1247
893,22,550,1465
773,663,860,2296
660,62,290,1012
25,180,449,654
864,707,844,2415
719,180,682,1581
772,942,748,2462
600,278,531,1409
558,495,528,1581
282,874,661,1817
354,167,473,994
796,317,879,1992
504,466,606,1576
192,838,472,1502
156,799,198,1153
84,348,963,1395
672,844,129,1645
532,457,56,1045
10,377,16,403
497,825,958,2280
620,72,607,1299
971,279,223,1473
69,225,685,979
514,388,296,1198
983,703,106,1792
785,352,141,1278
164,1,848,1013
156,349,290,795
661,494,457,1612
781,908,508,2197
648,452,202,1302
423,882,79,1384
5,733,238,976
900,380,178,1458
235,482,609,1326
782,639,840,2261
842,450,214,1506
671,320,205,1196
518,602,579,1699
945,804,180,1929
134,262,776,1172
142,816,568,1526
414,4,243,661
146,247,99,492
71,742,34,847
468,382,650,1500
421,526,673,1620
95,659,300,1054
518,13,447,978
808,445,765,2018
142,49,434,625
92,511,194,797
702,359,452,1513
88,663,951,1702
744,5,217,966
436,771,94,1301
134,828,946,1908
589,411,249,1249
680,428,642,1750
664,114,795,1573
711,14,373,1098
260,268,207,735
723,34,160,917
336,809,28,1173
267,493,500,1260
754,994,625,2373
51,461,918,1430
835,698,449,1982
446,306,70,822
147,583,644,1374
378,40,808,1226
974,899,370,2243
45,155,144,344
831,894,960,2685
389,372,459,1220
859,952,244,2055
810,207,652,1669
228,556,679,1463
410,458,827,1695
58,348,964,1370
13,405,124,542
920,303,20,1243
766,871,179,1816
548,891,854,2293
908,504,556,1968
669,726,378,1773
18,230,269,517
814,393,957,2164
993,823,35,1851
223,735,435,1393
325,624,556,1505
553,325,311,1189
532,478,404,1414
571,689,473,1733
709,780,622,2111
4,215,953,1172
466,611,285,1362
195,986,641,1822
11,387,806,1204
913,968,547,2428
463,343,855,1661
528,875,832,2235
791,452,492,1735
230,139,642,1011
407,158,836,1401
940,149,869,1958
302,358,745,1405
913,234,719,1866
185,648,995,1828
976,620,386,1982
212,260,547,1019
955,918,856,2729
955,565,814,2334
664,785,252,1701
903,779,929,2611
723,485,139,1347
789,112,86,987
381,517,649,1547
551,35,554,1140
852,807,91,1750
801,34,86,921
896,215,795,1906
824,114,341,1279
442,446,858,1746
305,71,518,894
389,489,466,1344
770,389,745,1904
100,279,91,470
216,275,689,1180
410,874,297,1581
539,220,897,1656
185,295,364,844
486,753,546,1785
265,101,916,1282
363,833,839,2035
50,883,53,986
849,941,198,1988
302,767,538,1607
469,306,451,1226
83,786,446,1315
657,517,950,2124
839,838,873,2550
666,725,588,1979
819,556,504,1879
718,687,864,2269
192,804,401,1397
887,620,947,2454
471,475,791,1737
230,895,17,1142
384,694,405,1483
301,166,766,1233
897,433,660,1990
59,40,715,814
950,226,37,1213
726,231,223,1180
419,495,546,1460
346,329,438,1113
888,284,800,1972
107,349,550,1006
776,251,62,1089
753,417,857,2027
860,938,386,2184
296,845,528,1669
369,342,400,1111
789,528,844,2161
266,583,607,1456
206,676,441,1323
894,713,103,1710
584,617,914,2115
809,273,950,2032
215,539,14,768
560,348,484,1392
479,939,939,2357
684,373,814,1871
257,430,81,768
853,807,905,2565
671,829,497,1997
925,344,177,1446
164,543,783,1490
758,67,652,1477
294,923,551,1768
246,537,394,1177
794,610,922,2326
639,979,15,1633
172,478,575,1225
91,364,985,1440
861,980,70,1911
925,901,678,2504
566,255,382,1203
112,591,384,1087
796,333,902,2031
628,165,59,852
522,947,869,2338
584,496,163,1243
131,986,787,1904
655,318,700,1673
953,37,787,1777
83,780,154,1017
552,389,696,1637
937,472,68,1477
619,313,989,1921
36,635,145,816
687,619,387,1693
996,904,170,2070
370,743,164,1277
909,162,703,1774
260,232,318,810
463,712,159,1334
882,21,393,1296
14,378,782,1174
434,724,652,1810
542,530,539,1611
111,603,61,775
695,920,84,1699
954,180,472,1606
49,208,257,514
397,767,141,1305
860,269,782,1911
158,686,105,949
848,921,443,2212
966,65,224,1255
938,123,646,1707
108,530,360,998
732,816,424,1972
653,139,23,815
488,34,387,909
901,344,375,1620
463,479,565,1507
965,151,258,1374
926,999,754,2679
983,151,440,1574
87,551,832,1470
544,620,834,1998
328,119,200,647
596,690,102,1388
839,401,231,1471
418,150,224,792
111,219,954,1284
488,642,70,1200
304,139,778,1221
746,266,488,1500
117,742,475,1334
745,741,515,2001
834,54,57,945
93,117,227,437
717,923,528,2168
165,803,890,1858
797,936,55,1788
449,37,623,1109
781,827,166,1774
655,269,836,1760
401,454,804,1659
839,530,143,1512
633,83,558,1274
165,981,631,1777
498,687,766,1951
322,216,483,1021
475,919,345,1739
339,1,344,684
815,334,788,1937
252,797,736,1785
865,89,512,1466
792,93,857,1742
168,732,421,1321
853,648,613,2114
601,628,495,1724
956,12,540,1508
294,866,820,1980
316,332,94,742
52,29,535,616
78,946,17,1041
871,519,194,1584
168,597,484,1249
931,51,316,1298
888,127,799,1814
535,175,918,1628
240,157,908,1305
595,26,838,1459
60,582,184,826
771,289,524,1584
109,214,597,920
113,337,23,473
284,720,320,1324
911,62,286,1259
95,27,49,171
859,988,503,2350
696,960,664,2320
271,202,163,636
385,528,287,1200
868,279,156,1303
772,719,417,1908
632,279,468,1379
216,994,630,1840
209,411,37,657
492,336,444,1272
903,149,867,1919
432,107,599,1138
115,911,490,1516
876,633,889,2398
992,775,836,2603
799,676,678,2153
516,610,495,1621
649,243,223,1115
216,942,69,1227
75,204,490,769
85,788,816,1689
564,66,458,1088
860,396,284,1540
670,935,809,2414
395,441,370,1206
620,720,152,1492
895,515,948,2358
994,130,277,1401
554,765,383,1702
969,367,428,1764
516,378,973,1867
678,819,250,1747
306,587,302,1195
268,774,183,1225
681,849,372,1902
239,996,190,1425
137,856,641,1634
179,204,489,872
136,118,585,839
559,709,351,1619
780,25,817,1622
199,804,352,1355
357,237,752,1346
496,101,925,1522
694,234,452,1380
956,726,421,2103
538,271,970,1779
970,393,488,1851
755,411,594,1760
640,890,180,1710
356,779,903,2038
226,890,105,1221
12,942,110,1064
939,907,117,1963
735,207,323,1265
10,13,358,381
641,975,106,1722
932,516,626,2074
404,778,439,1621
857,668,36,1561
560,546,483,1589
402,183,524,1109
976,471,566,2013
856,968,690,2514
249,511,574,1334
54,63,136,253
737,538,673,1948
6,163,975,1144
572,14,935,1521
741,2,345,1088
512,299,86,897
898,876,987,2761
475,230,429,1134
901,781,409,2091
241,135,600,976
945,14,654,1613
792,507,137,1436
14,600,763,1377
394,149,459,1002
93,437,300,830
385,521,235,1141
659,784,664,2107
430,85,671,1186
36,332,220,588
839,672,660,2171
459,669,404,1532
769,244,612,1625
757,912,554,2223
397,247,491,1135
212,578,595,1385
655,917,33,1605
490,56,377,923
332,43,298,673
101,635,748,1484
120,357,400,877
154,503,352,1009
928,714,339,1981
390,620,963,1973
883,850,743,2476
403,561,762,1726
783,535,550,1868
557,719,993,2269
654,413,23,1090
559,893,448,1900
421,24,70,515
193,930,987,2110
927,98,554,1579
896,804,356,2056
811,732,943,2486
788,893,196,1877
769,281,297,1347
636,973,544,2153
444,456,902,1802
985,752,846,2583
666,185,846,1697
858,292,550,1700
385,501,297,1183
296,775,472,1543
754,398,961,2113
137,701,961,1799
592,837,757,2186
593,421,404,1418
604,590,185,1379
44,670,264,978
18,28,690,736
525,891,526,1942
452,105,560,1117
752,709,98,1559
634,863,925,2422
946,391,421,1758
144,302,455,901
301,159,509,969
157,177,688,1022
182,21,858,1061
738,144,171,1053
690,548,38,1276
304,970,519,1793
169,324,783,1276
783,675,285,1743
359,968,677,2004
923,534,140,1597
587,997,535,2119
646,901,441,1988
430,372,130,932
902,66,72,1040
62,157,653,872
212,587,974,1773
567,674,791,2032
600,545,940,2085
960,77,999,2036
830,287,531,1648
639,738,57,1434
964,719,927,2610
848,414,139,1401
134,365,569,1068
451,750,488,1689
541,849,2,1392
780,682,369,1831
996,113,230,1339
454,376,771,1601
874,892,639,2405
187,954,905,2046
707,649,15,1371
807,714,672,2193
812,891,795,2498
859,701,360,1920
292,277,92,661
468,437,556,1461
32,943,502,1477
234,498,502,1234
894,702,610,2206
52,775,558,1385
522,597,282,1401
855,312,296,1463
757,784,429,1970
799,204,493,1496
443,32,687,1162
203,916,564,1683
724,867,69,1660
908,685,424,2017
528,892,353,1773
466,788,361,1615
308,777,921,2006
715,924,404,2043
946,224,853,2023
436,607,647,1690
833,667,860,2360
998,269,365,1632
104,624,571,1299
441,367,944,1752
178,10,886,1074
629,214,849,1692
81,298,855,1234
399,747,87,1233
666,986,154,1806
189,955,193,1337
440,838,311,1589
274,322,709,1305
769,665,327,1761
371,227,856,1454
960,245,793,1998
573,845,260,1678
532,89,525,1146
601,371,195,1167
857,381,139,1377
920,66,301,1287
371,603,358,1332
25,330,470,825
933,768,999,2700
520,460,266,1246
525,316,677,1518
749,410,15,1174
456,815,886,2157
684,251,327,1262
435,618,106,1159
280,181,960,1421
152,348,964,1464
218,552,465,1235
486,940,905,2331
621,454,345,1420
246,792,992,2030
209,887,773,1869
303,821,208,1332
66,187,520,773
499,781,737,2017
882,563,477,1922
514,427,331,1272
355,77,389,821
797,552,624,1973
31,870,807,1708
106,674,565,1345
357,57,876,1290
314,970,436,1720
807,614,170,1591
271,265,796,1332
569,137,15,721
25,637,359,1021
300,286,858,1444
587,738,325,1650
335,456,235,1026
44,852,444,1340
300,78,720,1098
873,63,599,1535
757,929,133,1819
541,906,185,1632
374,373,89,836
86,903,334,1323
182,941,667,1790
753,555,154,1462
201,568,581,1350
338,410,805,1553
756,622,583,1961
481,305,64,850
49,679,279,1007
452,713,905,2070
281,704,445,1430
13,897,561,1471
811,672,808,2291
299,997,470,1766
110,785,68,963
661,420,124,1205
82,74,810,966
284,475,693,1452
703,656,450,1809
26,382,235,643
437,313,565,1315
69,106,692,867
29,501,194,724
535,371,795,1701
173,419,282,874
205,606,174,985
57,704,27,788
618,919,635,2172
935,79,473,1487
689,350,585,1624
7,976,94,1077
253,661,928,1842
258,994,662,1914
514,489,543,1546
77,154,476,707
277,704,761,1742
773,268,644,1685
245,891,241,1377
64,551,281,896
829,51,484,1364
356,606,71,1033
463,401,615,1479
909,558,44,1511
213,413,666,1292
336,616,695,1647
390,450,511,1351
99,662,830,1591
347,176,444,967
777,603,954,2334
525,405,274,1204
293,915,912,2120
95,925,707,1727
161,818,239,1218
688,18,262,968
106,56,628,790
282,907,172,1361
459,53,23,535
729,334,371,1434
971,132,631,1734
296,158,204,658
448,299,381,1128
177,193,946,1316
566,620,956,2142
288,843,595,1726
606,533,262,1401
907,391,277,1575
894,269,753,1916
775,371,150,1296
431,185,29,645
85,861,984,1930
830,622,404,1856
115,179,366,660
269,279,627,1175
546,976,777,2299
428,326,43,797
779,479,570,1828
28,337,800,1165
697,17,408,1122
542,581,156,1279
298,338,975,1611
415,812,736,1963
380,374,503,1257
340,193,331,864
314,177,636,1127
914,410,135,1459
120,617,260,997
97,224,319,640
937,462,448,1847
700,747,770,2217
402,598,757,1757
682,460,285,1427
346,96,621,1063
720,69,879,1668
775,949,184,1908
384,474,642,1500
128,262,618,1008
837,775,917,2529
717,289,860,1866
890,402,463,1755
297,104,817,1218
992,13,449,1454
444,256,597,1297
595,362,0,957
885,338,852,2075
494,770,99,1363
898,773,334,2005
401,752,941,2094
438,507,222,1167
926,104,912,1942
113,102,262,477
939,491,930,2360
409,871,261,1541
254,750,397,1401
714,282,839,1835
261,914,765,1940
868,123,45,1036
703,551,949,2203
454,494,1,949
919,34,550,1503
455,880,385,1720
288,6,972,1266
966,135,223,1324
51,99,781,931
815,82,58,955
515,756,625,1896
342,295,933,1570
502,795,93,1390
417,458,680,1555
863,139,185,1187
733,563,698,1994
155,39,731,925
148,941,1,1090
896,717,291,1904
396,123,971,1490
617,512,186,1315
178,994,583,1755
679,55,105,839
695,254,646,1595
229,637,131,997
245,60,263,568
302,99,854,1255
872,690,436,1998
979,142,349,1470
411,205,316,932
491,374,182,1047
580,651,18,1249
29,176,155,360
502,208,249,959
679,170,972,1821
510,85,863,1458
536,912,703,2151
29,14,638,681
526,218,79,823
694,476,597,1767
41,875,359,1275
286,214,979,1479
43,390,930,1363
809,993,228,2030
740,454,738,1932
259,895,693,1847
726,83,844,1653
619,322,670,1611
485,402,98,985
893,15,505,1413
704,616,537,1857
127,465,358,950
217,111,143,471
68,779,640,1487
958,63,508,1529
7,153,446,606
567,660,196,1423
332,123,712,1167
726,38,177,941
335,211,815,1361
361,329,145,835
278,903,460,1641
886,338,345,1569
783,945,619,2347
383,552,594,1529
964,444,280,1688
540,110,163,813
863,680,486,2029
970,475,699,2144
960,165,843,1968
953,355,217,1525
66,336,441,843
866,540,374,1780
315,810,577,1702
340,451,493,1284
364,431,131,926
763,294,738,1795
990,19,452,1461
633,467,904,2004
772,814,908,2494
423,412,612,1447
911,79,976,1966
627,168,916,1711
683,755,842,2280
389,769,843,2001
447,444,972,1863
473,167,626,1266
549,540,868,1957
597,570,674,1841
406,317,157,880
549,248,493,1290
76,442,53,571
982,348,42,1372
921,558,930,2409
187,358,357,902
930,36,430,1396
909,692,609,2210
967,679,504,2150
438,608,534,1580
863,595,857,2315
219,746,376,1341
251,924,574,1749
648,376,391,1415
740,826,794,2360
89,407,839,1335
722,81,797,1600
894,981,657,2532
103,815,20,938
728,864,575,2167
891,618,413,1922
304,597,951,1852
120,760,838,1718
2,231,811,1044
747,101,199,1047
932,44,585,1561
345,45,346,736
152,263,537,952
402,281,554,1237
928,299,690,1917
388,634,723,1745
956,84,977,2017
192,441,635,1268
703,691,542,1936
535,640,277,1452
230,170,346,746
582,755,805,2142
456,144,496,1096
716,844,174,1734
715,178,991,1884
276,927,242,1445
221,580,594,1395
391,399,834,1624
898,896,717,2511
91,856,142,1089
986,98,553,1637
459,313,504,1276
108,931,507,1546
579,566,244,1389
826,254,749,1829
357,282,646,1285
861,174,875,1910
970,966,434,2370
563,814,946,2323
366,844,463,1673
363,380,493,1236
436,801,773,2010
827,236,928,1991
646,413,92,1151
534,267,292,1093
785,106,247,1138
159,937,361,1457
248,858,151,1257
345,384,873,1602
363,498,764,1625
724,178,155,1057
359,269,91,719
984,710,160,1854
224,892,701,1817
483,894,854,2231
221,206,69,496
812,206,108,1126
30,138,173,341
770,887,824,2481
594,605,656,1855
572,476,195,1243
207,278,782,1267
817,509,981,2307
361,457,909,1727
948,139,459,1546
999,894,432,2325
943,453,306,1702
488,923,226,1637
299,616,552,1467
648,483,698,1829
665,665,905,2235
816,41,527,1384
914,156,590,1660
180,251,754,1185
825,492,151,1468
84,494,790,1368
126,485,17,628
675,770,98,1543
478,116,670,1264
854,682,431,1967
740,812,865,2417
358,919,417,1694
826,962,170,1958
634,353,804,1791
719,883,176,1778
111,298,707,1116
388,7,379,774
289,277,549,1115
257,155,117,529
482,944,877,2303
69,745,557,1371
123,319,783,1225
889,435,178,1502
793,881,943,2617
168,273,220,661
585,713,233,1531
871,352,880,2103
757,865,230,1852
181,543,585,1309
97,774,702,1573
280,239,693,1212
353,738,704,1795
71,605,849,1525
500,720,617,1837
866,297,461,1624
452,856,816,2124
609,341,370,1320
531,955,270,1756
40,360,689,1089
782,65,839,1686
717,18,356,1091
162,817,156,1135
324,689,393,1406
177,759,182,1118
950,845,718,2513
444,958,168,1570
904,345,971,2220
545,681,101,1327
679,261,373,1313
990,639,540,2169
767,287,580,1634
938,10,769,1717
634,345,742,1721
70,321,567,958
525,134,269,928
569,570,550,1689
978,168,546,1692
910,890,789,2589
627,234,734,1595
896,778,134,1808
48,968,818,1834
980,462,377,1819
96,308,314,718
840,334,433,1607
827,485,994,2306
785,206,164,1155
553,136,46,735
661,682,331,1674
855,383,978,2216
674,332,618,1624
198,288,34,520
697,966,613,2276
554,716,631,1901
678,362,12,1052
798,279,792,1869
836,919,526,2281
364,967,747,2078
745,398,411,1554
394,903,88,1385
332,938,666,1936
736,661,464,1861
864,986,31,1881
717,121,84,922
261,235,924,1420
499,316,10,825
440,534,26,1000
330,330,964,1624
632,495,8,1135
632,52,183,867
449,838,859,2146
772,708,516,1996
21,556,729,1306
996,717,319,2032
871,931,427,2229
310,697,315,1322
830,888,100,1818
564,988,504,2056
159,368,621,1148
228,983,873,2084
184,68,719,971
282,799,791,1872
811,855,288,1954
922,421,769,2112
157,320,224,701
833,832,778,2443
261,973,492,1726
347,435,32,814
591,814,991,2396
105,42,997,1144
567,926,824,2317
644,469,990,2103
363,543,280,1186
126,126,602,854
744,50,319,1113
691,193,345,1229
641,69,432,1142
700,237,964,1901
531,375,561,1467
567,776,274,1617
715,916,165,1796
68,495,817,1380
981,400,387,1768
809,588,66,1463
925,20,872,1817
175,571,699,1445
266,354,435,1055
368,238,409,1015
21,514,380,915
341,467,171,979
437,865,870,2172
901,944,120,1965
354,154,245,753
939,964,674,2577
602,576,443,1621
801,433,46,1280
792,360,987,2139
582,211,350,1143
145,780,995,1920
807,245,400,1452
872,278,161,1311
134,994,151,1279
606,497,877,1980
618,318,940,1876
906,434,904,2244
954,827,796,2577
124,672,882,1678
571,994,774,2339
756,961,854,2571
594,455,534,1583
576,323,18,917
305,692,652,1649
401,623,167,1191
407,179,788,1374
96,568,604,1268
816,561,274,1651
391,995,915,2301
833,176,480,1489
619,139,568,1326
693,724,87,1504
241,54,238,533
578,895,721,2194
36,518,444,998
172,111,548,831
470,778,128,1376
683,21,795,1499
627,714,639,1980
696,471,637,1804
422,103,560,1085
590,856,772,2218
41,928,837,1806
731,375,143,1249
809,254,379,1442
629,424,24,1077
524,389,904,1817
625,339,211,1175
994,108,247,1349
440,130,439,1009
619,697,468,1784
144,227,62,433
908,269,471,1648
371,444,667,1482
383,994,31,1408
803,888,721,2412
98,895,82,1075
67,129,183,379
979,88,296,1363
645,123,821,1589
618,628,558,1804
734,606,949,2289
646,302,538,1486
480,881,498,1859
615,638,230,1483
812,198,394,1404
774,698,673,2145
937,314,29,1280
49,456,527,1032
735,372,854,1961
407,9,183,599
727,1000,484,2211
444,52,949,1445
161,666,654,1481
780,458,942,2180
910,709,902,2521
836,882,927,2645
311,241,774,1326
675,434,939,2048
150,427,738,1315
597,504,687,1788
770,366,290,1426
203,956,74,1233
435,747,929,2111
914,985,47,1946
77,152,307,536
155,835,87,1077
897,840,666,2403
515,222,477,1214
573,746,777,2096
384,65,260,709
677,510,351,1538
903,893,656,2452
815,379,112,1306
215,400,688,1303
181,840,168,1189
185,588,320,1093
691,452,841,1984
863,552,421,1836
857,348,202,1407
251,226,810,1287
77,259,525,861
935,432,744,2111
944,571,541,2056
18,36,894,948
312,503,175,990
443,712,789,1944
542,181,3,726
323,45,247,615
409,958,939,2306
970,692,233,1895
455,579,390,1424
899,691,838,2428
65,369,598,1032
281,193,416,890
561,511,915,1987
967,426,667,2060
51,442,10,503
669,1000,626,2295
821,994,988,2803
640,413,77,1130
751,272,794,1817
861,936,891,2688
632,1,999,1632
760,55,935,1750
985,187,278,1450
516,344,620,1480
605,615,759,1979
665,682,967,2314
877,262,827,1966
499,768,86,1353
737,896,205,1838
858,215,500,1573
668,195,492,1355
46,881,961,1888
842,356,991,2189
245,404,942,1591
905,168,884,1957
48,477,69,594
2,425,998,1425
617,767,310,1694
686,566,336,1588
864,754,381,1999
245,113,449,807
845,71,361,1277
95,122,841,1058
237,617,791,1645
340,477,578,1395
664,41,279,984
441,47,858,1346
57,391,830,1278
449,853,644,1946
820,166,433,1419
411,120,409,940
527,610,348,1485
121,116,832,1069
258,871,95,1224
799,436,762,1997
504,196,616,1316
224,43,940,1207
230,774,868,1872
0,398,359,757
752,886,14,1652
270,200,109,579
66,600,635,1301
927,579,681,2187
571,533,885,1989
50,206,357,613
923,871,720,2514
569,130,471,1170
893,563,898,2354
63,909,553,1525
874,171,883,1928
802,945,676,2423
979,606,132,1717
208,233,563,1004
314,694,338,1346
85,320,383,788
112,218,172,502
243,326,276,845
483,155,43,681
237,448,701,1386
541,365,388,1294
55,557,345,957
249,410,497,1156
754,442,392,1588
770,627,775,2172
411,487,123,1021
486,645,258,1389
562,17,973,1552
796,157,420,1373
734,693,237,1664
52,265,624,941
891,355,822,2068
491,498,733,1722
377,953,848,2178
656,184,949,1789
741,496,929,2166
472,636,331,1439
268,273,729,1270
575,138,271,984
14,609,143,766
198,784,262,1244
69,403,247,719
974,667,871,2512
241,113,748,1102
553,229,12,794
481,772,833,2086
838,763,979,2580
980,117,416,1513
17,847,969,1833
544,386,804,1734
401,321,248,970
155,733,591,1479
23,841,673,1537
207,629,783,1619
175,482,573,1230
670,161,8,839
301,495,551,1347
688,81,91,860
656,172,379,1207
437,231,126,794
372,81,462,915
660,144,505,1309
155,670,601,1426
637,659,672,1968
622,402,262,1286
648,354,179,1181
333,713,897,1943
405,364,393,1162
989,963,330,2282
952,399,955,2306
938,221,441,1600
498,611,882,1991
548,520,289,1357
111,675,585,1371
26,711,759,1496
308,76,748,1132
752,141,709,1602
742,649,217,1608
331,194,569,1094
472,436,424,1332
164,519,270,953
199,115,618,932
201,335,560,1096
300,698,208,1206
369,450,826,1645
298,880,270,1448
537,80,10,627
730,407,436,1573
205,227,492,924
844,868,556,2268
890,817,514,2221
748,5,156,909
398,828,865,2091
30,915,219,1164
308,243,870,1421
112,80,68,260
270,613,730,1613
598,918,912,2428
159,975,225,1359
88,514,406,1008
786,450,64,1300
701,937,522,2160
569,343,560,1472
930,316,333,1579
766,344,686,1796
880,866,61,1807
672,570,524,1766
177,440,703,1320
61,544,597,1202
965,895,358,2218
845,959,813,2617
10,385,321,716
548,386,876,1810
709,381,600,1690
578,68,344,990
420,333,515,1268
632,32,636,1300
693,195,768,1656
668,979,732,2379
52,18,881,951
810,417,411,1638
898,250,372,1520
164,687,260,1111
798,98,732,1628
822,144,615,1581
119,86,811,1016
899,675,834,2408
47,620,343,1010
599,45,358,1002
416,78,419,913
594,671,490,1755
855,593,506,1954
707,351,512,1570
271,671,313,1255
254,636,989,1879
672,482,140,1294
812,945,830,2587
454,513,971,1938
251,973,922,2146
686,3,888,1577
732,84,325,1141
975,555,913,2443
91,666,57,814
617,450,447,1514
657,901,755,2313
568,170,418,1156
355,840,750,1945
101,215,144,460
370,380,275,1025
68,997,871,1936
259,215,260,734
117,996,791,1904
193,698,731,1622
740,673,277,1690
883,419,503,1805
790,438,532,1760
368,477,858,1703
949,811,270,2030
943,340,281,1564
526,42,765,1333
870,440,902,2212
166,431,787,1384
653,939,648,2240
959,396,910,2265
794,526,448,1768
188,613,62,863
199,804,210,1213
236,153,895,1284
26,411,202,639
388,216,243,847
100,196,211,507
991,716,339,2046
212,213,99,524
591,873,379,1843
965,786,587,2338
105,408,655,1168
494,656,920,2070
870,968,212,2050
797,48,732,1577
597,475,767,1839
680,602,449,1731
199,603,376,1178
256,343,484,1083
898,562,470,1930
142,743,756,1641
415,746,102,1263
742,289,110,1141
517,547,150,1214
847,391,302,1540
910,396,520,1826
232,109,412,753
87,194,1000,1281
338,696,419,1453
580,871,78,1529
769,814,528,2111
394,882,215,1491
211,390,697,1298
271,604,941,1816
882,189,937,2008
313,965,840,2118
703,394,161,1258
571,613,732,1916
869,94,472,1435
797,885,936,2618
683,69,106,858
841,563,817,2221
173,913,42,1128
409,342,292,1043
990,216,123,1329
552,748,400,1700
488,448,985,1921
237,265,731,1233
709,718,903,2330
355,697,442,1494
795,366,218,1379
560,476,876,1912
676,539,238,1453
874,175,428,1477
595,547,975,2117
398,55,190,643
801,244,606,1651
819,28,54,901
38,704,500,1242
878,165,230,1273
209,418,595,1222
944,621,51,1616
766,486,191,1443
255,876,946,2077
170,88,781,1039
175,667,414,1256
844,266,366,1476
635,126,365,1126
756,269,34,1059
314,819,200,1333
668,910,632,2210
975,826,693,2494
676,881,134,1691
340,663,5,1008
954,325,119,1398
527,108,874,1509
239,87,760,1086
445,696,770,1911
707,678,706,2091
850,320,233,1403
543,980,982,2505
292,502,643,1437
851,965,839,2655
409,156,748,1313
423,589,166,1178
956,365,470,1791
92,820,878,1790
167,777,881,1825
696,778,478,1952
543,752,215,1510
13,539,391,943
374,121,651,1146
512,28,342,882
490,383,286,1159
949,780,905,2634
199,382,318,899
164,403,628,1195
204,637,403,1244
61,767,910,1738
84,172,586,842
473,653,331,1457
768,687,795,2250
359,40,371,770
66,105,241,412
891,25,618,1534
829,226,815,1870
912,884,429,2225
106,574,519,1199
346,188,10,544
175,212,677,1064
500,158,911,1569
79,822,917,1818
438,783,827,2048
439,278,791,1508
973,88,206,1267
12,984,625,1621
475,737,824,2036
724,717,830,2271
627,203,94,924
732,315,345,1392
938,378,545,1861
533,353,468,1354
119,514,826,1459
40,711,308,1059
418,144,189,751
370,90,625,1085
1000,605,824,2429
192,30,491,713
621,495,157,1273
574,172,613,1359
218,167,277,662
218,13,878,1109
144,365,72,581
388,922,656,1966
404,247,547,1198
64,664,626,1354
26,212,944,1182
945,224,984,2153
495,386,789,1670
376,551,284,1211
584,394,112,1090
200,563,467,1230
32,317,681,1030
366,418,760,1544
983,572,782,2337
433,412,107,952
583,793,532,1908
313,398,179,890
164,182,556,902
750,437,466,1653
861,340,420,1621
1,563,264,828
16,828,311,1155
360,641,33,1034
248,672,871,1791
765,540,912,2217
834,658,873,2365
821,76,338,1235
675,505,210,1390
946,195,8,1149
549,511,680,1740
495,764,517,1776
561,157,322,1040
224,821,265,1310
900,627,892,2419
934,640,609,2183
771,268,61,1100
64,632,137,833
539,167,944,1650
962,622,534,2118
922,946,54,1922
739,425,80,1244
570,293,255,1118
40,471,874,1385
486,322,274,1082
889,105,453,1447
497,320,836,1653
993,66,610,1669
428,86,189,703
766,238,446,1450
733,774,112,1619
201,44,57,302
350,407,572,1329
630,599,916,2145
914,396,599,1909
684,915,156,1755
639,17,158,814
869,244,86,1199
543,951,728,2222
993,91,867,1951
93,497,583,1173
517,391,575,1483
274,776,537,1587
450,926,556,1932
243,137,670,1050
703,15,46,764
749,420,683,1852
79,909,247,1235
425,755,651,1831
72,594,168,834
531,479,301,1311
62,624,766,1452
970,120,474,1564
497,146,73,716
383,520,128,1031
835,774,319,1928
472,889,608,1969
435,339,131,905
59,792,842,1693
594,167,443,1204
694,45,296,1035
280,755,780,1815
483,43,302,828
178,233,279,690
777,221,139,1137
367,565,71,1003
923,449,772,2144
818,830,2,1650
451,262,476,1189
588,197,248,1033
754,248,17,1019
461,637,166,1264
839,822,155,1816
678,58,542,1278
910,78,181,1169
698,299,537,1534
305,649,937,1891
700,201,541,1442
584,129,165,878
224,900,478,1602
305,278,994,1577
918,225,17,1160
171,760,75,1006
796,927,220,1943
224,236,321,781
358,889,137,1384
165,833,161,1159
670,100,505,1275
965,788,231,1984
49,595,594,1238
525,13,25,563
6,280,818,1104
333,751,12,1096
818,879,290,1987
910,504,191,1605
670,456,738,1864
923,246,993,2162
972,726,811,2509
513,401,220,1134
46,122,474,642
256,946,526,1728
546,377,714,1637
225,375,740,1340
786,43,750,1579
279,100,159,538
161,959,953,2073
237,473,708,1418
194,199,545,938
184,599,208,991
241,793,52,1086
371,360,285,1016
454,531,309,1294
197,17,501,715
918,902,341,2161
993,654,785,2432
910,994,513,2417
602,998,841,2441
990,842,924,2756
351,471,761,1583
232,586,582,1400
355,641,695,1691
499,32,411,942
715,20,18,753
485,108,347,940
390,19,869,1278
214,237,693,1144
777,859,855,2491
829,333,261,1423
544,408,175,1127
871,316,37,1224
935,904,367,2206
601,775,119,1495
924,105,966,1995
827,297,72,1196
652,801,984,2437
587,922,930,2439
863,443,259,1565
86,326,461,873
282,291,66,639
434,81,535,1050
45,815,816,1676
582,690,224,1496
430,70,49,549
953,59,334,1346
76,558,299,933
26,251,356,633
722,923,791,2436
655,735,207,1597
545,479,553,1577
549,97,512,1158
283,633,667,1583
70,687,260,1017
365,483,191,1039
390,776,549,1715
981,898,259,2138
624,948,909,2481
531,606,886,2023
55,30,639,724
981,129,418,1528
266,149,690,1105
158,105,689,952
690,675,455,1820
407,12,84,503
924,139,184,1247
382,180,636,1198
592,916,572,2080
822,955,699,2476
846,24,835,1705
392,891,590,1873
303,391,465,1159
45,357,939,1341
966,373,566,1905
63,142,32,237
361,203,586,1150
206,55,264,525
700,347,69,1116
879,882,172,1933
619,764,645,2028
470,780,264,1514
48,494,49,591
59,517,742,1318
291,111,93,495
794,7,491,1292
971,899,940,2810
758,900,133,1791
949,311,782,2042
443,464,540,1447
194,591,183,968
442,267,723,1432
903,498,415,1816
682,540,886,2108
8,308,716,1032
519,4,399,922
790,1,649,1440
291,188,944,1423
692,435,660,1787
962,770,605,2337
254,199,957,1410
508,488,743,1739
537,950,205,1692
640,279,922,1841
968,737,583,2288
622,109,965,1696
667,832,195,1694
321,768,74,1163
724,32,84,840
302,639,130,1071
367,748,75,1190
671,945,617,2233
661,486,791,1938
506,548,357,1411
127,506,964,1597
667,62,704,1433
617,96,235,948
786,22,998,1806
656,726,459,1841
661,336,660,1657
851,489,250,1590
934,931,976,2841
205,662,140,1007
288,909,611,1808
447,713,13,1173
253,444,462,1159
520,401,919,1840
692,489,757,1938
712,333,363,1408
560,277,111,948
393,28,651,1072
15,6,906,927
146,663,432,1241
156,772,686,1614
468,21,666,1155
825,33,145,1003
747,986,915,2648
695,156,995,1846
681,55,797,1533
312,993,943,2248
407,48,907,1362
44,930,392,1366
852,582,593,2027
65,79,197,341
653,587,206,1446
524,75,690,1289
722,569,933,2224
61,290,577,928
607,289,281,1177
672,268,317,1257
338,469,784,1591
856,678,370,1904
889,426,724,2039
844,379,588,1811
528,950,55,1533
897,583,130,1610
282,619,677,1578
56,654,218,928
986,523,190,1699
32,337,225,594
539,674,713,1926
961,93,87,1141
375,164,869,1408
751,490,130,1371
587,685,321,1593
924,174,847,1945
630,535,599,1764
871,336,91,1298
228,483,782,1493
3,323,21,347
235,704,909,1848
278,455,148,881
328,76,68,472
32,95,926,1053
849,400,192,1441
557,43,569,1169
746,876,693,2315
266,586,21,873
151,824,227,1202
868,888,978,2734
122,932,2,1056
583,127,426,1136
504,405,310,1219
889,160,621,1670
933,83,860,1876
627,375,539,1541
631,728,535,1894
297,483,52,832
256,448,417,1121
226,442,761,1429
871,818,743,2432
523,678,713,1914
249,753,174,1176
696,206,663,1565
109,462,902,1473
691,727,562,1980
556,578,664,1798
177,716,135,1028
940,148,866,1954
25,573,902,1500
130,122,174,426
435,777,58,1270
561,868,490,1919
459,349,549,1357
860,47,674,1581
835,52,604,1491
550,363,655,1568
850,418,985,2253
234,602,666,1502
650,99,890,1639
908,966,223,2097
935,874,6,1815
357,272,494,1123
839,17,206,1062
330,602,885,1817
203,258,720,1181
472,591,423,1486
550,852,381,1783
443,541,431,1415
417,553,904,1874
256,5,934,1195
492,881,370,1743
677,449,198,1324
429,875,649,1953
932,965,604,2501
339,839,520,1698
939,311,279,1529
76,36,183,295
316,519,670,1505
790,190,975,1955
842,510,687,2039
782,944,852,2578
348,438,477,1263
886,840,230,1956
342,545,272,1159
997,346,278,1621
252,61,813,1126
433,185,979,1597
252,862,198,1312
802,253,45,1100
858,738,829,2425
199,771,881,1851
374,818,872,2064
523,20,696,1239
54,416,643,1113
251,539,179,969
101,781,100,982
942,552,461,1955
801,460,111,1372
554,561,483,1598
939,616,355,1910
312,143,420,875
371,516,676,1563
972,485,260,1717
668,683,89,1440
570,760,27,1357
217,768,433,1418
229,152,432,813
819,348,36,1203
694,170,948,1812
817,670,268,1755
853,97,951,1901
935,896,591,2422
555,872,631,2058
146,816,268,1230
906,712,123,1741
404,661,410,1475
968,187,722,1877
98,293,140,531
234,7,203,444
971,387,491,1849
494,240,426,1160
131,69,23,223
424,295,730,1449
740,915,158,1813
179,861,613,1653
165,12,793,970
260,536,795,1591
903,207,608,1718
601,296,629,1526
57,899,408,1364
957,590,511,2058
561,648,492,1701
913,108,243,1264
8,492,568,1068
17,688,792,1497
882,227,408,1517
735,627,962,2324
674,369,228,1271
965,537,286,1788
297,445,527,1269
669,303,426,1398
683,972,947,2602
147,336,23,506
565,559,163,1287
866,87,541,1494
924,47,410,1381
893,890,60,1843
515,690,307,1512
706,752,2,1460
705,286,854,1845
192,74,650,916
723,105,85,913
162,802,325,1289
93,854,976,1923
674,85,243,1002
835,953,323,2111
491,549,382,1422
988,544,834,2366
99,861,595,1555
742,251,25,1018
316,789,985,2090
449,612,455,1516
233,208,894,1335
674,59,268,1001
451,178,357,986
555,972,331,1858
780,456,576,1812
972,727,338,2037
190,399,584,1173
771,232,594,1597
400,992,292,1684
395,200,350,945
47,434,794,1275
700,138,195,1033
38,155,458,651
281,199,376,856
920,25,671,1616
20,35,971,1026
665,490,232,1387
743,102,277,1122
56,375,373,804
423,651,220,1294
569,139,434,1142
522,879,300,1701
980,903,428,2311
646,115,772,1533
626,96,775,1497
594,205,482,1281
161,290,125,576
556,199,570,1325
170,574,817,1561
484,412,353,1249
965,473,900,2338
351,270,661,1282
621,814,403,1838
860,254,209,1323
139,614,441,1194
515,795,438,1748
210,419,327,956
187,536,324,1047
848,910,729,2487
233,718,243,1194
871,877,610,2358
542,212,114,868
104,940,200,1244
353,266,642,1261
975,35,420,1430
189,925,370,1484
874,604,389,1867
727,699,626,2052
741,897,154,1792
836,715,879,2430
509,812,995,2316
709,138,291,1138
29,709,518,1256
147,346,905,1398
285,232,956,1473
632,316,707,1655
536,965,196,1697
952,877,202,2031
924,26,825,1775
621,579,229,1429
623,209,286,1118
502,235,933,1670
858,875,155,1888
941,564,357,1862
777,69,488,1334
816,94,952,1862
575,835,682,2092
89,744,759,1592
633,285,269,1187
639,896,200,1735
225,277,138,640
513,638,581,1732
528,459,623,1610
846,199,31,1076
615,115,835,1565
951,585,564,2100
907,101,698,1706
729,825,809,2363
182,129,279,590
66,163,710,939
118,260,186,564
439,906,61,1406
864,234,318,1416
161,285,632,1078
70,281,436,787
561,9,136,706
954,463,634,2051
366,275,674,1315
510,991,315,1816
245,293,589,1127
282,555,572,1409
730,172,952,1854
990,274,169,1433
555,808,676,2039
185,859,615,1659
861,584,817,2262
958,885,115,1958
795,738,276,1809
211,519,157,887
121,105,605,831
818,535,922,2275
391,315,476,1182
398,339,558,1295
972,555,82,1609
296,106,97,499
604,725,206,1535
870,183,252,1305
377,904,197,1478
276,229,854,1359
859,950,983,2792
939,869,212,2020
95,29,539,663
573,621,710,1904
627,657,142,1426
96,777,610,1483
112,7,790,909
902,102,719,1723
805,208,669,1682
120,159,734,1013
487,205,697,1389
417,991,819,2227
622,84,161,867
183,124,373,680
484,186,308,978
482,510,415,1407
437,464,230,1131
727,328,6,1061
555,645,854,2054
517,486,27,1030
902,324,817,2043
295,410,96,801
539,341,701,1581
57,99,765,921
157,142,904,1203
500,19,727,1246
833,732,250,1815
988,104,717,1809
111,976,643,1730
452,476,96,1024
347,351,489,1187
257,464,59,780
922,675,603,2200
329,23,455,807
356,847,157,1360
873,131,118,1122
479,604,290,1373
773,112,84,969
705,78,30,813
116,602,580,1298
390,447,507,1344
311,997,405,1713
367,159,987,1513
939,816,299,2054
312,758,930,2000
748,835,751,2334
899,183,925,2007
366,339,399,1104
859,945,336,2140
179,980,992,2151
747,621,91,1459
672,321,147,1140
357,340,193,890
560,520,711,1791
653,381,373,1407
434,550,118,1102
18,324,785,1127
104,629,829,1562
220,928,83,1231
362,449,29,840
206,825,410,1441
589,96,828,1513
365,273,135,773
877,88,378,1343
818,338,279,1435
784,394,398,1576
507,412,483,1402
940,799,390,2129
432,981,823,2236
567,648,2,1217
346,172,846,1364
44,356,760,1160
42,366,438,846
2,933,411,1346
20,578,498,1096
874,503,336,1713
58,503,975,1536
911,486,212,1609
87,941,347,1375
997,61,465,1523
231,39,904,1174
478,905,776,2159
701,566,748,2015
103,471,832,1406
216,631,866,1713
279,465,373,1117
261,530,501,1292
773,409,109,1291
819,967,254,2040
131,163,879,1173
429,664,900,1993
17,462,64,543
795,295,800,1890
152,853,804,1809
256,79,516,851
789,24,434,1247
669,424,396,1489
495,50,899,1444
212,946,574,1732
129,501,262,892
564,924,382,1870
239,720,688,1647
7,434,349,790
789,748,214,1751
884,882,880,2646
284,218,307,809
140,551,61,752
685,528,24,1237
372,122,362,856
377,991,559,1927
68,769,882,1719
601,121,671,1393
11,274,970,1255
463,425,375,1263
195,904,50,1149
319,916,748,1983
918,752,224,1894
698,955,461,2114
429,752,294,1475
149,123,814,1086
270,896,428,1594
505,195,957,1657
784,985,73,1842
260,449,565,1274
89,605,699,1393
850,905,197,1952
418,10,202,630
389,352,404,1145
124,269,73,466
284,163,596,1043
121,303,367,791
80,580,467,1127
581,682,397,1660
945,796,470,2211
868,138,583,1589
75,973,621,1669
341,930,473,1744
808,909,965,2682
574,853,882,2309
983,59,805,1847
444,69,93,606
221,868,630,1719
9,814,871,1694
438,251,257,946
480,558,556,1594
678,908,663,2249
422,511,471,1404
451,116,475,1042
541,971,813,2325
181,219,852,1252
238,717,614,1569
335,65,722,1122
807,572,108,1487
710,253,945,1908
882,733,58,1673
529,188,542,1259
380,28,55,463
681,228,458,1367
14,270,168,452
733,333,667,1733
599,933,671,2203
219,852,514,1585
911,687,140,1738
384,767,966,2117
339,884,40,1263
747,420,730,1897
574,536,135,1245
128,541,891,1560
895,701,525,2121
127,947,447,1521
576,360,566,1502
867,347,819,2033
781,552,397,1730
869,783,777,2429
44,495,929,1468
37,894,289,1220
910,151,511,1572
757,75,318,1150
711,601,956,2268
349,76,563,988
143,218,247,608
616,405,441,1462
651,516,688,1855
639,449,87,1175
122,3,119,244
917,266,358,1541
681,816,62,1559
947,965,642,2554
904,294,772,1970
607,119,61,787
120,570,410,1100
801,184,937,1922
139,971,355,1465
186,522,828,1536
91,854,328,1273
641,729,423,1793
131,0,119,250
759,799,598,2156
417,559,485,1461
594,435,797,1826
598,106,250,954
916,582,396,1894
443,265,497,1205
223,106,601,930
346,135,2,483
109,931,100,1140
55,175,827,1057
466,390,488,1344
937,962,103,2002
699,998,760,2457
779,455,19,1253
899,734,346,1979
378,523,103,1004
54,211,443,708
837,913,887,2637
521,783,563,1867
929,730,64,1723
710,404,64,1178
822,547,304,1673
502,633,704,1839
161,286,559,1006
166,140,190,496
733,278,389,1400
538,521,40,1099
789,873,328,1990
157,251,526,934
65,558,76,699
961,494,338,1793
677,676,573,1926
861,70,482,1413
92,30,495,617
837,311,27,1175
334,760,646,1740
164,148,829,1141
187,261,88,536
677,472,412,1561
517,511,362,1390
591,862,495,1948
893,491,72,1456
284,985,752,2021
927,875,390,2192
679,183,783,1645
319,222,437,978
188,355,679,1222
263,554,380,1197
1,531,360,892
334,569,814,1717
669,966,234,1869
4,95,412,511
795,448,924,2167
689,566,519,1774
130,327,188,645
291,884,28,1203
116,411,606,1133
767,64,995,1826
783,889,722,2394
714,706,936,2356
993,191,769,1953
540,966,253,1759
793,568,264,1625
105,915,423,1443
414,815,653,1882
545,936,613,2094
373,927,28,1328
735,303,770,1808
286,148,525,959
940,826,366,2132
719,562,962,2243
522,710,792,2024
376,253,983,1612
478,319,582,1379
357,959,315,1631
693,693,678,2064
653,148,817,1618
993,615,299,1907
152,815,483,1450
115,248,229,592
487,883,242,1612
403,420,805,1628
814,531,486,1831
830,481,195,1506
7,900,158,1065
430,750,591,1771
81,136,113,330
711,782,255,1748
444,564,236,1244
974,644,38,1656
640,908,573,2121
85,675,708,1468
472,861,576,1909
741,796,998,2535
787,265,899,1951
254,169,664,1087
127,110,865,1102
256,720,604,1580
429,699,290,1418
519,540,253,1312
84,138,415,637
153,779,337,1269
418,966,930,2314
985,648,109,1742
788,161,852,1801
889,871,864,2624
312,676,221,1209
921,622,421,1964
641,385,564,1590
34,578,678,1290
825,23,40,888
957,694,820,2471
308,948,194,1450
579,105,549,1233
255,772,690,1717
180,739,479,1398
186,481,387,1054
825,458,765,2048
839,326,414,1579
540,109,304,953
182,644,650,1476
243,984,674,1901
995,823,571,2389
509,569,17,1095
683,658,148,1489
677,323,986,1986
655,165,175,995
200,505,311,1016
373,201,342,916
538,99,76,713
582,846,449,1877
627,636,418,1681
151,298,348,797
345,563,244,1152
713,564,134,1411
505,972,922,2399
865,943,153,1961
335,16,190,541
534,306,359,1199
625,548,917,2090
139,652,877,1668
115,470,425,1010
909,65,315,1289
418,471,645,1534
379,973,820,2172
530,379,60,969
163,338,527,1028
665,856,825,2346
808,682,184,1674
314,225,854,1393
305,680,251,1236
758,435,936,2129
87,255,742,1084
303,865,446,1614
861,573,354,1788
44,983,625,1652
589,321,126,1036
771,697,41,1509
124,442,631,1197
816,854,953,2623
22,824,115,961
278,942,340,1560
715,937,796,2448
164,49,951,1164
611,215,17,843
194,991,60,1245
400,327,200,927
267,502,501,1270
948,696,109,1753
560,820,126,1506
520,981,583,2084
860,454,862,2176
478,752,32,1262
496,405,34,935
38,504,941,1483
921,76,956,1953
731,190,967,1888
97,50,559,706
22,605,744,1371
817,837,200,1854
193,623,357,1173
64,540,134,738
761,186,785,1732
947,303,753,2003
745,326,932,2003
429,259,595,1283
554,386,326,1266
694,772,674,2140
661,620,849,2130
221,663,175,1059
908,238,42,1188
211,655,353,1219
623,475,54,1152
816,710,431,1957
241,219,447,907
123,411,174,708
960,591,899,2450
875,228,376,1479
951,42,272,1265
737,899,90,1726
347,260,408,1015
845,691,384,1920
195,712,493,1400
308,826,34,1168
925,628,269,1822
696,455,23,1174
475,247,449,1171
902,434,592,1928
176,792,91,1059
207,84,984,1275
544,874,984,2402
968,230,987,2185
904,60,312,1276
593,957,121,1671
678,956,167,1801
764,525,385,1674
535,236,433,1204
241,523,626,1390
39,441,104,584
967,906,207,2080
893,739,493,2125
585,564,306,1455
271,160,472,903
742,758,153,1653
482,134,91,707
816,673,857,2346
440,189,459,1088
304,257,197,758
808,438,901,2147
235,518,546,1299
230,834,906,1970
54,447,207,708
632,204,413,1249
854,597,821,2272
868,381,915,2164
88,972,555,1615
102,49,16,167
216,327,813,1356
543,978,607,2128
709,98,810,1617
821,654,15,1490
605,658,907,2170
831,416,520,1767
58,407,729,1194
252,842,417,1511
850,3,98,951
547,225,929,1701
785,715,445,1945
923,442,486,1851
636,856,630,2122
135,130,743,1008
779,971,932,2682
784,555,912,2251
18,510,864,1392
276,294,478,1048
592,720,191,1503
0,712,122,834
345,148,361,854
754,665,298,1717
586,862,350,1798
841,393,53,1287
826,428,731,1985
739,389,248,1376
441,430,700,1571
589,830,475,1894
241,594,686,1521
193,968,766,1927
316,375,344,1035
806,83,201,1090
216,584,635,1435
480,984,577,2041
316,622,561,1499
298,866,866,2030
677,853,797,2327
865,0,37,902
746,281,664,1691
231,932,894,2057
80,251,606,937
630,623,428,1681
41,955,821,1817
374,747,534,1655
416,995,944,2355
330,384,999,1713
10,921,530,1461
492,801,851,2144
595,13,90,698
419,300,941,1660
450,119,622,1191
675,29,608,1312
512,559,853,1924
717,648,712,2077
543,692,450,1685
379,1000,529,1908
545,615,359,1519
1000,345,638,1983
89,498,471,1058
789,332,843,1964
764,496,662,1922
177,139,240,556
528,808,697,2033
300,906,792,1998
607,212,324,1143
208,241,160,609
784,253,181,1218
387,672,897,1956
54,491,126,671
621,251,58,930
253,823,349,1425
755,280,83,1118
517,79,172,768
248,13,653,914
61,473,225,759
362,771,24,1157
674,794,394,1862
308,96,611,1015
724,130,737,1591
643,169,806,1618
949,644,417,2010
597,982,51,1630
559,311,972,1842
927,22,627,1576
365,593,585,1543
95,920,614,1629
34,282,880,1196
44,687,563,1294
882,466,838,2186
290,527,232,1049
425,707,637,1769
933,815,27,1775
820,240,230,1290
137,455,571,1163
619,365,113,1097
600,513,222,1335
533,554,532,1619
453,316,900,1669
861,594,676,2131
791,53,970,1814
840,991,482,2313
440,248,800,1488
35,157,318,510
46,777,174,997
616,90,437,1143
127,435,864,1426
457,788,842,2087
611,599,294,1504
308,628,963,1899
167,287,350,804
558,267,342,1167
983,786,820,2589
568,697,426,1691
987,287,317,1591
505,624,549,1678
369,4,917,1290
463,557,369,1389
20,101,354,475
33,856,107,996
618,983,587,2188
545,864,427,1836
290,253,656,1199
427,906,777,2110
515,568,31,1114
316,421,970,1707
462,79,41,582
24,402,624,1050
573,897,315,1785
805,703,446,1954
425,503,403,1331
386,451,810,1647
835,600,814,2249
114,332,523,969
486,154,424,1064
472,525,757,1754
761,266,741,1768
608,917,557,2082
972,774,332,2078
361,931,352,1644
90,592,781,1463
355,499,1000,1854
322,159,511,992
613,65,948,1626
667,818,991,2476
985,900,452,2337
818,941,610,2369
563,593,147,1303
915,318,648,1881
455,748,376,1579
223,401,758,1382
805,177,284,1266
554,285,160,999
135,726,153,1014
226,130,686,1042
720,574,402,1696
465,675,708,1848
310,426,173,909
616,315,855,1786
800,151,684,1635
193,583,330,1106
695,426,460,1581
151,771,786,1708
69,300,405,774
673,367,1,1041
393,991,468,1852
206,270,385,861
980,508,966,2454
312,395,692,1399
243,854,361,1458
474,503,774,1751
654,843,191,1688
830,129,447,1406
511,527,699,1737
143,816,367,1326
585,741,507,1833
198,607,735,1540
406,126,117,649
845,798,278,1921
704,803,489,1996
46,749,911,1706
727,456,459,1642
527,899,166,1592
466,858,223,1547
88,351,162,601
114,779,87,980
170,640,237,1047
994,979,164,2137
453,797,898,2148
902,930,966,2798
609,153,435,1197
238,681,74,993
141,5,968,1114
817,711,348,1876
279,631,296,1206
262,51,139,452
740,44,361,1145
593,245,28,866
690,585,968,2243
309,31,1,341
685,389,878,1952
379,222,618,1219
13,371,375,759
926,696,95,1717
814,274,541,1629
513,279,66,858
300,18,532,850
271,74,56,401
361,410,535,1306
7,629,260,896
122,85,855,1062
942,488,253,1683
785,561,108,1454
129,679,204,1012
650,349,789,1788
739,674,975,2388
74,409,132,615
300,428,342,1070
550,864,942,2356
791,93,555,1439
95,332,219,646
697,692,708,2097
425,878,768,2071
596,145,272,1013
233,940,327,1500
946,607,837,2390
27,316,51,394
260,837,433,1530
123,574,725,1422
274,387,2,663
687,807,436,1930
867,768,156,1791
332,656,341,1329
323,567,818,1708
53,864,992,1909
321,125,521,967
876,285,619,1780
854,361,483,1698
117,768,427,1312
589,261,458,1308
208,985,1,1194
272,340,160,772
825,452,673,1950
564,780,75,1419
186,637,220,1043
494,536,376,1406
234,352,373,959
535,346,698,1579
794,388,488,1670
282,754,208,1244
94,926,563,1583
548,199,677,1424
121,478,661,1260
434,879,336,1649
902,299,244,1445
774,577,358,1709
873,627,167,1667
355,327,358,1040
171,839,417,1427
650,116,130,896
477,270,100,847
814,247,654,1715
762,981,2,1745
904,952,408,2264
512,776,287,1575
469,661,93,1223
520,30,55,605
995,584,119,1698
540,419,901,1860
111,316,143,570
585,230,390,1205
560,946,917,2423
330,989,446,1765
781,792,606,2179
213,260,30,503
589,995,450,2034
303,487,8,798
908,595,6,1509
188,331,209,728
657,989,650,2296
110,569,364,1043
695,315,271,1281
20,435,328,783
865,744,344,1953
154,836,835,1825
888,133,919,1940
435,911,872,2218
182,617,806,1605
5,166,542,713
452,954,490,1896
666,994,131,1791
120,436,713,1269
925,331,925,2181
854,751,659,2264
10,381,419,810
967,684,9,1660
32,120,413,565
132,274,681,1087
527,533,209,1269
839,546,573,1958
971,0,289,1260
813,637,629,2079
990,290,188,1468
907,821,197,1925
83,833,824,1740
251,945,154,1350
589,654,631,1874
997,861,709,2567
299,198,373,870
548,302,975,1825
921,896,307,2124
874,846,119,1839
938,774,206,1918
448,812,502,1762
744,147,940,1831
581,64,266,911
424,782,856,2062
187,123,146,456
592,939,829,2360
283,950,207,1440
319,310,602,1231
870,725,524,2119
987,930,583,2500
70,562,172,804
957,472,541,1970
65,931,51,1047
660,994,889,2543
862,999,48,1909
249,540,504,1293
99,858,381,1338
753,849,605,2207
922,981,520,2423
145,674,96,915
750,686,644,2080
693,36,284,1013
536,949,762,2247
100,983,86,1169
33,907,105,1045
523,623,408,1554
476,817,740,2033
807,41,493,1341
745,40,239,1024
712,576,14,1302
62,574,128,764
365,803,984,2152
129,812,443,1384
359,645,859,1863
800,303,734,1837
177,751,139,1067
566,932,779,2277
407,934,511,1852
122,415,903,1440
466,383,68,917
424,179,250,853
622,579,322,1523
370,294,555,1219
510,833,236,1579
610,820,535,1965
959,643,648,2250
962,229,673,1864
499,803,269,1571
777,390,701,1868
248,482,594,1324
730,492,223,1445
380,175,691,1246
413,815,157,1385
827,903,239,1969
999,34,404,1437
489,200,612,1301
257,956,28,1241
208,441,330,979
561,955,739,2255
738,23,319,1080
747,281,806,1834
732,909,942,2583
370,667,759,1796
525,30,286,841
700,897,862,2459
809,592,670,2071
217,700,958,1875
921,527,414,1862
251,40,439,730
631,961,585,2177
786,803,567,2156
873,306,643,1822
800,126,784,1710
426,900,430,1756
415,995,571,1981
995,436,962,2393
278,374,703,1355
689,121,632,1442
83,672,687,1442
260,196,539,995
303,424,234,961
416,186,256,858
903,508,783,2194
929,735,886,2550
633,843,684,2160
854,457,833,2144
368,386,425,1179
8,166,525,699
405,852,847,2104
418,733,242,1393
439,424,488,1351
779,966,69,1814
121,558,704,1383
457,753,728,1938
631,507,168,1306
186,198,358,742
681,787,104,1572
123,411,559,1093
74,535,571,1180
884,985,565,2434
622,140,308,1070
164,391,906,1461
704,261,40,1005
660,298,892,1850
515,752,370,1637
932,928,361,2221
386,28,2,416
153,201,886,1240
516,667,408,1591
428,221,217,866
533,174,464,1171
144,27,45,216
338,467,495,1300
227,244,712,1183
53,81,386,520
102,824,74,1000
49,797,648,1494
549,511,507,1567
134,858,866,1858
331,432,983,1746
270,784,536,1590
413,389,200,1002
836,269,76,1181
417,862,888,2167
443,541,804,1788
203,445,139,787
30,990,881,1901
57,964,869,1890
100,183,244,527
171,184,485,840
582,513,593,1688
360,852,395,1607
29,725,909,1663
996,59,501,1556
914,743,432,2089
965,600,881,2446
429,550,68,1047
945,817,827,2589
11,823,241,1075
502,410,221,1133
433,968,96,1497
57,992,354,1403
81,180,761,1022
818,585,963,2366
889,24,775,1688
75,897,876,1848
469,294,778,1541
770,733,30,1533
380,460,800,1640
604,113,867,1584
1,788,771,1560
638,321,790,1749
699,486,106,1291
467,411,361,1239
783,470,451,1704
886,614,529,2029
484,485,64,1033
481,550,894,1925
683,753,642,2078
270,506,275,1051
642,286,484,1412
955,85,563,1603
260,450,680,1390
216,117,89,422
324,884,484,1692
574,735,190,1499
216,441,557,1214
365,497,295,1157
803,155,474,1432
207,992,990,2189
250,512,99,861
264,130,90,484
461,380,638,1479
719,721,737,2177
679,236,214,1129
325,126,190,641
277,31,483,791
861,528,16,1405
955,334,645,1934
267,149,914,1330
279,112,791,1182
937,860,395,2192
311,754,135,1200
726,328,481,1535
548,401,801,1750
932,592,984,2508
732,401,538,1671
798,287,764,1849
952,287,972,2211
203,253,644,1100
119,398,603,1120
940,441,15,1396
201,463,949,1613
698,219,762,1679
239,939,132,1310
644,895,766,2305
110,900,28,1038
751,393,219,1363
293,600,872,1765
94,964,799,1857
584,46,773,1403
166,543,331,1040
395,467,910,1772
477,849,392,1718
926,287,172,1385
670,389,823,1882
435,574,531,1540
857,206,491,1554
204,421,8,633
75,274,618,967
295,350,775,1420
454,850,36,1340
815,500,519,1834
297,77,885,1259
894,388,866,2148
428,625,705,1758
548,257,9,814
107,969,252,1328
493,890,34,1417
319,331,966,1616
458,23,78,559
346,538,392,1276
854,688,811,2353
261,200,926,1387
721,713,290,1724
810,342,605,1757
771,897,109,1777
578,540,259,1377
949,317,957,2223
336,831,732,1899
384,591,548,1523
250,214,496,960
862,722,670,2254
38,356,656,1050
293,367,51,711
362,283,135,780
367,700,28,1095
351,407,89,847
480,257,327,1064
395,902,604,1901
519,970,37,1526
72,49,296,417
926,81,304,1311
598,742,551,1891
143,123,272,538
232,794,685,1711
108,12,830,950
67,34,552,653
607,141,853,1601
96,266,730,1092
248,805,748,1801
215,292,117,624
924,317,436,1677
707,784,520,2011
565,339,990,1894
323,853,979,2155
540,222,542,1304
17,212,109,338
517,526,829,1872
27,566,7,600
68,402,366,836
112,454,642,1208
971,1000,557,2528
259,465,278,1002
848,662,205,1715
391,87,152,630
374,755,643,1772
840,582,942,2364
813,275,776,1864
906,491,429,1826
487,239,23,749
877,973,250,2100
41,763,422,1226
226,497,980,1703
431,116,441,988
759,396,327,1482
462,488,665,1615
647,243,906,1796
626,890,695,2211
750,795,757,2302
917,956,846,2719
249,132,910,1291
983,978,518,2479
829,366,219,1414
808,710,996,2514
320,465,503,1288
540,869,810,2219
908,913,872,2693
305,174,726,1205
490,248,612,1350
97,866,219,1182
393,300,375,1068
652,707,550,1909
903,954,79,1936
529,904,929,2362
998,463,357,1818
731,401,440,1572
231,499,540,1270
658,878,858,2394
927,491,282,1700
973,143,948,2064
393,627,316,1336
82,94,6,182
147,633,312,1092
911,634,737,2282
984,763,223,1970
860,796,634,2290
704,777,399,1880
631,880,138,1649
375,700,888,1963
272,795,273,1340
249,776,116,1141
921,541,991,2453
159,525,278,962
945,866,767,2578
144,605,523,1272
513,838,411,1762
400,893,805,2098
320,152,857,1329
537,111,158,806
706,770,557,2033
852,112,234,1198
618,132,837,1587
548,807,119,1474
838,493,849,2180
491,943,628,2062
974,620,483,2077
214,804,221,1239
44,398,487,929
799,974,447,2220
923,697,440,2060
269,579,536,1384
22,640,953,1615
263,391,133,787
151,374,824,1349
17,933,960,1910
908,118,439,1465
340,633,835,1808
710,269,997,1976
677,796,190,1663
813,682,826,2321
94,579,216,889
495,342,959,1796
737,302,957,1996
323,675,982,1980
966,270,550,1786
739,192,529,1460
929,255,649,1833
962,498,33,1493
950,962,450,2362
131,10,479,620
527,327,792,1646
918,407,814,2139
616,608,352,1576
129,677,926,1732
733,18,915,1666
472,414,473,1359
143,741,482,1366
141,506,110,757
341,727,535,1603
245,147,457,849
92,617,101,810
742,512,479,1733
822,36,638,1496
384,945,402,1731
298,535,837,1670
797,635,822,2254
567,700,136,1403
764,955,766,2485
927,741,474,2142
424,361,481,1266
794,167,149,1110
587,963,489,2039
574,559,48,1181
58,61,319,438
395,844,698,1937
447,211,226,884
358,390,709,1457
880,398,566,1844
796,338,714,1848
507,108,452,1067
689,759,692,2140
264,786,633,1683
753,844,829,2426
953,433,74,1460
273,46,554,873
774,178,273,1225
440,852,596,1888
578,155,31,764
665,753,768,2186
800,550,800,2150
439,14,799,1252
688,100,695,1483
195,844,569,1608
412,268,549,1229
579,468,42,1089
887,795,363,2045
681,207,24,912
466,940,738,2144
911,269,309,1489
597,172,263,1032
503,197,289,989
41,915,575,1531
521,983,38,1542
545,346,769,1660
413,831,402,1646
92,204,92,388
517,727,897,2141
123,741,591,1455
124,677,703,1504
275,992,290,1557
156,198,22,376
548,59,849,1456
778,677,600,2055
892,248,958,2098
93,58,871,1022
101,275,374,750
290,215,636,1141
964,774,627,2365
380,143,317,840
643,43,986,1672
791,176,474,1441
252,333,684,1269
686,600,758,2044
829,887,981,2697
222,553,853,1628
123,712,195,1030
15,670,117,802
984,265,305,1554
3,553,327,883
450,243,104,797
15,735,705,1455
152,641,442,1235
938,761,165,1864
590,321,961,1872
329,131,157,617
917,443,587,1947
370,280,13,663
728,480,187,1395
532,713,339,1584
840,703,650,2193
67,451,725,1243
633,339,937,1909
968,803,41,1812
25,88,810,923
6,402,165,573
281,449,85,815
662,725,767,2154
385,250,716,1351
406,68,793,1267
920,603,845,2368
171,830,115,1116
414,452,200,1066
685,698,793,2176
87,740,316,1143
489,29,451,969
636,622,777,2035
459,881,949,2289
433,873,952,2258
779,825,30,1634
74,921,551,1546
809,167,730,1706
761,959,266,1986
331,782,721,1834
687,339,396,1422
576,544,252,1372
866,733,229,1828
205,773,870,1848
361,662,573,1596
818,75,42,935
85,98,296,479
680,581,309,1570
278,299,123,700
874,130,997,2001
655,930,303,1888
35,81,366,482
528,944,869,2341
767,217,732,1716
780,83,853,1716
779,82,965,1826
489,409,280,1178
362,248,374,984
63,390,639,1092
631,104,73,808
569,185,649,1403
196,308,882,1386
539,783,155,1477
563,155,962,1680
248,678,467,1393
154,795,263,1212
525,135,892,1552
347,548,705,1600
359,14,71,444
262,360,675,1297
116,808,176,1100
698,743,501,1942
670,77,574,1321
50,765,705,1520
8,111,186,305
997,737,208,1942
202,472,560,1234
974,483,534,1991
805,328,757,1890
774,47,382,1203
137,138,513,788
432,114,891,1437
857,617,88,1562
785,830,629,2244
818,438,667,1923
930,789,947,2666
37,827,618,1482
454,573,232,1259
829,388,988,2205
795,727,218,1740
38,649,239,926
525,160,859,1544
929,576,307,1812
834,580,298,1712
292,10,210,512
300,652,548,1500
142,57,680,879
703,317,12,1032
1000,492,862,2354
377,418,954,1749
245,813,785,1843
151,447,380,978
57,300,722,1079
253,477,420,1150
855,530,465,1850
105,298,492,895
180,283,551,1014
691,743,373,1807
67,456,803,1326
322,396,978,1696
6,702,647,1355
345,791,308,1444
863,464,542,1869
976,954,680,2610
335,267,746,1348
48,334,162,544
452,224,714,1390
532,446,314,1292
64,213,23,300
569,69,402,1040
213,808,474,1495
238,833,264,1335
808,182,118,1108
474,126,632,1232
92,412,337,841
170,400,791,1361
440,873,974,2287
827,84,937,1848
992,605,348,1945
795,727,386,1908
441,678,182,1301
357,714,45,1116
62,175,120,357
647,492,148,1287
163,544,290,997
996,571,237,1804
976,424,560,1960
895,531,902,2328
280,719,202,1201
621,401,974,1996
784,369,878,2031
220,205,343,768
397,217,674,1288
675,430,93,1198
717,638,191,1546
507,410,34,951
938,917,682,2537
712,483,818,2013
999,178,470,1647
956,951,9,1916
462,8,717,1187
155,392,35,582
958,835,407,2200
921,218,553,1692
593,181,364,1138
194,301,864,1359
712,438,499,1649
383,124,602,1109
306,494,157,957
699,93,990,1782
522,393,237,1152
263,164,97,524
443,574,549,1566
728,335,149,1212
274,746,400,1420
253,431,397,1081
140,112,239,491
483,158,885,1526
400,48,113,561
570,189,441,1200
253,686,374,1313
339,837,189,1365
253,725,213,1191
461,815,659,1935
282,574,158,1014
184,161,717,1062
282,946,364,1592
699,807,671,2177
210,679,25,914
597,706,560,1863
922,790,81,1793
995,490,176,1661
811,700,96,1607
762,555,468,1785
184,918,565,1667
552,63,672,1287
973,664,234,1871
457,753,102,1312
464,997,238,1699
479,573,910,1962
545,928,461,1934
213,20,705,938
886,801,170,1857
895,631,568,2094
558,905,906,2369
702,15,181,898
671,57,664,1392
181,737,28,946
733,440,433,1606
147,863,809,1819
395,405,346,1146
994,506,690,2190
668,367,287,1322
805,493,77,1375
768,239,257,1264
262,757,377,1396
315,484,854,1653
685,110,987,1782
56,183,853,1092
499,655,750,1904
278,345,265,888
976,771,907,2654
305,221,461,987
280,645,658,1583
818,30,896,1744
750,845,396,1991
548,350,168,1066
181,850,470,1501
736,586,112,1434
517,521,500,1538
738,21,29,788
214,333,691,1238
122,344,389,855
397,533,161,1091
286,407,1000,1693
160,444,505,1109
976,328,347,1651
704,966,307,1977
615,879,70,1564
977,542,891,2410
243,892,965,2100
211,990,782,1983
173,734,38,945
681,879,132,1692
500,924,759,2183
904,490,976,2370
920,966,433,2319
529,288,843,1660
855,378,384,1617
531,79,612,1222
64,191,976,1231
553,417,698,1668
826,200,614,1640
375,848,764,1987
950,792,613,2355
913,587,703,2203
512,917,142,1571
494,217,816,1527
393,144,370,907
646,415,979,2040
519,878,35,1432
558,35,679,1272
630,215,655,1500
28,680,563,1271
894,898,397,2189
232,858,296,1386
402,391,820,1613
120,397,17,534
647,501,73,1221
700,219,486,1405
71,474,337,882
775,182,714,1671
662,277,948,1887
650,822,358,1830
636,0,951,1587
823,317,604,1744
746,594,160,1500
697,899,394,1990
581,126,519,1226
525,603,951,2079
119,974,913,2006
703,350,433,1486
336,312,851,1499
372,855,401,1628
725,497,480,1702
985,850,422,2257
88,512,181,781
477,86,871,1434
45,173,478,696
25,314,237,576
267,333,811,1411
33,174,942,1149
71,860,710,1641
311,522,866,1699
809,770,979,2558
72,274,657,1003
55,519,487,1061
629,141,374,1144
677,92,86,855
479,446,18,943
152,167,296,615
696,459,32,1187
904,629,482,2015
140,641,846,1627
681,545,780,2006
484,491,109,1084
747,566,859,2172
233,827,252,1312
755,193,443,1391
469,587,95,1151
669,672,888,2229
701,94,467,1262
386,423,832,1641
127,864,875,1866
846,364,180,1390
378,351,217,946
90,325,479,894
756,122,527,1405
984,822,447,2253
799,378,340,1517
594,550,713,1857
49,743,7,799
255,824,465,1544
735,969,526,2230
479,118,372,969
108,376,389,873
600,205,632,1437
253,23,389,665
895,355,509,1759
448,370,59,877
256,690,461,1407
825,352,589,1766
881,698,561,2140
317,784,293,1394
190,644,385,1219
633,507,546,1686
227,783,318,1328
407,171,268,846
592,811,176,1579
494,771,687,1952
968,351,620,1939
4,583,700,1287
95,27,483,605
329,363,480,1172
914,839,354,2107
553,570,391,1514
550,492,481,1523
788,468,438,1694
184,617,225,1026
389,103,601,1093
926,593,312,1831
11,950,914,1875
334,215,273,822
343,542,582,1467
753,279,693,1725
635,943,742,2320
589,850,78,1517
920,850,748,2518
414,592,782,1788
391,539,885,1815
368,411,193,972
743,239,367,1349
730,786,189,1705
264,402,89,755
577,161,934,1672
434,45,854,1333
118,639,616,1373
903,858,499,2260
242,421,477,1140
465,857,651,1973
438,375,449,1262
83,661,440,1184
965,405,770,2140
939,579,907,2425
41,902,593,1536
32,34,785,851
430,560,80,1070
227,225,565,1017
466,126,312,904
821,915,371,2107
763,77,330,1170
298,372,22,692
534,783,106,1423
801,118,275,1194
28,538,795,1361
744,10,855,1609
811,390,262,1463
359,735,235,1329
844,206,620,1670
878,749,107,1734
145,232,471,848
247,255,18,520
554,358,480,1392
790,448,290,1528
372,292,523,1187
424,482,640,1546
431,649,759,1839
812,393,253,1458
873,615,742,2230
578,389,863,1830
576,711,849,2136
717,82,704,1503
293,116,577,986
614,520,833,1967
58,392,522,972
257,295,342,894
544,977,751,2272
259,252,268,779
172,888,129,1189
457,492,219,1168
84,306,510,900
286,719,550,1555
531,279,644,1454
367,7,422,796
971,81,757,1809
941,29,77,1047
760,103,30,893
79,152,647,878
844,982,276,2102
120,142,125,387
824,272,48,1144
213,535,766,1514
435,833,548,1816
845,145,538,1528
17,144,469,630
463,751,266,1480
331,608,103,1042
586,73,574,1233
245,105,244,594
425,606,918,1949
388,770,871,2029
52,772,857,1681
833,186,723,1742
670,340,756,1766
896,282,125,1303
614,465,632,1711
698,797,756,2251
476,664,123,1263
204,331,171,706
549,449,418,1416
683,633,782,2098
912,293,263,1468
510,447,895,1852
925,881,852,2658
581,266,775,1622
206,98,867,1171
168,8,994,1170
865,600,457,1922
985,173,974,2132
931,540,522,1993
296,609,316,1221
194,707,961,1862
445,508,735,1688
810,613,371,1794
284,69,698,1051
548,391,706,1645
513,460,711,1684
370,377,208,955
227,447,222,896
932,438,795,2165
11,770,747,1528
540,623,339,1502
155,799,993,1947
226,520,775,1521
541,536,994,2071
164,442,9,615
546,425,850,1821
781,342,912,2035
1,814,428,1243
529,575,43,1147
902,826,927,2655
407,622,527,1556
938,402,109,1449
227,564,915,1706
271,418,101,790
651,343,53,1047
241,663,806,1710
46,505,151,702
130,343,26,499
460,513,5,978
663,327,465,1455
428,132,947,1507
599,389,299,1287
102,692,186,980
943,633,9,1585
705,986,980,2671
153,771,521,1445
346,756,110,1212
60,799,501,1360
439,532,161,1132
919,425,419,1763
514,370,390,1274
76,181,650,907
983,240,933,2156
94,375,646,1115
689,402,968,2059
435,901,135,1471
852,435,470,1757
370,987,288,1645
999,153,854,2006
989,607,854,2450
780,630,455,1865
553,945,568,2066
257,124,628,1009
761,554,998,2313
881,20,885,1786
378,873,697,1948
733,269,611,1613
951,921,652,2524
806,526,931,2263
88,848,981,1917
120,528,697,1345
592,143,580,1315
677,137,635,1449
357,625,846,1828
438,866,530,1834
600,489,600,1689
233,506,979,1718
652,585,35,1272
202,911,163,1276
344,280,121,745
107,676,282,1065
282,517,913,1712
142,878,230,1250
794,776,215,1785
406,405,132,943
335,692,998,2025
479,84,497,1060
795,336,73,1204
443,683,367,1493
23,515,74,612
672,247,942,1861
428,253,759,1440
27,701,190,918
889,466,629,1984
90,741,177,1008
451,556,730,1737
496,521,160,1177
918,329,224,1471
152,347,638,1137
91,881,823,1795
269,463,807,1539
961,510,372,1843
179,774,353,1306
593,503,718,1814
429,357,759,1545
995,232,589,1816
457,38,880,1375
369,247,286,902
766,274,775,1815
547,423,296,1266
575,840,298,1713
94,364,277,735
895,369,125,1389
587,633,793,2013
553,425,29,1007
620,738,959,2317
692,847,720,2259
228,114,497,839
713,610,629,1952
470,311,313,1094
218,828,510,1556
667,775,232,1674
397,741,692,1830
758,905,423,2086
971,603,282,1856
307,41,143,491
622,430,268,1320
815,28,315,1158
96,65,507,668
800,126,738,1664
778,864,954,2596
685,871,521,2077
525,31,198,754
738,687,509,1934
129,132,557,818
614,801,245,1660
548,890,954,2392
992,801,37,1830
618,819,292,1729
551,894,264,1709
893,641,438,1972
970,245,865,2080
826,961,15,1802
630,39,624,1293
922,398,330,1650
489,348,752,1589
575,207,417,1199
515,170,734,1419
71,120,358,549
609,843,84,1536
778,855,291,1924
41,139,21,201
179,635,234,1048
210,664,464,1338
214,455,363,1032
627,22,764,1413
841,229,97,1167
346,57,754,1157
818,765,475,2058
380,953,79,1412
572,542,172,1286
326,146,135,607
398,76,444,918
125,62,702,889
429,905,676,2010
174,59,308,541
112,308,89,509
140,283,601,1024
355,425,853,1633
740,881,962,2583
477,722,469,1668
791,375,978,2144
669,989,468,2126
195,244,290,729
206,556,116,878
503,254,884,1641
716,878,772,2366
644,88,620,1352
224,331,685,1240
702,340,63,1105
436,265,69,770
889,496,26,1411
534,743,841,2118
992,141,107,1240
734,607,55,1396
638,557,228,1423
14,761,154,929
504,137,935,1576
448,217,461,1126
456,950,693,2099
475,710,270,1455
841,892,371,2104
378,793,496,1667
187,750,162,1099
965,963,631,2559
161,846,321,1328
6,5,225,236
542,301,348,1191
414,822,516,1752
450,214,731,1395
967,173,58,1198
159,781,185,1125
326,687,80,1093
650,250,990,1890
711,512,340,1563
522,151,162,835
966,57,554,1577
408,753,428,1589
737,670,914,2321
550,646,777,1973
783,789,748,2320
644,1000,463,2107
204,405,705,1314
328,558,998,1884
438,736,849,2023
349,752,777,1878
92,850,488,1430
426,398,190,1014
227,496,596,1319
188,204,876,1268
178,789,601,1568
473,274,113,860
129,28,220,377
711,394,44,1149
257,630,450,1337
576,833,53,1462
63,331,594,988
436,191,510,1137
948,699,811,2458
585,632,258,1475
48,307,744,1099
838,183,304,1325
446,757,103,1306
613,566,678,1857
772,446,54,1272
86,743,54,883
261,58,657,976
833,952,616,2401
218,290,195,703
699,787,201,1687
969,158,433,1560
571,550,115,1236
182,452,637,1271
707,939,244,1890
150,229,315,694
352,686,240,1278
988,393,662,2043
634,345,716,1695
574,131,921,1626
56,878,223,1157
38,166,320,524
218,653,466,1337
607,951,546,2104
877,746,334,1957
649,365,554,1568
771,410,989,2170
261,3,829,1093
239,696,910,1845
948,225,554,1727
474,256,475,1205
578,277,405,1260
882,41,402,1325
837,32,264,1133
859,356,746,1961
889,472,333,1694
313,580,374,1267
872,67,544,1483
952,635,955,2542
557,148,489,1194
445,802,559,1806
73,626,619,1318
207,125,877,1209
311,91,434,836
28,605,410,1043
409,414,330,1153
856,196,938,1990
610,929,564,2103
493,291,304,1088
267,307,339,913
891,218,202,1311
288,884,266,1438
799,818,571,2188
384,575,724,1683
45,474,372,891
59,323,696,1078
414,680,890,1984
603,729,865,2197
454,893,319,1666
819,661,58,1538
161,94,670,925
859,250,822,1931
396,959,134,1489
581,368,664,1613
869,772,871,2512
847,897,589,2333
73,955,182,1210
979,428,249,1656
905,9,835,1749
300,430,964,1694
466,622,323,1411
723,425,751,1899
905,348,407,1660
921,426,515,1862
493,970,199,1662
189,350,817,1356
851,319,994,2164
906,566,802,2274
0,513,331,844
712,557,111,1380
514,245,526,1285
820,61,398,1279
115,46,887,1048
774,600,493,1867
850,75,299,1224
673,696,696,2065
71,150,470,691
613,444,825,1882
809,186,879,1874
649,268,408,1325
718,610,766,2094
419,114,496,1029
294,378,994,1666
551,329,21,901
819,557,725,2101
579,620,30,1229
457,445,739,1641
628,438,285,1351
702,91,691,1484
390,578,346,1314
476,9,475,960
465,737,7,1209
488,675,268,1431
277,552,735,1564
910,189,69,1168
439,47,942,1428
218,569,44,831
371,674,281,1326
813,949,493,2255
890,586,712,2188
299,357,866,1522
834,451,372,1657
625,704,58,1387
402,910,332,1644
557,347,347,1251
412,936,870,2218
650,121,557,1328
217,990,675,1882
738,655,552,1945
382,813,412,1607
126,185,367,678
83,829,111,1023
763,518,602,1883
981,761,843,2585
463,864,373,1700
674,793,541,2008
830,748,248,1826
198,815,816,1829
682,590,77,1349
743,0,878,1621
194,589,68,851
472,999,405,1876
601,677,704,1982
416,784,424,1624
775,343,546,1664
832,672,236,1740
455,498,466,1419
752,666,835,2253
35,160,572,767
354,502,663,1519
68,669,167,904
371,801,931,2103
865,744,753,2362
973,70,607,1650
468,609,433,1510
604,463,82,1149
685,268,477,1430
8,969,643,1620
514,393,16,923
8,628,224,860
199,759,180,1138
266,736,569,1571
273,621,246,1140
113,228,180,521
217,234,952,1403
258,353,390,1001
26,827,470,1323
315,580,16,911
626,566,64,1256
691,607,207,1505
107,30,664,801
346,215,156,717
522,813,533,1868
413,124,680,1217
566,610,15,1191
766,231,911,1908
509,279,208,996
770,619,110,1499
141,751,327,1219
406,282,733,1421
877,843,310,2030
658,183,456,1297
67,188,823,1078
666,801,102,1569
159,181,452,792
806,853,398,2057
682,367,618,1667
423,660,276,1359
626,886,514,2026
775,900,902,2577
142,366,378,886
503,380,875,1758
305,292,468,1065
831,817,957,2605
516,45,364,925
335,645,988,1968
347,295,368,1010
324,664,845,1833
805,920,222,1947
531,704,233,1468
789,219,256,1264
242,564,359,1165
183,433,226,842
985,682,784,2451
166,816,369,1351
826,965,924,2715
900,473,235,1608
793,577,379,1749
68,64,830,962
97,640,660,1397
218,264,50,532
443,960,190,1593
324,654,692,1670
328,178,926,1432
35,676,716,1427
165,943,968,2076
915,926,565,2406
692,27,661,1380
642,916,526,2084
880,148,515,1543
549,451,48,1048
683,147,749,1579
325,284,955,1564
466,296,270,1032
905,445,705,2055
317,572,896,1785
610,942,591,2143
662,137,228,1027
43,357,467,867
170,898,182,1250
54,549,901,1504
269,607,453,1329
368,419,333,1120
830,947,345,2122
680,410,986,2076
297,213,439,949
445,934,110,1489
640,790,411,1841
561,697,761,2019
935,519,946,2400
616,456,222,1294
32,25,894,951
771,694,506,1971
606,996,43,1645
91,777,267,1135
443,423,188,1054
8,786,369,1163
582,606,203,1391
799,830,951,2580
498,788,927,2213
275,747,583,1605
887,760,888,2535
402,491,631,1524
894,715,900,2509
105,528,849,1482
277,819,736,1832
274,171,94,539
376,195,888,1459
108,274,552,934
274,491,468,1233
902,220,47,1169
970,320,501,1791
10,539,866,1415
678,753,667,2098
420,155,78,653
445,440,848,1733
110,279,532,921
462,405,273,1140
931,531,39,1501
495,322,665,1482
329,117,162,608
133,642,240,1015
341,115,736,1192
692,465,162,1319
173,937,990,2100
32,521,282,835
218,139,853,1210
777,904,812,2493
286,67,436,789
618,426,772,1816
960,797,594,2351
221,28,389,638
967,589,5,1561
419,310,449,1178
610,653,725,1988
450,32,25,507
23,839,513,1375
544,83,961,1588
104,425,231,760
846,14,130,990
34,928,833,1795
46,942,79,1067
846,768,595,2209
173,996,769,1938
980,349,628,1957
640,729,649,2018
23,39,33,95
998,598,23,1619
242,960,191,1393
360,266,709,1335
736,880,642,2258
523,802,894,2219
970,410,532,1912
708,121,684,1513
711,733,639,2083
599,862,29,1490
16,576,436,1028
234,57,822,1113
214,149,498,861
396,557,436,1389
986,154,540,1680
342,436,179,957
709,784,95,1588
993,964,555,2512
764,937,833,2534
104,442,708,1254
825,4,599,1428
883,647,686,2216
555,364,749,1668
147,110,147,404
380,514,449,1343
846,561,185,1592
351,441,127,919
890,329,603,1822
538,389,397,1324
692,718,85,1495
587,786,432,1805
148,669,98,915
846,133,280,1259
473,479,78,1030
953,429,230,1612
322,367,375,1064
740,131,773,1644
772,931,724,2427
15,881,277,1173
432,591,709,1732
863,575,276,1714
428,90,16,534
877,633,858,2368
928,641,897,2466
138,436,316,890
930,11,569,1510
404,585,734,1723
937,911,580,2428
106,842,500,1448
214,868,800,1882
456,367,573,1396
68,156,21,245
607,124,308,1039
832,426,221,1479
695,67,186,948
398,73,751,1222
113,992,952,2057
681,330,455,1466
624,674,783,2081
130,548,706,1384
178,994,534,1706
999,732,746,2477
248,820,349,1417
484,949,749,2182
435,932,383,1750
575,207,806,1588
329,362,253,944
970,507,858,2335
612,806,115,1533
621,268,131,1020
169,346,164,679
784,488,141,1413
843,550,872,2265
470,523,706,1699
173,832,845,1850
108,874,357,1339
649,881,735,2265
358,312,624,1294
344,413,636,1393
890,877,445,2212
84,170,343,597
31,260,415,706
681,73,884,1638
893,998,354,2245
449,357,897,1703
668,953,60,1681
754,301,942,1997
514,580,53,1147
69,179,20,268
254,64,937,1255
489,344,273,1106
675,508,843,2026
353,441,817,1611
35,49,32,116
285,393,788,1466
154,756,832,1742
449,754,92,1295
709,504,976,2189
121,954,503,1578
293,60,310,663
937,747,95,1779
566,999,229,1794
481,51,769,1301
532,398,33,963
635,790,72,1497
674,874,631,2179
721,890,280,1891
246,961,839,2046
936,678,600,2214
387,520,36,943
712,95,967,1774
981,142,33,1156
242,623,90,955
949,821,779,2549
745,645,544,1934
697,70,291,1058
788,304,56,1148
624,114,409,1147
727,363,693,1783
765,957,884,2606
914,802,338,2054
514,274,697,1485
748,211,274,1233
223,102,297,622
552,604,643,1799
327,900,241,1468
280,947,990,2217
671,501,133,1305
719,926,824,2469
39,472,386,897
26,817,524,1367
869,216,937,2022
123,876,55,1054
717,422,61,1200
766,654,732,2152
291,970,918,2179
431,51,463,945
569,443,550,1562
900,58,466,1424
195,994,161,1350
258,380,689,1327
924,68,491,1483
97,686,444,1227
759,82,135,976
353,351,458,1162
758,623,117,1498
373,938,242,1553
756,77,484,1317
768,354,819,1941
948,941,938,2827
783,90,824,1697
603,461,905,1969
264,931,833,2028
444,938,856,2238
470,54,771,1295
753,144,690,1587
644,47,230,921
867,146,511,1524
750,964,286,2000
697,776,746,2219
97,880,427,1404
783,596,94,1473
526,560,278,1364
975,465,731,2171
288,880,145,1313
698,609,251,1558
127,469,767,1363
678,532,973,2183
326,622,330,1278
553,613,7,1173
891,395,117,1403
47,621,825,1493
814,548,774,2136
166,134,931,1231
903,55,130,1088
467,309,872,1648
8,852,596,1456
364,374,930,1668
589,303,553,1445
493,8,653,1154
794,601,526,1921
770,36,800,1606
733,514,863,2110
514,651,322,1487
871,359,422,1652
892,569,502,1963
175,0,114,289
287,788,201,1276
442,296,387,1125
703,378,489,1570
491,920,615,2026
196,478,648,1322
755,162,195,1112
428,7,779,1214
410,533,366,1309
479,621,314,1414
556,652,878,2086
737,410,711,1858
837,178,918,1933
142,864,104,1110
39,207,333,579
811,621,519,1951
495,974,518,1987
222,982,756,1960
159,751,650,1560
628,276,735,1639
496,326,797,1619
770,384,592,1746
110,817,209,1136
636,788,75,1499
671,799,648,2118
73,28,602,703
487,862,525,1874
381,290,332,1003
220,429,328,977
646,245,564,1455
847,929,998,2774
204,161,894,1259
345,310,592,1247
752,334,120,1206
676,7,214,897
649,16,688,1353
517,387,870,1774
209,367,537,1113
542,77,970,1589
752,413,659,1824
516,69,19,604
642,738,517,1897
14,104,207,325
974,31,61,1066
37,999,463,1499
621,854,431,1906
168,559,168,895
436,391,292,1119
274,94,319,687
982,418,798,2198
930,141,187,1258
180,18,687,885
418,270,511,1199
554,616,881,2051
337,93,929,1359
473,219,584,1276
111,928,441,1480
528,410,291,1229
632,77,563,1272
284,542,138,964
517,321,448,1286
829,570,618,2017
475,167,544,1186
616,656,548,1820
61,354,327,742
167,233,508,908
162,227,27,416
472,406,619,1497
227,924,392,1543
468,973,206,1647
980,167,338,1485
615,641,22,1278
393,781,388,1562
91,96,68,255
295,487,971,1753
121,167,859,1147
626,646,625,1897
549,625,109,1283
908,655,429,1992
296,372,779,1447
594,617,412,1623
23,258,89,370
422,490,41,953
163,556,367,1086
969,722,908,2599
783,166,647,1596
876,257,531,1664
776,840,913,2529
333,900,410,1643
741,973,521,2235
522,559,199,1280
611,382,364,1357
4,979,509,1492
245,98,904,1247
882,125,866,1873
472,572,3,1047
721,407,962,2090
515,33,292,840
7,496,432,935
930,916,21,1867
654,335,461,1450
748,427,591,1766
276,11,811,1098
872,86,19,977
950,283,215,1448
38,149,564,751
629,146,260,1035
214,680,566,1460
42,466,517,1025
372,478,712,1562
256,186,556,998
357,803,693,1853
842,174,988,2004
751,891,658,2300
465,988,45,1498
596,56,565,1217
222,22,104,348
842,663,331,1836
81,895,303,1279
518,340,114,972
503,512,25,1040
225,690,367,1282
409,770,548,1727
821,366,8,1195
400,584,317,1301
251,14,973,1238
280,36,387,703
465,737,444,1646
635,750,221,1606
752,120,475,1347
901,31,203,1135
462,644,420,1526
151,706,214,1071
54,317,973,1344
266,374,476,1116
519,134,834,1487
293,968,760,2021
205,672,194,1071
698,488,17,1203
79,438,233,750
242,920,246,1408
657,352,972,1981
982,377,928,2287
423,822,77,1322
23,303,730,1056
124,70,851,1045
666,437,64,1167
84,511,955,1550
8,761,930,1699
648,931,497,2076
95,806,989,1890
760,988,960,2708
98,463,563,1124
293,583,364,1240
882,404,482,1768
149,449,54,652
762,739,429,1930
463,887,169,1519
581,820,598,1999
916,34,772,1722
20,840,49,909
537,799,166,1502
124,375,648,1147
342,830,51,1223
620,803,81,1504
499,503,904,1906
968,602,641,2211
330,551,584,1465
429,105,65,599
712,930,355,1997
873,450,685,2008
331,108,162,601
438,194,642,1274
748,18,832,1598
995,191,138,1324
819,962,799,2580
553,622,695,1870
399,565,941,1905
73,506,407,986
287,854,669,1810
632,23,210,865
239,911,464,1614
615,898,306,1819
647,683,566,1896
852,143,79,1074
0,870,43,913
675,535,992,2202
886,662,559,2107
655,53,159,867
200,605,620,1425
298,428,160,886
636,450,647,1733
377,171,93,641
615,73,187,875
677,108,173,958
259,561,81,901
486,235,32,753
251,540,803,1594
927,523,198,1648
505,805,119,1429
623,273,908,1804
328,934,837,2099
563,766,30,1359
467,197,315,979
163,90,454,707
936,993,840,2769
350,286,474,1110
915,661,918,2494
714,317,975,2006
119,286,944,1349
508,900,862,2270
811,103,655,1569
616,624,649,1889
481,814,851,2146
628,765,396,1789
474,806,689,1969
55,728,195,978
444,929,873,2246
590,787,145,1522
451,321,727,1499
606,414,789,1809
252,36,527,815
773,395,606,1774
458,300,758,1516
576,296,539,1411
215,745,783,1743
129,332,851,1312
169,313,86,568
984,87,503,1574
59,272,397,728
512,744,846,2102
638,969,972,2579
452,920,499,1871
455,621,366,1442
612,593,758,1963
784,979,281,2044
724,187,385,1296
81,16,567,664
356,266,305,927
648,920,425,1993
486,827,946,2259
955,780,376,2111
360,694,123,1177
786,302,671,1759
268,252,171,691
159,268,410,837
124,391,764,1279
357,897,911,2165
505,999,425,1929
319,123,533,975
1000,31,88,1119
50,284,397,731
284,361,224,869
58,499,818,1375
233,120,252,605
72,43,194,309
680,620,49,1349
184,933,612,1729
289,203,948,1440
642,346,152,1140
933,112,674,1719
927,538,220,1685
537,526,13,1076
687,502,283,1472
269,451,772,1492
941,654,606,2201
383,964,368,1715
362,727,395,1484
301,683,546,1530
921,610,187,1718
779,761,910,2450
270,435,88,793
530,811,353,1694
830,949,19,1798
391,341,192,924
221,531,174,926
443,325,419,1187
235,462,106,803
677,268,163,1108
15,206,688,909
609,365,15,989
264,192,771,1227
873,250,421,1544
891,997,760,2648
874,778,535,2187
34,225,473,732
350,294,649,1293
354,554,459,1367
251,449,106,806
28,996,821,1845
931,640,318,1889
852,789,367,2008
294,382,303,979
713,757,295,1765
683,239,326,1248
204,733,459,1396
25,760,856,1641
41,261,421,723
164,416,4,584
8,62,49,119
360,426,868,1654
429,522,129,1080
934,169,611,1714
864,772,304,1940
884,922,610,2416
865,553,673,2091
871,12,924,1807
544,750,570,1864
373,589,924,1886
340,889,464,1693
975,490,890,2355
985,322,362,1669
198,925,534,1657
80,85,937,1102
31,372,681,1084
780,460,654,1894
928,98,430,1456
86,996,837,1919
119,744,452,1315
469,427,428,1324
206,311,192,709
841,180,140,1161
85,801,331,1217
573,135,41,749
148,225,2,375
549,999,723,2271
111,873,81,1065
923,334,436,1693
134,732,346,1212
941,44,719,1704
449,246,250,945
716,9,324,1049
171,858,54,1083
879,48,722,1649
983,167,753,1903
967,556,730,2253
440,7,746,1193
518,65,724,1307
17,241,551,809
844,51,584,1479
308,787,989,2084
671,82,480,1233
821,820,333,1974
919,578,959,2456
578,410,939,1927
498,812,421,1731
326,602,609,1537
307,62,259,628
250,640,25,915
497,82,705,1284
248,404,693,1345
785,785,594,2164
97,122,394,613
670,62,881,1613
151,865,262,1278
183,753,871,1807
818,124,765,1707
315,252,216,783
865,620,751,2236
375,636,794,1805
865,816,575,2256
374,533,783,1690
218,569,679,1466
42,954,888,1884
346,400,691,1437
849,589,150,1588
760,856,259,1875
931,575,442,1948
63,397,569,1029
919,885,208,2012
113,136,791,1040
126,654,132,912
202,330,938,1470
758,227,53,1038
307,870,126,1303
716,282,905,1903
123,540,956,1619
442,784,613,1839
548,958,369,1875
389,146,90,625
36,836,602,1474
598,761,426,1785
404,834,85,1323
170,381,955,1506
531,748,373,1652
883,981,581,2445
906,98,798,1802
724,136,895,1755
933,234,654,1821
780,739,302,1821
312,249,444,1005
452,690,624,1766
592,414,452,1458
276,838,878,1992
536,672,652,1860
520,515,745,1780
701,100,367,1168
278,741,381,1400
854,56,108,1018
636,517,858,2011
249,115,853,1217
299,50,441,790
951,57,202,1210
579,637,178,1394
202,383,829,1414
383,303,261,947
874,496,322,1692
759,49,966,1774
429,891,66,1386
96,568,898,1562
745,22,168,935
64,520,135,719
574,515,985,2074
425,290,644,1359
738,685,766,2189
364,316,314,994
125,425,404,954
355,874,206,1435
864,70,773,1707
743,673,596,2012
22,71,508,601
763,230,852,1845
852,200,459,1511
272,287,634,1193
530,262,681,1473
64,173,578,815
203,946,101,1250
608,950,345,1903
114,303,556,973
994,521,571,2086
459,200,604,1263
304,92,865,1261
960,788,837,2585
46,796,565,1407
279,444,873,1596
920,323,565,1808
682,567,636,1885
489,722,77,1288
380,910,858,2148
559,622,534,1715
329,280,628,1237
370,968,10,1348
701,26,846,1573
757,295,309,1361
940,144,327,1411
208,339,496,1043
314,285,883,1482
694,855,62,1611
533,366,523,1422
298,106,631,1035
401,243,366,1010
724,466,950,2140
405,436,835,1676
555,581,945,2081
192,305,876,1373
85,480,99,664
908,648,744,2300
736,455,217,1408
424,744,820,1988
188,971,185,1344
974,661,575,2210
895,245,788,1928
701,11,14,726
481,20,251,752
213,165,463,841
867,353,203,1423
875,306,144,1325
382,98,789,1269
867,920,290,2077
317,461,751,1529
861,280,178,1319
235,342,700,1277
713,664,27,1404
524,583,691,1798
220,721,805,1746
518,423,629,1570
491,438,667,1596
379,128,314,821
179,942,722,1843
897,767,418,2082
424,34,330,788
568,491,579,1638
596,970,38,1604
695,845,892,2432
381,4,851,1236
628,56,124,808
16,611,233,860
357,224,483,1064
379,454,124,957
185,577,131,893
140,556,150,846
37,833,454,1324
103,368,159,630
294,932,423,1649
943,262,239,1444
682,209,145,1036
279,16,606,901
171,52,490,713
33,292,399,724
407,64,714,1185
72,558,360,990
306,143,260,709
127,307,804,1238
800,294,994,2088
113,898,709,1720
951,614,477,2042
825,383,671,1879
855,484,736,2075
115,462,435,1012
187,404,439,1030
702,385,595,1682
154,985,894,2033
820,638,299,1757
323,492,925,1740
523,356,185,1064
907,756,66,1729
420,810,103,1333
377,917,257,1551
291,698,761,1750
518,214,188,920
791,543,122,1456
789,884,650,2323
389,873,21,1283
701,912,842,2455
820,997,139,1956
714,821,589,2124
408,963,376,1747
173,232,427,832
993,167,431,1591
448,568,85,1101
473,983,694,2150
543,604,201,1348
854,362,677,1893
278,51,503,832
26,818,331,1175
522,611,41,1174
260,160,666,1086
391,473,88,952
23,505,866,1394
713,343,528,1584
642,898,375,1915
541,647,568,1756
752,849,635,2236
971,358,942,2271
361,389,981,1731
690,78,954,1722
587,971,194,1752
857,64,126,1047
112,284,299,695
888,669,534,2091
565,506,719,1790
364,857,182,1403
748,693,517,1958
177,899,238,1314
957,16,926,1899
469,705,667,1841
402,648,898,1948
70,407,899,1376
250,389,284,923
370,750,986,2106
905,4,571,1480
769,891,391,2051
179,347,902,1428
482,615,92,1189
447,827,731,2005
164,470,746,1380
627,937,146,1710
944,656,902,2502
929,131,259,1319
838,575,743,2156
867,274,763,1904
888,590,63,1541
376,709,335,1420
76,641,597,1314
838,392,808,2038
162,819,753,1734
880,435,843,2158
143,970,519,1632
321,828,431,1580
368,259,782,1409
304,740,687,1731
507,173,924,1604
174,956,313,1443
999,596,404,1999
362,248,408,1018
885,970,278,2133
803,552,762,2117
171,606,643,1420
976,130,514,1620
611,268,357,1236
662,878,521,2061
403,318,734,1455
165,393,213,771
768,425,947,2140
967,433,431,1831
693,486,1000,2179
636,4,38,678
660,853,922,2435
142,18,295,455
915,880,229,2024
737,131,647,1515
722,703,266,1691
155,483,828,1466
795,142,297,1234
939,759,326,2024
51,402,204,657
342,451,866,1659
188,337,755,1280
932,80,306,1318
223,604,786,1613
385,23,3,411
96,576,602,1274
587,768,173,1528
343,584,117,1044
375,381,982,1738
402,864,669,1935
26,725,339,1090
279,454,794,1527
562,856,234,1652
796,146,565,1507
581,890,234,1705
703,187,302,1192
461,851,913,2225
472,603,866,1941
338,152,587,1077
195,945,686,1826
398,341,438,1177
894,349,576,1819
518,334,912,1764
757,850,750,2357
651,657,727,2035
972,696,447,2115
979,782,48,1809
764,621,610,1995
564,109,728,1401
708,44,439,1191
786,953,463,2202
71,247,654,972
314,319,995,1628
767,600,131,1498
398,570,657,1625
238,354,698,1290
645,999,777,2421
294,622,324,1240
119,878,942,1939
92,389,231,712
564,760,849,2173
943,71,165,1179
740,2,515,1257
676,13,19,708
980,566,870,2416
936,383,592,1911
82,170,118,370
551,982,717,2250
880,414,629,1923
839,442,904,2185
541,115,413,1069
983,819,40,1842
861,689,490,2040
241,560,566,1367
824,127,472,1423
807,809,765,2381
430,310,38,778
787,830,452,2069
701,197,657,1555
327,21,259,607
454,148,142,744
674,823,892,2389
966,198,213,1377
29,361,559,949
980,440,299,1719
715,972,934,2621
347,934,928,2209
8,867,315,1190
484,982,760,2226
878,681,765,2324
213,19,67,299
1000,902,198,2100
196,645,50,891
221,639,958,1818
591,890,451,1932
424,103,157,684
772,168,624,1564
3,32,845,880
259,702,350,1311
635,959,535,2129
677,891,950,2518
388,325,662,1375
306,476,865,1647
387,412,625,1424
969,435,445,1849
76,710,160,946
243,783,704,1730
516,859,300,1675
931,919,880,2730
180,484,962,1626
827,802,743,2372
4,756,595,1355
399,917,361,1677
516,62,444,1022
475,781,632,1888
535,269,733,1537
441,683,795,1919
412,547,372,1331
732,590,507,1829
934,119,89,1142
221,423,955,1599
421,711,75,1207
151,21,230,402
139,820,248,1207
833,49,851,1733
175,314,234,723
992,359,261,1612
864,129,621,1614
396,67,282,745
578,371,801,1750
477,339,795,1611
620,367,182,1169
46,167,812,1025
71,934,882,1887
525,935,316,1776
148,554,112,814
95,622,8,725
351,275,738,1364
551,69,806,1426
850,273,357,1480
893,986,959,2838
914,88,135,1137
691,336,184,1211
816,950,894,2660
46,65,868,979
345,568,990,1903
866,210,544,1620
312,451,783,1546
101,278,70,449
241,551,286,1078
216,705,915,1836
58,117,591,766
786,662,906,2354
797,71,556,1424
904,307,137,1348
645,575,359,1579
350,947,304,1601
186,433,745,1364
677,316,44,1037
284,84,458,826
722,101,359,1182
501,159,551,1211
589,607,229,1425
513,661,944,2118
753,875,755,2383
219,473,191,883
951,840,946,2737
550,953,508,2011
472,379,678,1529
675,319,357,1351
653,642,149,1444
535,449,100,1084
827,574,560,1961
689,769,988,2446
323,534,729,1586
106,975,521,1602
713,116,526,1355
124,30,513,667
735,810,267,1812
872,345,703,1920
282,190,531,1003
930,289,517,1736
205,876,575,1656
620,92,526,1238
104,107,223,434
340,27,110,477
446,446,472,1364
815,121,597,1533
374,154,426,954
588,673,240,1501
706,431,967,2104
278,197,683,1158
586,865,741,2192
761,454,788,2003
33,776,233,1042
278,655,928,1861
516,435,517,1468
612,485,329,1426
323,62,674,1059
781,338,783,1902
562,332,828,1722
459,276,704,1439
843,877,622,2342
657,193,72,922
192,41,380,613
874,612,956,2442
506,418,440,1364
788,511,991,2290
895,328,649,1872
425,41,122,588
12,923,10,945
659,435,924,2018
659,62,755,1476
920,936,755,2611
783,636,789,2208
419,468,175,1062
63,576,282,921
526,600,691,1817
959,690,961,2610
392,78,254,724
643,890,622,2155
242,551,655,1448
625,744,405,1774
846,642,620,2108
752,682,10,1444
336,275,923,1534
201,464,761,1426
382,568,776,1726
595,323,776,1694
60,164,445,669
278,467,429,1174
651,276,321,1248
185,492,343,1020
581,994,969,2544
289,231,256,776
351,662,138,1151
4,254,522,780
644,889,949,2482
832,772,500,2104
149,571,388,1108
578,804,51,1433
904,54,189,1147
477,261,112,850
779,32,844,1655
647,455,237,1339
419,343,620,1382
479,510,716,1705
430,827,877,2134
75,996,126,1197
872,601,256,1729
352,303,649,1304
231,973,867,2071
440,957,421,1818
536,107,436,1079
150,541,212,903
35,925,935,1895
121,387,459,967
760,128,871,1759
289,188,465,942
817,697,284,1798
834,685,926,2445
321,262,850,1433
660,254,416,1330
993,223,470,1686
229,480,461,1170
846,322,275,1443
691,521,374,1586
710,512,912,2134
860,869,514,2243
592,26,370,988
260,890,216,1366
467,146,586,1199
343,334,554,1231
836,875,543,2254
986,426,683,2095
344,75,897,1316
766,470,699,1935
391,252,25,668
702,386,372,1460
745,916,230,1891
326,521,568,1415
800,347,167,1314
117,616,799,1532
98,705,674,1477
106,937,322,1365
824,541,847,2212
853,469,260,1582
358,834,863,2055
84,701,506,1291
382,616,619,1617
43,101,372,516
904,813,687,2404
782,8,686,1476
317,558,607,1482
706,483,30,1219
256,316,616,1188
172,932,387,1491
193,94,296,583
817,884,242,1943
834,739,61,1634
496,408,681,1585
140,739,147,1026
807,712,217,1736
676,531,910,2117
711,92,54,857
69,321,76,466
154,768,998,1920
119,55,770,944
789,292,423,1504
190,705,17,912
818,67,741,1626
15,218,148,381
830,860,128,1818
860,203,940,2003
699,691,340,1730
64,529,867,1460
36,432,164,632
518,980,909,2407
27,699,100,826
934,9,885,1828
377,935,950,2262
445,915,331,1691
726,885,402,2013
734,971,785,2490
971,454,31,1456
675,669,201,1545
757,345,236,1338
750,556,540,1846
316,405,252,973
565,368,202,1135
204,244,901,1349
710,371,538,1619
634,559,6,1199
420,497,919,1836
355,960,839,2154
99,957,753,1809
348,656,577,1581
70,201,931,1202
975,558,10,1543
868,456,706,2030
170,467,393,1030
407,455,387,1249
147,750,393,1290
733,405,286,1424
782,364,975,2121
958,973,570,2501
265,141,228,634
261,225,725,1211
412,332,341,1085
818,740,186,1744
455,354,944,1753
831,115,74,1020
690,542,209,1441
589,781,842,2212
229,315,106,650
733,717,632,2082
796,953,415,2164
236,59,969,1264
555,675,601,1831
202,794,896,1892
767,364,12,1143
207,528,445,1180
339,320,853,1512
125,490,624,1239
401,232,730,1363
536,176,146,858
396,99,355,850
329,797,952,2078
736,637,424,1797
797,72,534,1403
586,302,454,1342
330,750,830,1910
422,175,660,1257
590,524,480,1594
313,526,94,933
377,621,298,1296
855,896,705,2456
356,350,867,1573
524,432,737,1693
731,789,463,1983
602,414,321,1337
889,80,86,1055
640,772,416,1828
405,922,156,1483
380,322,442,1144
673,291,419,1383
636,412,906,1954
594,459,296,1349
544,776,784,2104
712,130,580,1422
110,910,22,1042
93,569,292,954
788,202,632,1622
504,791,104,1399
37,55,344,436
589,675,998,2262
57,108,445,610
236,316,685,1237
321,1000,662,1983
233,972,839,2044
626,283,245,1154
15,900,844,1759
59,743,904,1706
393,66,645,1104
163,621,549,1333
663,464,546,1673
395,888,703,1986
306,424,446,1176
353,947,228,1528
116,929,709,1754
374,320,421,1115
842,426,590,1858
554,578,38,1170
465,234,562,1261
600,716,239,1555
257,582,448,1287
462,875,633,1970
571,161,911,1643
292,287,223,802
100,985,827,1912
556,151,807,1514
132,460,622,1214
299,330,47,676
198,793,255,1246
712,760,290,1762
499,789,712,2000
686,626,268,1580
555,914,565,2034
56,55,209,320
649,48,413,1110
409,237,62,708
898,168,93,1159
138,361,76,575
834,518,188,1540
932,905,604,2441
99,135,135,369
118,41,329,488
597,742,158,1497
350,102,866,1318
330,37,204,571
504,952,521,1977
269,166,549,984
613,399,991,2003
735,875,404,2014
307,475,720,1502
342,434,91,867
789,156,563,1508
692,763,951,2406
153,229,631,1013
669,910,975,2554
92,732,763,1587
588,409,843,1840
980,345,99,1424
526,29,312,867
930,959,333,2222
681,5,24,710
259,232,934,1425
806,430,470,1706
799,918,66,1783
725,418,893,2036
270,475,293,1038
399,918,361,1678
935,689,954,2578
981,134,409,1524
545,369,697,1611
927,830,334,2091
591,492,943,2026
233,313,592,1138
629,761,165,1555
612,170,447,1229
273,871,70,1214
36,557,927,1520
480,490,438,1408
52,948,118,1118
690,844,333,1867
895,156,358,1409
323,508,796,1627
316,835,742,1893
196,554,672,1422
240,235,363,838
893,360,629,1882
881,654,532,2067
676,206,50,932
679,101,134,914
604,531,927,2062
996,649,708,2353
909,705,38,1652
69,681,784,1534
292,891,679,1862
317,836,816,1969
767,825,913,2505
438,886,272,1596
310,320,342,972
427,493,386,1306
703,666,201,1570
181,473,579,1233
309,253,949,1511
182,489,395,1066
858,505,535,1898
315,731,644,1690
110,929,339,1378
175,85,91,351
201,445,25,671
879,720,501,2100
415,576,8,999
136,297,616,1049
275,963,850,2088
512,30,345,887
215,30,852,1097
563,47,353,963
408,839,93,1340
281,504,845,1630
668,465,328,1461
525,732,398,1655
233,512,934,1679
790,135,561,1486
727,94,370,1191
949,844,920,2713
600,493,954,2047
372,755,725,1852
794,609,508,1911
315,282,504,1101
568,450,2,1020
948,648,141,1737
742,103,290,1135
4,702,324,1030
625,164,905,1694
314,37,855,1206
619,49,743,1411
243,714,828,1785
641,341,75,1057
582,24,617,1223
865,962,71,1898
108,766,704,1578
506,949,973,2428
202,335,717,1254
40,496,520,1056
9,961,773,1743
815,282,84,1181
698,155,504,1357
854,351,932,2137
591,18,48,657
494,490,963,1947
714,51,875,1640
325,899,464,1688
813,205,148,1166
892,645,173,1710
745,48,133,926
213,700,197,1110
146,679,171,996
415,726,342,1483
541,516,954,2011
528,419,694,1641
764,520,417,1701
464,696,905,2065
952,460,531,1943
493,8,782,1283
130,340,780,1250
858,902,214,1974
666,952,431,2049
12,760,495,1267
568,158,210,936
879,773,238,1890
845,874,828,2547
367,865,562,1794
322,171,123,616
721,652,285,1658
209,192,142,543
108,336,819,1263
824,23,490,1337
998,769,974,2741
585,896,80,1561
176,629,96,901
322,655,4,981
966,692,728,2386
295,524,546,1365
795,577,76,1448
800,888,440,2128
470,450,495,1415
734,792,188,1714
895,466,661,2022
828,765,316,1909
295,353,971,1619
490,152,454,1096
932,222,706,1860
741,92,375,1208
621,494,316,1431
844,37,333,1214
855,525,402,1782
617,279,994,1890
134,709,73,916
709,133,213,1055
211,41,428,680
868,891,3,1762
84,806,841,1731
343,945,147,1435
499,930,51,1480
165,215,809,1189
29,162,840,1031
463,457,991,1911
51,568,798,1417
403,492,153,1048
157,318,207,682
667,569,151,1387
953,49,925,1927
523,262,404,1189
163,506,494,1163
146,699,422,1267
465,828,543,1836
867,716,359,1942
160,86,834,1080
826,12,349,1187
360,991,560,1911
491,798,34,1323
609,844,542,1995
372,461,86,919
325,380,964,1669
953,839,816,2608
461,827,193,1481
569,554,28,1151
41,628,261,930
75,288,499,862
640,140,593,1373
759,310,982,2051
444,695,567,1706
639,550,142,1331
5,439,545,989
982,65,691,1738
695,251,102,1048
491,282,757,1530
622,415,929,1966
19,280,759,1058
697,723,979,2399
371,679,878,1928
709,37,823,1569
452,285,394,1131
592,803,895,2290
424,803,946,2173
95,694,760,1549
693,79,9,781
354,858,11,1223
532,891,759,2182
302,301,96,699
948,728,90,1766
164,511,589,1264
833,590,629,2052
960,973,901,2834
910,577,933,2420
133,923,431,1487
642,286,134,1062
996,988,511,2495
220,809,111,1140
537,975,503,2015
764,453,12,1229
793,630,395,1818
686,177,808,1671
378,483,788,1649
613,231,391,1235
853,311,858,2022
133,571,746,1450
756,626,814,2196
131,896,555,1582
57,880,198,1135
503,279,538,1320
815,696,99,1610
397,172,899,1468
726,499,594,1819
285,61,359,705
237,340,91,668
923,201,183,1307
382,675,597,1654
67,613,502,1182
77,304,254,635
839,714,749,2302
576,850,606,2032
1000,622,786,2408
96,150,684,930
842,259,65,1166
45,341,506,892
135,925,170,1230
515,146,626,1287
75,965,445,1485
431,678,847,1956
464,309,765,1538
913,888,486,2287
552,423,296,1271
704,718,187,1609
904,346,59,1309
19,211,199,429
470,908,946,2324
187,345,196,728
336,308,593,1237
198,501,290,989
148,384,552,1084
740,128,810,1678
68,229,86,383
481,302,501,1284
193,738,567,1498
695,127,438,1260
754,829,997,2580
263,985,141,1389
599,622,22,1243
164,208,160,532
412,593,102,1107
759,132,397,1288
616,157,359,1132
235,267,382,884
711,554,205,1470
649,952,804,2405
611,492,850,1953
302,290,104,696
192,197,824,1213
824,895,259,1978
831,870,749,2450
656,10,671,1337
475,139,420,1034
84,200,183,467
335,349,556,1240
683,281,749,1713
929,839,570,2338
510,256,216,982
262,69,9,340
134,76,612,822
628,742,174,1544
554,290,695,1539
448,306,143,897
676,938,569,2183
248,534,780,1562
195,287,559,1041
374,534,37,945
132,655,443,1230
910,4,588,1502
101,866,329,1296
189,987,613,1789
409,519,85,1013
366,57,413,836
582,633,278,1493
732,429,79,1240
225,198,109,532
72,522,464,1058
700,161,644,1505
382,15,757,1154
539,547,57,1143
845,631,474,1950
407,56,694,1157
848,754,629,2231
692,871,996,2559
595,862,488,1945
884,736,241,1861
203,693,427,1323
781,819,655,2255
468,794,627,1889
439,42,740,1221
701,235,301,1237
897,234,845,1976
261,972,1,1234
486,506,155,1147
533,859,923,2315
408,41,469,918
702,876,985,2563
907,94,990,1991
361,260,731,1352
203,61,335,599
865,185,789,1839
894,654,7,1555
753,809,659,2221
550,184,275,1009
437,2,806,1245
437,720,259,1416
192,413,988,1593
223,575,35,833
710,429,480,1619
32,283,808,1123
816,488,978,2282
811,601,549,1961
766,497,712,1975
896,499,228,1623
952,986,995,2933
355,373,303,1031
621,663,328,1612
500,121,927,1548
16,113,157,286
274,960,80,1314
988,431,944,2363
3,18,736,757
902,805,659,2366
443,39,26,508
654,834,769,2257
990,628,510,2128
160,44,85,289
825,632,658,2115
941,915,162,2018
848,595,712,2155
7,483,312,802
86,468,419,973
150,406,966,1522
99,68,524,691
748,848,842,2438
520,472,775,1767
176,350,556,1082
354,575,745,1674
994,793,396,2183
44,673,61,778
891,248,590,1729
297,10,548,855
438,411,625,1474
285,776,337,1398
38,106,81,225
813,508,578,1899
487,405,696,1588
714,456,503,1673
550,918,789,2257
496,938,838,2272
967,85,176,1228
29,676,231,936
125,134,493,752
90,69,431,590
996,879,298,2173
218,930,650,1798
506,923,633,2062
59,674,260,993
347,276,221,844
320,549,478,1347
488,211,703,1402
372,772,118,1262
778,167,189,1134
887,144,591,1622
110,421,838,1369
740,926,112,1778
298,738,568,1604
832,673,378,1883
114,651,246,1011
526,414,168,1108
793,228,216,1237
907,757,152,1816
353,160,825,1338
463,31,614,1108
568,214,666,1448
395,27,683,1105
969,262,608,1839
262,343,261,866
186,603,972,1761
537,307,532,1376
458,585,997,2040
515,554,285,1354
199,956,47,1202
683,515,227,1425
467,899,735,2101
210,934,709,1853
505,67,386,958
289,16,252,557
457,177,909,1543
98,334,680,1112
700,716,406,1822
893,810,316,2019
451,99,408,958
557,607,482,1646
832,887,40,1759
475,213,578,1266
880,664,571,2115
606,450,502,1558
597,279,717,1593
423,122,198,743
272,389,735,1396
704,94,417,1215
305,615,389,1309
637,948,338,1923
902,38,618,1558
749,135,135,1019
362,509,733,1604
773,931,939,2643
160,827,196,1183
256,795,334,1385
674,300,690,1664
350,267,29,646
841,301,344,1486
109,960,816,1885
944,488,844,2276
815,652,551,2018
217,657,54,928
318,648,765,1731
10,439,491,940
676,762,101,1539
177,895,360,1432
497,964,611,2072
912,651,393,1956
397,714,780,1891
855,988,706,2549
253,334,306,893
943,166,535,1644
45,69,639,753
19,828,822,1669
340,141,348,829
316,9,585,910
787,317,3,1107
138,114,655,907
459,953,700,2112
119,651,456,1226
119,829,751,1699
76,734,165,975
595,790,302,1687
31,886,61,978
978,997,434,2409
385,619,537,1541
251,252,681,1184
438,558,315,1311
565,568,297,1430
915,984,952,2851
881,763,40,1684
800,443,664,1907
385,230,956,1571
963,562,237,1762
393,316,833,1542
714,986,756,2456
71,928,8,1007
892,998,960,2850
748,522,339,1609
18,305,401,724
292,977,929,2198
414,749,850,2013
275,114,739,1128
585,474,760,1819
890,686,489,2065
750,840,278,1868
842,155,802,1799
359,75,32,466
888,252,667,1807
571,190,349,1110
491,437,454,1382
948,650,893,2491
209,780,583,1572
961,485,457,1903
305,477,247,1029
341,511,360,1212
897,0,846,1743
123,684,383,1190
807,890,65,1762
587,411,222,1220
577,712,748,2037
675,853,839,2367
291,721,664,1676
725,144,206,1075
852,312,266,1430
525,353,914,1792
328,238,444,1010
108,143,60,311
90,219,360,669
479,361,476,1316
437,606,753,1796
307,834,301,1442
153,66,614,833
934,944,612,2490
910,871,409,2190
829,511,261,1601
987,488,990,2465
190,282,244,716
677,137,174,988
116,406,630,1152
301,228,997,1526
403,386,186,975
745,205,78,1028
482,931,432,1845
230,661,360,1251
387,52,451,890
513,61,872,1446
79,486,295,860
951,988,949,2888
543,72,619,1234
229,426,166,821
307,914,893,2114
593,769,877,2239
633,592,68,1293
637,814,39,1490
575,744,684,2003
685,345,651,1681
432,155,624,1211
653,765,397,1815
766,370,395,1531
776,512,983,2271
353,501,876,1730
485,397,959,1841
287,626,997,1910
985,992,976,2953
488,364,137,989
757,488,588,1833
151,648,827,1626
34,946,163,1143
698,939,554,2191
759,546,805,2110
296,680,509,1485
267,256,39,562
590,42,923,1555
260,203,123,586
515,867,337,1719
48,730,210,988
662,661,518,1841
894,554,585,2033
880,769,867,2516
568,399,580,1547
877,613,39,1529
359,487,988,1834
326,582,38,946
712,170,672,1554
842,861,572,2275
995,177,329,1501
781,717,785,2283
769,685,635,2089
125,165,38,328
966,136,223,1325
348,95,587,1030
327,610,678,1615
707,953,464,2124
758,50,594,1402
230,782,893,1905
870,232,721,1823
352,291,400,1043
987,509,665,2161
592,427,962,1981
43,943,356,1342
380,421,37,838
323,352,822,1497
388,495,995,1878
257,226,63,546
556,403,309,1268
142,812,345,1299
297,383,676,1356
205,81,677,963
520,848,337,1705
881,626,143,1650
393,264,328,985
92,649,524,1265
275,970,161,1406
31,712,273,1016
399,451,909,1759
900,179,795,1874
985,621,9,1615
596,60,957,1613
808,498,418,1724
745,98,612,1455
525,485,612,1622
342,540,50,932
251,656,216,1123
652,56,119,827
112,407,209,728
337,610,23,970
86,583,180,849
924,75,531,1530
486,992,869,2347
430,291,266,987
149,477,856,1482
65,160,842,1067
508,412,564,1484
328,794,302,1424
253,881,415,1549
441,410,286,1137
512,250,232,994
381,828,354,1563
805,291,69,1165
433,520,253,1206
733,295,870,1898
225,243,814,1282
308,474,0,782
296,961,426,1683
280,119,372,771
303,935,947,2185
938,776,112,1826
330,100,322,752
669,712,473,1854
399,362,969,1730
199,74,788,1061
289,34,610,933
539,62,590,1191
413,403,395,1211
61,805,52,918
905,72,582,1559
822,568,487,1877
508,1000,594,2102
159,768,945,1872
100,830,78,1008
61,557,898,1516
710,672,42,1424
327,247,390,964
983,53,587,1623
752,540,820,2112
544,332,490,1366
511,500,482,1493
519,809,978,2306
876,810,799,2485
674,232,611,1517
495,637,920,2052
637,479,161,1277
511,858,601,1970
392,162,156,710
274,758,865,1897
935,609,293,1837
159,559,535,1253
534,833,154,1521
325,186,732,1243
313,861,614,1788
860,893,186,1939
68,228,827,1123
270,338,628,1236
363,217,92,672
43,420,997,1460
649,65,282,996
551,958,380,1889
512,961,271,1744
491,907,476,1874
854,522,819,2195
979,856,143,1978
429,354,531,1314
657,128,500,1285
242,785,968,1995
989,988,947,2924
601,624,706,1931
165,813,190,1168
293,455,453,1201
607,654,501,1762
75,114,241,430
611,588,986,2185
625,67,556,1248
871,629,145,1645
432,686,125,1243
503,50,771,1324
426,281,18,725
697,75,544,1316
486,378,78,942
229,839,320,1388
383,529,428,1340
296,419,772,1487
704,223,752,1679
771,591,331,1693
169,289,905,1363
257,214,814,1285
242,910,823,1975
27,554,67,648
639,991,507,2137
577,400,852,1829
589,422,463,1474
949,292,414,1655
74,946,824,1844
422,693,471,1586
911,470,426,1807
464,126,399,989
209,28,210,447
548,373,990,1911
399,706,680,1785
166,453,138,757
883,598,635,2116
576,298,309,1183
944,425,930,2299
279,180,352,811
474,415,456,1345
610,555,457,1622
756,120,702,1578
253,61,11,325
661,235,532,1428
495,350,489,1334
157,449,896,1502
381,165,141,687
172,464,735,1371
244,697,606,1547
921,265,236,1422
308,682,675,1665
367,607,683,1657
894,636,809,2339
455,952,844,2251
489,502,987,1978
248,227,506,981
454,275,843,1572
711,189,267,1167
254,762,900,1916
331,702,496,1529
606,662,957,2225
221,561,242,1024
715,497,993,2205
548,421,704,1673
248,493,164,905
692,257,660,1609
21,617,392,1030
215,164,231,610
852,266,110,1228
891,879,102,1872
168,29,362,559
901,971,744,2616
143,687,810,1640
227,191,108,526
55,286,28,369
669,394,968,2031
845,402,340,1587
930,752,746,2428
427,894,363,1684
782,693,79,1554
112,524,470,1106
240,789,758,1787
753,268,738,1759
331,455,663,1449
182,572,610,1364
401,857,693,1951
405,178,543,1126
612,481,550,1643
440,669,958,2067
308,27,253,588
380,793,379,1552
964,85,605,1654
334,174,590,1098
549,51,704,1304
538,387,340,1265
207,839,523,1569
125,981,403,1509
910,126,53,1089
782,754,698,2234
811,285,494,1590
918,129,465,1512
724,144,803,1671
951,919,780,2650
441,851,539,1831
978,452,404,1834
589,510,353,1452
321,323,647,1291
421,136,640,1197
917,240,266,1423
96,927,824,1847
617,148,192,957
935,106,75,1116
949,196,221,1366
310,666,855,1831
458,920,736,2114
961,920,547,2428
257,746,95,1098
222,866,738,1826
975,288,66,1329
188,129,615,932
95,553,630,1278
644,614,635,1893
751,852,67,1670
939,811,796,2546
615,87,314,1016
396,339,326,1061
672,775,879,2326
668,988,984,2640
125,350,881,1356
786,23,438,1247
364,226,153,743
562,653,573,1788
803,480,494,1777
893,507,749,2149
47,297,345,689
464,248,741,1453
857,727,592,2176
894,189,262,1345
929,864,564,2357
630,119,213,962
586,219,839,1644
488,861,631,1980
229,314,156,699
167,329,435,931
829,767,356,1952
320,961,586,1867
461,622,402,1485
38,83,195,316
690,434,137,1261
46,646,917,1609
965,91,395,1451
977,742,86,1805
318,782,983,2083
623,954,649,2226
370,87,34,491
948,804,646,2398
181,107,39,327
182,850,991,2023
336,942,50,1328
471,176,619,1266
229,830,666,1725
270,30,991,1291
630,561,293,1484
610,64,876,1550
329,38,744,1111
219,538,765,1522
638,907,115,1660
758,486,127,1371
43,74,800,917
54,517,968,1539
183,145,633,961
894,275,327,1496
674,576,773,2023
223,11,90,324
566,279,739,1584
553,803,185,1541
392,44,273,709
184,311,715,1210
959,522,33,1514
395,782,797,1974
590,134,164,888
966,300,468,1734
727,641,756,2124
236,517,125,878
551,692,194,1437
521,81,460,1062
765,441,613,1819
505,988,501,1994
675,636,467,1778
924,850,742,2516
128,466,727,1321
944,408,128,1480
473,758,6,1237
869,882,78,1829
272,362,265,899
366,801,748,1915
84,607,863,1554
551,833,680,2064
987,682,823,2492
950,177,78,1205
325,462,146,933
93,277,569,939
819,421,345,1585
568,113,550,1231
141,460,293,894
762,294,736,1792
232,121,703,1056
810,442,277,1529
309,714,784,1807
466,983,752,2201
698,855,555,2108
173,772,546,1491
114,46,151,311
7,802,729,1538
765,92,341,1198
355,112,75,542
311,957,772,2040
660,6,104,770
118,63,557,738
166,653,347,1166
246,896,549,1691
448,517,904,1869
432,960,627,2019
164,126,775,1065
909,730,98,1737
212,34,375,621
532,750,237,1519
982,92,618,1692
696,797,956,2449
277,287,378,942
560,217,962,1739
240,699,893,1832
211,524,202,937
37,299,450,786
569,150,322,1041
81,56,91,228
755,728,555,2038
662,509,184,1355
304,285,628,1217
365,903,815,2083
804,823,744,2371
45,984,420,1449
661,457,237,1355
870,891,913,2674
868,474,586,1928
856,227,946,2029
25,366,661,1052
833,77,27,937
427,231,48,706
279,722,281,1282
231,950,272,1453
643,363,670,1676
7,871,190,1068
255,366,455,1076
958,874,198,2030
2,86,845,933
786,385,801,1972
165,636,540,1341
984,959,799,2742
186,158,304,648
128,593,88,809
569,535,897,2001
194,743,364,1301
691,736,475,1902
790,998,198,1986
603,929,342,1874
123,753,597,1473
241,840,565,1646
685,209,298,1192
499,398,973,1870
558,210,158,926
415,831,417,1663
303,546,244,1093
816,345,151,1312
482,218,405,1105
648,802,616,2066
174,176,463,813
102,829,99,1030
673,907,705,2285
970,855,561,2386
494,434,885,1813
899,842,373,2114
361,495,858,1714
433,340,915,1688
447,329,989,1765
188,932,140,1260
499,222,274,995
435,909,331,1675
871,617,280,1768
181,508,944,1633
166,267,360,793
82,712,969,1763
389,709,181,1279
265,721,411,1397
592,145,713,1450
146,291,28,465
958,850,227,2035
729,530,716,1975
840,433,717,1990
998,159,92,1249
333,585,442,1360
619,60,79,758
105,299,978,1382
697,821,169,1687
210,626,69,905
220,644,366,1230
582,604,509,1695
261,974,114,1349
375,905,490,1770
988,168,810,1966
968,900,228,2096
668,900,562,2130
851,128,411,1390
771,246,408,1425
346,61,216,623
873,166,522,1561
853,223,87,1163
374,164,299,837
478,708,358,1544
715,717,228,1660
328,610,255,1193
401,690,80,1171
914,846,803,2563
554,280,349,1183
466,940,215,1621
698,497,89,1284
359,236,887,1482
867,465,212,1544
892,337,848,2077
585,668,71,1324
153,172,211,536
538,532,535,1605
372,558,520,1450
170,966,287,1423
208,786,400,1394
831,668,427,1926
838,359,651,1848
136,891,310,1337
594,783,774,2151
11,60,531,602
399,285,997,1681
600,118,228,946
82,885,329,1296
589,549,132,1270
623,308,643,1574
288,342,516,1146
534,566,879,1979
21,424,144,589
782,214,719,1715
7,391,467,865
5,13,316,334
905,24,63,992
956,775,295,2026
364,909,535,1808
314,580,756,1650
289,415,383,1087
427,96,478,1001
77,304,264,645
97,945,826,1868
768,405,142,1315
294,405,303,1002
354,274,522,1150
612,37,558,1207
440,89,765,1294
557,985,737,2279
708,843,485,2036
273,595,67,935
362,19,561,942
638,816,755,2209
792,113,778,1683
467,538,225,1230
863,326,220,1409
433,837,372,1642
972,137,179,1288
698,695,633,2026
593,741,188,1522
593,742,797,2132
75,672,299,1046
138,322,882,1342
906,919,466,2291
46,452,262,760
187,828,901,1916
28,213,187,428
619,607,146,1372
492,224,634,1350
840,279,785,1904
686,240,892,1818
468,819,553,1840
850,971,968,2789
113,329,721,1163
452,656,395,1503
633,466,943,2042
59,375,994,1428
549,902,294,1745
409,600,537,1546
127,8,120,255
16,677,426,1119
809,53,171,1033
788,749,86,1623
130,838,868,1836
939,595,812,2346
766,532,785,2083
99,373,880,1352
484,900,292,1676
878,324,68,1270
899,204,228,1331
324,188,391,903
233,430,511,1174
796,863,546,2205
27,692,304,1023
201,135,583,919
289,962,776,2027
813,329,99,1241
17,140,863,1020
563,860,305,1728
113,556,839,1508
325,612,283,1220
546,923,55,1524
998,194,518,1710
669,321,430,1420
9,375,269,653
550,545,255,1350
577,542,69,1188
410,737,950,2097
508,74,751,1333
631,78,646,1355
314,644,128,1086
430,815,678,1923
694,562,763,2019
766,430,328,1524
677,93,874,1644
27,424,138,589
453,555,362,1370
637,316,500,1453
798,200,328,1326
23,817,965,1805
661,675,286,1622
297,159,634,1090
450,771,673,1894
888,439,524,1851
72,645,373,1090
316,945,997,2258
778,636,343,1757
451,300,177,928
783,494,923,2200
337,138,110,585
118,23,201,342
541,676,777,1994
556,365,433,1354
499,841,710,2050
1,489,173,663
449,967,180,1596
241,948,655,1844
699,992,939,2630
110,798,338,1246
156,495,131,782
482,147,325,954
794,763,197,1754
559,828,388,1775
397,582,402,1381
138,290,955,1383
744,47,275,1066
608,63,402,1073
566,147,211,924
127,55,149,331
548,242,359,1149
889,463,918,2270
136,95,577,808
569,231,193,993
670,789,67,1526
185,173,661,1019
761,797,499,2057
447,555,649,1651
397,371,127,895
30,456,820,1306
267,998,901,2166
133,603,263,999
353,698,493,1544
700,493,508,1701
880,123,37,1040
104,53,500,657
368,511,961,1840
633,692,475,1800
650,931,103,1684
703,403,607,1713
350,231,641,1222
991,697,197,1885
59,331,541,931
642,855,693,2190
249,705,630,1584
83,671,377,1131
827,384,54,1265
973,431,161,1565
868,349,83,1300
719,739,258,1716
225,207,807,1239
899,39,40,978
89,513,704,1306
95,721,615,1431
527,255,180,962
175,328,705,1208
421,468,317,1206
841,260,611,1712
192,508,115,815
940,37,789,1766
293,121,869,1283
660,557,159,1376
886,735,347,1968
352,816,203,1371
630,329,781,1740
23,623,444,1090
449,285,676,1410
568,826,531,1925
130,198,159,487
19,969,571,1559
776,341,604,1721
661,490,538,1689
720,374,425,1519
775,62,705,1542
622,111,227,960
71,760,228,1059
665,306,18,989
768,59,180,1007
218,794,394,1406
371,858,137,1366
454,633,369,1456
253,53,947,1253
694,791,857,2342
701,411,227,1339
19,896,775,1690
790,25,242,1057
997,262,117,1376
247,668,587,1502
305,112,236,653
976,677,147,1800
463,688,570,1721
354,250,997,1601
148,949,407,1504
292,125,40,457
737,492,810,2039
483,376,901,1760
733,167,919,1819
307,230,592,1129
603,965,578,2146
628,706,85,1419
840,123,204,1167
736,274,398,1408
586,731,302,1619
31,780,626,1437
709,886,141,1736
763,487,29,1279
83,75,672,830
305,918,218,1441
664,467,893,2024
985,130,327,1442
91,316,909,1316
861,377,213,1451
417,925,311,1653
623,270,90,983
878,503,503,1884
898,770,906,2574
70,840,407,1317
792,931,928,2651
900,342,893,2135
604,793,836,2233
714,974,864,2552
297,578,892,1767
475,474,908,1857
457,689,466,1612
831,26,710,1567
965,435,928,2328
916,29,644,1589
404,356,926,1686
12,99,388,499
781,952,656,2389
828,967,115,1910
146,904,15,1065
912,250,656,1818
504,359,7,870
268,106,489,863
332,864,829,2025
871,907,492,2270
24,371,815,1210
925,5,454,1384
381,60,172,613
412,443,48,903
935,486,688,2109
592,622,899,2113
688,978,600,2266
547,994,468,2009
402,232,70,704
179,711,796,1686
101,889,851,1841
995,236,610,1841
29,111,61,201
864,39,169,1072
660,20,800,1480
249,264,677,1190
241,117,318,676
327,690,18,1035
27,443,65,535
23,891,701,1615
218,524,823,1565
324,180,938,1442
918,798,131,1847
870,790,943,2603
589,136,90,815
570,99,335,1004
31,291,914,1236
358,205,90,653
511,956,156,1623
56,551,798,1405
971,634,205,1810
312,427,91,830
79,979,372,1430
194,157,402,753
83,110,549,742
450,522,269,1241
427,227,652,1306
939,658,669,2266
288,146,511,945
364,82,408,854
85,46,663,794
578,884,711,2173
632,745,138,1515
62,600,381,1043
154,443,632,1229
820,9,230,1059
367,375,733,1475
436,227,656,1319
50,194,808,1052
401,919,503,1823
905,854,877,2636
409,597,405,1411
446,685,443,1574
150,712,667,1529
283,774,880,1937
381,16,901,1298
241,625,574,1440
752,796,309,1857
15,73,735,823
100,441,661,1202
974,640,590,2204
712,801,221,1734
172,157,319,648
563,244,152,959
275,470,828,1573
456,591,600,1647
365,615,44,1024
511,951,955,2417
100,307,909,1316
129,275,542,946
798,493,452,1743
954,75,794,1823
640,767,847,2254
290,436,560,1286
122,728,790,1640
119,44,384,547
197,376,634,1207
745,670,332,1747
819,888,332,2039
990,291,99,1380
360,555,579,1494
356,219,100,675
867,286,189,1342
352,160,356,868
346,993,447,1786
634,426,921,1981
619,675,311,1605
784,75,366,1225
952,787,179,1918
398,520,800,1718
560,796,578,1934
137,499,918,1554
133,693,620,1446
454,279,587,1320
178,413,242,833
46,24,195,265
36,529,911,1476
183,736,557,1476
494,559,904,1957
896,586,775,2257
110,41,672,823
182,443,768,1393
598,304,515,1417
419,993,920,2332
520,301,236,1057
339,283,382,1004
246,479,604,1329
89,929,220,1238
859,643,751,2253
512,935,568,2015
528,448,148,1124
280,563,279,1122
737,470,105,1312
920,56,341,1317
929,359,442,1730
244,457,26,727
204,229,790,1223
187,556,401,1144
641,162,313,1116
899,101,163,1163
517,915,451,1883
223,518,95,836
688,998,644,2330
568,534,812,1914
35,229,579,843
44,765,26,835
166,964,941,2071
248,887,720,1855
311,793,704,1808
475,914,605,1994
797,606,846,2249
345,999,300,1644
655,757,410,1822
855,381,742,1978
134,203,383,720
425,563,235,1223
890,319,638,1847
526,658,483,1667
576,860,379,1815
722,553,924,2199
63,743,243,1049
669,918,500,2087
628,775,38,1441
544,214,323,1081
703,548,930,2181
271,386,794,1451
103,763,231,1097
413,727,883,2023
550,671,117,1338
