655,51,695,1401
474,211,337,1022
433,620,510,1563
679,17,705,1401
955,149,595,1699
242,596,511,1349
702,697,55,1454
707,227,645,1579
947,276,444,1667
115,89,396,600
367,536,120,1023
681,610,370,1661
593,58,355,1006
406,341,879,1626
434,791,889,2114
390,879,595,1864
602,951,12,1565
2,286,987,1275
591,820,715,2126
233,348,715,1296
185,859,307,1351
189,379,346,914
266,919,488,1673
697,151,181,1029
903,532,888,2323
480,775,617,1872
405,518,302,1225
953,365,221,1539
589,202,240,1031
685,764,321,1770
664,111,840,1615
47,580,188,815
343,581,707,1631
629,516,833,1978
144,451,722,1317
756,565,617,1938
689,752,275,1716
422,224,307,953
34,755,93,882
498,707,691,1896
654,551,292,1497
699,204,788,1691
672,918,53,1643
22,548,193,763
676,974,694,2344
545,245,169,959
499,969,589,2057
899,313,115,1327
984,353,292,1629
31,706,960,1697
612,259,367,1238
360,302,699,1361
594,904,604,2102
430,126,399,955
130,530,777,1437
954,34,138,1126
796,805,794,2395
9,191,830,1030
650,350,617,1617
345,243,804,1392
141,607,338,1086
242,279,417,938
478,645,539,1662
20,324,689,1033
248,352,884,1484
602,840,338,1780
179,538,652,1369
521,407,675,1603
441,544,173,1158
940,193,818,1951
816,636,243,1695
983,950,359,2292
296,449,677,1422
952,154,118,1224
726,842,26,1594
899,157,374,1430
88,853,52,993
732,418,822,1972
964,494,629,2087
657,482,386,1525
893,453,669,2015
435,722,426,1583
804,8,920,1732
443,940,403,1786
746,640,784,2170
975,729,11,1715
794,425,49,1268
829,834,108,1771
744,316,5,1065
950,584,783,2317
243,839,213,1295
469,161,245,875
785,83,745,1613
265,982,821,2068
72,831,284,1187
346,487,243,1076
827,206,745,1778
148,212,407,767
773,167,346,1286
644,567,707,1918
145,108,706,959
304,849,641,1794
529,560,943,2032
673,757,652,2082
969,631,676,2276
641,13,363,1017
847,988,388,2223
891,448,802,2141
360,957,891,2208
214,34,674,922
773,631,292,1696
404,723,452,1579
825,591,685,2101
844,3,952,1799
735,916,431,2082
950,513,946,2409
219,359,28,606
140,874,275,1289
302,466,981,1749
609,861,702,2172
510,881,160,1551
463,567,267,1297
683,471,656,1810
995,852,51,1898
946,908,404,2258
524,609,185,1318
882,330,429,1641
490,422,778,1690
265,677,82,1024
481,611,555,1647
68,119,396,583
771,17,24,812
166,495,450,1111
314,206,456,976
638,450,371,1459
778,468,217,1463
63,224,503,790
899,489,721,2109
809,641,626,2076
128,509,662,1299
72,132,69,273
5,956,582,1543
943,859,586,2388
31,605,156,792
456,876,943,2275
834,14,969,1817
558,37,194,789
912,38,176,1126
417,627,130,1174
874,4,275,1153
447,606,885,1938
615,770,522,1907
870,664,344,1878
383,168,53,604
786,847,910,2543
617,556,615,1788
798,141,461,1400
851,601,505,1957
464,457,428,1349
508,651,793,1952
733,787,971,2491
775,892,215,1882
179,850,372,1401
491,669,91,1251
758,646,963,2367
397,354,488,1239
252,791,434,1477
349,472,907,1728
85,374,905,1364
859,636,644,2139
223,232,192,647
155,667,59,881
710,412,108,1230
608,450,34,1092
551,160,796,1507
590,970,543,2103
262,492,473,1227
88,205,240,533
995,905,748,2648
619,864,939,2422
796,454,993,2243
22,511,265,798
737,351,559,1647
131,335,714,1180
431,903,746,2080
572,202,963,1737
914,869,816,2599
980,828,442,2250
647,652,217,1516
269,466,441,1176
41,619,397,1057
297,105,588,990
840,740,554,2134
265,566,208,1039
976,674,29,1679
627,415,489,1531
457,532,706,1695
608,389,373,1370
551,668,753,1972
881,113,100,1094
540,22,862,1424
352,151,272,775
618,943,197,1758
820,876,946,2642
82,506,823,1411
9,379,676,1064
596,378,242,1216
165,965,767,1897
940,622,523,2085
898,221,365,1484
752,856,367,1975
85,458,89,632
348,187,371,906
458,872,26,1356
814,468,975,2257
756,819,542,2117
329,93,849,1271
475,220,376,1071
162,524,31,717
535,187,88,810
803,45,16,864
999,194,339,1532
88,617,350,1055
656,918,193,1767
815,13,974,1802
649,963,578,2190
344,491,707,1542
12,358,605,975
832,297,539,1668
371,854,862,2087
604,705,453,1762
514,364,502,1380
920,475,337,1732
462,170,726,1358
282,959,835,2076
399,492,481,1372
361,56,323,740
520,473,248,1241
499,902,179,1580
948,116,239,1303
710,252,19,981
174,784,219,1177
672,451,619,1742
202,544,668,1414
946,365,165,1476
550,535,918,2003
838,416,81,1335
758,263,494,1515
235,974,662,1871
219,70,452,741
365,725,681,1771
179,780,24,983
918,73,397,1388
768,950,318,2036
5,581,12,598
367,823,231,1421
796,546,154,1496
829,98,208,1135
588,243,519,1350
985,347,8,1340
373,352,505,1230
30,352,430,812
583,663,363,1609
837,382,798,2017
105,149,742,996
417,155,239,811
94,442,538,1074
906,919,468,2293
348,812,677,1837
614,925,416,1955
96,154,840,1090
956,615,395,1966
983,865,591,2439
50,249,914,1213
940,7,65,1012
231,977,900,2108
463,369,781,1613
891,348,693,1932
596,95,43,734
423,175,986,1584
122,969,101,1192
884,754,785,2423
251,541,817,1609
785,896,540,2221
575,993,104,1672
847,701,485,2033
409,73,267,749
932,725,343,2000
422,847,855,2124
512,616,825,1953
307,91,853,1251
498,146,97,741
703,206,130,1039
723,252,331,1306
432,26,340,798
234,52,401,687
995,656,945,2596
299,147,433,879
234,809,840,1883
13,384,116,513
985,516,545,2046
301,992,87,1380
571,668,10,1249
263,505,487,1255
337,172,407,916
131,188,836,1155
493,913,484,1890
831,108,655,1594
423,889,963,2275
693,226,145,1064
247,443,517,1207
879,922,474,2275
954,94,484,1532
515,404,889,1808
682,768,498,1948
735,806,812,2353
700,86,801,1587
623,137,493,1253
342,148,430,920
336,46,780,1162
626,469,1,1096
532,786,130,1448
937,336,521,1794
879,217,268,1364
199,190,34,423
405,949,676,2030
734,597,87,1418
44,298,975,1317
878,788,626,2292
107,963,758,1828
49,381,315,745
139,587,231,957
404,377,444,1225
932,119,245,1296
57,716,115,888
898,563,357,1818
939,200,524,1663
199,671,532,1402
662,11,239,912
763,587,383,1733
25,479,502,1006
133,701,435,1269
776,666,469,1911
995,898,900,2793
166,684,934,1784
295,918,869,2082
668,137,628,1433
186,304,971,1461
873,742,713,2328
138,225,319,682
980,861,182,2023
368,543,440,1351
965,119,121,1205
294,191,102,587
483,564,250,1297
157,967,636,1760
428,525,193,1146
448,784,953,2185
645,837,789,2271
435,4,192,631
952,454,611,2017
428,146,533,1107
492,429,800,1721
90,185,177,452
485,704,415,1604
753,477,82,1312
518,448,562,1528
22,543,623,1188
105,378,812,1295
124,399,152,675
531,280,75,886
495,446,27,968
830,10,412,1252
413,60,851,1324
209,834,923,1966
437,794,431,1662
195,978,675,1848
203,36,299,538
382,548,549,1479
104,13,237,354
237,588,654,1479
947,358,143,1448
747,664,238,1649
559,679,910,2148
413,642,982,2037
282,162,168,612
364,848,851,2063
59,580,12,651
819,673,229,1721
823,572,863,2258
682,158,1000,1840
53,845,727,1625
249,102,565,916
856,73,707,1636
640,255,832,1727
39,230,510,779
866,313,925,2104
454,511,551,1516
798,979,597,2374
132,740,901,1773
371,164,966,1501
107,940,352,1399
370,784,212,1366
320,302,187,809
343,332,658,1333
459,995,0,1454
459,721,476,1656
48,128,278,454
444,462,852,1758
401,920,728,2049
144,758,312,1214
761,535,134,1430
414,241,691,1346
853,235,158,1246
902,893,474,2269
733,24,733,1490
120,938,400,1458
801,304,455,1560
850,749,519,2118
886,718,6,1610
579,849,511,1939
980,559,325,1864
119,353,813,1285
146,744,741,1631
348,22,364,734
582,35,149,766
362,411,130,903
149,861,457,1467
934,945,761,2640
230,374,894,1498
755,455,821,2031
505,425,499,1429
499,250,54,803
544,779,298,1621
371,956,365,1692
882,106,289,1277
650,666,777,2093
4,443,902,1349
966,682,732,2380
406,159,274,839
368,892,606,1866
222,615,393,1230
377,71,750,1198
583,100,320,1003
912,831,390,2133
198,261,23,482
281,836,474,1591
688,184,354,1226
214,129,963,1306
913,242,97,1252
317,821,510,1648
20,891,30,941
74,227,84,385
841,584,249,1674
306,830,244,1380
861,120,49,1030
713,641,383,1737
623,218,664,1505
582,649,39,1270
189,701,89,979
170,60,98,328
821,584,686,2091
842,749,623,2214
436,898,218,1552
964,275,191,1430
665,79,985,1729
823,964,691,2478
991,647,95,1733
538,664,92,1294
615,179,241,1035
549,873,847,2269
472,327,654,1453
918,589,808,2315
564,240,154,958
1,393,494,888
918,391,822,2131
303,570,367,1240
824,664,183,1671
899,42,488,1429
626,470,445,1541
834,446,824,2104
787,823,769,2379
281,924,999,2204
192,449,912,1553
60,920,652,1632
741,926,772,2439
292,482,241,1015
156,969,16,1141
728,64,472,1264
553,754,63,1370
765,193,971,1929
577,723,850,2150
295,775,842,1912
416,995,552,1963
733,840,539,2112
175,923,913,2011
927,201,854,1982
680,79,122,881
463,111,725,1299
535,969,144,1648
705,106,282,1093
620,801,413,1834
616,23,267,906
194,25,811,1030
782,237,361,1380
471,799,929,2199
105,292,177,574
73,698,822,1593
399,49,282,730
205,301,327,833
631,36,280,947
35,642,238,915
317,592,107,1016
631,189,904,1724
157,897,911,1965
3,216,556,775
730,304,239,1273
559,498,278,1335
764,489,891,2144
479,810,286,1575
826,78,814,1718
388,79,80,547
288,742,102,1132
103,714,808,1625
233,652,104,989
383,953,325,1661
981,87,754,1822
943,631,589,2163
459,897,371,1727
933,391,744,2068
740,72,669,1481
168,854,207,1229
565,17,933,1515
71,221,357,649
687,709,360,1756
32,175,853,1060
434,74,163,671
115,393,368,876
92,885,924,1901
690,362,495,1547
912,947,823,2682
863,955,964,2782
22,33,665,720
577,824,522,1923
843,874,641,2358
953,530,837,2320
155,330,289,774
75,649,317,1041
301,713,485,1499
833,972,783,2588
317,531,550,1398
286,11,933,1230
1000,820,849,2669
926,549,409,1884
67,589,256,912
497,104,181,782
374,616,411,1401
225,545,593,1363
320,701,605,1626
77,836,828,1741
980,26,887,1893
597,498,607,1702
235,508,591,1334
458,699,861,2018
101,374,171,646
572,993,860,2425
791,498,755,2044
157,562,960,1679
774,578,473,1825
575,529,341,1445
829,943,909,2681
304,665,538,1507
930,51,884,1865
711,682,171,1564
252,644,83,979
752,831,603,2186
505,253,145,903
690,894,816,2400
341,896,332,1569
892,655,804,2351
693,178,371,1242
340,799,689,1828
849,675,348,1872
685,32,303,1020
815,438,599,1852
477,241,761,1479
655,498,320,1473
331,44,592,967
608,116,54,778
665,320,29,1014
110,612,195,917
577,948,971,2496
624,720,51,1395
402,903,39,1344
318,607,769,1694
649,881,8,1538
980,879,522,2381
424,315,97,836
621,596,314,1531
519,372,449,1340
116,402,949,1467
283,934,293,1510
207,583,733,1523
590,534,285,1409
356,388,606,1350
758,959,801,2518
550,303,208,1061
116,922,971,2009
804,794,155,1753
632,17,238,887
369,368,145,882
371,180,73,624
26,308,970,1304
134,617,938,1689
887,142,323,1352
868,279,520,1667
881,43,687,1611
297,127,868,1292
535,593,152,1280
518,721,448,1687
500,218,183,901
353,587,537,1477
323,641,132,1096
928,490,512,1930
629,576,712,1917
759,302,663,1724
122,506,662,1290
855,362,755,1972
707,503,920,2130
585,60,205,850
980,704,4,1688
859,193,548,1600
99,983,581,1663
307,522,940,1769
705,370,696,1771
756,644,835,2235
240,537,517,1294
929,539,223,1691
756,915,635,2306
470,363,952,1785
189,518,499,1206
875,746,399,2020
845,885,963,2693
210,762,303,1275
222,926,290,1438
539,309,224,1072
908,248,710,1866
92,121,18,231
731,800,151,1682
350,687,179,1216
354,42,927,1323
974,968,794,2736
831,646,483,1960
948,753,987,2688
630,74,177,881
307,780,870,1957
378,667,37,1082
644,443,999,2086
379,19,337,735
205,397,162,764
191,865,68,1124
714,761,111,1586
836,393,912,2141
390,431,362,1183
915,334,949,2198
937,49,666,1652
35,811,167,1013
585,337,73,995
363,472,932,1767
799,384,127,1310
304,97,53,454
389,371,110,870
685,865,592,2142
927,542,557,2026
291,676,435,1402
4,933,689,1626
713,692,445,1850
90,458,296,844
544,37,200,781
843,326,921,2090
761,242,691,1694
994,281,882,2157
775,439,295,1509
432,443,823,1698
594,238,798,1630
844,915,559,2318
438,822,140,1400
9,19,199,227
779,899,913,2591
205,11,973,1189
995,208,192,1395
62,822,999,1883
358,27,102,487
413,205,857,1475
994,770,111,1875
672,40,866,1578
514,356,983,1853
708,671,687,2066
899,222,216,1337
32,724,114,870
823,656,517,1996
796,957,89,1842
865,678,535,2078
786,43,968,1797
525,456,11,992
61,40,132,233
527,491,70,1088
545,53,246,844
594,787,568,1949
421,174,862,1457
443,627,479,1549
870,84,685,1639
575,970,834,2379
275,280,884,1439
443,904,382,1729
302,952,603,1857
813,554,246,1613
924,903,788,2615
325,935,786,2046
890,720,567,2177
720,370,588,1678
973,532,709,2214
589,261,436,1286
657,508,581,1746
788,643,291,1722
600,49,29,678
481,320,271,1072
206,724,526,1456
564,402,79,1045
302,138,472,912
303,663,694,1660
231,272,347,850
181,951,402,1534
949,992,712,2653
331,64,212,607
454,72,947,1473
532,860,770,2162
803,934,30,1767
202,653,701,1556
650,228,719,1597
117,475,736,1328
106,394,456,956
971,915,733,2619
413,196,653,1262
10,793,982,1785
704,115,118,937
791,908,632,2331
618,674,404,1696
835,731,456,2022
563,411,476,1450
384,582,140,1106
114,508,317,939
617,426,703,1746
495,83,486,1064
194,242,94,530
830,458,359,1647
391,300,849,1540
453,7,164,624
150,306,242,698
451,521,845,1817
11,734,177,922
937,585,100,1622
539,324,509,1372
403,593,279,1275
700,604,716,2020
665,635,740,2040
481,128,122,731
777,209,392,1378
972,873,276,2121
720,513,300,1533
168,813,134,1115
729,71,287,1087
181,687,925,1793
722,133,149,1004
478,247,829,1554
212,442,763,1417
121,360,321,802
192,613,196,1001
942,756,775,2473
232,733,964,1929
234,984,572,1790
66,345,44,455
668,267,21,956
984,286,418,1688
97,414,947,1458
39,91,271,401
9,519,604,1132
855,880,897,2632
855,872,977,2704
872,66,439,1377
375,839,221,1435
75,196,282,553
615,285,848,1748
940,41,885,1866
931,42,323,1296
156,938,15,1109
656,92,484,1232
647,496,141,1284
794,574,497,1865
462,102,123,687
110,399,694,1203
610,500,618,1728
774,953,638,2365
297,781,130,1208
705,493,737,1935
722,391,879,1992
768,358,840,1966
156,824,903,1883
871,623,68,1562
366,246,675,1287
491,644,503,1638
475,167,354,996
211,186,173,570
891,35,494,1420
188,784,883,1855
98,954,285,1337
909,305,568,1782
884,787,720,2391
3,457,992,1452
819,52,447,1318
997,860,929,2786
696,143,792,1631
837,507,360,1704
589,890,917,2396
591,495,258,1344
563,814,992,2369
513,632,910,2055
537,794,236,1567
4,111,185,300
997,425,85,1507
308,488,447,1243
793,80,553,1426
980,494,55,1529
426,927,448,1801
21,324,380,725
428,719,888,2035
387,562,396,1345
893,938,486,2317
667,455,358,1480
704,93,130,927
218,835,10,1063
848,540,660,2048
108,408,108,624
901,233,452,1586
968,282,670,1920
343,905,433,1681
930,514,212,1656
457,827,915,2199
480,145,346,971
403,777,428,1608
879,528,924,2331
686,82,995,1763
934,771,155,1860
25,681,989,1695
150,273,586,1009
31,656,909,1596
927,452,440,1819
899,90,458,1447
508,778,100,1386
101,841,648,1590
714,340,278,1332
180,457,756,1393
104,50,6,160
460,194,594,1248
977,343,113,1433
311,100,892,1303
446,468,686,1600
558,557,960,2075
210,737,255,1202
982,288,402,1672
362,464,48,874
787,864,748,2399
82,656,253,991
738,536,382,1656
832,188,861,1881
370,586,331,1287
0,500,156,656
792,754,937,2483
609,181,338,1128
52,250,814,1116
992,961,317,2270
427,137,506,1070
193,523,650,1366
792,549,572,1913
232,973,167,1372
86,641,533,1260
844,580,169,1593
737,58,866,1661
348,191,755,1294
44,815,14,873
131,786,755,1672
911,415,586,1912
446,293,272,1011
268,683,385,1336
902,720,975,2597
758,319,687,1764
478,259,583,1320
396,689,92,1177
515,956,352,1823
458,452,31,941
924,9,33,966
678,638,381,1697
977,976,863,2816
414,428,1000,1842
52,386,286,724
995,698,901,2594
77,606,553,1236
965,768,174,1907
447,832,935,2214
43,297,916,1256
755,528,989,2272
3,650,693,1346
264,215,518,997
527,253,732,1512
288,65,707,1060
50,380,668,1098
416,147,466,1029
279,272,234,785
720,690,688,2098
108,279,431,818
345,119,439,903
155,889,318,1362
177,273,411,861
419,647,268,1334
608,13,654,1275
827,86,707,1620
186,20,229,435
473,97,1,571
296,56,355,707
567,902,514,1983
126,794,949,1869
733,894,300,1927
277,249,917,1443
421,586,74,1081
309,902,182,1393
104,117,223,444
30,443,676,1149
191,872,440,1503
505,305,949,1759
360,354,10,724
79,808,985,1872
431,96,445,972
639,790,321,1750
713,216,338,1267
176,85,821,1082
901,863,235,1999
594,119,833,1546
562,284,900,1746
683,628,657,1968
128,683,260,1071
818,989,733,2540
689,734,361,1784
508,267,202,977
545,625,762,1932
468,772,405,1645
364,956,992,2312
771,25,863,1659
359,377,631,1367
856,11,779,1646
961,604,26,1591
435,52,730,1217
76,448,34,558
621,106,242,969
552,867,267,1686
153,869,782,1804
724,567,934,2225
991,518,748,2257
498,906,255,1659
631,551,150,1332
245,679,390,1314
252,990,26,1268
709,267,244,1220
591,614,23,1228
324,443,213,980
749,453,322,1524
122,401,871,1394
439,195,695,1329
455,623,166,1244
467,402,438,1307
758,819,262,1839
440,873,344,1657
693,857,427,1977
923,27,926,1876
669,591,936,2196
185,424,434,1043
707,33,454,1194
440,723,278,1441
838,840,986,2664
162,858,663,1683
123,551,726,1400
769,823,928,2520
581,58,734,1373
552,528,29,1109
353,285,666,1304
258,955,274,1487
11,22,71,104
3,648,928,1579
644,911,901,2456
362,485,707,1554
257,6,126,389
299,877,704,1880
860,335,906,2101
878,274,395,1547
243,729,154,1126
860,394,333,1587
612,253,417,1282
631,409,776,1816
706,887,872,2465
77,85,907,1069
601,270,295,1166
78,68,0,146
374,340,30,744
384,123,127,634
161,657,808,1626
486,618,167,1271
501,59,338,898
934,657,734,2325
455,875,367,1697
499,197,586,1282
945,623,490,2058
914,164,838,1916
922,189,783,1894
371,563,825,1759
612,574,344,1530
62,288,4,354
966,611,604,2181
332,609,26,967
29,145,414,588
180,969,77,1226
523,771,235,1529
765,524,737,2026
14,893,354,1261
566,621,650,1837
680,256,232,1168
115,924,27,1066
894,99,678,1671
503,302,974,1779
452,509,87,1048
813,56,719,1588
900,660,193,1753
920,14,409,1343
659,259,717,1635
570,427,830,1827
820,402,275,1497
588,729,91,1408
687,545,56,1288
625,375,909,1909
164,316,985,1465
847,396,673,1916
20,535,702,1257
172,633,305,1110
843,972,491,2306
646,93,348,1087
646,610,529,1785
467,134,982,1583
232,396,93,721
636,364,222,1222
822,732,627,2181
681,72,483,1236
942,759,62,1763
452,205,421,1078
565,997,556,2118
705,540,168,1413
517,840,138,1495
27,671,95,793
406,786,688,1880
132,68,702,902
938,603,899,2440
738,540,226,1504
377,546,267,1190
468,828,339,1635
71,204,224,499
472,759,285,1516
521,28,462,1011
691,919,491,2101
900,424,748,2072
342,305,178,825
946,137,122,1205
967,589,761,2317
386,129,482,997
287,191,388,866
327,237,664,1228
101,574,968,1643
477,76,413,966
367,527,607,1501
731,316,478,1525
113,427,528,1068
217,914,933,2064
284,991,800,2075
145,368,190,703
498,315,693,1506
861,91,656,1608
686,23,113,822
258,519,890,1667
132,23,427,582
777,982,873,2632
197,417,404,1018
133,962,877,1972
693,920,382,1995
692,83,647,1422
41,559,785,1385
772,774,94,1640
104,752,915,1771
971,719,132,1822
736,268,246,1250
677,994,767,2438
244,441,827,1512
379,641,857,1877
311,691,823,1825
643,156,298,1097
602,44,174,820
62,868,558,1488
699,543,744,1986
866,751,317,1934
848,652,733,2233
617,964,92,1673
849,179,673,1701
641,713,804,2158
926,528,604,2058
900,705,147,1752
91,852,49,992
860,737,99,1696
696,815,670,2181
545,606,610,1761
638,535,155,1328
612,418,1,1031
900,206,579,1685
890,162,555,1607
11,200,645,856
694,412,986,2092
48,576,345,969
504,847,730,2081
82,0,194,276
607,415,38,1060
288,428,288,1004
636,576,841,2053
719,371,881,1971
207,747,178,1132
19,986,483,1488
101,847,284,1232
615,529,413,1557
961,995,146,2102
447,615,471,1533
183,383,251,817
504,213,813,1530
560,855,786,2201
415,564,753,1732
780,521,200,1501
623,341,671,1635
111,830,908,1849
110,289,535,934
640,35,820,1495
908,328,55,1291
686,147,370,1203
478,477,407,1362
566,726,899,2191
314,552,681,1547
39,12,923,974
525,893,37,1455
336,202,387,925
878,112,882,1872
584,293,139,1016
300,259,472,1031
576,992,103,1671
425,995,763,2183
35,197,69,301
458,13,664,1135
499,656,468,1623
663,183,321,1167
516,10,941,1467
487,464,992,1943
794,926,388,2108
390,370,125,885
696,372,822,1890
213,864,919,1996
470,386,585,1441
711,22,596,1329
808,984,957,2749
88,480,230,798
439,358,25,822
885,440,894,2219
241,627,478,1346
476,596,966,2038
971,22,676,1669
722,774,91,1587
191,250,514,955
249,415,1,665
407,895,103,1405
805,126,808,1739
302,322,773,1397
778,558,459,1795
895,915,41,1851
255,517,368,1140
508,321,771,1600
525,52,242,819
790,912,704,2406
842,691,739,2272
746,895,621,2262
47,852,577,1476
209,568,576,1353
78,624,238,940
430,291,414,1135
545,220,281,1046
990,175,343,1508
815,690,579,2084
781,149,549,1479
826,560,1000,2386
309,21,907,1237
340,943,843,2126
690,998,206,1894
223,246,544,1013
317,21,778,1116
524,797,893,2214
721,630,559,1910
499,599,973,2071
349,473,640,1462
355,543,479,1377
995,262,884,2141
361,37,328,726
531,86,802,1419
364,631,467,1462
33,495,276,804
668,779,76,1523
255,628,444,1327
736,209,225,1170
535,233,15,783
153,996,517,1666
770,892,745,2407
375,183,916,1474
27,982,174,1183
716,365,946,2027
896,462,914,2272
540,987,976,2503
102,647,700,1449
489,762,951,2202
529,446,383,1358
309,224,630,1163
49,765,694,1508
722,170,787,1679
572,181,555,1308
400,637,987,2024
35,340,940,1315
321,94,177,592
352,630,589,1571
162,444,474,1080
357,898,104,1359
490,209,630,1329
140,609,139,888
614,157,445,1216
172,272,350,794
432,202,832,1466
997,953,675,2625
810,585,270,1665
964,716,998,2678
488,593,421,1502
80,430,489,999
38,865,179,1082
118,20,659,797
762,959,454,2175
715,304,905,1924
159,653,915,1727
125,812,978,1915
744,794,695,2233
973,773,839,2585
999,740,564,2303
797,663,823,2283
886,272,307,1465
877,982,356,2215
229,412,914,1555
3,470,842,1315
387,662,546,1595
742,356,817,1915
314,60,45,419
809,203,910,1922
981,454,147,1582
777,309,464,1550
863,154,243,1260
950,340,323,1613
62,532,771,1365
800,238,617,1655
293,503,316,1112
533,341,162,1036
551,783,653,1987
951,861,986,2798
148,175,728,1051
615,672,660,1947
951,221,445,1617
281,963,926,2170
965,586,142,1693
3,322,490,815
810,94,265,1169
846,639,267,1752
30,514,463,1007
136,540,553,1229
392,565,962,1919
610,263,93,966
975,843,547,2365
375,116,487,978
757,80,616,1453
301,501,934,1736
389,520,894,1803
585,387,700,1672
217,639,476,1332
588,989,131,1708
309,924,559,1792
468,977,511,1956
208,1,167,376
855,278,675,1808
429,140,617,1186
806,654,829,2289
515,333,300,1148
172,458,787,1417
888,336,650,1874
267,216,267,750
566,721,359,1646
534,595,883,2012
553,167,896,1616
977,670,779,2426
725,165,907,1797
343,399,801,1543
447,836,72,1355
416,239,249,904
868,713,572,2153
681,114,375,1170
105,967,346,1418
116,892,842,1850
927,809,909,2645
54,573,133,760
620,792,953,2365
696,503,112,1311
69,830,667,1566
291,816,890,1997
815,28,608,1451
887,512,777,2176
975,943,626,2544
220,421,440,1081
186,757,668,1611
134,795,547,1476
537,219,161,917
790,763,200,1753
501,239,405,1145
631,277,490,1398
692,311,155,1158
564,112,640,1316
196,584,940,1720
18,801,27,846
977,677,281,1935
588,886,517,1991
860,42,659,1561
126,322,177,625
257,528,75,860
842,321,776,1939
914,206,334,1454
666,960,643,2269
390,34,332,756
184,242,392,818
81,91,466,638
561,742,222,1525
34,985,711,1730
458,865,559,1882
955,837,194,1986
739,372,885,1996
282,903,641,1826
639,851,538,2028
778,271,280,1329
513,378,993,1884
640,619,664,1923
17,527,693,1237
620,487,918,2025
427,286,348,1061
132,134,96,362
858,171,79,1108
466,228,456,1150
471,830,875,2176
151,911,289,1351
57,135,846,1038
75,935,89,1099
448,438,726,1612
882,143,360,1385
391,927,177,1495
393,111,449,953
466,684,730,1880
81,181,514,776
685,1,277,963
912,175,442,1529
856,346,870,2072
730,513,234,1477
900,793,685,2378
506,805,577,1888
606,498,693,1797
450,567,705,1722
710,700,830,2240
105,136,585,826
19,794,900,1713
753,521,143,1417
285,299,949,1533
22,467,250,739
447,957,52,1456
191,160,605,956
583,654,716,1953
543,2,880,1425
927,268,53,1248
515,827,676,2018
283,107,802,1192
803,70,59,932
658,124,220,1002
925,186,722,1833
3,185,574,762
148,209,640,997
30,601,26,657
754,691,312,1757
992,440,99,1531
723,98,969,1790
349,822,906,2077
944,77,623,1644
674,140,752,1566
699,272,629,1600
555,701,13,1269
338,546,857,1741
176,578,466,1220
830,85,789,1704
755,258,686,1699
744,598,274,1616
527,135,97,759
863,16,324,1203
1,774,790,1565
376,691,381,1448
733,402,795,1930
286,480,877,1643
589,342,500,1431
205,519,653,1377
440,969,212,1621
380,23,498,901
284,550,851,1685
816,127,538,1481
498,302,411,1211
745,291,211,1247
986,228,456,1670
688,531,757,1976
312,669,825,1806
887,411,891,2189
947,930,104,1981
531,267,389,1187
1000,415,331,1746
515,122,986,1623
134,905,124,1163
627,829,273,1729
163,453,912,1528
905,443,767,2115
998,136,466,1600
557,140,474,1171
991,165,59,1215
409,648,614,1671
83,43,599,725
937,932,13,1882
650,202,755,1607
143,590,933,1666
986,249,372,1607
179,603,928,1710
139,393,630,1162
505,699,456,1660
936,679,533,2148
329,139,588,1056
981,108,214,1303
857,704,43,1604
927,121,35,1083
457,740,82,1279
453,593,296,1342
384,271,612,1267
929,250,256,1435
608,419,531,1558
196,600,750,1546
702,440,847,1989
931,623,131,1685
419,975,205,1599
881,728,336,1945
997,12,499,1508
0,138,860,998
681,270,632,1583
1,761,149,911
604,38,647,1289
511,492,96,1099
772,759,104,1635
190,580,833,1603
19,428,706,1153
637,309,754,1700
939,118,500,1557
64,157,106,327
381,976,136,1493
575,32,99,706
639,303,943,1885
192,891,35,1118
450,751,894,2095
805,225,385,1415
257,675,815,1747
910,55,764,1729
166,182,539,887
970,442,88,1500
304,432,552,1288
157,451,389,997
347,23,135,505
371,328,125,824
230,628,256,1114
591,459,711,1761
75,721,498,1294
757,125,204,1086
101,770,98,969
16,313,718,1047
974,139,435,1548
820,900,230,1950
80,961,566,1607
73,266,825,1164
584,395,404,1383
546,99,572,1217
354,203,844,1401
540,49,629,1218
713,734,149,1596
837,261,760,1858
35,639,171,845
532,967,429,1928
427,575,730,1732
663,65,869,1597
607,398,126,1131
226,433,788,1447
449,647,554,1650
582,446,489,1517
449,683,156,1288
701,257,441,1399
338,889,272,1499
518,584,294,1396
826,323,164,1313
174,474,949,1597
60,297,841,1198
142,206,916,1264
933,842,350,2125
446,227,795,1468
345,589,644,1578
779,700,347,1826
726,480,412,1618
511,538,855,1904
255,822,905,1982
225,178,508,911
806,386,275,1467
477,979,54,1510
368,276,876,1520
823,606,163,1592
728,515,707,1950
766,156,520,1442
418,580,285,1283
250,74,621,945
559,37,124,720
563,62,688,1313
862,620,487,1969
446,159,427,1032
951,774,643,2368
839,729,786,2354
186,687,329,1202
752,380,955,2087
835,481,902,2218
103,313,786,1202
177,955,475,1607
316,905,398,1619
141,529,185,855
414,345,87,846
142,225,159,526
40,582,495,1117
640,549,159,1348
452,708,373,1533
835,258,518,1611
749,712,889,2350
419,877,49,1345
791,457,698,1946
33,840,45,918
61,865,16,942
368,725,315,1408
880,604,690,2174
909,763,35,1707
391,974,42,1407
520,32,670,1222
302,333,274,909
338,119,748,1205
420,190,915,1525
478,602,281,1361
872,882,883,2637
550,625,537,1712
542,936,416,1894
616,671,377,1664
840,680,722,2242
113,431,626,1170
196,592,340,1128
687,240,571,1498
93,187,925,1205
3,733,7,743
857,515,337,1709
582,973,116,1671
111,374,82,567
609,844,713,2166
582,127,690,1399
721,782,444,1947
736,291,946,1973
896,384,632,1912
749,291,870,1910
279,577,201,1057
512,579,431,1522
181,747,430,1358
876,968,29,1873
536,929,693,2158
375,198,954,1527
745,457,140,1342
803,167,284,1254
680,927,688,2295
945,221,303,1469
495,957,482,1934
437,710,747,1894
280,317,982,1579
847,993,182,2022
499,440,272,1211
746,958,242,1946
745,241,172,1158
886,454,503,1843
267,61,60,388
152,30,729,911
899,138,528,1565
800,766,724,2290
841,520,991,2352
697,4,900,1601
446,858,477,1781
793,775,291,1859
31,297,210,538
572,915,361,1848
923,498,236,1657
93,186,273,552
351,174,414,939
846,237,766,1849
683,19,32,734
161,243,637,1041
990,888,360,2238
505,882,606,1993
468,220,466,1154
406,672,338,1416
946,820,442,2208
152,231,865,1248
741,805,297,1843
373,550,346,1269
404,811,695,1910
540,8,657,1205
997,116,128,1241
527,592,273,1392
611,472,722,1805
176,742,191,1109
182,78,729,989
662,60,976,1698
434,934,741,2109
338,640,328,1306
883,170,559,1612
949,84,904,1937
514,822,56,1392
788,15,760,1563
217,717,699,1633
535,269,624,1428
486,342,688,1516
104,367,181,652
787,408,934,2129
105,326,230,661
505,70,978,1553
903,979,928,2810
485,152,906,1543
427,574,155,1156
129,826,409,1364
531,821,74,1426
517,416,242,1175
971,776,402,2149
875,69,381,1325
246,809,923,1978
787,102,51,940
782,204,853,1839
955,732,84,1771
491,263,102,856
30,563,997,1590
756,910,813,2479
80,448,784,1312
264,566,291,1121
44,844,886,1774
15,921,448,1384
442,907,132,1481
745,671,349,1765
808,530,472,1810
230,228,814,1272
564,894,878,2336
565,777,272,1614
815,686,765,2266
952,276,589,1817
640,365,37,1042
843,553,46,1442
960,752,439,2151
762,132,123,1017
913,654,649,2216
134,494,79,707
601,849,630,2080
683,120,397,1200
695,573,790,2058
568,945,949,2462
283,642,725,1650
90,142,924,1156
3,640,837,1480
625,985,908,2518
467,621,288,1376
774,687,383,1844
30,830,909,1769
676,303,340,1319
761,215,351,1327
742,724,993,2459
113,350,595,1058
410,977,264,1651
194,541,28,763
204,656,372,1232
218,367,565,1150
748,480,555,1783
461,726,94,1281
821,34,706,1561
592,179,506,1277
559,677,389,1625
9,7,161,177
819,202,89,1110
931,457,250,1638
47,52,196,295
228,540,418,1186
739,210,449,1398
216,55,665,936
411,515,54,980
75,241,23,339
144,87,526,757
876,403,216,1495
369,834,704,1907
389,566,223,1178
985,911,664,2560
541,778,711,2030
14,900,789,1703
728,836,774,2338
48,777,354,1179
430,321,994,1745
718,802,626,2146
510,400,456,1366
496,704,606,1806
676,741,138,1555
691,504,575,1770
540,355,318,1213
201,960,342,1503
156,958,895,2009
761,746,49,1556
261,745,930,1936
583,338,921,1842
988,903,101,1992
734,533,95,1362
20,538,943,1501
434,828,548,1810
414,939,510,1863
587,905,182,1674
937,985,559,2481
288,28,642,958
741,190,635,1566
557,596,809,1962
478,669,731,1878
166,940,975,2081
380,330,939,1649
945,97,65,1107
986,364,839,2189
231,283,694,1208
557,511,928,1996
173,46,925,1144
960,317,295,1572
551,304,68,923
144,265,915,1324
442,886,797,2125
763,262,233,1258
751,930,517,2198
678,958,852,2488
173,282,68,523
116,357,137,610
196,739,519,1454
228,157,565,950
228,440,192,860
907,587,209,1703
708,656,106,1470
796,458,250,1504
319,872,705,1896
424,456,817,1697
968,404,474,1846
612,982,357,1951
228,229,390,847
570,687,50,1307
321,51,633,1005
499,328,702,1529
715,62,272,1049
801,1,790,1592
202,506,974,1682
295,456,58,809
261,574,237,1072
514,350,779,1643
702,370,91,1163
66,560,473,1099
878,337,799,2014
701,928,742,2371
28,289,623,940
31,523,585,1139
168,392,728,1288
827,783,233,1843
86,465,36,587
718,984,141,1843
164,279,952,1395
799,803,75,1677
6,432,209,647
0,970,173,1143
529,67,231,827
304,5,245,554
161,542,948,1651
814,440,994,2248
840,914,30,1784
283,484,977,1744
756,860,99,1715
215,532,622,1369
524,453,675,1652
594,296,929,1819
115,180,343,638
171,609,122,902
181,248,206,635
3,598,277,878
946,865,360,2171
44,36,487,567
261,466,814,1541
996,367,964,2327
291,378,985,1654
553,846,667,2066
445,471,569,1485
123,492,171,786
586,129,739,1454
259,53,452,764
114,515,860,1489
534,453,677,1664
716,519,174,1409
872,646,831,2349
512,700,520,1732
298,160,646,1104
626,168,86,880
232,330,945,1507
537,589,176,1302
656,690,918,2264
733,445,619,1797
176,301,593,1070
703,866,648,2217
95,708,643,1446
39,331,722,1092
351,510,386,1247
374,212,536,1122
402,622,23,1047
496,895,821,2212
504,104,135,743
107,734,872,1713
764,879,920,2563
286,788,5,1079
473,474,740,1687
438,905,809,2152
213,834,989,2036
54,718,154,926
804,285,514,1603
458,915,663,2036
338,988,287,1613
54,762,672,1488
814,777,101,1692
90,453,253,796
67,66,523,656
584,21,110,715
359,825,193,1377
57,423,937,1417
250,255,705,1210
323,800,87,1210
472,463,529,1464
350,443,294,1087
18,17,394,429
958,840,911,2709
668,607,57,1332
24,360,378,762
377,808,456,1641
117,172,199,488
991,348,525,1864
751,651,326,1728
533,346,905,1784
767,788,32,1587
751,791,988,2530
893,472,499,1864
64,350,761,1175
153,821,961,1935
217,7,54,278
73,388,216,677
798,796,689,2283
75,188,780,1043
350,872,827,2049
217,118,202,537
31,766,659,1456
262,26,167,455
884,523,118,1525
216,277,356,849
578,702,418,1698
901,265,750,1916
502,338,284,1124
332,266,103,701
185,363,399,947
475,995,391,1861
562,478,88,1128
566,193,536,1295
961,553,509,2023
100,789,863,1752
448,401,300,1149
523,108,588,1219
311,402,513,1226
562,919,143,1624
683,107,882,1672
895,752,329,1976
546,682,507,1735
64,704,885,1653
927,922,532,2381
233,998,296,1527
289,408,713,1410
263,285,643,1191
844,916,348,2108
50,984,385,1419
589,642,455,1686
21,642,562,1225
415,902,62,1379
389,54,133,576
285,508,39,832
777,720,602,2099
130,80,66,276
581,281,688,1550
745,666,910,2321
124,23,531,678
222,463,422,1107
78,744,547,1369
104,268,574,946
27,295,24,346
77,372,461,910
433,228,336,997
298,814,609,1721
597,307,351,1255
402,784,523,1709
392,107,399,898
637,194,523,1354
999,640,387,2026
342,610,265,1217
30,446,34,510
467,540,211,1218
456,359,210,1025
95,160,72,327
164,838,863,1865
739,887,193,1819
309,866,27,1202
442,704,466,1612
943,391,8,1342
154,468,898,1520
941,803,862,2606
484,744,90,1318
815,344,998,2157
576,292,756,1624
851,508,640,1999
131,373,785,1289
14,405,171,590
573,671,417,1661
944,476,553,1973
842,544,632,2018
380,676,752,1808
284,577,744,1605
745,347,229,1321
261,989,490,1740
264,813,699,1776
407,60,305,772
721,853,558,2132
80,438,478,996
18,482,112,612
855,510,380,1745
784,951,766,2501
333,236,627,1196
479,126,185,790
694,888,114,1696
64,604,458,1126
589,923,170,1682
36,429,225,690
485,984,842,2311
118,966,207,1291
491,131,401,1023
107,167,59,333
33,813,971,1817
423,228,246,897
923,214,921,2058
813,213,339,1365
978,259,725,1962
628,615,635,1878
292,64,529,885
368,676,565,1609
352,9,262,623
822,585,841,2248
262,298,253,813
792,587,652,2031
533,633,848,2014
218,833,732,1783
959,720,568,2247
636,196,602,1434
421,178,931,1530
619,255,317,1191
609,768,932,2309
310,405,774,1489
329,259,730,1318
458,66,940,1464
97,1000,450,1547
916,323,62,1301
120,164,313,597
851,164,908,1923
213,281,946,1440
526,304,181,1011
732,536,735,2003
381,6,810,1197
908,739,964,2611
330,399,759,1488
899,930,718,2547
14,880,156,1050
351,516,334,1201
85,846,952,1883
657,117,944,1718
186,650,815,1651
609,344,926,1879
553,685,643,1881
176,249,346,771
73,350,221,644
151,611,839,1601
192,193,520,905
812,578,224,1614
34,847,321,1202
450,787,936,2173
534,168,138,840
525,663,378,1566
327,720,442,1489
236,356,276,868
654,905,80,1639
685,174,408,1267
732,331,221,1284
191,462,595,1248
555,742,84,1381
639,9,169,817
452,536,261,1249
472,259,391,1122
542,130,968,1640
931,287,837,2055
837,934,593,2364
561,779,221,1561
577,369,354,1300
232,678,199,1109
611,843,724,2178
3,21,628,652
462,275,96,833
602,218,124,944
268,433,695,1396
595,124,880,1599
783,459,678,1920
509,712,353,1574
101,140,887,1128
839,659,130,1628
224,845,765,1834
918,498,472,1888
353,858,956,2167
317,8,480,805
583,399,312,1294
824,393,310,1527
258,730,300,1288
254,60,585,899
682,846,644,2172
450,180,999,1629
468,484,256,1208
498,100,140,738
38,565,270,873
303,989,233,1525
654,312,60,1026
781,193,19,993
212,264,338,814
773,129,613,1515
138,596,701,1435
803,958,626,2387
60,904,804,1768
119,334,316,769
421,929,12,1362
321,123,678,1122
584,464,407,1455
958,863,557,2378
927,361,344,1632
742,583,158,1483
681,419,68,1168
956,800,48,1804
648,748,8,1404
799,167,852,1818
574,307,975,1856
835,272,585,1692
522,110,42,674
291,316,378,985
502,65,633,1200
124,149,18,291
14,932,407,1353
475,58,924,1457
530,868,463,1861
759,608,950,2317
704,771,529,2004
787,9,371,1167
874,937,678,2489
443,126,655,1224
840,545,932,2317
962,196,999,2157
829,72,675,1576
554,261,364,1179
941,691,502,2134
956,291,547,1794
440,993,351,1784
186,48,844,1078
710,743,895,2348
643,742,709,2094
115,670,746,1531
743,853,848,2444
580,233,187,1000
570,414,383,1367
586,423,379,1388
228,617,554,1399
580,486,678,1744
768,392,582,1742
905,630,552,2087
250,116,522,888
131,215,976,1322
209,956,440,1605
36,955,864,1855
586,462,720,1768
879,242,124,1245
244,262,222,728
459,119,152,730
487,394,694,1575
710,678,722,2110
816,493,327,1636
550,704,456,1710
651,274,982,1907
65,760,45,870
594,384,163,1141
239,554,835,1628
322,373,943,1638
589,997,677,2263
701,616,225,1542
951,580,40,1571
797,627,155,1579
739,555,700,1994
759,550,29,1338
555,205,659,1419
560,850,279,1689
387,802,19,1208
691,899,673,2263
478,756,875,2109
706,825,396,1927
38,94,721,853
256,677,447,1380
722,354,748,1824
749,115,436,1300
595,399,857,1851
178,446,159,783
122,547,690,1359
876,449,477,1802
127,518,763,1408
419,633,716,1768
397,532,957,1886
852,901,156,1909
239,636,570,1445
912,493,214,1619
773,944,62,1779
56,519,178,753
580,805,590,1975
149,751,970,1870
800,129,653,1582
568,483,877,1928
85,629,877,1591
101,935,248,1284
163,52,141,356
32,122,834,988
631,130,581,1342
674,888,338,1900
827,143,957,1927
528,427,331,1286
93,36,233,362
891,862,91,1844
769,375,139,1283
531,488,405,1424
60,996,834,1890
531,688,17,1236
280,675,710,1665
979,265,671,1915
622,553,985,2160
411,72,878,1361
225,823,790,1838
516,770,23,1309
350,790,267,1407
187,414,649,1250
966,549,194,1709
319,395,575,1289
844,454,897,2195
206,173,13,392
942,891,900,2733
446,958,480,1884
123,255,594,972
90,645,708,1443
884,183,187,1254
887,310,52,1249
181,797,456,1434
534,616,653,1803
179,886,399,1464
828,496,807,2131
272,56,736,1064
353,98,390,841
177,220,313,710
986,512,979,2477
22,360,721,1103
793,25,475,1293
658,505,693,1856
876,564,888,2328
947,52,784,1783
188,174,13,375
8,620,771,1399
981,676,514,2171
484,6,732,1222
926,212,809,1947
699,236,476,1411
511,899,642,2052
181,361,136,678
334,806,10,1150
26,682,17,725
8,694,64,766
662,191,537,1390
849,35,695,1579
999,275,221,1495
261,598,217,1076
466,72,895,1433
935,976,671,2582
767,739,263,1769
443,157,51,651
741,100,50,891
112,291,490,893
229,736,847,1812
949,661,989,2599
115,633,233,981
74,158,766,998
321,814,759,1894
332,48,205,585
717,204,507,1428
82,631,194,907
146,309,87,542
176,322,612,1110
414,796,572,1782
168,545,286,999
578,793,351,1722
666,570,544,1780
639,726,146,1511
106,902,195,1203
625,614,560,1799
27,586,421,1034
236,398,375,1009
585,29,563,1177
868,293,359,1520
435,757,775,1967
510,117,569,1196
755,16,835,1606
127,812,518,1457
845,789,960,2594
561,120,453,1134
410,437,794,1641
746,153,115,1014
870,438,475,1783
572,483,847,1902
416,674,963,2053
85,372,803,1260
80,655,10,745
305,78,932,1315
131,760,983,1874
678,33,765,1476
27,230,398,655
355,567,178,1100
36,411,109,556
147,187,618,952
805,717,510,2032
640,964,741,2345
143,856,277,1276
867,602,676,2145
682,688,986,2356
923,427,566,1916
150,735,905,1790
504,396,559,1459
234,89,227,550
523,836,166,1525
850,335,932,2117
340,54,477,871
732,567,97,1396
67,864,204,1135
297,940,43,1280
494,154,496,1144
262,760,924,1946
593,631,629,1853
720,943,654,2317
268,850,370,1488
187,297,651,1135
192,745,860,1797
568,923,624,2115
373,219,577,1169
714,628,825,2167
275,21,382,678
599,740,779,2118
298,102,661,1061
403,184,90,677
651,690,755,2096
252,93,22,367
41,866,569,1476
83,504,169,756
841,945,390,2176
284,703,858,1845
878,854,909,2641
259,858,280,1397
505,590,694,1789
472,971,926,2369
908,146,428,1482
533,362,459,1354
808,637,233,1678
527,909,6,1442
499,237,676,1412
246,88,837,1171
377,917,971,2265
113,591,463,1167
207,494,992,1693
364,474,633,1471
227,691,314,1232
912,167,103,1182
552,840,609,2001
196,392,248,836
396,591,131,1118
178,621,835,1634
828,347,971,2146
538,549,376,1463
554,234,503,1291
340,196,411,947
365,207,498,1070
508,712,26,1246
449,246,517,1212
117,455,398,970
543,540,199,1282
939,525,968,2432
520,137,36,693
749,309,601,1659
461,197,198,856
119,516,899,1534
65,714,389,1168
381,964,116,1461
5,699,543,1247
321,497,361,1179
123,527,827,1477
673,908,601,2182
422,838,993,2253
167,86,487,740
647,850,611,2108
369,43,423,835
693,309,845,1847
285,680,706,1671
909,721,499,2129
286,656,429,1371
971,517,663,2151
125,790,867,1782
500,795,984,2279
58,649,445,1152
855,572,35,1462
363,526,596,1485
476,517,849,1842
389,461,699,1549
19,839,677,1535
924,489,512,1925
236,18,506,760
337,794,65,1196
158,824,888,1870
783,923,1,1707
147,225,432,804
648,321,733,1702
39,780,526,1345
29,534,651,1214
947,779,326,2052
311,715,280,1306
109,912,495,1516
328,530,783,1641
74,88,823,985
855,159,797,1811
450,897,259,1606
179,232,362,773
594,266,477,1337
682,882,980,2544
961,749,247,1957
942,311,906,2159
277,235,823,1335
379,103,874,1356
376,178,422,976
784,356,556,1696
621,883,302,1806
496,355,565,1416
862,858,20,1740
420,545,979,1944
309,122,189,620
115,845,861,1821
18,37,412,467
18,6,353,377
475,211,29,715
761,85,966,1812
33,93,695,821
519,687,890,2096
424,69,753,1246
547,799,335,1681
662,376,271,1309
401,105,612,1118
918,44,841,1803
569,725,345,1639
901,155,966,2022
638,149,155,942
847,55,325,1227
521,427,585,1533
363,495,424,1282
232,349,917,1498
665,354,562,1581
79,745,235,1059
455,151,973,1579
635,452,671,1758
122,344,682,1148
439,447,549,1435
610,471,285,1366
615,305,138,1058
687,736,676,2099
940,251,322,1513
185,240,202,627
8,35,40,83
606,992,775,2373
509,295,922,1726
716,775,695,2186
570,289,374,1233
917,501,853,2271
670,470,313,1453
396,23,972,1391
174,837,682,1693
585,361,403,1349
196,308,323,827
748,51,362,1161
343,2,960,1305
476,153,255,884
71,536,976,1583
360,208,331,899
766,991,307,2064
802,576,617,1995
482,619,666,1767
425,162,73,660
109,544,728,1381
116,129,0,245
449,257,74,780
490,57,962,1509
752,65,385,1202
252,241,345,838
755,886,55,1696
42,404,131,577
509,502,496,1507
618,971,579,2168
72,420,111,603
117,797,650,1564
142,555,589,1286
404,406,248,1058
959,199,810,1968
20,801,251,1072
710,347,446,1503
854,126,27,1007
643,560,136,1339
291,630,275,1196
835,786,959,2580
844,974,212,2030
10,856,404,1270
119,982,267,1368
438,446,980,1864
433,632,871,1936
235,8,556,799
27,655,944,1626
83,330,28,441
637,788,751,2176
474,591,245,1310
197,182,287,666
122,70,869,1061
810,75,868,1753
958,59,295,1312
409,334,928,1671
480,751,878,2109
357,537,789,1683
206,254,914,1374
221,462,548,1231
831,469,319,1619
304,742,193,1239
578,382,360,1320
337,742,856,1935
258,813,972,2043
568,97,975,1640
365,897,652,1914
559,10,406,975
459,947,409,1815
527,207,319,1053
353,613,430,1396
328,459,938,1725
70,364,820,1254
746,327,712,1785
627,988,565,2180
622,560,540,1722
805,387,141,1333
320,368,238,926
804,371,139,1314
997,377,367,1741
429,814,584,1827
282,467,951,1700
371,688,701,1760
274,711,963,1948
923,535,441,1899
214,729,102,1045
592,642,60,1294
536,805,3,1344
50,817,204,1071
999,472,857,2328
501,673,768,1942
667,56,743,1466
296,276,789,1361
359,367,843,1569
478,215,76,769
49,534,568,1151
181,846,469,1496
578,667,247,1492
231,343,565,1139
904,680,476,2060
702,52,292,1046
395,957,278,1630
376,31,225,632
707,143,551,1401
593,194,404,1191
324,82,459,865
901,309,13,1223
771,166,104,1041
298,873,393,1564
160,719,429,1308
576,616,871,2063
88,192,971,1251
769,960,510,2239
443,186,375,1004
644,96,809,1549
309,518,249,1076
6,340,715,1061
948,501,216,1665
623,302,855,1780
562,335,94,991
546,189,842,1577
597,23,951,1571
451,811,720,1982
766,796,781,2343
559,176,341,1076
590,552,570,1712
603,158,660,1421
186,896,766,1848
392,684,429,1505
375,93,588,1056
961,982,983,2926
52,420,258,730
556,502,68,1126
731,729,702,2162
704,437,734,1875
681,812,343,1836
491,573,922,1986
452,799,476,1727
304,289,295,888
247,130,422,799
646,257,162,1065
483,825,336,1644
756,589,653,1998
189,758,124,1071
979,570,543,2092
851,670,465,1986
852,250,561,1663
29,231,171,431
562,888,804,2254
552,973,52,1577
73,110,227,410
433,944,166,1543
168,688,9,865
762,864,618,2244
438,860,516,1814
862,788,719,2369
792,386,628,1806
225,769,724,1718
66,542,790,1398
823,643,301,1767
97,965,532,1594
132,123,466,721
236,295,463,994
923,761,429,2113
246,609,584,1439
922,37,706,1665
718,684,728,2130
669,995,611,2275
831,466,883,2180
777,61,105,943
387,269,965,1621
892,256,912,2060
204,791,873,1868
357,36,759,1152
304,907,260,1471
625,508,472,1605
888,90,379,1357
22,484,265,771
293,784,417,1494
227,76,974,1277
292,569,517,1378
923,727,252,1902
398,209,117,724
803,427,726,1956
989,238,400,1627
568,880,922,2370
193,112,467,772
553,969,17,1539
662,257,635,1554
249,946,34,1229
800,941,200,1941
184,668,530,1382
600,196,690,1486
961,72,826,1859
950,255,110,1315
729,279,660,1668
262,301,356,919
670,791,431,1892
412,80,550,1042
35,345,843,1223
146,32,254,432
215,996,306,1517
677,358,919,1954
599,476,974,2049
861,724,977,2562
524,751,667,1942
78,903,665,1646
744,971,22,1737
971,687,78,1736
760,113,266,1139
523,235,954,1712
811,646,318,1775
687,79,642,1408
398,358,690,1446
636,720,556,1912
925,512,718,2155
513,1,907,1421
508,965,527,2000
723,743,469,1935
52,545,457,1054
212,830,479,1521
867,425,487,1779
511,380,772,1663
406,478,921,1805
816,403,215,1434
204,799,582,1585
295,396,343,1034
667,23,114,804
382,920,737,2039
750,549,159,1458
422,564,443,1429
846,792,184,1822
400,530,550,1480
275,710,574,1559
646,171,362,1179
315,74,539,928
255,335,105,695
34,894,434,1362
738,48,512,1298
626,522,825,1973
551,396,255,1202
549,524,321,1394
958,929,809,2696
308,585,871,1764
336,476,995,1807
656,107,804,1567
893,395,351,1639
756,585,50,1391
704,785,405,1894
231,948,487,1666
908,207,953,2068
771,837,751,2359
170,348,215,733
574,918,460,1952
686,520,832,2038
425,643,691,1759
808,404,476,1688
881,895,491,2267
182,680,305,1167
835,198,398,1431
631,403,905,1939
758,881,687,2326
973,629,910,2512
347,393,20,760
831,533,101,1465
395,626,960,1981
600,415,689,1704
488,423,892,1803
115,127,533,775
773,11,827,1611
735,121,755,1611
227,813,243,1283
308,670,673,1651
108,377,99,584
325,43,511,879
234,222,713,1169
265,203,754,1222
97,750,107,954
153,26,173,352
283,876,292,1451
571,928,885,2384
91,841,277,1209
949,777,228,1954
411,359,667,1437
470,431,163,1064
930,646,938,2514
370,513,527,1410
920,720,871,2511
145,923,671,1739
803,719,892,2414
705,953,148,1806
94,192,869,1155
615,725,830,2170
280,225,492,997
889,679,142,1710
473,311,687,1471
514,896,417,1827
199,105,129,433
699,989,989,2677
331,673,458,1462
845,392,408,1645
724,225,623,1572
63,725,994,1782
841,728,82,1651
41,43,987,1071
823,684,341,1848
791,730,796,2317
986,218,177,1381
840,303,81,1224
994,320,975,2289
571,43,463,1077
667,613,642,1922
897,286,284,1467
292,815,177,1284
70,774,829,1673
688,573,584,1845
351,585,382,1318
907,342,772,2021
683,964,994,2641
892,407,783,2082
461,165,574,1200
168,130,259,557
708,443,607,1758
48,430,451,929
874,570,569,2013
433,298,731,1462
682,654,629,1965
93,661,960,1714
983,129,614,1726
771,114,409,1294
388,784,355,1527
772,232,585,1589
24,396,246,666
976,294,358,1628
631,712,902,2245
670,451,188,1309
618,353,816,1787
806,166,259,1231
201,453,861,1515
426,915,988,2329
666,379,197,1242
935,109,350,1394
5,445,547,997
401,723,837,1961
46,852,196,1094
158,856,261,1275
848,155,500,1503
514,123,908,1545
749,944,513,2206
542,35,487,1064
156,419,587,1162
292,953,253,1498
487,376,560,1423
958,722,194,1874
398,9,671,1078
879,911,359,2149
988,708,185,1881
854,475,64,1393
987,929,640,2556
247,660,105,1012
248,296,934,1478
872,625,631,2128
578,231,170,979
707,564,791,2062
579,85,72,736
150,217,705,1072
736,84,223,1043
705,827,753,2285
547,281,68,896
894,655,541,2090
770,591,265,1626
171,761,345,1277
243,979,26,1248
864,44,766,1674
209,422,711,1342
801,639,323,1763
803,105,70,978
94,598,449,1141
229,643,565,1437
989,793,944,2726
72,910,682,1664
149,52,416,617
324,113,327,764
520,286,219,1025
494,907,601,2002
338,165,675,1178
780,781,527,2088
887,201,412,1500
474,769,51,1294
521,313,165,999
424,772,203,1399
741,522,808,2071
518,316,8,842
497,583,853,1933
304,388,534,1226
241,800,826,1867
639,374,226,1239
481,26,171,678
494,30,457,981
223,323,51,597
281,238,260,779
1000,756,776,2532
449,366,628,1443
772,138,533,1443
48,771,52,871
83,798,654,1535
366,795,322,1483
213,789,933,1935
376,817,384,1577
995,982,657,2634
89,22,868,979
687,495,419,1601
907,165,215,1287
705,35,968,1708
660,501,893,2054
581,453,387,1421
261,362,133,756
469,437,958,1864
902,378,228,1508
967,563,66,1596
160,948,234,1342
359,932,17,1308
595,270,455,1320
166,229,914,1309
752,217,816,1785
724,49,392,1165
103,350,929,1382
937,935,643,2515
107,785,786,1678
303,342,20,665
649,767,973,2389
214,289,459,962
752,823,405,1980
847,617,753,2217
149,825,558,1532
459,340,889,1688
811,25,577,1413
689,603,514,1806
206,71,859,1136
587,157,195,939
364,473,235,1072
626,611,724,1961
178,593,124,895
358,502,509,1369
631,354,298,1283
451,613,170,1234
890,18,62,970
949,170,923,2042
45,930,663,1638
325,23,845,1193
731,534,344,1609
986,620,104,1710
305,988,853,2146
401,127,906,1434
724,236,542,1502
202,267,170,639
629,913,412,1954
810,613,166,1589
316,889,857,2062
16,296,915,1227
114,19,213,346
810,693,383,1886
594,111,927,1632
871,14,492,1377
277,809,831,1917
644,370,743,1757
359,215,476,1050
700,571,488,1759
578,303,331,1212
544,448,145,1137
802,797,549,2148
611,74,817,1502
139,39,237,415
802,691,898,2391
592,591,147,1330
856,932,666,2454
806,729,464,1999
397,271,214,882
481,385,197,1063
286,914,118,1318
292,315,432,1039
203,431,220,854
21,333,213,567
824,302,689,1815
610,761,349,1720
174,705,135,1014
214,867,335,1416
422,235,401,1058
48,89,793,930
909,442,75,1426
960,86,910,1956
337,507,893,1737
688,141,738,1567
226,382,282,890
450,80,345,875
592,481,332,1405
714,247,412,1373
785,128,479,1392
414,528,480,1422
827,992,147,1966
25,143,603,771
582,874,656,2112
647,186,115,948
102,546,524,1172
225,171,389,785
635,600,20,1255
122,194,775,1091
425,807,207,1439
755,971,840,2566
230,366,593,1189
981,253,924,2158
335,49,749,1133
120,304,979,1403
468,73,992,1533
413,609,177,1199
896,567,342,1805
918,989,182,2089
22,291,690,1003
765,927,367,2059
816,650,67,1533
592,30,902,1524
827,85,579,1491
712,915,978,2605
502,692,727,1921
821,186,822,1829
827,402,557,1786
526,296,580,1402
223,862,364,1449
936,339,442,1717
122,369,645,1136
462,566,220,1248
479,720,89,1288
484,92,854,1430
388,995,749,2132
748,514,275,1537
586,509,649,1744
170,872,237,1279
821,767,936,2524
850,783,325,1958
577,994,495,2066
526,470,751,1747
802,826,190,1818
124,458,410,992
521,646,423,1590
825,445,261,1531
842,572,614,2028
887,26,786,1699
466,189,433,1088
377,642,709,1728
366,234,619,1219
255,375,384,1014
302,40,879,1221
163,782,57,1002
41,369,172,582
953,501,514,1968
109,523,51,683
307,561,934,1802
716,51,94,861
190,390,33,613
173,303,205,681
837,412,181,1430
673,325,764,1762
30,614,413,1057
494,909,662,2065
111,236,57,404
555,47,485,1087
449,136,869,1454
826,520,834,2180
11,848,645,1504
734,217,363,1314
92,172,768,1032
465,579,1000,2044
808,920,720,2448
153,3,474,630
124,897,452,1473
520,592,871,1983
23,859,795,1677
311,357,673,1341
570,531,342,1443
781,545,675,2001
134,719,217,1070
450,701,846,1997
826,952,472,2250
226,81,779,1086
615,737,323,1675
317,966,720,2003
522,118,899,1539
672,833,519,2024
247,339,270,856
95,858,485,1438
800,778,502,2080
692,350,21,1063
848,481,645,1974
55,537,226,818
417,170,76,663
880,169,645,1694
772,643,148,1563
132,950,413,1495
711,54,206,971
418,90,653,1161
400,738,884,2022
474,65,562,1101
991,587,521,2099
960,917,616,2493
28,412,12,452
296,61,785,1142
512,922,898,2332
310,322,907,1539
849,839,594,2282
356,485,942,1783
386,682,891,1959
719,152,908,1779
674,424,161,1259
261,477,694,1432
40,163,172,375
310,502,791,1603
318,372,601,1291
617,305,22,944
136,612,529,1277
748,704,511,1963
875,722,257,1854
508,580,579,1667
182,536,45,763
907,694,800,2401
782,175,38,995
647,566,524,1737
348,805,85,1238
48,3,775,826
473,990,60,1523
803,672,860,2335
205,978,451,1634
481,23,471,975
616,210,127,953
146,893,952,1991
177,889,199,1265
960,662,163,1785
120,88,759,967
559,909,434,1902
131,113,421,665
74,153,987,1214
988,802,291,2081
356,242,91,689
340,210,41,591
435,424,670,1529
369,328,113,810
372,437,310,1119
722,938,663,2323
357,839,513,1709
970,712,792,2474
213,528,243,984
494,124,721,1339
902,942,52,1896
129,259,709,1097
741,710,730,2181
132,699,128,959
704,565,811,2080
53,156,985,1194
655,877,366,1898
206,423,550,1179
450,150,54,654
485,806,300,1591
663,958,52,1673
347,30,253,630
981,525,446,1952
854,471,21,1346
741,693,945,2379
146,947,108,1201
256,407,331,994
284,499,456,1239
896,789,454,2139
18,922,232,1172
965,606,248,1819
877,767,796,2440
359,255,627,1241
372,732,61,1165
294,777,326,1397
819,240,342,1401
648,482,785,1915
264,607,475,1346
197,953,493,1643
796,26,329,1151
300,87,574,961
365,273,32,670
837,519,174,1530
541,196,841,1578
869,397,315,1581
895,343,436,1674
729,594,989,2312
279,153,140,572
902,468,365,1735
374,503,282,1159
574,728,70,1372
481,754,775,2010
948,570,328,1846
842,211,86,1139
318,497,541,1356
724,549,278,1551
646,741,74,1461
275,846,70,1191
817,341,451,1609
685,137,310,1132
406,708,681,1795
514,24,415,953
238,101,442,781
559,800,577,1936
158,481,416,1055
594,611,273,1478
59,75,320,454
712,473,148,1333
647,558,694,1899
514,218,181,913
392,360,180,932
176,405,634,1215
267,34,802,1103
604,92,485,1181
280,161,483,924
387,929,749,2065
764,653,645,2062
51,513,316,880
602,756,433,1791
526,802,424,1752
312,134,298,744
489,99,913,1501
23,306,674,1003
779,797,576,2152
681,136,122,939
510,50,209,769
639,278,447,1364
244,962,737,1943
340,759,726,1825
511,1,645,1157
600,362,539,1501
374,539,207,1120
476,622,857,1955
553,79,104,736
546,966,135,1647
776,580,710,2066
561,838,76,1475
350,925,68,1343
328,160,555,1043
762,310,524,1596
787,670,256,1713
937,142,550,1629
13,585,67,665
908,729,147,1784
371,432,860,1663
816,430,574,1820
814,754,173,1741
808,659,61,1528
656,348,813,1817
649,157,534,1340
943,35,421,1399
661,3,416,1080
401,259,712,1372
769,772,303,1844
982,542,334,1858
703,568,184,1455
0,222,604,826
885,817,722,2424
41,192,431,664
107,495,233,835
606,260,521,1387
697,508,266,1471
524,605,696,1825
769,232,113,1114
832,316,883,2031
171,783,72,1026
783,552,29,1364
388,485,230,1103
224,131,233,588
441,70,888,1399
751,960,846,2557
655,195,87,937
440,634,592,1666
865,262,941,2068
349,327,474,1150
168,830,209,1207
337,805,203,1345
314,624,205,1143
994,249,202,1445
810,136,40,986
705,74,226,1005
595,344,482,1421
776,799,822,2397
913,532,327,1772
527,275,786,1588
854,98,56,1008
74,346,893,1313
474,29,707,1210
789,416,485,1690
852,872,154,1878
886,542,889,2317
430,821,968,2219
214,919,306,1439
403,698,798,1899
759,649,389,1797
42,22,560,624
767,875,306,1948
947,779,772,2498
482,236,104,822
376,399,859,1634
734,627,694,2055
127,435,803,1365
688,569,35,1292
14,833,787,1634
998,434,947,2379
445,788,339,1572
62,673,717,1452
959,440,830,2229
756,798,646,2200
608,558,958,2124
560,976,653,2189
253,788,316,1357
140,75,168,383
326,305,152,783
974,175,983,2132
869,713,836,2418
612,87,892,1591
885,180,986,2051
999,774,610,2383
528,247,919,1694
720,586,801,2107
181,318,789,1288
317,90,734,1141
400,737,605,1742
920,348,463,1731
235,395,280,910
39,592,942,1573
790,157,581,1528
113,915,106,1134
487,259,570,1316
949,249,379,1577
239,703,802,1744
45,937,572,1554
83,877,705,1665
702,504,224,1430
626,958,287,1871
24,242,621,887
554,470,278,1302
141,157,801,1099
262,933,358,1553
179,415,891,1485
187,527,443,1157
180,570,807,1557
929,165,205,1299
325,156,844,1325
89,831,125,1045
588,251,523,1362
433,873,674,1980
968,549,181,1698
184,524,739,1447
393,75,960,1428
27,477,711,1215
462,98,890,1450
354,908,212,1474
121,288,954,1363
433,976,612,2021
922,19,502,1443
656,995,78,1729
889,545,678,2112
518,275,811,1604
630,425,226,1281
397,317,331,1045
440,972,0,1412
811,926,234,1971
72,936,267,1275
216,759,404,1379
371,917,636,1924
535,833,253,1621
651,747,488,1886
921,4,33,958
474,617,892,1983
182,449,671,1302
763,802,465,2030
799,41,827,1667
43,26,765,834
572,476,119,1167
211,150,653,1014
762,267,219,1248
966,15,425,1406
986,816,105,1907
690,778,844,2312
457,754,94,1305
290,347,203,840
574,53,592,1219
661,994,398,2053
406,389,94,889
296,839,489,1624
633,155,473,1261
449,143,353,945
151,778,174,1103
210,193,280,683
772,778,852,2402
715,816,13,1544
476,255,702,1433
737,637,932,2306
25,725,288,1038
36,330,318,684
116,150,991,1257
716,101,396,1213
579,171,691,1441
385,331,38,754
3,703,517,1223
950,641,281,1872
347,230,904,1481
684,850,605,2139
849,627,731,2207
914,557,248,1719
217,686,403,1306
810,916,534,2260
877,756,962,2595
266,719,344,1329
618,566,710,1894
941,781,510,2232
932,790,345,2067
548,214,803,1565
260,335,460,1055
445,567,474,1486
874,854,59,1787
116,149,896,1161
378,274,939,1591
803,523,882,2208
862,372,269,1503
984,406,404,1794
450,615,805,1870
372,766,302,1440
458,642,48,1148
292,117,232,641
226,370,275,871
842,30,290,1162
61,701,428,1190
99,842,776,1717
194,130,384,708
562,736,386,1684
63,884,543,1490
14,727,780,1521
951,83,520,1554
654,867,647,2168
665,580,925,2170
413,902,596,1911
616,372,409,1397
0,72,611,683
329,529,862,1720
67,476,801,1344
792,659,454,1905
829,438,407,1674
97,569,76,742
245,18,674,937
407,817,844,2068
969,649,765,2383
515,736,688,1939
823,931,853,2607
920,954,523,2397
672,193,510,1375
863,413,681,1957
149,296,313,758
882,28,31,941
669,689,815,2173
41,128,214,383
282,771,896,1949
545,431,128,1104
312,441,964,1717
749,562,431,1742
877,679,575,2131
659,385,212,1256
749,685,623,2057
170,526,821,1517
174,891,582,1647
617,451,104,1172
226,794,262,1282
981,649,23,1653
814,4,852,1670
434,59,430,923
716,670,136,1522
453,885,778,2116
76,942,116,1134
791,916,3,1710
720,74,200,994
418,78,24,520
665,626,412,1703
455,136,132,723
209,479,902,1590
549,990,811,2350
65,427,717,1209
710,5,648,1363
735,679,897,2311
293,882,893,2068
141,120,877,1138
669,21,223,913
947,665,442,2054
234,416,544,1194
764,649,237,1650
681,571,569,1821
568,959,365,1892
49,736,323,1108
597,33,437,1067
304,395,693,1392
768,579,894,2241
897,493,13,1403
131,88,376,595
293,198,915,1406
936,551,481,1968
80,406,138,624
451,955,849,2255
651,199,991,1841
408,841,739,1988
611,844,287,1742
913,453,685,2051
297,970,367,1634
896,11,211,1118
178,571,350,1099
696,791,765,2252
174,480,683,1337
809,919,254,1982
677,153,679,1509
337,601,827,1765
618,330,150,1098
641,824,662,2127
529,983,453,1965
215,531,149,895
291,186,543,1020
657,728,902,2287
878,658,322,1858
755,459,90,1304
320,447,720,1487
142,85,595,822
870,219,935,2024
118,190,771,1079
293,825,537,1655
202,82,540,824
720,543,582,1845
421,947,284,1652
527,898,217,1642
55,271,180,506
518,924,54,1496
518,597,153,1268
528,427,551,1506
872,217,149,1238
145,261,40,446
292,37,40,369
722,520,33,1275
850,720,467,2037
657,589,776,2022
705,753,944,2402
508,381,729,1618
528,605,761,1894
331,669,238,1238
4,89,935,1028
695,620,604,1919
212,102,70,384
288,753,468,1509
196,709,737,1642
611,194,613,1418
823,517,20,1360
141,321,338,800
804,392,260,1456
61,451,544,1056
934,72,5,1011
556,269,477,1302
515,528,928,1971
472,672,707,1851
237,361,150,748
448,165,197,810
899,560,68,1527
424,174,523,1121
871,995,507,2373
220,602,726,1548
807,497,939,2243
228,307,210,745
613,91,444,1148
538,907,635,2080
3,458,184,645
715,668,768,2151
97,773,221,1091
162,324,671,1157
82,302,824,1208
714,847,309,1870
934,363,967,2264
996,299,316,1611
660,256,91,1007
187,401,843,1431
843,725,819,2387
480,943,531,1954
841,98,400,1339
929,810,681,2420
632,363,166,1161
847,764,175,1786
32,133,430,595
240,912,87,1239
498,231,891,1620
554,663,969,2186
814,850,154,1818
249,64,915,1228
351,962,118,1431
557,795,299,1651
575,714,654,1943
849,427,403,1679
961,309,936,2206
360,707,36,1103
860,916,840,2616
852,133,122,1107
579,690,845,2114
85,592,96,773
950,10,854,1814
673,131,39,843
181,792,621,1594
287,853,97,1237
488,620,713,1821
944,89,372,1405
14,307,720,1041
67,547,772,1386
545,406,358,1309
582,599,854,2035
102,950,410,1462
444,275,960,1679
747,849,835,2431
353,712,847,1912
628,760,837,2225
510,489,861,1860
73,305,7,385
16,548,141,705
856,917,175,1948
545,183,125,853
313,636,154,1103
66,832,364,1262
426,312,799,1537
793,629,891,2313
774,775,350,1899
879,52,923,1854
20,722,289,1031
938,668,125,1731
663,884,161,1708
595,997,731,2323
661,71,966,1698
28,924,931,1883
25,153,762,940
22,779,78,879
944,593,739,2276
999,225,583,1807
807,115,529,1451
112,942,605,1659
684,116,238,1038
754,445,40,1239
485,363,118,966
217,173,725,1115
972,482,45,1499
679,422,919,2020
754,288,646,1688
283,968,297,1548
111,387,601,1099
136,159,717,1012
664,990,244,1898
920,957,457,2334
585,528,311,1424
471,559,536,1566
865,325,482,1672
251,290,208,749
865,573,370,1808
126,762,919,1807
679,339,134,1152
716,605,525,1846
982,631,954,2567
633,758,937,2328
534,591,542,1667
454,881,751,2086
169,637,110,916
169,855,666,1690
787,235,274,1296
784,240,852,1876
473,643,935,2051
499,122,120,741
31,270,161,462
36,741,386,1163
445,255,173,873
64,771,419,1254
531,903,435,1869
852,200,753,1805
212,967,404,1583
178,495,683,1356
413,129,173,715
712,530,501,1743
624,49,859,1532
740,370,515,1625
265,748,71,1084
809,519,83,1411
723,232,393,1348
801,368,156,1325
118,374,10,502
401,909,392,1702
706,830,113,1649
681,1000,874,2555
611,110,917,1638
379,80,54,513
997,501,996,2494
731,508,837,2076
516,831,852,2199
137,93,386,616
954,399,531,1884
128,948,1000,2076
966,383,763,2112
151,169,90,410
47,728,970,1745
755,705,387,1847
669,965,298,1932
58,663,887,1608
857,244,258,1359
46,60,345,451
931,838,444,2213
469,180,57,706
132,117,845,1094
793,538,926,2257
423,510,468,1401
957,789,848,2594
26,479,69,574
21,947,684,1652
73,551,639,1263
223,218,23,464
930,39,204,1173
174,539,430,1143
88,549,852,1489
183,542,574,1299
887,555,222,1664
829,925,479,2233
257,806,251,1314
661,358,867,1886
24,684,245,953
686,864,641,2191
639,753,269,1661
813,816,240,1869
923,762,8,1693
111,935,945,1991
648,177,722,1547
652,776,638,2066
519,336,305,1160
854,252,559,1665
124,992,66,1182
581,139,479,1199
549,573,199,1321
4,620,503,1127
487,812,917,2216
877,742,53,1672
802,280,358,1440
394,408,642,1444
421,33,599,1053
668,408,484,1560
697,595,635,1927
804,211,131,1146
306,616,731,1653
348,656,272,1276
348,461,899,1708
207,474,873,1554
605,816,431,1852
206,260,990,1456
236,178,124,538
488,205,235,928
723,29,689,1441
963,457,869,2289
65,74,758,897
828,318,140,1286
585,427,663,1675
414,610,868,1892
580,166,640,1386
519,335,87,941
361,99,626,1086
905,316,141,1362
19,677,578,1274
876,930,332,2138
891,740,984,2615
444,329,268,1041
593,309,200,1102
634,132,558,1324
379,924,647,1950
539,727,830,2096
279,894,730,1903
179,626,191,996
858,107,610,1575
224,88,807,1119
700,555,18,1273
217,134,238,589
898,553,239,1690
906,621,579,2106
148,437,983,1568
579,810,825,2214
767,63,891,1721
646,816,857,2319
30,463,649,1142
773,168,14,955
951,821,484,2256
55,152,624,831
50,269,858,1177
423,888,400,1711
710,744,749,2203
226,189,240,655
854,528,671,2053
104,868,132,1104
343,498,873,1714
242,490,305,1037
518,344,815,1677
660,97,800,1557
924,27,557,1508
582,14,122,718
41,783,762,1586
622,52,733,1407
699,679,250,1628
40,764,582,1386
966,772,225,1963
832,228,523,1583
740,38,582,1360
0,25,841,866
504,927,274,1705
642,672,184,1498
656,652,250,1558
494,938,209,1641
523,45,984,1552
759,833,538,2130
846,653,553,2052
328,527,381,1236
593,713,697,2003
761,416,184,1361
979,620,485,2084
950,461,127,1538
902,222,79,1203
915,307,172,1394
837,964,332,2133
569,822,371,1762
825,933,251,2009
759,187,195,1141
554,418,304,1276
27,279,488,794
707,610,55,1372
231,949,573,1753
994,675,641,2310
542,472,43,1057
225,876,901,2002
646,224,610,1480
11,165,265,441
879,923,755,2557
67,548,796,1411
459,445,970,1874
83,959,133,1175
972,948,140,2060
989,926,332,2247
541,606,502,1649
910,740,941,2591
714,409,573,1696
942,904,331,2177
447,14,140,601
527,805,482,1814
195,986,66,1247
596,77,795,1468
130,458,703,1291
283,578,955,1816
827,186,87,1100
136,747,91,974
662,602,209,1473
321,609,568,1498
163,533,408,1104
190,78,80,348
721,450,392,1563
72,862,349,1283
405,803,360,1568
641,728,566,1935
945,80,862,1887
427,388,975,1790
457,599,269,1325
828,383,130,1341
438,802,642,1882
657,668,580,1905
568,98,221,887
812,39,699,1550
146,507,589,1242
957,405,174,1536
877,27,820,1724
61,238,130,429
900,561,243,1704
140,866,891,1897
960,48,649,1657
271,576,724,1571
550,727,843,2120
831,810,102,1743
79,28,47,154
196,26,289,511
193,459,165,817
965,635,592,2192
569,809,216,1594
693,799,916,2408
525,795,119,1439
556,599,397,1552
228,320,921,1469
584,802,661,2047
735,395,648,1778
958,251,476,1685
285,916,43,1244
264,94,654,1012
218,717,193,1128
160,389,287,836
889,695,327,1911
610,905,770,2285
315,178,871,1364
313,115,465,893
760,671,511,1942
815,103,845,1763
772,109,423,1304
510,467,281,1258
979,225,532,1736
637,113,30,780
22,908,103,1033
931,126,329,1386
830,495,756,2081
887,528,558,1973
939,127,649,1715
934,14,303,1251
443,990,612,2045
781,380,775,1936
539,717,967,2223
384,175,643,1202
141,515,718,1374
341,752,864,1957
186,659,996,1841
41,734,437,1212
806,136,671,1613
736,357,423,1516
167,876,320,1363
901,892,848,2641
435,360,284,1079
188,646,844,1678
188,38,943,1169
772,13,156,941
444,390,127,961
764,220,136,1120
881,421,898,2200
459,459,585,1503
915,26,888,1829
878,70,362,1310
393,642,219,1254
887,424,823,2134
359,151,555,1065
173,138,452,763
576,269,355,1200
640,84,991,1715
245,896,161,1302
699,170,492,1361
326,672,787,1785
265,93,242,600
393,345,455,1193
282,193,63,538
682,948,640,2270
585,256,83,924
89,695,768,1552
418,275,700,1393
961,808,505,2274
445,53,874,1372
810,416,763,1989
815,68,961,1844
235,229,444,908
351,490,172,1013
522,908,871,2301
262,995,984,2241
36,926,231,1193
899,223,930,2052
953,657,317,1927
771,946,196,1913
998,113,361,1472
520,397,466,1383
440,793,962,2195
209,702,973,1884
992,18,911,1921
856,616,623,2095
897,401,449,1747
360,914,868,2142
499,442,145,1086
635,317,372,1324
907,492,848,2247
363,766,187,1316
913,914,22,1849
519,716,593,1828
106,810,73,989
140,960,71,1171
782,423,725,1930
240,911,519,1670
263,650,669,1582
867,604,659,2130
891,569,868,2328
184,219,966,1369
198,945,568,1711
461,219,603,1283
970,745,557,2272
239,693,368,1300
105,442,394,941
829,138,993,1960
905,181,664,1750
174,495,438,1107
733,650,968,2351
754,488,826,2068
877,270,845,1992
123,672,10,805
947,875,887,2709
499,721,475,1695
253,253,204,710
706,273,638,1617
375,388,21,784
55,627,481,1163
472,41,356,869
375,445,212,1032
997,299,717,2013
213,74,720,1007
595,925,240,1760
388,267,6,661
578,937,868,2383
67,985,634,1686
583,92,169,844
992,864,75,1931
930,297,438,1665
123,692,953,1768
493,212,154,859
311,31,972,1314
15,908,19,942
450,548,264,1262
970,707,711,2388
983,745,617,2345
434,610,551,1595
596,950,804,2350
339,99,188,626
996,861,371,2228
985,964,378,2327
60,802,988,1850
472,35,574,1081
184,772,720,1676
708,495,637,1840
816,677,916,2409
892,809,772,2473
352,252,797,1401
939,634,297,1870
664,65,868,1597
239,303,280,822
344,202,51,597
203,312,279,794
224,42,192,458
277,330,747,1354
755,30,626,1411
661,461,807,1929
829,423,549,1801
513,271,335,1119
709,404,920,2033
663,512,340,1515
513,625,154,1292
293,802,718,1813
812,905,960,2677
23,387,700,1110
548,931,215,1694
54,602,581,1237
239,298,433,970
392,993,983,2368
992,353,843,2188
470,849,666,1985
204,478,231,913
661,983,89,1733
146,286,628,1060
936,523,417,1876
423,517,167,1107
140,892,803,1835
566,877,100,1543
296,985,505,1786
676,416,367,1459
285,671,260,1216
736,749,12,1497
476,744,269,1489
861,969,486,2316
110,94,969,1173
351,157,313,821
988,140,877,2005
836,925,738,2499
584,230,60,874
351,237,384,972
807,188,415,1410
624,136,671,1431
177,741,480,1398
217,702,373,1292
108,336,702,1146
506,174,849,1529
534,430,579,1543
749,394,48,1191
733,328,360,1421
773,44,268,1085
466,721,858,2045
940,758,473,2171
594,523,896,2013
690,445,802,1937
650,849,899,2398
990,428,902,2320
770,941,672,2383
492,853,503,1848
873,254,876,2003
17,19,529,565
659,460,346,1465
363,192,317,872
968,112,792,1872
162,830,797,1789
306,513,904,1723
656,98,65,819
813,955,766,2534
805,826,781,2412
999,551,300,1850
810,143,404,1357
946,545,912,2403
480,697,812,1989
395,702,424,1521
104,380,392,876
399,680,829,1908
555,126,913,1594
829,135,75,1039
942,322,422,1686
787,512,280,1579
211,713,949,1873
373,386,531,1290
255,791,548,1594
324,697,23,1044
67,376,398,841
54,510,639,1203
887,885,342,2114
707,149,182,1038
139,856,47,1042
894,218,284,1396
775,372,539,1686
316,312,585,1213
627,312,566,1505
24,343,393,760
322,149,342,813
966,859,383,2208
821,681,113,1615
76,60,841,977
581,520,147,1248
252,962,896,2110
260,393,561,1214
784,72,175,1031
817,432,807,2056
880,860,16,1756
308,907,8,1223
50,115,536,701
838,5,540,1383
47,906,28,981
205,180,633,1018
615,349,675,1639
658,247,230,1135
888,524,853,2265
882,462,562,1906
998,621,208,1827
676,503,939,2118
189,589,730,1508
325,825,132,1282
288,657,156,1101
576,510,840,1926
50,182,876,1108
556,662,18,1236
156,345,184,685
75,63,874,1012
464,57,666,1187
447,422,717,1586
713,414,158,1285
261,107,414,782
501,530,933,1964
736,459,813,2008
691,632,896,2219
172,681,258,1111
551,915,56,1522
78,137,826,1041
298,364,634,1296
230,743,855,1828
506,137,754,1397
362,623,268,1253
395,711,18,1124
490,261,79,830
145,825,598,1568
339,294,142,775
576,845,389,1810
148,926,45,1119
523,531,188,1242
795,982,775,2552
805,906,782,2493
918,472,537,1927
947,783,861,2591
588,136,82,806
464,449,775,1688
335,98,199,632
91,865,869,1825
125,31,84,240
967,126,284,1377
330,437,311,1078
606,270,586,1462
120,560,414,1094
800,235,156,1191
734,384,314,1432
490,46,757,1293
50,949,329,1328
989,731,55,1775
813,292,977,2082
270,936,688,1894
963,608,700,2271
395,524,270,1189
836,768,580,2184
893,89,428,1410
592,715,561,1868
326,586,916,1828
339,430,261,1030
5,822,898,1725
512,684,278,1474
53,356,70,479
987,164,76,1227
335,36,287,658
558,494,421,1473
647,312,353,1312
541,266,919,1726
539,115,355,1009
922,717,267,1906
652,335,962,1949
408,95,142,645
856,103,312,1271
834,469,984,2287
156,77,697,930
86,392,485,963
167,745,364,1276
564,170,346,1080
786,808,149,1743
413,842,336,1591
274,220,772,1266
62,326,282,670
210,27,498,735
905,830,349,2084
972,4,305,1281
178,977,774,1929
443,348,838,1629
733,931,179,1843
614,343,79,1036
811,541,389,1741
485,31,850,1366
693,965,904,2562
771,242,983,1996
148,232,132,512
665,665,599,1929
847,43,657,1547
795,848,422,2065
989,948,32,1969
578,14,78,670
365,214,265,844
145,561,638,1344
656,696,646,1998
342,41,271,654
136,127,165,428
154,319,732,1205
46,113,82,241
903,653,94,1650
776,54,473,1303
944,405,546,1895
111,331,233,675
823,347,673,1843
874,258,824,1956
790,430,132,1352
90,679,30,799
904,942,276,2122
922,374,824,2120
510,386,999,1895
272,434,279,985
701,350,126,1177
987,175,651,1813
17,878,731,1626
47,827,503,1377
100,276,13,389
816,599,492,1907
971,362,967,2300
672,752,72,1496
77,464,324,865
429,361,623,1413
471,163,969,1603
424,26,76,526
17,544,91,652
412,477,605,1494
932,555,938,2425
636,429,755,1820
572,518,286,1376
773,946,273,1992
732,437,373,1542
7,931,675,1613
497,494,821,1812
570,31,180,781
257,393,770,1420
141,790,318,1249
685,829,728,2242
445,857,263,1565
482,538,166,1186
202,193,502,897
555,442,596,1593
975,900,765,2640
481,351,363,1195
145,781,207,1133
765,291,626,1682
496,552,852,1900
148,991,436,1575
788,16,366,1170
637,350,546,1533
865,830,910,2605
158,871,268,1297
817,611,997,2425
554,651,772,1977
936,176,657,1769
742,643,227,1612
484,994,624,2102
984,858,707,2549
421,365,451,1237
143,696,190,1029
93,995,890,1978
475,400,213,1088
800,58,650,1508
386,785,236,1407
854,172,510,1536
518,30,527,1075
415,738,759,1912
529,432,246,1207
862,263,555,1680
95,189,916,1200
702,181,523,1406
324,742,944,2010
159,101,657,917
889,460,226,1575
294,337,909,1540
957,389,571,1917
2,837,242,1081
131,504,214,849
521,39,940,1500
700,584,949,2233
715,488,691,1894
161,97,464,722
994,533,257,1784
903,702,931,2536
404,221,566,1191
227,674,44,945
441,779,713,1933
558,250,683,1491
358,600,856,1814
901,511,939,2351
763,87,115,965
684,851,491,2026
196,230,127,553
753,342,444,1539
665,731,137,1533
796,63,872,1731
130,175,839,1144
361,793,440,1594
402,11,15,428
452,838,645,1935
241,77,419,737
947,266,753,1966
116,609,574,1299
165,101,410,676
913,230,718,1861
868,346,849,2063
430,904,441,1775
604,442,779,1825
601,163,201,965
461,484,203,1148
687,106,103,896
84,782,750,1616
928,153,474,1555
41,908,433,1382
396,319,29,744
605,158,970,1733
912,813,418,2143
253,56,42,351
637,750,150,1537
606,695,957,2258
180,42,429,651
566,28,329,923
42,517,635,1194
969,635,586,2190
845,851,945,2641
642,983,577,2202
789,86,53,928
89,244,928,1261
150,837,207,1194
465,736,335,1536
816,612,157,1585
13,297,797,1107
724,109,128,961
536,844,208,1588
165,694,267,1126
175,100,445,720
930,852,87,1869
478,375,333,1186
74,127,191,392
285,497,266,1048
293,832,548,1673
626,36,385,1047
956,683,13,1652
177,919,690,1786
644,662,230,1536
195,827,717,1739
230,155,968,1353
795,905,50,1750
872,647,179,1698
700,173,39,912
526,951,858,2335
275,349,72,696
248,839,208,1295
274,165,561,1000
536,831,145,1512
334,288,272,894
726,201,551,1478
994,187,77,1258
32,710,691,1433
630,818,353,1801
769,331,104,1204
974,91,542,1607
175,809,169,1153
300,109,462,871
167,99,990,1256
429,679,671,1779
16,235,855,1106
316,216,20,552
121,435,324,880
427,263,912,1602
589,179,369,1137
725,173,299,1197
608,450,449,1507
699,413,824,1936
613,907,304,1824
361,583,135,1079
514,841,268,1623
264,868,48,1180
273,989,358,1620
875,800,325,2000
361,955,506,1822
292,840,324,1456
469,709,555,1733
939,737,531,2207
677,664,796,2137
301,564,201,1066
81,395,332,808
304,828,722,1854
866,342,19,1227
707,51,132,890
410,981,75,1466
861,69,228,1158
594,573,717,1884
95,742,567,1404
980,360,419,1759
78,545,311,934
225,98,551,874
722,24,86,832
559,838,264,1661
574,266,377,1217
510,191,232,933
535,801,367,1703
266,8,382,656
486,986,398,1870
71,94,947,1112
118,424,319,861
284,856,718,1858
471,377,314,1162
475,65,720,1260
940,1,939,1880
785,21,544,1350
25,541,55,621
709,330,278,1317
274,233,202,709
942,598,911,2451
233,961,833,2027
68,868,77,1013
207,211,469,887
696,511,346,1553
216,968,287,1471
535,162,944,1641
779,612,172,1563
427,564,349,1340
998,235,995,2228
783,923,662,2368
695,669,576,1940
98,101,484,683
175,73,808,1056
666,239,626,1531
12,350,886,1248
559,340,989,1888
388,878,12,1278
717,424,230,1371
616,404,549,1569
969,251,470,1690
478,686,148,1312
467,695,942,2104
479,133,139,751
341,298,861,1500
196,403,976,1575
308,141,238,687
704,764,592,2060
222,186,826,1234
187,302,446,935
931,733,260,1924
727,428,555,1710
572,150,276,998
35,840,302,1177
508,370,850,1728
271,518,589,1378
914,750,50,1714
368,891,267,1526
195,115,467,777
113,659,446,1218
662,475,673,1810
560,910,432,1902
487,616,197,1300
171,582,420,1173
21,801,401,1223
600,122,153,875
359,974,281,1614
875,302,506,1683
478,771,359,1608
174,294,379,847
339,87,75,501
735,984,721,2440
417,322,794,1533
765,698,914,2377
886,501,148,1535
796,219,504,1519
907,524,730,2161
596,421,421,1438
881,831,979,2691
343,131,545,1019
409,271,598,1278
944,374,892,2210
973,168,166,1307
247,610,654,1511
841,928,254,2023
282,172,545,999
819,795,713,2327
438,180,860,1478
695,416,246,1357
623,157,142,922
609,438,157,1204
481,251,204,936
309,974,474,1757
451,635,10,1096
628,458,77,1163
170,117,164,451
44,492,531,1067
331,93,206,630
858,486,323,1667
631,263,58,952
632,495,938,2065
100,878,114,1092
607,397,910,1914
936,391,721,2048
262,990,830,2082
845,281,896,2022
388,12,190,590
425,684,972,2081
313,808,574,1695
156,325,809,1290
444,251,957,1652
932,433,865,2230
394,564,309,1267
649,198,676,1523
574,506,395,1475
176,947,618,1741
93,494,924,1511
214,213,794,1221
364,852,364,1580
619,855,472,1946
741,924,657,2322
700,358,842,1900
534,244,242,1020
955,556,53,1564
864,378,700,1942
752,233,538,1523
481,928,205,1614
209,23,321,553
242,433,278,953
121,401,142,664
578,911,829,2318
288,719,913,1920
557,51,526,1134
5,252,730,987
906,753,427,2086
438,375,323,1136
606,145,753,1504
352,886,131,1369
169,96,157,422
448,763,342,1553
268,860,638,1766
14,516,963,1493
642,125,917,1684
9,582,858,1449
882,331,829,2042
12,788,513,1313
800,810,143,1753
694,25,774,1493
848,793,412,2053
215,823,599,1637
394,136,920,1450
257,348,688,1293
740,422,839,2001
972,692,288,1952
92,623,819,1534
325,200,158,683
127,891,189,1207
655,245,682,1582
879,269,872,2020
31,968,572,1571
793,54,364,1211
325,808,555,1688
454,813,877,2144
604,150,346,1100
378,603,763,1744
602,339,622,1563
627,472,939,2038
255,288,97,640
754,398,668,1820
937,856,444,2237
348,888,106,1342
117,807,713,1637
866,291,81,1238
622,899,713,2234
353,704,333,1390
889,838,973,2700
525,739,490,1754
204,977,603,1784
414,213,44,671
480,251,797,1528
371,360,542,1273
446,283,750,1479
284,8,452,744
86,4,774,864
346,349,445,1140
812,394,800,2006
938,655,815,2408
773,312,462,1547
834,629,533,1996
548,182,194,924
509,362,269,1140
164,269,580,1013
870,884,342,2096
398,361,702,1461
799,8,67,874
764,339,874,1977
783,585,214,1582
141,246,549,936
41,522,180,743
195,525,10,730
326,381,776,1483
494,91,555,1140
360,812,291,1463
85,522,239,846
2,570,788,1360
206,317,391,914
926,546,621,2093
585,597,676,1858
486,748,271,1505
530,460,955,1945
550,580,214,1344
88,30,279,397
893,33,906,1832
679,926,902,2507
244,510,974,1728
990,468,767,2225
542,95,401,1038
957,572,487,2016
771,910,256,1937
430,711,329,1470
501,781,990,2272
332,614,707,1653
337,193,559,1089
508,294,917,1719
153,35,850,1038
773,547,255,1575
558,118,119,795
994,32,166,1192
0,245,233,478
962,315,14,1291
695,875,876,2446
869,239,707,1815
530,659,317,1506
361,0,85,446
175,423,591,1189
347,668,875,1890
388,701,165,1254
266,612,652,1530
585,821,889,2295
207,818,542,1567
809,317,68,1194
445,685,146,1276
803,533,76,1412
789,938,543,2270
521,379,879,1779
662,4,131,797
0,443,386,829
731,637,554,1922
851,228,494,1573
852,740,533,2125
281,27,398,706
272,541,420,1233
669,274,677,1620
704,829,681,2214
337,298,314,949
963,689,431,2083
266,636,692,1594
754,415,96,1265
56,702,592,1350
182,860,874,1916
254,554,832,1640
635,884,173,1692
399,768,348,1515
532,331,223,1086
227,251,178,656
262,82,117,461
513,524,232,1269
928,560,369,1857
398,248,804,1450
336,463,333,1132
959,146,617,1722
304,327,869,1500
552,189,686,1427
303,866,436,1605
140,531,178,849
986,970,352,2308
497,847,991,2335
519,839,929,2287
171,178,621,970
881,161,80,1122
54,573,58,685
848,399,56,1303
885,628,398,1911
720,345,762,1827
324,672,582,1578
375,593,120,1088
541,665,855,2061
14,349,681,1044
615,452,297,1364
263,13,665,941
82,182,930,1194
317,620,148,1085
225,983,967,2175
595,967,575,2137
908,91,742,1741
607,628,784,2019
298,292,249,839
771,732,375,1878
826,868,526,2220
963,472,697,2132
246,229,342,817
237,765,265,1267
803,599,234,1636
953,113,966,2032
111,734,120,965
185,998,306,1489
263,595,622,1480
788,297,870,1955
605,694,536,1835
465,87,204,756
607,714,331,1652
936,716,281,1933
238,123,781,1142
569,470,169,1208
444,229,5,678
512,554,636,1702
17,276,896,1189
119,840,681,1640
611,327,524,1462
548,330,551,1429
482,120,383,985
768,898,764,2430
858,823,593,2274
201,137,888,1226
299,382,579,1260
332,385,188,905
201,691,933,1825
681,473,255,1409
199,537,770,1506
179,261,188,628
59,271,807,1137
448,634,315,1397
448,139,90,677
118,3,15,136
612,759,141,1512
864,785,585,2234
779,724,385,1888
130,292,419,841
822,784,897,2503
204,613,588,1405
753,128,154,1035
494,315,59,868
910,814,116,1840
619,575,741,1935
102,241,622,965
869,426,14,1309
359,779,153,1291
841,514,362,1717
261,673,956,1890
462,113,187,762
781,26,82,889
142,804,246,1192
693,411,770,1874
750,208,665,1623
123,915,880,1918
451,322,416,1189
122,38,550,710
384,823,637,1844
785,682,758,2225
189,711,8,908
88,103,699,890
936,983,998,2917
257,397,912,1566
531,128,712,1371
909,997,579,2485
93,20,789,902
468,658,536,1662
745,724,491,1960
241,529,287,1057
449,169,752,1370
487,462,409,1358
265,501,581,1347
114,995,538,1647
648,670,441,1759
462,648,517,1627
841,481,77,1399
90,29,371,490
546,840,882,2268
319,900,930,2149
421,616,636,1673
727,320,956,2003
42,729,895,1666
826,966,579,2371
965,781,801,2547
162,120,849,1131
312,644,190,1146
812,674,123,1609
560,771,599,1930
910,812,240,1962
83,338,275,696
359,550,504,1413
227,568,534,1329
821,957,308,2086
18,790,792,1600
509,286,434,1229
321,332,630,1283
190,296,615,1101
622,117,532,1271
44,426,689,1159
103,748,736,1587
515,106,792,1413
2,799,138,939
276,815,781,1872
463,305,4,772
875,370,197,1442
411,384,854,1649
799,843,2,1644
259,685,51,995
916,271,690,1877
681,544,82,1307
298,240,792,1330
432,48,650,1130
852,878,809,2539
951,423,652,2026
916,197,308,1421
99,598,353,1050
171,487,459,1117
889,615,367,1871
749,841,393,1983
606,559,559,1724
652,535,827,2014
959,517,182,1658
246,975,995,2216
795,382,536,1713
353,826,110,1289
576,429,353,1358
562,890,416,1868
402,616,207,1225
422,771,436,1629
839,228,779,1846
467,388,468,1323
336,36,420,792
768,991,426,2185
112,106,931,1149
181,886,202,1269
881,819,411,2111
147,676,931,1754
899,603,958,2460
733,781,518,2032
269,518,491,1278
627,72,781,1480
648,13,182,843
356,487,256,1099
796,69,75,940
697,925,160,1782
226,405,716,1347
132,540,106,778
88,370,903,1361
353,777,528,1658
429,786,409,1624
45,894,831,1770
151,437,595,1183
331,939,73,1343
603,93,920,1616
22,832,589,1443
261,676,973,1910
712,59,183,954
763,207,581,1551
873,997,435,2305
259,948,475,1682
793,498,623,1914
163,961,996,2120
64,232,389,685
393,925,824,2142
850,57,938,1845
309,186,309,804
698,556,625,1879
293,325,206,824
976,948,155,2079
509,38,339,886
831,193,292,1316
664,773,645,2082
222,353,787,1362
945,373,590,1908
868,442,247,1557
531,750,428,1709
325,983,954,2262
551,3,568,1122
814,358,698,1870
773,373,461,1607
385,802,239,1426
876,152,525,1553
670,798,100,1568
237,865,271,1373
338,332,469,1139
321,136,621,1078
403,668,451,1522
57,407,864,1328
679,364,59,1102
297,359,698,1354
406,999,224,1629
508,663,576,1747
913,444,49,1406
489,582,736,1807
791,650,858,2299
149,512,281,942
674,789,245,1708
240,931,502,1673
917,852,182,1951
764,590,609,1963
835,178,12,1025
705,185,826,1716
557,318,516,1391
607,875,10,1492
658,243,742,1643
991,77,554,1622
173,149,935,1257
808,385,226,1419
66,637,788,1491
133,837,380,1350
335,318,338,991
561,869,151,1581
69,341,949,1359
956,809,631,2396
967,675,469,2111
566,490,1000,2056
701,942,78,1721
714,843,217,1774
283,953,240,1476
254,969,511,1734
150,824,842,1816
143,733,738,1614
937,285,393,1615
762,75,266,1103
581,10,794,1385
315,847,828,1990
876,907,460,2243
746,733,104,1583
611,99,761,1471
129,192,520,841
728,494,247,1469
858,46,285,1189
17,346,704,1067
284,369,491,1144
591,131,531,1253
450,553,224,1227
302,646,819,1767
704,495,595,1794
458,582,978,2018
52,349,994,1395
425,88,251,764
598,510,648,1756
884,70,487,1441
240,914,466,1620
791,951,827,2569
679,769,42,1490
993,159,857,2009
644,609,332,1585
223,611,495,1329
61,673,283,1017
643,793,956,2392
352,574,879,1805
823,62,545,1430
349,413,921,1683
837,52,960,1849
213,955,402,1570
577,775,161,1513
725,989,150,1864
915,315,567,1797
855,614,124,1593
831,415,871,2117
992,56,499,1547
864,445,441,1750
919,534,532,1985
12,478,359,849
531,601,345,1477
9,657,883,1549
475,380,323,1178
542,178,440,1160
206,849,687,1742
202,701,915,1818
545,785,185,1515
466,279,919,1664
643,103,322,1068
454,221,189,864
15,312,721,1048
269,620,844,1733
672,267,80,1019
189,483,534,1206
632,722,59,1413
638,571,738,1947
746,870,444,2060
412,197,594,1203
876,583,37,1496
728,845,296,1869
494,698,903,2095
885,67,725,1677
927,747,279,1953
916,278,48,1242
843,749,605,2197
133,240,75,448
795,814,730,2339
789,595,125,1509
948,209,223,1380
800,291,88,1179
427,776,570,1773
567,628,324,1519
870,167,637,1674
97,113,350,560
961,388,412,1761
155,376,836,1367
971,603,148,1722
843,515,415,1773
629,201,567,1397
155,823,974,1952
910,394,717,2021
558,762,57,1377
876,576,220,1672
550,328,805,1683
724,866,460,2050
837,997,641,2475
736,549,869,2154
546,291,274,1111
519,339,382,1240
617,486,549,1652
329,157,919,1405
421,655,505,1581
85,348,821,1254
909,304,710,1923
658,360,501,1519
413,238,217,868
802,968,895,2665
311,908,464,1683
355,735,590,1680
136,53,301,490
581,11,102,694
360,919,749,2028
427,63,960,1450
450,873,80,1403
516,482,440,1438
614,758,880,2252
987,971,819,2777
577,600,469,1646
371,842,648,1861
838,526,371,1735
997,144,437,1578
41,284,579,904
363,429,265,1057
147,584,803,1534
662,917,254,1833
605,75,405,1085
643,980,353,1976
996,562,573,2131
977,138,101,1216
802,976,256,2034
468,61,768,1297
892,411,733,2036
891,616,425,1932
324,307,932,1563
280,663,109,1052
707,326,262,1295
179,95,66,340
859,97,147,1103
486,265,691,1442
575,615,453,1643
149,498,878,1525
983,419,361,1763
402,946,1,1349
164,267,835,1266
501,908,378,1787
88,796,737,1621
735,121,912,1768
317,804,925,2046
977,489,868,2334
869,560,106,1535
758,449,155,1362
935,379,874,2188
845,736,521,2102
273,316,711,1300
273,357,865,1495
905,713,637,2255
535,924,647,2106
893,607,184,1684
427,324,638,1389
139,575,99,813
340,857,802,1999
780,514,296,1590
93,317,40,450
841,519,964,2324
575,555,945,2075
192,543,440,1175
528,205,917,1650
559,608,443,1610
116,687,420,1223
375,359,91,825
871,125,332,1328
790,846,563,2199
463,708,323,1494
163,158,276,597
888,310,742,1940
329,867,202,1398
947,27,446,1420
218,576,194,988
224,469,135,828
46,865,821,1732
357,497,29,883
856,339,234,1429
726,816,347,1889
184,906,43,1133
43,330,703,1076
383,938,296,1617
339,835,502,1676
26,842,876,1744
809,770,25,1604
115,390,7,512
67,541,536,1144
209,876,13,1098
574,464,349,1387
924,539,17,1480
240,151,348,739
458,811,177,1446
820,531,812,2163
604,617,106,1327
603,196,611,1410
692,265,743,1700
58,92,548,698
50,667,605,1322
71,592,86,749
383,19,391,793
629,132,351,1112
774,861,618,2253
700,525,438,1663
156,982,405,1543
369,709,467,1545
703,716,305,1724
276,227,202,705
781,855,745,2381
444,681,665,1790
330,384,178,892
94,519,105,718
180,888,489,1557
276,854,369,1499
407,243,855,1505
90,767,182,1039
86,617,962,1665
148,977,720,1845
246,423,517,1186
884,886,847,2617
883,914,452,2249
514,237,611,1362
186,692,383,1261
608,140,857,1605
964,210,765,1939
965,853,644,2462
803,140,260,1203
863,923,428,2214
920,661,150,1731
886,348,768,2002
972,704,94,1770
921,470,275,1666
371,267,243,881
366,780,599,1745
794,226,241,1261
895,145,464,1504
228,43,750,1021
268,363,483,1114
687,222,248,1157
55,753,184,992
942,723,161,1826
948,944,863,2755
310,385,239,934
39,582,561,1182
392,278,516,1186
355,928,801,2084
218,509,585,1312
632,421,795,1848
517,780,784,2081
883,499,568,1950
62,77,277,416
417,483,843,1743
836,490,965,2291
986,557,9,1552
637,155,984,1776
656,414,586,1656
801,776,390,1967
677,951,172,1800
971,252,446,1669
552,540,54,1146
791,58,64,913
537,151,404,1092
582,444,575,1601
486,611,499,1596
117,79,758,954
408,413,831,1652
793,415,421,1629
453,90,577,1120
613,19,407,1039
57,846,882,1785
725,369,114,1208
345,270,13,628
773,295,817,1885
877,614,208,1699
14,864,110,988
266,415,499,1180
1,438,317,756
927,839,810,2576
885,341,676,1902
573,41,76,690
304,896,804,2004
706,847,416,1969
576,536,889,2001
252,40,334,626
101,788,53,942
53,915,84,1052
867,223,245,1335
964,762,904,2630
338,169,868,1375
4,547,328,879
138,255,747,1140
9,872,832,1713
540,52,228,820
10,44,552,606
704,108,108,920
529,205,869,1603
141,923,616,1680
464,853,259,1576
959,536,799,2294
787,751,679,2217
952,410,848,2210
185,430,338,953
890,27,756,1673
522,224,822,1568
179,390,461,1030
35,279,468,782
766,505,454,1725
673,620,911,2204
271,13,394,678
838,164,615,1617
924,508,378,1810
793,326,336,1455
133,210,376,719
133,7,685,825
960,180,612,1752
471,588,687,1746
407,956,106,1469
941,809,926,2676
595,44,859,1498
638,537,22,1197
990,450,58,1498
571,876,29,1476
500,837,753,2090
113,218,152,483
851,720,865,2436
80,57,265,402
642,589,142,1373
680,365,138,1183
903,141,482,1526
806,183,125,1114
224,986,611,1821
744,235,971,1950
782,491,873,2146
533,90,126,749
696,252,265,1213
481,785,525,1791
666,527,341,1534
49,583,41,673
584,849,525,1958
149,141,919,1209
971,199,38,1208
992,232,393,1617
917,352,700,1969
855,477,896,2228
588,508,757,1853
903,578,685,2166
838,760,319,1917
341,176,612,1129
776,495,859,2130
827,244,533,1604
507,758,959,2224
311,424,277,1012
774,861,562,2197
331,619,928,1878
508,32,943,1483
88,906,797,1791
496,581,66,1143
281,185,132,598
302,24,449,775
566,636,370,1572
655,810,371,1836
194,246,197,637
742,271,776,1789
789,804,492,2085
437,314,974,1725
798,995,371,2164
387,987,496,1870
600,359,933,1892
500,881,467,1848
562,927,328,1817
682,187,113,982
16,372,81,469
824,149,835,1808
237,52,496,785
945,105,191,1241
177,57,15,249
509,629,32,1170
154,706,315,1175
541,193,163,897
380,737,253,1370
784,573,591,1948
500,173,195,868
686,953,341,1980
490,813,126,1429
959,214,828,2001
242,1,849,1092
418,455,488,1361
725,41,858,1624
604,532,744,1880
282,276,66,624
991,980,485,2456
933,9,357,1299
558,169,978,1705
525,431,78,1034
199,942,918,2059
673,268,256,1197
353,372,446,1171
763,621,206,1590
940,411,286,1637
277,434,404,1115
831,776,245,1852
231,324,282,837
120,737,790,1647
963,734,494,2191
840,699,439,1978
575,465,16,1056
850,657,402,1909
970,943,343,2256
751,477,473,1701
592,708,572,1872
776,299,452,1527
204,314,207,725
557,361,388,1306
885,634,157,1676
187,547,690,1424
11,268,586,865
695,345,853,1893
559,294,221,1074
798,146,910,1854
465,839,937,2241
210,164,501,875
365,476,842,1683
762,983,351,2096
595,486,180,1261
193,931,376,1500
44,234,267,545
824,439,338,1601
80,497,78,655
905,308,631,1844
864,127,178,1169
269,974,933,2176
111,132,117,360
246,415,133,794
185,158,953,1296
518,78,619,1215
500,620,939,2059
177,199,343,719
386,550,481,1417
892,250,561,1703
409,813,885,2107
178,276,98,552
951,616,712,2279
290,871,963,2124
418,398,845,1661
586,32,676,1294
174,87,742,1003
926,181,431,1538
940,186,394,1520
739,622,413,1774
172,59,828,1059
531,443,281,1255
147,904,33,1084
110,658,805,1573
789,962,203,1954
501,620,534,1655
622,516,415,1553
271,979,522,1772
877,531,691,2099
48,251,960,1259
708,156,758,1622
580,129,946,1655
744,66,597,1407
4,401,766,1171
984,545,805,2334
437,372,431,1240
612,916,179,1707
115,588,298,1001
927,227,746,1900
579,525,911,2015
670,878,250,1798
590,907,216,1713
492,379,527,1398
117,658,556,1331
135,79,417,631
131,767,439,1337
971,943,203,2117
956,620,365,1941
162,909,621,1692
940,693,444,2077
339,904,580,1823
574,449,379,1402
153,760,221,1134
72,800,668,1540
491,806,314,1611
66,345,991,1402
951,262,222,1435
11,11,905,927
375,560,258,1193
262,835,752,1849
561,43,253,857
453,108,366,927
729,102,681,1512
733,168,954,1855
62,361,613,1036
115,441,715,1271
674,828,769,2271
456,509,506,1471
28,152,330,510
232,998,206,1436
91,471,107,669
177,162,107,446
580,831,35,1446
735,47,910,1692
752,929,254,1935
379,169,152,700
618,986,466,2070
303,77,270,650
129,741,570,1440
186,885,130,1201
394,621,511,1526
962,683,858,2503
413,18,392,823
893,855,746,2494
600,863,247,1710
159,868,231,1258
691,218,498,1407
173,154,241,568
57,111,503,671
26,527,769,1322
759,467,184,1410
765,531,890,2186
230,670,698,1598
353,308,589,1250
652,505,666,1823
414,193,6,613
604,597,488,1689
7,231,654,892
912,592,862,2366
171,585,660,1416
60,813,497,1370
125,936,696,1757
558,109,571,1238
39,493,374,906
921,872,809,2602
88,154,795,1037
629,898,75,1602
173,526,899,1598
490,309,448,1247
759,269,892,1920
795,328,246,1369
776,263,316,1355
11,890,514,1415
479,112,312,903
678,937,151,1766
655,747,218,1620
832,971,204,2007
242,374,917,1533
584,646,298,1528
651,869,259,1779
905,373,218,1496
637,329,468,1434
291,154,55,500
969,633,363,1965
612,616,386,1614
233,31,732,996
327,662,238,1227
967,740,184,1891
529,775,366,1670
42,46,75,163
275,91,429,795
119,962,918,1999
469,194,239,902
787,580,346,1713
647,78,119,844
883,1,942,1826
59,515,735,1309
160,531,363,1054
493,801,409,1703
595,422,642,1659
596,977,510,2083
203,156,659,1018
258,981,861,2100
32,167,331,530
244,422,593,1259
545,665,795,2005
131,196,246,573
387,156,915,1458
177,144,376,697
341,452,608,1401
99,543,33,675
778,302,195,1275
399,612,243,1254
11,121,136,268
556,64,490,1110
495,727,64,1286
947,992,719,2658
852,175,836,1863
934,630,233,1797
38,42,621,701
977,109,914,2000
796,863,502,2161
763,21,684,1468
771,743,352,1866
2,121,693,816
934,853,871,2658
490,246,333,1069
113,436,90,639
572,423,533,1528
606,390,726,1722
807,636,911,2354
609,168,678,1455
671,85,515,1271
530,816,4,1350
669,932,234,1835
951,15,108,1074
564,563,68,1195
577,650,295,1522
576,924,19,1519
847,400,869,2116
428,528,928,1884
783,328,27,1138
697,671,924,2292
606,613,527,1746
65,863,627,1555
491,802,254,1547
44,207,105,356
670,59,205,934
764,811,814,2389
370,69,523,962
408,718,254,1380
752,877,147,1776
777,773,215,1765
8,66,40,114
492,710,1000,2202
989,217,899,2105
313,659,662,1634
370,664,420,1454
465,63,37,565
783,532,253,1568
36,608,952,1596
795,555,593,1943
247,894,809,1950
778,569,463,1810
13,591,597,1201
598,755,332,1685
16,347,458,821
416,580,915,1911
617,964,410,1991
980,402,371,1753
324,573,775,1672
594,470,522,1586
855,315,610,1780
505,989,416,1910
468,733,270,1471
680,233,357,1270
693,623,573,1889
340,293,470,1103
293,168,310,771
60,511,859,1430
834,252,588,1674
822,255,818,1895
840,306,123,1269
345,231,484,1060
905,434,753,2092
883,1,931,1815
627,39,473,1139
253,838,810,1901
518,645,629,1792
961,792,761,2514
218,285,201,704
904,83,57,1044
308,678,151,1137
523,750,930,2203
223,842,320,1385
702,163,296,1161
357,633,90,1080
833,407,239,1479
285,387,796,1468
113,743,924,1780
935,318,838,2091
190,561,868,1619
629,815,144,1588
167,491,18,676
444,416,706,1566
806,515,107,1428
982,316,654,1952
792,361,915,2068
238,519,157,914
706,385,649,1740
506,970,429,1905
515,581,721,1817
686,800,131,1617
820,168,742,1730
965,355,790,2110
909,414,795,2118
223,8,974,1205
852,433,577,1862
554,261,813,1628
898,182,477,1557
583,796,810,2189
476,597,134,1207
758,103,807,1668
545,575,318,1438
364,264,397,1025
316,362,890,1568
985,335,688,2008
532,478,228,1238
433,607,92,1132
906,381,844,2131
451,944,885,2280
14,401,174,589
434,695,792,1921
571,873,553,1997
406,296,827,1529
933,667,114,1714
359,369,952,1680
784,540,433,1757
157,120,673,950
516,432,384,1332
539,122,478,1139
27,997,811,1835
990,799,398,2187
752,695,965,2412
313,471,694,1478
812,210,222,1244
175,744,650,1569
176,819,684,1679
676,78,31,785
162,933,150,1245
519,116,295,930
258,157,19,434
123,298,173,594
488,128,886,1502
653,854,261,1768
5,148,380,533
924,731,282,1937
612,361,663,1636
221,830,982,2033
297,826,978,2101
954,895,246,2095
316,346,975,1637
62,615,529,1206
177,25,19,221
993,349,222,1564
326,724,617,1667
4,678,144,826
892,518,449,1859
781,799,372,1952
128,467,227,822
310,789,265,1364
342,778,177,1297
796,672,788,2256
528,163,477,1168
611,716,408,1735
291,568,339,1198
425,452,975,1852
86,817,199,1102
712,659,847,2218
804,991,658,2453
843,760,261,1864
882,741,284,1907
930,150,456,1536
444,276,875,1595
848,285,911,2044
23,404,579,1006
543,362,455,1360
10,93,473,576
531,428,520,1479
116,574,806,1496
322,436,56,814
374,32,910,1316
685,573,572,1830
843,938,202,1983
437,618,237,1292
737,386,175,1298
16,657,348,1021
42,901,51,994
863,398,391,1652
811,101,263,1175
650,727,219,1596
79,858,551,1488
921,905,15,1841
105,83,67,255
884,310,291,1485
86,802,614,1502
911,856,988,2755
99,335,550,984
87,528,703,1318
874,555,490,1919
177,864,925,1966
596,809,365,1770
931,325,533,1789
686,582,125,1393
443,778,438,1659
800,663,632,2095
179,951,334,1464
214,26,838,1078
38,892,155,1085
366,211,645,1222
509,895,992,2396
6,62,41,109
881,786,101,1768
510,14,930,1454
721,460,799,1980
765,970,16,1751
46,964,135,1145
119,183,155,457
740,968,370,2078
170,483,214,867
168,93,808,1069
664,897,204,1765
456,642,648,1746
788,516,112,1416
996,175,47,1218
602,901,523,2026
151,180,128,459
304,781,749,1834
117,179,946,1242
688,324,425,1437
362,238,925,1525
897,781,184,1862
640,770,389,1799
560,84,138,782
169,225,397,791
144,230,817,1191
440,811,327,1578
521,139,650,1310
628,817,653,2098
559,356,238,1153
366,686,842,1894
210,986,202,1398
980,13,214,1207
26,182,520,728
295,335,59,689
706,652,139,1497
377,681,573,1631
665,22,520,1207
921,67,470,1458
234,678,513,1425
602,223,325,1150
142,314,314,770
186,323,880,1389
595,271,69,935
813,66,990,1869
233,673,912,1818
648,279,874,1801
431,806,330,1567
208,996,878,2082
901,888,737,2526
219,204,735,1158
204,903,810,1917
666,340,641,1647
430,646,585,1661
755,305,747,1807
825,82,985,1892
619,849,263,1731
356,44,793,1193
48,710,187,945
925,644,718,2287
678,968,585,2231
124,344,307,775
617,285,420,1322
227,996,409,1632
693,222,658,1573
909,530,212,1651
884,752,183,1819
601,71,360,1032
596,417,52,1065
71,407,59,537
35,330,714,1079
472,82,225,779
862,863,161,1886
799,571,284,1654
787,577,248,1612
420,251,269,940
615,273,301,1189
29,199,947,1175
115,661,466,1242
659,601,110,1370
722,504,152,1378
326,873,473,1672
968,222,352,1542
34,83,328,445
340,924,682,1946
947,163,192,1302
629,267,471,1367
642,478,553,1673
777,37,492,1306
913,518,240,1671
912,707,720,2339
572,956,150,1678
745,541,357,1643
723,801,427,1951
863,112,709,1684
701,375,824,1900
311,478,321,1110
442,574,255,1271
570,559,581,1710
217,742,823,1782
237,439,703,1379
645,325,185,1155
288,264,769,1321
546,726,108,1380
63,800,81,944
180,942,656,1778
219,997,384,1600
151,393,711,1255
121,159,851,1131
553,89,665,1307
533,783,81,1397
478,721,322,1521
226,981,740,1947
304,482,20,806
898,619,50,1567
871,534,656,2061
297,722,64,1083
133,345,958,1436
415,619,1,1035
320,24,333,677
22,854,377,1253
930,450,83,1463
46,303,346,695
291,696,875,1862
768,665,626,2059
952,263,585,1800
749,533,373,1655
463,186,410,1059
251,873,993,2117
784,711,597,2092
666,631,117,1414
291,954,121,1366
153,889,84,1126
589,80,753,1422
528,46,780,1354
556,125,951,1632
43,216,388,647
684,189,710,1583
367,124,511,1002
732,854,1000,2586
595,435,423,1453
254,739,438,1431
409,102,736,1247
493,562,462,1517
751,370,901,2022
575,254,482,1311
82,726,952,1760
155,550,899,1604
633,881,138,1652
674,122,66,862
416,10,783,1209
130,885,477,1492
993,8,545,1546
199,913,90,1202
12,980,823,1815
215,431,450,1096
28,868,892,1788
356,858,188,1402
363,364,181,908
85,135,26,246
888,599,582,2069
427,998,370,1795
940,318,282,1540
513,893,960,2366
9,57,221,287
821,251,808,1880
358,414,964,1736
570,765,769,2104
660,923,773,2356
796,205,177,1178
375,851,737,1963
285,658,902,1845
355,687,876,1918
82,845,646,1573
208,545,255,1008
269,728,738,1735
302,312,990,1604
219,184,368,771
499,747,974,2220
944,874,440,2258
4,675,14,693
340,690,574,1604
51,578,695,1324
283,911,512,1706
759,390,374,1523
185,810,15,1010
801,906,557,2264
73,627,583,1283
49,427,250,726
978,665,297,1940
444,429,603,1476
678,147,635,1460
578,359,911,1848
326,657,153,1136
315,319,740,1374
31,822,819,1672
854,104,684,1642
461,604,677,1742
103,511,492,1106
916,908,290,2114
116,798,983,1897
262,260,808,1330
22,144,451,617
940,906,299,2145
877,651,951,2479
527,673,800,2000
272,664,887,1823
532,153,323,1008
473,145,868,1486
123,506,639,1268
18,814,342,1174
888,31,430,1349
744,599,589,1932
898,471,146,1515
95,961,627,1683
710,632,873,2215
67,829,989,1885
881,622,948,2451
745,979,131,1855
13,513,685,1211
751,999,632,2382
65,260,863,1188
453,348,136,937
573,542,703,1818
431,860,277,1568
92,205,953,1250
797,422,289,1508
21,359,971,1351
347,334,866,1547
91,627,883,1601
839,349,833,2021
332,851,518,1701
977,478,854,2309
337,833,833,2003
343,936,936,2215
823,210,810,1843
709,746,64,1519
94,900,238,1232
166,716,962,1844
169,609,337,1115
734,851,673,2258
985,921,675,2581
792,393,36,1221
489,91,998,1578
919,762,15,1696
277,35,978,1290
691,316,744,1751
423,294,652,1369
229,908,941,2078
632,688,157,1477
184,147,925,1256
416,410,866,1692
949,123,402,1474
759,989,690,2438
578,771,914,2263
726,764,36,1526
245,608,391,1244
544,571,879,1994
462,156,999,1617
771,411,938,2120
264,840,205,1309
275,248,342,865
337,807,319,1463
146,326,349,821
130,322,33,485
981,153,754,1888
643,647,165,1455
251,489,780,1520
925,752,949,2626
579,67,327,973
405,111,587,1103
485,845,675,2005
866,421,153,1440
593,667,37,1297
344,544,991,1879
894,496,523,1913
797,754,118,1669
976,752,79,1807
694,711,3,1408
742,602,873,2217
264,109,567,940
683,244,879,1806
901,761,786,2448
161,665,142,968
397,946,775,2118
188,168,61,417
732,111,287,1130
125,608,768,1501
442,798,878,2118
12,168,430,610
998,748,671,2417
153,830,239,1222
474,645,474,1593
955,121,714,1790
62,54,341,457
73,775,218,1066
38,604,881,1523
939,40,356,1335
356,922,886,2164
263,232,563,1058
951,493,48,1492
250,766,406,1422
970,925,645,2540
744,487,657,1888
137,512,160,809
864,296,18,1178
905,824,958,2687
360,372,282,1014
694,135,565,1394
176,247,766,1189
477,472,895,1844
859,592,259,1710
651,498,577,1726
457,772,804,2033
167,608,446,1221
35,384,808,1227
942,542,76,1560
115,836,215,1166
0,99,475,574
631,103,325,1059
237,491,244,972
887,810,398,2095
941,983,321,2245
796,908,247,1951
950,666,585,2201
334,78,926,1338
535,293,374,1202
651,25,709,1385
777,450,674,1901
958,15,570,1543
289,512,869,1670
377,202,143,722
885,183,329,1397
941,699,612,2252
435,668,121,1224
796,392,543,1731
745,805,696,2246
992,575,934,2501
574,776,307,1657
990,987,941,2918
313,150,950,1413
916,921,105,1942
184,70,391,645
438,296,912,1646
880,165,290,1335
441,340,624,1405
525,764,19,1308
614,952,365,1931
790,52,717,1559
849,430,110,1389
177,201,519,897
809,733,124,1666
184,136,508,828
781,757,749,2287
671,531,633,1835
875,943,410,2228
293,787,532,1612
160,586,747,1493
858,451,80,1389
1000,846,130,1976
135,854,851,1840
448,266,66,780
692,457,420,1569
790,173,471,1434
139,678,19,836
482,631,751,1864
548,561,101,1210
121,704,953,1778
178,982,30,1190
957,143,848,1948
422,289,265,976
359,159,919,1437
482,252,660,1394
195,627,410,1232
402,622,732,1756
603,435,985,2023
977,692,997,2666
769,569,537,1875
422,328,734,1484
413,572,511,1496
815,153,699,1667
613,824,327,1764
390,253,939,1582
151,714,352,1217
620,264,432,1316
465,336,289,1090
601,505,600,1706
542,984,227,1753
500,702,880,2082
905,487,941,2333
429,322,533,1284
533,532,52,1117
666,556,563,1785
28,317,694,1039
728,412,453,1593
39,695,195,929
785,912,373,2070
672,405,674,1751
22,646,814,1482
830,630,452,1912
119,584,599,1302
569,667,86,1322
145,112,481,738
592,205,88,885
660,560,841,2061
153,460,303,916
22,267,836,1125
129,485,93,707
648,296,107,1051
914,123,290,1327
442,421,276,1139
281,610,492,1383
11,245,611,867
103,887,246,1236
104,812,424,1340
914,451,49,1414
52,508,498,1058
204,830,820,1854
846,815,532,2193
40,794,349,1183
208,114,64,386
693,0,166,859
646,247,616,1509
848,664,477,1989
831,406,455,1692
973,213,762,1948
366,59,275,700
341,583,627,1551
428,462,746,1636
206,878,372,1456
792,505,767,2064
983,591,61,1635
218,630,960,1808
438,757,82,1277
17,147,911,1075
846,779,832,2457
9,301,721,1031
436,920,142,1498
870,47,975,1892
367,9,177,553
434,352,8,794
694,251,406,1351
768,264,343,1375
856,139,988,1983
292,688,359,1339
380,261,667,1308
574,360,401,1335
620,963,257,1840
709,249,700,1658
75,59,348,482
671,423,648,1742
928,683,464,2075
291,595,860,1746
230,269,796,1295
97,564,809,1470
30,963,318,1311
954,970,526,2450
850,891,975,2716
115,390,765,1270
905,587,385,1877
274,982,130,1386
933,135,143,1211
476,944,664,2084
881,75,174,1130
572,730,588,1890
724,181,491,1396
918,284,788,1990
59,919,679,1657
354,443,863,1660
348,875,596,1819
968,572,64,1604
867,971,471,2309
46,645,541,1232
99,134,814,1047
512,190,105,807
59,786,455,1300
691,517,689,1897
90,298,615,1003
187,666,42,895
44,595,847,1486
972,366,620,1958
880,660,406,1946
156,547,244,947
239,591,244,1074
634,608,827,2069
384,560,401,1345
715,747,933,2395
32,869,3,904
724,492,537,1753
889,423,154,1466
651,101,676,1428
26,617,354,997
657,226,652,1535
840,646,777,2263
647,600,945,2192
354,953,591,1898
260,557,848,1665
795,659,726,2180
456,254,587,1297
141,987,769,1897
178,123,769,1070
532,637,463,1632
846,497,682,2025
211,420,854,1485
76,270,632,978
96,621,107,824
848,24,820,1692
497,371,705,1573
118,651,859,1628
145,465,994,1604
354,875,83,1312
613,314,771,1698
41,144,265,450
35,48,509,592
566,144,506,1216
726,343,348,1417
808,190,421,1419
90,290,0,380
901,538,44,1483
471,736,206,1413
174,14,544,732
689,575,479,1743
886,354,329,1569
358,21,567,946
123,522,168,813
143,776,560,1479
465,826,181,1472
8,695,884,1587
814,413,407,1634
485,659,163,1307
11,64,290,365
483,515,839,1837
892,86,310,1288
999,229,936,2164
962,907,475,2344
979,202,438,1619
238,50,811,1099
601,151,124,876
94,341,588,1023
819,630,23,1472
107,993,842,1942
534,820,709,2063
511,180,253,944
339,951,17,1307
539,396,494,1429
22,347,49,418
592,173,130,895
263,494,179,936
61,792,151,1004
922,305,173,1400
101,110,572,783
829,78,461,1368
915,168,899,1982
778,991,47,1816
881,946,247,2074
870,903,874,2647
57,200,170,427
314,471,699,1484
919,397,858,2174
333,493,372,1198
532,793,503,1828
110,348,246,704
696,311,913,1920
869,542,826,2237
753,782,605,2140
989,217,153,1359
372,688,769,1829
851,841,775,2467
539,532,813,1884
618,255,966,1839
214,885,989,2088
687,676,230,1593
927,248,994,2169
768,190,787,1745
431,454,221,1106
405,202,874,1481
463,71,259,793
640,439,817,1896
434,139,478,1051
278,708,521,1507
588,416,248,1252
520,335,188,1043
452,874,732,2058
377,820,219,1416
289,479,666,1434
207,787,889,1883
717,469,507,1693
322,562,311,1195
548,590,481,1619
697,247,983,1927
275,263,599,1137
820,477,453,1750
738,452,17,1207
552,310,313,1175
358,832,948,2138
331,417,885,1633
751,891,453,2095
209,467,299,975
434,624,81,1139
717,151,247,1115
278,121,152,551
554,594,936,2084
999,523,891,2413
568,389,418,1375
217,115,113,445
59,366,684,1109
334,197,881,1412
97,870,495,1462
921,556,234,1711
428,259,895,1582
286,82,262,630
820,760,168,1748
499,191,969,1659
358,690,470,1518
236,21,636,893
932,236,531,1699
713,56,834,1603
224,469,480,1173
696,961,718,2375
645,696,388,1729
389,785,740,1914
46,603,505,1154
284,303,603,1190
954,151,99,1204
916,430,140,1486
828,714,396,1938
98,493,42,633
226,994,998,2218
639,617,466,1722
572,571,537,1680
152,212,435,799
898,64,867,1829
307,892,361,1560
22,659,199,880
50,720,578,1348
332,988,219,1539
363,548,776,1687
382,898,226,1506
743,379,633,1755
140,86,578,804
105,589,983,1677
823,650,451,1924
758,702,151,1611
470,329,877,1676
717,807,597,2121
155,809,559,1523
992,121,301,1414
515,7,208,730
86,385,473,944
539,781,441,1761
989,722,973,2684
4,106,995,1105
295,97,16,408
976,37,914,1927
20,795,620,1435
70,832,982,1884
466,51,281,798
751,877,723,2351
941,253,192,1386
911,218,77,1206
359,523,515,1397
811,882,280,1973
243,296,933,1472
677,445,382,1504
369,331,987,1687
499,217,505,1221
659,4,882,1545
565,705,390,1660
103,843,926,1872
221,770,656,1647
61,237,13,311
402,781,317,1500
267,178,799,1244
485,671,128,1284
585,484,119,1188
402,285,188,875
694,656,856,2206
221,672,468,1361
779,510,712,2001
26,872,334,1232
283,702,690,1675
128,301,856,1285
208,64,531,803
846,899,840,2585
564,906,433,1903
120,586,285,991
173,636,413,1222
198,205,963,1366
524,981,377,1882
399,721,258,1378
108,921,754,1783
167,449,45,661
394,342,562,1298
57,464,805,1326
166,794,808,1768
192,59,170,421
191,446,926,1563
971,384,669,2024
185,561,739,1485
776,868,723,2367
152,3,742,897
24,154,272,450
185,376,880,1441
404,418,246,1068
191,621,166,978
865,345,484,1694
209,241,936,1386
130,706,28,864
186,815,990,1991
32,396,117,545
477,483,862,1822
246,170,272,688
265,449,629,1343
301,349,947,1597
185,9,560,754
730,571,100,1401
968,451,749,2168
534,524,317,1375
600,189,725,1514
100,755,965,1820
527,359,155,1041
875,874,856,2605
8,185,318,511
52,103,326,481
892,177,398,1467
944,457,457,1858
214,323,814,1351
976,806,298,2080
293,840,367,1500
557,331,52,940
781,775,293,1849
908,875,335,2118
301,517,213,1031
409,864,729,2002
582,181,683,1446
210,912,644,1766
868,794,329,1991
440,733,208,1381
978,211,696,1885
324,382,913,1619
241,619,26,886
19,557,940,1516
982,731,776,2489
513,709,834,2056
650,150,619,1419
209,92,910,1211
873,655,377,1905
86,707,990,1783
807,219,982,2008
388,111,87,586
207,862,230,1299
416,571,607,1594
744,817,978,2539
99,670,954,1723
940,493,782,2215
939,945,318,2202
180,780,434,1394
999,24,912,1935
169,520,304,993
844,264,617,1725
837,375,797,2009
166,892,890,1948
974,390,663,2027
206,949,719,1874
585,524,410,1519
67,679,445,1191
658,748,260,1666
421,111,606,1138
237,377,606,1220
71,910,597,1578
517,269,179,965
548,542,947,2037
717,702,989,2408
462,833,691,1986
971,301,118,1390
388,797,898,2083
425,995,217,1637
713,821,360,1894
135,34,362,531
839,214,70,1123
214,930,136,1280
591,338,365,1294
756,32,754,1542
222,616,84,922
384,19,469,872
516,648,964,2128
231,307,59,597
387,89,137,613
413,761,493,1667
579,783,626,1988
589,454,904,1947
257,799,511,1567
776,538,33,1347
189,775,70,1034
772,79,475,1326
745,266,828,1839
149,565,193,907
495,475,496,1466
634,79,440,1153
228,917,619,1764
583,58,234,875
947,354,555,1856
669,70,530,1269
327,953,747,2027
996,652,749,2397
605,419,257,1281
118,697,957,1772
161,516,595,1272
663,810,497,1970
908,98,827,1833
230,228,857,1315
898,206,906,2010
719,705,916,2340
521,678,674,1873
513,196,118,827
731,179,17,927
281,850,31,1162
375,36,817,1228
298,631,21,950
998,57,765,1820
995,951,143,2089
680,513,977,2170
574,877,514,1965
80,818,180,1078
174,559,833,1566
207,256,463,926
485,402,593,1480
344,373,431,1148
954,891,940,2785
72,245,334,651
869,777,404,2050
867,489,144,1500
224,739,30,993
815,165,764,1744
867,512,995,2374
857,220,138,1215
268,251,928,1447
881,774,995,2650
16,619,423,1058
192,287,199,678
402,624,348,1374
947,320,318,1585
872,132,361,1365
63,206,955,1224
280,235,370,885
938,80,916,1934
911,822,22,1755
714,82,252,1048
678,822,855,2355
9,426,814,1249
343,392,939,1674
281,625,993,1899
598,732,940,2270
879,115,996,1990
556,601,509,1666
338,203,506,1047
912,340,330,1582
398,897,30,1325
382,632,716,1730
867,671,366,1904
412,748,757,1917
689,477,810,1976
65,240,825,1130
191,48,518,757
726,661,782,2169
638,107,398,1143
9,975,335,1319
785,902,479,2166
984,114,55,1153
847,858,577,2282
331,827,442,1600
331,640,540,1511
279,131,20,430
884,14,280,1178
216,24,880,1120
39,268,478,785
556,447,353,1356
60,384,44,488
142,21,355,518
313,736,941,1990
607,97,695,1399
222,930,35,1187
387,135,517,1039
252,508,153,913
788,159,458,1405
74,35,635,744
665,927,421,2013
866,885,441,2192
615,39,405,1059
172,117,222,511
625,984,415,2024
126,474,175,775
326,827,850,2003
33,671,473,1177
311,415,318,1044
683,101,660,1444
144,427,157,728
501,415,557,1473
271,923,495,1689
54,40,687,781
124,798,197,1119
994,213,541,1748
3,949,196,1148
500,289,433,1222
179,177,176,532
86,236,96,418
148,890,749,1787
751,77,160,988
683,952,286,1921
272,636,18,926
68,993,222,1283
998,170,310,1478
739,733,736,2208
540,682,912,2134
277,260,509,1046
642,362,919,1923
509,688,979,2176
935,638,570,2143
1000,194,914,2108
517,314,807,1638
755,995,585,2335
764,510,759,2033
766,230,466,1462
978,404,964,2346
873,793,224,1890
413,742,567,1722
860,604,962,2426
974,348,155,1477
491,61,352,904
279,847,168,1294
434,239,954,1627
25,365,728,1118
5,864,712,1581
525,998,666,2189
715,279,222,1216
667,24,784,1475
557,809,921,2287
807,722,633,2162
465,940,961,2366
788,406,834,2028
55,586,31,672
64,730,339,1133
491,420,728,1639
161,834,371,1366
223,124,123,470
403,713,632,1748
821,855,400,2076
176,938,484,1598
769,292,382,1443
390,456,743,1589
268,981,611,1860
869,12,23,904
962,465,624,2051
424,275,345,1044
308,691,765,1764
489,461,766,1716
611,193,741,1545
800,611,350,1761
752,730,960,2442
790,302,743,1835
196,445,315,956
72,739,644,1455
721,26,479,1226
43,243,799,1085
959,405,938,2302
726,513,855,2094
718,425,525,1668
189,258,911,1358
237,922,724,1883
140,691,348,1179
684,312,109,1105
424,227,406,1057
684,328,581,1593
482,623,688,1793
409,15,399,823
349,56,638,1043
934,822,18,1774
223,649,353,1225
460,623,462,1545
787,448,1,1236
893,672,817,2382
562,304,559,1425
71,748,824,1643
233,490,71,794
170,306,910,1386
735,879,648,2262
106,567,33,706
280,56,197,533
541,769,368,1678
583,949,365,1897
709,694,907,2310
426,612,363,1401
94,869,19,982
286,416,470,1172
465,135,138,738
653,387,732,1772
169,293,119,581
467,488,309,1264
455,249,725,1429
995,745,959,2699
273,461,28,762
667,857,607,2131
356,587,777,1720
109,308,549,966
488,263,634,1385
34,132,361,527
56,328,948,1332
199,464,520,1183
930,118,596,1644
11,357,273,641
53,62,382,497
257,170,453,880
345,73,548,966
17,135,690,842
441,925,513,1879
13,660,642,1315
321,44,155,520
921,288,40,1249
815,923,990,2728
789,226,300,1315
12,796,949,1757
933,257,472,1662
236,305,1,542
625,969,259,1853
192,996,189,1377
354,700,485,1539
894,607,328,1829
704,803,59,1566
113,955,491,1559
690,635,795,2120
2,268,651,921
712,648,952,2312
260,105,841,1206
469,657,74,1200
820,487,470,1777
949,988,386,2323
384,241,217,842
941,327,163,1431
970,610,579,2159
607,411,451,1469
314,366,968,1648
538,426,436,1400
162,489,630,1281
64,568,396,1028
345,6,689,1040
558,515,426,1499
44,392,307,743
758,583,481,1822
74,383,283,740
771,329,970,2070
211,226,146,583
279,691,679,1649
941,525,982,2448
9,622,508,1139
146,272,157,575
254,22,733,1009
71,706,945,1722
576,45,907,1528
940,507,431,1878
138,227,242,607
25,671,579,1275
154,175,287,616
228,830,75,1133
219,812,39,1070
547,409,820,1776
766,409,116,1291
929,356,636,1921
813,490,815,2118
590,448,253,1291
246,782,600,1628
636,450,955,2041
11,977,545,1533
87,388,65,540
565,802,969,2336
819,704,680,2203
822,40,159,1021
151,840,902,1893
731,26,379,1136
839,778,844,2461
39,788,141,968
629,566,401,1596
59,424,23,506
510,340,296,1146
778,641,404,1823
749,893,265,1907
782,129,724,1635
796,845,189,1830
829,935,460,2224
533,79,174,786
996,801,807,2604
294,112,901,1307
173,997,705,1875
976,576,753,2305
147,684,442,1273
604,109,381,1094
301,820,706,1827
18,773,216,1007
794,338,357,1489
58,837,250,1145
835,122,68,1025
630,577,914,2121
207,185,833,1225
258,106,456,820
430,336,311,1077
739,462,374,1575
850,909,324,2083
527,926,20,1473
195,890,662,1747
216,872,698,1786
770,36,331,1137
738,560,282,1580
780,314,636,1730
49,478,142,669
293,386,887,1566
701,249,525,1475
139,308,653,1100
904,760,584,2248
923,768,718,2409
973,190,805,1968
459,467,143,1069
326,989,538,1853
224,406,510,1140
954,12,820,1786
83,963,864,1910
499,648,610,1757
956,472,744,2172
702,964,600,2266
686,371,147,1204
521,823,525,1869
269,703,2,974
804,254,218,1276
196,458,910,1564
347,163,580,1090
209,348,273,830
131,904,606,1641
941,919,668,2528
650,56,586,1292
714,34,387,1135
646,289,896,1831
761,619,567,1947
835,301,671,1807
942,316,748,2006
441,690,907,2038
280,493,928,1701
474,153,9,636
879,295,579,1753
7,134,65,206
381,300,95,776
581,539,528,1648
930,81,863,1874
150,283,788,1221
253,529,162,944
169,348,778,1295
832,931,855,2618
876,203,75,1154
770,301,93,1164
761,524,83,1368
840,892,197,1929
685,365,374,1424
916,875,612,2403
659,546,227,1432
144,711,69,924
693,154,34,881
532,337,927,1796
208,288,688,1184
153,950,252,1355
474,715,220,1409
697,71,360,1128
840,624,968,2432
361,6,787,1154
973,575,788,2336
118,846,29,993
816,271,577,1664
616,662,319,1597
821,966,762,2549
842,274,657,1773
507,584,227,1318
3,890,896,1789
115,962,685,1762
318,122,657,1097
369,839,787,1995
456,508,516,1480
443,231,18,692
447,773,263,1483
4,200,973,1177
631,119,502,1252
354,277,5,636
155,157,259,571
115,624,377,1116
938,447,935,2320
220,361,453,1034
894,391,659,1944
994,640,450,2084
968,913,992,2873
142,732,220,1094
326,124,978,1428
653,86,652,1391
833,318,424,1575
889,719,86,1694
727,229,488,1444
770,930,133,1833
74,455,864,1393
982,499,494,1975
550,820,104,1474
942,725,640,2307
214,377,803,1394
321,812,256,1389
413,744,148,1305
983,569,163,1715
454,491,113,1058
598,237,560,1395
414,367,703,1484
278,823,686,1787
63,494,14,571
256,262,204,722
564,348,195,1107
88,81,530,699
458,978,770,2206
9,642,844,1495
802,977,999,2778
87,817,229,1133
632,219,236,1087
774,58,861,1693
649,156,529,1334
582,191,793,1566
869,551,791,2211
532,973,451,1956
646,978,342,1966
332,672,88,1092
11,676,232,919
689,257,374,1320
65,34,985,1084
275,693,652,1620
91,260,570,921
398,963,770,2131
66,4,455,525
263,255,938,1456
550,938,669,2157
781,697,53,1531
33,197,146,376
824,97,779,1700
36,543,962,1541
378,939,3,1320
640,889,15,1544
514,364,547,1425
557,896,182,1635
897,685,628,2210
798,220,998,2016
621,294,593,1508
495,701,127,1323
561,75,933,1569
888,278,83,1249
952,14,841,1807
576,140,562,1278
524,714,971,2209
518,165,132,815
612,154,685,1451
982,675,587,2244
255,267,249,771
73,851,6,930
683,36,314,1033
942,826,88,1856
758,872,816,2446
301,866,802,1969
516,290,900,1706
264,328,721,1313
430,248,97,775
657,766,459,1882
347,531,331,1209
243,953,812,2008
674,831,937,2442
550,940,584,2074
66,511,993,1570
50,273,101,424
329,934,206,1469
940,716,662,2318
367,941,761,2069
524,128,593,1245
599,407,253,1259
877,930,828,2635
548,963,689,2200
54,471,334,859
20,917,928,1865
366,921,697,1984
253,223,146,622
505,745,394,1644
977,409,957,2343
626,914,914,2454
815,111,304,1230
263,566,922,1751
379,971,245,1595
804,137,528,1469
653,373,542,1568
922,665,648,2235
798,603,198,1599
283,612,491,1386
172,429,828,1429
182,842,963,1987
572,760,637,1969
316,71,283,670
140,606,523,1269
521,519,131,1171
757,119,550,1426
207,928,275,1410
669,806,582,2057
469,915,985,2369
165,490,586,1241
678,965,720,2363
351,295,891,1537
85,907,287,1279
619,814,519,1952
372,830,555,1757
188,254,896,1338
453,568,518,1539
624,373,848,1845
105,760,794,1659
796,361,141,1298
719,559,357,1635
337,182,76,595
198,425,832,1455
921,728,424,2073
520,133,204,857
986,965,601,2552
790,667,13,1470
607,980,339,1926
733,726,668,2127
522,134,666,1322
626,864,953,2443
232,851,325,1408
63,697,567,1327
796,510,346,1652
837,624,820,2281
726,623,167,1516
901,510,539,1950
206,893,688,1787
887,274,312,1473
902,671,186,1759
488,665,800,1953
445,682,796,1923
670,696,357,1723
809,794,314,1917
479,475,415,1369
899,117,678,1694
376,771,158,1305
86,179,819,1084
575,7,12,594
345,795,86,1226
985,403,541,1929
383,410,372,1165
437,565,900,1902
494,293,679,1466
336,417,706,1459
159,532,317,1008
424,664,407,1495
775,204,205,1184
608,51,50,709
23,704,894,1621
386,690,468,1544
298,363,738,1399
245,90,164,499
95,345,145,585
713,642,996,2351
299,453,799,1551
794,969,966,2729
582,50,145,777
583,875,645,2103
98,803,86,987
614,562,638,1814
1,941,250,1192
967,566,252,1785
129,552,241,922
679,705,721,2105
347,103,551,1001
670,242,462,1374
616,951,695,2262
139,41,598,778
323,433,151,907
824,915,508,2247
151,476,990,1617
929,414,36,1379
317,269,66,652
804,358,326,1488
808,459,691,1958
136,582,66,784
504,442,832,1778
49,806,678,1533
357,984,509,1850
677,88,376,1141
733,304,5,1042
195,79,535,809
18,633,487,1138
1000,745,849,2594
658,276,843,1777
669,104,801,1574
963,175,232,1370
468,468,433,1369
539,234,330,1103
228,514,484,1226
691,725,235,1651
239,147,342,728
488,20,225,733
891,389,61,1341
262,760,2,1024
990,303,674,1967
196,589,434,1219
406,498,236,1140
825,470,317,1612
595,709,470,1774
547,329,728,1604
915,600,208,1723
465,271,41,777
639,679,127,1445
364,31,126,521
718,522,614,1854
764,303,587,1654
645,975,581,2201
999,387,487,1873
847,986,294,2127
411,375,236,1022
186,975,168,1329
92,32,693,817
263,381,674,1318
796,174,566,1536
865,513,552,1930
38,387,617,1042
316,422,863,1601
894,852,345,2091
65,866,814,1745
220,817,312,1349
605,713,427,1745
108,420,287,815
304,341,737,1382
817,354,997,2168
300,378,969,1647
26,682,643,1351
844,319,315,1478
782,498,131,1411
217,960,411,1588
418,379,671,1468
860,785,745,2390
162,945,373,1480
943,520,98,1561
847,216,793,1856
736,905,641,2282
515,596,485,1596
258,936,784,1978
346,405,830,1581
42,438,942,1422
990,819,135,1944
718,823,267,1808
561,783,394,1738
942,312,234,1488
229,45,577,851
237,145,297,679
673,24,698,1395
361,49,391,801
948,566,130,1644
944,109,640,1693
983,471,916,2370
778,501,563,1842
429,754,693,1876
941,669,99,1709
283,604,281,1168
93,352,787,1232
588,416,331,1335
467,936,759,2162
717,187,726,1630
884,453,496,1833
584,115,279,978
11,510,445,966
340,585,139,1064
630,679,808,2117
218,57,161,436
234,816,908,1958
184,537,83,804
212,141,733,1086
839,250,36,1125
360,682,543,1585
961,361,228,1550
180,86,724,990
237,35,283,555
364,843,882,2089
990,737,540,2267
58,594,929,1581
443,902,422,1767
724,645,648,2017
689,71,475,1235
818,190,768,1776
554,804,584,1942
490,559,343,1392
114,226,890,1230
234,868,990,2092
512,965,453,1930
738,31,742,1511
890,475,136,1501
226,376,85,687
626,651,694,1971
492,790,59,1341
390,503,742,1635
104,722,72,898
896,358,975,2229
975,863,559,2397
479,341,858,1678
684,33,999,1716
228,437,718,1383
822,803,398,2023
478,934,348,1760
292,274,242,808
188,176,421,785
740,307,205,1252
902,72,69,1043
947,694,10,1651
60,806,225,1091
477,336,83,896
812,51,320,1183
963,987,611,2561
944,352,39,1335
285,124,209,618
976,577,391,1944
835,592,606,2033
131,830,977,1938
738,365,545,1648
140,309,685,1134
102,790,990,1882
704,411,279,1394
198,82,676,956
49,625,38,712
164,81,597,842
48,8,566,622
482,449,96,1027
154,599,465,1218
475,586,422,1483
718,815,715,2248
766,526,952,2244
69,941,945,1955
864,597,906,2367
341,709,500,1550
665,116,415,1196
540,330,544,1414
338,98,68,504
153,842,534,1529
134,449,860,1443
169,612,120,901
962,179,902,2043
659,756,276,1691
477,838,5,1320
359,444,647,1450
495,563,412,1470
229,269,760,1258
635,957,2,1594
797,110,599,1506
964,651,660,2275
56,276,973,1305
161,110,408,679
826,97,673,1596
465,327,429,1221
370,94,266,730
551,548,857,1956
208,415,14,637
454,925,286,1665
316,255,221,792
387,877,473,1737
249,541,409,1199
43,733,231,1007
120,376,965,1461
146,494,888,1528
126,600,254,980
826,652,768,2246
233,976,813,2022
820,413,63,1296
336,221,19,576
877,407,768,2052
432,916,349,1697
362,456,205,1023
256,406,237,899
108,585,903,1596
944,852,570,2366
871,71,128,1070
99,552,992,1643
472,351,820,1643
20,889,229,1138
130,72,520,722
597,7,437,1041
354,153,865,1372
717,268,684,1669
712,97,254,1063
313,216,145,674
790,516,487,1793
449,434,966,1849
642,362,656,1660
233,162,831,1226
288,595,57,940
702,758,521,1981
133,325,91,549
284,351,439,1074
173,552,278,1003
666,662,559,1887
507,611,686,1804
792,318,405,1515
237,145,323,705
773,926,705,2404
338,612,207,1157
667,908,830,2405
211,805,361,1377
784,907,941,2632
645,688,403,1736
936,899,490,2325
654,821,937,2412
293,324,116,733
599,48,727,1374
700,660,849,2209
593,638,944,2175
505,542,650,1697
419,240,338,997
552,959,440,1951
820,220,622,1662
118,993,122,1233
44,336,365,745
969,844,466,2279
670,132,154,956
892,180,569,1641
501,160,643,1304
594,323,323,1240
343,85,951,1379
259,274,865,1398
402,377,114,893
678,642,209,1529
122,452,318,892
48,496,865,1409
230,451,182,863
117,14,502,633
911,244,280,1435
807,527,273,1607
596,817,204,1617
6,959,456,1421
377,624,13,1014
301,558,116,975
567,969,613,2149
461,896,972,2329
516,3,746,1265
189,291,53,533
80,355,647,1082
204,8,721,933
951,26,179,1156
112,503,72,687
64,367,111,542
310,845,616,1771
750,744,207,1701
498,245,841,1584
855,18,385,1258
957,533,652,2142
175,788,201,1164
69,174,154,397
890,151,808,1849
72,89,63,224
263,619,111,993
503,86,724,1313
841,648,431,1920
114,569,883,1566
613,922,787,2322
263,891,939,2093
177,11,944,1132
275,644,621,1540
679,605,340,1624
707,973,608,2288
526,427,572,1525
216,460,45,721
853,453,971,2277
906,543,713,2162
496,172,908,1576
597,923,600,2120
851,108,866,1825
19,937,854,1810
205,92,676,973
629,113,854,1596
495,655,140,1290
450,80,750,1280
369,674,753,1796
938,134,126,1198
719,328,86,1133
61,400,442,903
676,312,922,1910
314,437,819,1570
878,996,526,2400
939,251,659,1849
770,802,325,1897
749,502,486,1737
5,472,210,687
81,332,555,968
684,891,693,2268
431,266,670,1367
30,914,94,1038
34,159,659,852
829,280,960,2069
76,170,347,593
759,576,386,1721
1000,307,393,1700
395,49,285,729
291,960,374,1625
162,271,886,1319
21,739,627,1387
535,852,699,2086
333,213,148,694
691,465,250,1406
223,445,669,1337
446,213,25,684
653,999,724,2376
682,31,135,848
307,228,707,1242
61,276,349,686
140,603,921,1664
653,776,738,2167
390,515,239,1144
206,656,719,1581
929,946,231,2106
570,671,764,2005
449,668,90,1207
273,203,304,780
704,369,187,1260
510,941,996,2447
956,463,177,1596
90,468,80,638
665,476,418,1559
223,361,719,1303
645,466,90,1201
824,748,841,2413
456,204,257,917
46,278,818,1142
462,38,598,1098
28,403,753,1184
27,555,842,1424
891,351,725,1967
591,853,198,1642
276,661,472,1409
394,830,148,1372
96,273,982,1351
739,169,839,1747
870,863,874,2607
687,258,106,1051
472,67,16,555
442,266,733,1441
196,606,872,1674
536,399,968,1903
563,644,52,1259
702,33,492,1227
272,411,762,1445
110,629,7,746
710,271,667,1648
555,228,267,1050
353,375,478,1206
507,570,679,1756
102,604,882,1588
948,617,288,1853
913,117,771,1801
120,561,894,1575
219,460,216,895
529,48,10,587
627,120,273,1020
319,131,458,908
117,864,218,1199
108,732,686,1526
170,958,875,2003
833,805,333,1971
317,583,934,1834
33,540,506,1079
35,75,932,1042
491,868,621,1980
39,734,140,913
142,875,226,1243
412,210,559,1181
970,892,263,2125
62,431,125,618
75,824,420,1319
134,521,942,1597
17,260,317,594
733,132,547,1412
674,595,105,1374
352,13,198,563
284,203,238,725
271,397,862,1530
108,415,844,1367
131,641,446,1218
739,384,104,1227
10,479,905,1394
680,460,502,1642
762,12,487,1261
214,814,929,1957
13,906,723,1642
103,513,84,700
987,939,987,2913
326,981,983,2290
891,316,468,1675
401,686,814,1901
516,812,45,1373
477,352,384,1213
405,234,57,696
434,377,327,1138
295,844,24,1163
86,261,153,500
78,5,472,555
899,86,922,1907
216,895,20,1131
589,167,364,1120
902,812,879,2593
35,575,23,633
156,43,890,1089
879,847,963,2689
115,142,786,1043
986,944,545,2475
449,314,731,1494
47,329,211,587
688,410,777,1875
934,133,721,1788
365,421,580,1366
802,820,138,1760
549,823,525,1897
635,685,78,1398
115,437,816,1368
778,633,59,1470
153,916,688,1757
465,247,887,1599
296,739,149,1184
80,283,664,1027
262,496,922,1680
681,629,32,1342
556,193,57,806
864,545,628,2037
73,948,52,1073
160,38,554,752
987,363,983,2333
402,761,988,2151
734,492,700,1926
378,208,100,686
513,413,657,1583
451,337,872,1660
936,517,136,1589
763,7,761,1531
666,927,265,1858
243,314,81,638
103,828,221,1152
77,177,207,461
190,665,989,1844
704,838,127,1669
24,243,331,598
244,91,788,1123
681,887,227,1795
295,70,682,1047
495,817,697,2009
916,660,242,1818
327,509,411,1247
401,895,882,2178
140,597,448,1185
47,130,250,427
580,324,775,1679
377,541,100,1018
116,240,215,571
243,378,678,1299
278,82,322,682
741,533,78,1352
761,863,615,2239
959,941,233,2133
559,349,26,934
248,393,867,1508
721,23,758,1502
320,735,618,1673
83,391,303,777
262,346,799,1407
798,900,201,1899
764,482,144,1390
143,837,524,1504
596,194,239,1029
877,195,877,1949
282,656,340,1278
466,538,603,1607
167,153,212,532
827,657,293,1777
182,201,217,600
309,375,46,730
501,63,631,1195
180,257,176,613
246,255,79,580
49,111,140,300
336,747,220,1303
103,897,551,1551
622,65,980,1667
362,779,425,1566
411,45,794,1250
675,367,370,1412
689,137,621,1447
98,589,320,1007
501,58,785,1344
558,96,790,1444
714,937,203,1854
725,260,283,1268
119,580,778,1477
978,109,758,1845
850,34,200,1084
848,316,829,1993
613,621,770,2004
282,51,248,581
328,156,164,648
926,488,373,1787
57,348,355,760
797,878,934,2609
119,341,815,1275
149,652,652,1453
745,147,593,1485
886,618,686,2190
340,542,323,1205
972,576,990,2538
57,183,217,457
9,273,251,533
394,484,188,1066
333,841,244,1418
136,134,569,839
179,725,901,1805
892,314,273,1479
678,75,964,1717
459,761,312,1532
826,397,419,1642
117,59,636,812
708,834,946,2488
588,262,462,1312
545,813,174,1532
684,225,424,1333
279,345,408,1032
487,630,714,1831
971,862,892,2725
976,564,344,1884
343,216,811,1370
697,205,175,1077
401,325,98,824
65,715,298,1078
613,952,328,1893
895,169,796,1860
198,731,823,1752
538,535,413,1486
370,135,745,1250
113,665,622,1400
249,80,441,770
725,244,297,1266
808,805,361,1974
544,374,750,1668
48,734,766,1548
659,51,944,1654
193,364,285,842
845,71,582,1498
656,400,508,1564
846,964,875,2685
874,531,789,2194
938,283,502,1723
429,19,115,563
83,180,18,281
39,771,629,1439
696,388,121,1205
920,956,507,2383
841,301,826,1968
83,300,110,493
384,832,177,1393
911,713,596,2220
395,981,42,1418
637,173,345,1155
775,223,196,1194
29,498,304,831
801,716,217,1734
605,605,525,1735
547,22,647,1216
750,756,938,2444
842,664,678,2184
239,322,17,578
917,946,502,2365
523,617,957,2097
676,460,799,1935
636,753,203,1592
944,113,520,1577
128,978,343,1449
614,709,359,1682
427,98,249,774
293,203,685,1181
870,519,403,1792
899,552,734,2185
162,953,77,1192
623,888,550,2061
710,472,661,1843
133,347,246,726
654,560,837,2051
466,782,927,2175
443,512,914,1869
74,838,893,1805
17,539,936,1492
919,719,448,2086
21,171,531,723
686,284,243,1213
482,22,52,556
254,866,374,1494
957,86,353,1396
11,122,469,602
501,509,824,1834
198,777,945,1920
997,210,49,1256
313,384,536,1233
93,59,420,572
652,341,315,1308
785,960,492,2237
863,684,33,1580
855,498,659,2012
313,600,918,1831
663,747,518,1928
217,789,51,1057
306,699,698,1703
349,114,922,1385
25,769,897,1691
335,902,560,1797
113,186,306,605
818,573,344,1735
432,46,381,859
513,558,555,1626
833,3,696,1532
891,330,747,1968
755,224,768,1747
744,421,528,1693
44,21,58,123
170,949,397,1516
498,311,189,998
290,855,792,1937
857,5,701,1563
342,958,558,1858
661,655,606,1922
449,930,739,2118
7,797,770,1574
724,273,967,1964
867,157,484,1508
661,690,967,2318
208,344,181,733
39,873,341,1253
659,973,11,1643
223,679,665,1567
771,126,328,1225
864,609,941,2414
969,480,492,1941
514,240,739,1493
383,759,954,2096
461,267,408,1136
189,98,633,920
595,276,451,1322
858,882,453,2193
172,225,78,475
176,467,996,1639
502,956,430,1888
626,341,980,1947
27,64,605,696
253,714,645,1612
171,804,960,1935
499,224,460,1183
655,969,424,2048
764,164,92,1020
689,123,84,896
477,130,987,1594
455,681,382,1518
653,11,794,1458
404,797,680,1881
719,873,666,2258
979,662,806,2447
182,911,472,1565
735,17,91,843
857,657,158,1672
145,377,134,656
457,253,285,995
838,120,979,1937
375,995,546,1916
559,276,322,1157
634,898,845,2377
24,243,407,674
438,49,842,1329
902,705,723,2330
795,67,351,1213
369,915,363,1647
15,747,42,804
302,878,528,1708
179,395,858,1432
101,447,191,739
694,454,4,1152
665,460,390,1515
957,957,329,2243
977,368,559,1904
290,452,955,1697
630,840,982,2452
556,259,688,1503
697,717,460,1874
756,360,651,1767
505,493,561,1559
201,832,470,1503
768,847,37,1652
337,44,640,1021
965,855,378,2198
165,733,442,1340
95,276,461,832
218,782,172,1172
363,863,792,2018
110,101,445,656
453,236,422,1111
457,842,647,1946
118,443,29,590
133,561,487,1181
899,518,905,2322
897,151,896,1944
748,195,342,1285
104,520,309,933
906,360,576,1842
897,448,632,1977
19,623,583,1225
142,639,387,1168
659,341,704,1704
488,402,123,1013
111,508,363,982
681,151,711,1543
540,19,791,1350
258,858,440,1556
337,888,558,1783
462,182,605,1249
151,538,551,1240
137,141,349,627
480,353,185,1018
695,678,436,1809
995,264,307,1566
960,893,736,2589
302,774,642,1718
752,750,198,1700
110,705,179,994
597,227,743,1567
832,627,388,1847
640,378,900,1918
453,116,938,1507
631,326,361,1318
82,679,957,1718
877,803,687,2367
481,29,745,1255
210,460,792,1462
534,742,448,1724
939,310,235,1484
687,899,691,2277
209,118,560,887
667,483,717,1867
415,424,160,999
571,182,27,780
874,878,900,2652
507,384,733,1624
836,452,780,2068
997,622,529,2148
461,941,409,1811
451,146,830,1427
473,879,868,2220
101,685,181,967
912,729,787,2428
393,239,603,1235
348,42,151,541
502,409,120,1031
791,319,184,1294
688,843,137,1668
160,135,854,1149
612,959,416,1987
593,944,998,2535
339,1000,989,2328
4,154,162,320
161,592,415,1168
713,464,656,1833
595,237,270,1102
900,515,95,1510
726,399,282,1407
135,431,459,1025
120,94,816,1030
569,984,145,1698
865,238,200,1303
198,125,440,763
346,940,241,1527
828,653,684,2165
94,545,967,1606
329,394,231,954
403,0,470,873
776,189,658,1623
894,317,540,1751
520,104,884,1508
171,993,194,1358
880,281,310,1471
312,547,55,914
652,217,341,1210
543,783,752,2078
758,69,413,1240
491,788,604,1883
450,70,824,1344
794,864,727,2385
100,691,54,845
789,413,469,1671
375,784,445,1604
486,713,631,1830
793,60,761,1614
676,744,53,1473
990,312,634,1936
847,964,962,2773
253,299,10,562
170,216,494,880
854,148,514,1516
687,849,630,2166
391,156,55,602
36,677,382,1095
842,116,1000,1958
742,109,406,1257
363,124,667,1154
131,3,241,375
333,179,903,1415
1,281,201,483
129,832,318,1279
359,66,916,1341
276,573,529,1378
553,861,684,2098
734,606,260,1600
460,661,688,1809
576,62,569,1207
175,72,542,789
675,518,470,1663
522,94,739,1355
23,144,371,538
822,268,349,1439
351,689,826,1866
654,739,842,2235
102,217,860,1179
804,556,271,1631
536,242,221,999
147,430,196,773
302,66,633,1001
68,580,539,1187
244,945,12,1201
360,330,552,1242
495,698,187,1380
564,94,356,1014
201,794,990,1985
369,233,968,1570
331,55,787,1173
640,374,444,1458
4,797,338,1139
516,301,948,1765
674,992,863,2529
575,448,309,1332
628,849,651,2128
169,885,384,1438
524,791,356,1671
149,723,1000,1872
309,792,579,1680
548,666,955,2169
527,926,770,2223
468,802,919,2189
946,141,604,1691
150,316,228,694
301,0,95,396
576,825,293,1694
696,493,549,1738
165,53,337,555
344,334,749,1427
177,230,30,437
548,575,56,1179
947,407,827,2181
383,785,465,1633
97,561,284,942
340,220,314,874
415,860,960,2235
500,799,972,2271
404,339,185,928
296,599,864,1759
721,451,708,1880
379,847,935,2161
996,222,377,1595
200,884,98,1182
761,256,685,1702
907,542,488,1937
723,205,471,1399
127,293,46,466
732,399,539,1670
420,12,151,583
364,283,594,1241
391,976,561,1928
235,231,319,785
46,721,264,1031
776,760,899,2435
674,196,135,1005
763,828,553,2144
691,803,136,1630
629,468,961,2058
949,426,286,1661
367,586,698,1651
9,413,194,616
875,610,299,1784
913,156,241,1310
274,258,288,820
414,649,6,1069
813,226,294,1333
106,981,741,1828
991,958,1,1950
726,565,328,1619
181,993,660,1834
409,69,469,947
694,205,272,1171
42,267,128,437
288,420,910,1618
923,48,576,1547
8,963,220,1191
245,467,242,954
818,768,923,2509
142,572,29,743
22,298,269,589
101,596,224,921
636,525,154,1315
2,603,72,677
123,496,226,845
314,49,877,1240
660,166,377,1203
167,121,56,344
902,493,854,2249
382,324,515,1221
959,186,100,1245
473,289,393,1155
820,758,254,1832
199,550,425,1174
646,328,874,1848
576,993,561,2130
641,975,923,2539
424,316,184,924
712,872,800,2384
973,549,24,1546
756,720,274,1750
990,560,992,2542
310,745,382,1437
557,520,186,1263
310,702,699,1711
792,307,679,1778
277,195,746,1218
356,473,738,1567
127,886,674,1687
119,571,940,1630
220,782,978,1980
117,949,331,1397
26,537,88,651
220,724,943,1887
227,465,173,865
17,427,690,1134
34,104,698,836
192,338,259,789
146,881,293,1320
353,536,407,1296
596,653,48,1297
791,760,78,1629
546,716,702,1964
159,728,403,1290
356,869,339,1564
498,953,540,1991
433,159,383,975
78,439,845,1362
588,829,575,1992
420,841,133,1394
980,270,127,1377
11,430,782,1223
615,171,867,1653
854,657,173,1684
413,104,496,1013
269,521,108,898
191,238,580,1009
68,652,220,940
875,887,670,2432
548,550,47,1145
406,819,657,1882
799,194,137,1130
314,8,43,365
359,878,377,1614
9,452,507,968
359,846,973,2178
516,986,124,1626
417,857,46,1320
975,146,183,1304
922,537,155,1614
344,305,582,1231
851,508,129,1488
198,666,621,1485
399,414,623,1436
108,17,718,843
147,951,617,1715
243,182,552,977
496,358,196,1050
244,747,39,1030
574,764,781,2119
976,297,174,1447
13,220,615,848
930,142,364,1436
109,679,270,1058
254,791,637,1682
966,283,72,1321
931,342,187,1460
895,680,861,2436
392,909,527,1828
814,367,562,1743
431,943,200,1574
156,820,835,1811
662,358,131,1151
600,350,761,1711
584,633,254,1471
780,436,507,1723
457,847,882,2186
611,65,14,690
977,463,149,1589
95,253,284,632
688,762,97,1547
258,549,919,1726
111,510,517,1138
794,469,932,2195
150,58,218,426
689,407,837,1933
447,1,536,984
205,126,261,592
879,419,779,2077
3,316,825,1144
44,946,962,1952
979,618,269,1866
516,577,716,1809
2,865,302,1169
649,417,487,1553
866,590,328,1784
526,869,750,2145
816,131,91,1038
387,863,269,1519
795,172,14,981
47,996,626,1669
6,154,755,915
249,683,690,1622
800,450,229,1479
562,643,368,1573
122,887,7,1016
117,239,703,1059
602,323,498,1423
490,850,558,1898
663,400,67,1130
452,477,438,1367
168,939,910,2017
309,886,490,1685
537,544,164,1245
452,785,648,1885
182,972,0,1154
249,587,249,1085
981,470,719,2170
207,673,442,1322
278,217,957,1452
299,762,440,1501
68,644,902,1614
300,253,482,1035
177,588,689,1454
180,554,993,1727
101,605,453,1159
103,777,291,1171
43,980,742,1765
673,270,86,1029
731,0,358,1089
841,388,369,1598
0,690,262,952
85,504,588,1177
829,839,508,2176
240,540,390,1170
898,849,138,1885
536,569,148,1253
148,972,115,1235
540,429,510,1479
698,771,980,2449
951,671,958,2580
39,553,954,1546
696,32,638,1366
565,706,94,1365
886,196,16,1098
276,229,467,972
49,308,937,1294
91,452,501,1044
154,831,448,1433
432,789,649,1870
42,104,540,686
2,683,751,1436
531,996,773,2300
479,793,978,2250
578,538,443,1559
275,264,533,1072
143,332,887,1362
188,8,514,710
300,173,991,1464
129,25,325,479
636,794,706,2136
559,833,413,1805
962,277,977,2216
63,383,916,1362
941,635,991,2567
930,915,753,2598
739,376,197,1312
130,995,311,1436
404,999,112,1515
706,497,486,1689
385,216,527,1128
57,650,253,960
916,911,126,1953
571,754,596,1921
135,722,218,1075
50,458,893,1401
601,187,201,989
640,96,398,1134
190,647,281,1118
80,704,358,1142
585,65,701,1351
212,958,628,1798
725,35,324,1084
147,34,420,601
874,380,151,1405
822,474,102,1398
845,441,316,1602
114,723,926,1763
289,632,349,1270
33,501,801,1335
178,402,861,1441
435,468,892,1795
599,413,832,1844
719,837,723,2279
363,418,118,899
670,477,752,1899
824,986,582,2392
663,248,337,1248
483,246,864,1593
759,996,425,2180
121,983,468,1572
794,54,895,1743
860,467,201,1528
7,305,899,1211
699,279,862,1840
452,798,753,2003
437,486,337,1260
244,101,459,804
10,279,212,501
222,612,362,1196
996,56,309,1361
483,948,801,2232
18,812,909,1739
397,458,951,1806
85,492,744,1321
703,289,750,1742
539,154,293,986
984,67,478,1529
208,597,154,959
38,266,572,876
109,419,816,1344
662,299,404,1365
647,978,486,2111
919,808,775,2502
224,736,996,1956
519,594,862,1975
120,601,989,1710
44,366,61,471
843,147,507,1497
994,158,914,2066
213,223,383,819
377,510,189,1076
966,629,653,2248
981,166,839,1986
997,306,740,2043
981,6,562,1549
868,757,816,2441
85,783,972,1840
732,667,366,1765
706,988,64,1758
748,714,195,1657
763,697,253,1713
446,509,244,1199
912,297,724,1933
217,189,687,1093
552,886,352,1790
323,825,192,1340
527,7,805,1339
588,370,913,1871
276,816,534,1626
215,177,752,1144
696,964,938,2598
92,398,121,611
663,224,406,1293
945,498,183,1626
934,254,917,2105
942,902,912,2756
386,413,976,1775
12,594,315,921
986,374,849,2209
930,513,961,2404
925,830,346,2101
692,12,350,1054
585,952,775,2312
766,348,311,1425
997,482,578,2057
906,138,872,1916
886,586,306,1778
224,763,594,1581
415,769,748,1932
999,684,332,2015
600,65,488,1153
414,710,736,1860
52,398,345,795
327,689,772,1788
519,663,620,1802
705,311,383,1399
732,956,444,2132
967,641,61,1669
955,799,278,2032
769,941,330,2040
183,711,75,969
370,871,821,2062
820,230,208,1258
242,703,899,1844
504,496,107,1107
600,789,599,1988
478,931,435,1844
261,360,479,1100
241,236,768,1245
989,44,318,1351
759,277,991,2027
958,927,977,2862
312,564,767,1643
280,226,983,1489
294,689,761,1744
170,973,896,2039
14,116,552,682
857,715,439,2011
349,786,406,1541
223,574,784,1581
856,423,641,1920
744,654,780,2178
917,3,131,1051
270,760,960,1990
21,757,979,1757
932,451,320,1703
898,392,58,1348
121,538,642,1301
444,952,817,2213
668,844,919,2431
653,999,877,2529
373,247,569,1189
189,119,179,487
569,121,862,1552
86,730,617,1433
869,636,420,1925
238,182,411,831
720,775,577,2072
294,442,106,842
40,629,835,1504
95,6,991,1092
872,44,175,1091
264,991,881,2136
558,259,226,1043
964,422,907,2293
749,417,219,1385
153,817,143,1113
368,878,288,1534
203,253,600,1056
839,437,658,1934
578,795,418,1791
804,914,808,2526
733,104,15,852
959,448,513,1920
461,400,851,1712
784,240,224,1248
3,562,486,1051
337,47,911,1295
757,642,548,1947
685,171,957,1813
180,344,608,1132
180,194,691,1065
134,891,813,1838
718,222,471,1411
691,521,584,1796
372,264,886,1522
278,189,49,516
136,986,924,2046
112,817,154,1083
71,624,573,1268
983,812,465,2260
425,958,554,1937
3,154,529,686
935,516,309,1760
868,206,641,1715
891,898,634,2423
17,695,902,1614
11,615,102,728
232,349,90,671
966,878,899,2743
615,323,427,1365
962,469,303,1734
372,465,915,1752
344,101,724,1169
660,721,898,2279
184,627,634,1445
503,871,742,2116
393,372,585,1350
764,992,924,2680
623,536,889,2048
890,975,30,1895
872,281,770,1923
860,336,615,1811
68,190,302,560
879,511,188,1578
834,524,11,1369
143,775,185,1103
557,769,863,2189
622,211,552,1385
4,172,16,192
835,479,32,1346
298,603,291,1192
12,717,330,1059
39,409,906,1354
318,345,752,1415
790,976,877,2643
689,845,867,2401
834,997,943,2774
913,423,284,1620
264,350,881,1495
843,767,183,1793
837,615,366,1818
378,210,904,1492
1000,963,655,2618
746,189,400,1335
38,305,843,1186
261,591,642,1494
589,842,653,2084
336,281,38,655
553,779,912,2244
337,944,218,1499
211,547,889,1647
175,300,973,1448
960,764,476,2200
114,401,200,715
938,465,177,1580
791,346,994,2131
801,471,369,1641
258,836,12,1106
782,874,606,2262
316,564,23,903
781,700,722,2203
138,187,517,842
529,137,203,869
850,732,666,2248
74,941,118,1133
437,420,82,939
493,539,140,1172
128,277,270,675
152,515,527,1194
921,499,448,1868
270,281,81,632
259,391,380,1030
933,270,473,1676
847,85,35,967
51,725,894,1670
183,697,388,1268
771,287,924,1982
170,575,938,1683
394,61,334,789
508,749,716,1973
615,636,179,1430
544,11,155,710
755,259,932,1946
35,337,829,1201
960,492,26,1478
669,460,550,1679
89,405,117,611
76,626,235,937
64,887,605,1556
343,273,641,1257
510,91,90,691
916,834,385,2135
357,530,724,1611
372,825,74,1271
674,1000,689,2363
351,786,43,1180
799,46,62,907
469,558,817,1844
538,94,674,1306
644,660,362,1666
632,173,581,1386
818,32,296,1146
430,867,346,1643
666,677,311,1654
886,322,641,1849
828,702,718,2248
817,511,890,2218
764,98,451,1313
814,951,906,2671
619,681,971,2271
144,64,586,794
788,39,684,1511
703,127,512,1342
45,504,397,946
568,790,324,1682
930,107,925,1962
124,685,564,1373
754,304,870,1928
14,971,70,1055
34,390,720,1144
913,397,879,2189
791,696,993,2480
975,544,569,2088
334,940,597,1871
232,579,758,1569
78,123,427,628
724,657,695,2076
518,870,449,1837
539,483,780,1802
469,643,39,1151
561,248,0,809
379,957,675,2011
458,962,703,2123
384,19,882,1285
707,991,234,1932
142,872,823,1837
32,101,314,447
254,345,378,977
825,20,180,1025
246,813,20,1079
287,600,4,891
583,895,349,1827
871,833,439,2143
779,194,231,1204
609,914,226,1749
59,890,904,1853
470,230,106,806
271,541,6,818
907,864,986,2757
541,766,768,2075
458,723,20,1201
36,651,677,1364
334,55,879,1268
369,125,898,1392
526,860,347,1733
681,536,443,1660
125,918,435,1478
196,370,203,769
403,799,28,1230
364,685,188,1237
352,358,998,1708
661,563,273,1497
559,66,217,842
356,457,68,881
434,446,858,1738
947,371,563,1881
853,552,545,1950
988,317,575,1880
89,192,260,541
535,882,929,2346
250,176,742,1168
840,71,446,1357
184,31,206,421
606,650,943,2199
603,954,109,1666
420,401,93,914
794,804,569,2167
11,26,79,116
731,810,312,1853
451,332,360,1143
371,893,984,2248
176,601,820,1597
4,795,761,1560
133,989,324,1446
935,45,992,1972
890,448,889,2227
782,292,724,1798
683,452,364,1499
948,968,839,2755
902,177,937,2016
6,54,435,495
791,800,579,2170
729,974,186,1889
232,39,201,472
75,836,767,1678
661,519,620,1800
34,122,697,853
932,377,605,1914
446,574,671,1691
652,124,281,1057
236,214,740,1190
958,49,68,1075
865,130,913,1908
356,524,280,1160
244,924,510,1678
634,53,843,1530
850,198,269,1317
592,863,184,1639
899,396,807,2102
792,9,229,1030
922,527,43,1492
806,340,184,1330
951,202,307,1460
510,99,533,1142
280,779,926,1985
378,594,928,1900
802,901,586,2289
556,926,283,1765
48,316,782,1146
229,104,187,520
486,510,87,1083
328,964,565,1857
175,411,277,863
892,756,501,2149
60,431,507,998
885,469,791,2145
345,124,398,867
426,732,968,2126
384,636,843,1863
29,834,280,1143
758,941,481,2180
154,598,961,1713
995,754,489,2238
301,770,876,1947
619,427,813,1859
901,802,622,2325
595,314,997,1906
479,337,42,858
505,763,774,2042
404,218,793,1415
264,577,906,1747
88,16,767,871
3,438,18,459
45,850,974,1869
865,429,495,1789
188,950,41,1179
747,453,178,1378
370,104,570,1044
514,796,517,1827
22,740,600,1362
651,546,415,1612
388,714,758,1860
877,604,338,1819
509,311,156,976
327,517,916,1760
470,317,280,1067
856,935,943,2734
464,841,160,1465
594,181,570,1345
515,133,352,1000
64,238,399,701
80,503,527,1110
698,127,562,1387
861,599,526,1986
845,899,692,2436
939,483,101,1523
687,285,16,988
940,63,956,1959
499,749,104,1352
82,357,257,696
977,376,82,1435
215,50,721,986
600,448,968,2016
925,766,806,2497
127,342,894,1363
150,366,847,1363
970,381,378,1729
226,821,751,1798
867,731,726,2324
255,591,296,1142
972,47,331,1350
305,559,295,1159
26,575,956,1557
134,378,925,1437
785,888,881,2554
669,217,589,1475
138,588,638,1364
10,674,386,1070
577,172,221,970
457,698,757,1912
863,702,25,1590
296,597,576,1469
513,111,678,1302
293,18,196,507
153,638,876,1667
18,212,653,883
876,725,118,1719
372,521,485,1378
609,911,744,2264
690,150,96,936
919,169,934,2022
903,427,772,2102
519,508,877,1904
300,350,215,865
83,369,358,810
483,709,5,1197
114,594,990,1698
981,990,329,2300
699,267,450,1416
973,883,126,1982
207,907,209,1323
218,671,818,1707
137,629,367,1133
900,252,332,1484
756,576,85,1417
143,572,802,1517
596,276,81,953
702,44,220,966
837,704,595,2136
20,805,952,1777
551,641,460,1652
260,518,178,956
64,692,143,899
846,651,721,2218
425,318,897,1640
881,21,139,1041
118,369,860,1347
332,6,14,352
545,338,373,1256
750,672,632,2054
731,488,773,1992
615,926,316,1857
898,73,622,1593
838,386,788,2012
851,568,74,1493
183,578,708,1469
561,705,48,1314
664,348,303,1315
141,935,659,1735
583,176,870,1629
878,268,347,1493
587,542,524,1653
764,194,234,1192
778,820,960,2558
805,974,450,2229
679,363,639,1681
832,302,355,1489
126,293,884,1303
463,56,988,1507
57,548,737,1342
644,134,87,865
834,316,447,1597
607,953,3,1563
963,762,758,2483
711,214,484,1409
119,724,777,1620
481,238,686,1405
152,908,249,1309
509,946,392,1847
162,85,542,789
631,775,912,2318
667,787,670,2124
119,531,616,1266
635,470,21,1126
779,367,981,2127
413,522,717,1652
415,929,318,1662
860,856,722,2438
907,140,980,2027
245,850,876,1971
539,167,655,1361
867,829,498,2194
828,17,610,1455
523,359,90,972
756,462,120,1338
302,105,372,779
122,136,660,918
55,457,254,766
410,803,207,1420
446,400,323,1169
185,200,13,398
912,81,935,1928
326,41,59,426
275,350,55,680
685,394,972,2051
293,529,171,993
775,940,91,1806
968,893,588,2449
243,776,384,1403
479,567,717,1763
225,371,908,1504
668,514,2,1184
937,147,605,1689
271,346,516,1133
726,68,895,1689
539,808,6,1353
152,231,896,1279
523,498,816,1837
297,80,277,654
954,214,134,1302
229,744,980,1953
251,261,224,736
296,700,239,1235
883,993,990,2866
180,517,267,964
494,456,67,1017
566,999,722,2287
593,888,906,2387
750,732,798,2280
429,594,466,1489
651,946,146,1743
636,469,440,1545
51,363,889,1303
640,963,149,1752
309,693,849,1851
685,954,219,1858
366,935,930,2231
381,472,749,1602
383,686,895,1964
145,771,792,1708
914,762,389,2065
707,928,732,2367
617,618,583,1818
780,786,120,1686
616,363,688,1667
816,834,687,2337
31,295,397,723
160,533,588,1281
334,283,212,829
636,41,428,1105
908,780,485,2173
214,122,329,665
412,171,383,966
366,386,427,1179
188,517,571,1276
672,786,970,2428
116,798,86,1000
794,250,495,1539
198,17,887,1102
442,380,443,1265
136,571,3,710
328,725,826,1879
141,745,84,970
51,208,262,521
413,633,926,1972
832,115,809,1756
745,661,472,1878
493,524,118,1135
356,548,550,1454
672,372,219,1263
944,326,756,2026
489,940,5,1434
415,337,870,1622
593,243,156,992
228,270,168,666
112,621,792,1525
187,642,905,1734
462,261,612,1335
984,635,870,2489
146,547,791,1484
273,300,767,1340
116,307,710,1133
540,209,726,1475
205,26,571,802
838,174,329,1341
291,376,229,896
407,84,510,1001
895,557,432,1884
224,27,737,988
674,532,540,1746
648,114,719,1481
32,644,300,976
474,824,27,1325
997,444,5,1446
527,783,564,1874
463,836,805,2104
872,149,258,1279
666,858,846,2370
514,620,834,1968
153,631,44,828
138,1,676,815
743,751,877,2371
23,338,597,958
730,748,922,2400
534,798,746,2078
124,664,102,890
431,625,587,1643
957,13,418,1388
553,320,632,1505
633,335,724,1692
490,593,258,1341
451,11,510,972
741,523,445,1709
585,119,638,1342
868,749,373,1990
73,129,10,212
597,495,322,1414
395,218,712,1325
70,49,424,543
528,490,389,1407
664,761,62,1487
327,417,321,1065
695,664,561,1920
382,600,210,1192
279,675,903,1857
639,194,1000,1833
916,801,622,2339
178,509,474,1161
155,634,698,1487
15,487,123,625
473,139,314,926
573,446,425,1444
81,971,259,1311
595,315,202,1112
87,375,542,1004
119,532,995,1646
154,822,636,1612
15,1,381,397
693,753,717,2163
796,73,816,1685
580,193,670,1443
666,425,211,1302
147,272,385,804
154,483,274,911
963,453,476,1892
6,970,824,1800
561,676,35,1272
400,388,396,1184
831,251,95,1177
240,14,77,331
114,310,947,1371
119,511,282,912
88,994,603,1685
893,245,663,1801
53,208,608,869
664,525,201,1390
86,97,600,783
602,661,980,2243
781,685,22,1488
292,914,523,1729
74,972,481,1527
17,337,184,538
289,34,252,575
32,931,159,1122
83,927,598,1608
892,534,522,1948
256,649,840,1745
492,850,261,1603
326,2,201,529
696,696,157,1549
481,459,314,1254
617,422,174,1213
355,976,121,1452
137,313,75,525
973,948,694,2615
800,822,180,1802
749,438,878,2065
375,454,861,1690
924,712,347,1983
292,125,299,716
148,340,534,1022
134,230,279,643
464,885,98,1447
310,92,706,1108
290,907,600,1797
696,390,322,1408
472,251,324,1047
15,735,214,964
838,845,418,2101
469,815,591,1875
383,962,200,1545
3,915,282,1200
206,950,967,2123
441,932,367,1740
932,0,518,1450
571,210,730,1511
552,665,406,1623
136,175,287,598
946,864,610,2420
128,383,322,833
318,279,992,1589
908,187,112,1207
218,879,140,1237
921,651,235,1807
998,581,638,2217
141,47,505,693
540,351,997,1888
824,126,327,1277
476,74,635,1185
460,686,293,1439
51,939,570,1560
904,296,23,1223
239,499,136,874
134,756,931,1821
626,508,549,1683
340,287,701,1328
6,119,922,1047
401,275,328,1004
518,242,685,1445
450,75,156,681
556,338,571,1465
435,128,654,1217
350,595,958,1903
271,767,958,1996
736,79,900,1715
116,556,866,1538
60,933,595,1588
690,919,462,2071
881,378,948,2207
557,596,870,2023
636,311,691,1638
928,973,991,2892
524,717,488,1729
180,701,880,1761
175,420,285,880
642,947,537,2126
584,360,711,1655
706,495,336,1537
610,867,625,2102
447,123,26,596
732,403,611,1746
178,645,729,1552
377,635,213,1225
44,488,467,999
742,775,584,2101
886,857,574,2317
903,129,330,1362
182,627,261,1070
489,676,830,1995
494,44,76,614
483,801,789,2073
84,982,727,1793
131,625,556,1312
606,340,864,1810
366,377,699,1442
134,470,672,1276
471,97,432,1000
13,27,638,678
247,8,997,1252
149,784,593,1526
691,504,365,1560
157,809,606,1572
969,124,459,1552
134,818,956,1908
560,333,646,1539
81,691,324,1096
810,666,653,2129
190,692,256,1138
488,158,740,1386
893,639,598,2130
761,591,991,2343
478,920,926,2324
692,16,827,1535
483,17,982,1482
524,170,370,1064
737,971,326,2034
887,571,992,2450
914,698,897,2509
149,519,305,973
196,186,47,429
738,225,770,1733
993,684,938,2615
956,622,772,2350
337,65,166,568
583,40,946,1569
791,322,143,1256
781,130,535,1446
380,302,924,1606
714,614,313,1641
836,817,426,2079
636,625,961,2222
919,166,743,1828
692,362,684,1738
736,999,695,2430
659,41,635,1335
42,955,479,1476
60,860,30,950
488,532,786,1806
91,460,294,845
306,398,31,735
967,736,526,2229
937,736,300,1973
796,979,799,2574
272,361,108,741
583,176,886,1645
618,971,161,1750
242,501,681,1424
354,324,568,1246
413,444,376,1233
220,893,925,2038
957,32,961,1950
141,986,518,1645
893,298,694,1885
230,674,336,1240
231,306,374,911
621,954,964,2539
291,465,159,915
548,863,426,1837
343,857,986,2186
124,566,636,1326
743,969,299,2011
267,848,42,1157
709,669,494,1872
87,164,748,999
258,203,130,591
930,77,62,1069
804,88,552,1444
848,49,940,1837
332,602,36,970
289,290,693,1272
157,823,733,1713
206,311,62,579
584,384,74,1042
73,603,170,846
122,56,551,729
343,557,622,1522
489,615,279,1383
814,194,820,1828
554,370,181,1105
515,547,806,1868
200,663,122,985
38,991,486,1515
63,451,542,1056
77,970,57,1104
918,766,711,2395
183,217,103,503
159,371,802,1332
417,957,626,2000
997,916,261,2174
847,459,621,1927
700,387,955,2042
405,67,847,1319
102,409,572,1083
157,324,759,1240
75,956,463,1494
181,50,536,767
406,502,263,1171
750,772,861,2383
327,429,558,1314
197,925,741,1863
381,908,130,1419
832,26,125,983
264,107,641,1012
999,381,348,1728
882,417,548,1847
537,47,352,936
779,431,91,1301
428,897,496,1821
510,699,526,1735
776,974,191,1941
834,906,480,2220
274,499,659,1432
951,284,11,1246
181,752,83,1016
997,911,300,2208
804,223,923,1950
359,672,488,1519
162,408,103,673
298,724,591,1613
381,190,985,1556
506,35,792,1333
558,999,105,1662
31,167,396,594
975,627,293,1895
450,242,220,912
916,438,151,1505
804,823,165,1792
648,87,787,1522
122,174,406,702
461,134,922,1517
166,799,523,1488
464,417,527,1408
302,638,269,1209
731,723,609,2063
599,908,264,1771
666,318,699,1683
627,442,471,1540
754,130,697,1581
21,49,673,743
652,10,730,1392
186,570,380,1136
853,168,568,1589
38,465,938,1441
8,297,700,1005
698,364,789,1851
169,938,224,1331
813,3,311,1127
875,508,800,2183
950,672,454,2076
675,749,700,2124
249,946,629,1824
429,704,628,1761
934,486,217,1637
423,505,258,1186
353,689,69,1111
755,936,559,2250
972,590,675,2237
996,519,610,2125
897,902,730,2529
804,997,279,2080
993,894,292,2179
309,930,873,2112
865,762,324,1951
761,746,451,1958
353,477,230,1060
323,840,882,2045
558,238,810,1606
689,831,726,2246
498,412,62,972
223,960,223,1406
59,641,512,1212
792,885,992,2669
385,218,734,1337
862,591,812,2265
152,100,394,646
648,974,713,2335
462,341,22,825
316,800,963,2079
17,130,120,267
29,459,372,860
725,654,91,1470
218,711,611,1540
804,184,870,1858
561,927,201,1689
546,749,366,1661
835,421,783,2039
228,585,999,1812
145,537,49,731
813,572,381,1766
212,776,833,1821
464,346,701,1511
580,682,653,1915
35,387,211,633
659,569,216,1444
460,193,757,1410
70,203,466,739
965,20,573,1558
449,869,59,1377
918,519,30,1467
45,651,834,1530
942,941,355,2238
568,99,616,1283
155,610,165,930
877,380,168,1425
749,184,763,1696
54,173,768,995
435,213,112,760
951,989,439,2379
269,742,812,1823
209,222,573,1004
95,318,354,767
685,595,66,1346
751,755,682,2188
846,235,91,1172
333,467,976,1776
41,818,8,867
321,524,862,1707
77,789,708,1574
721,988,324,2033
358,745,461,1564
301,642,851,1794
234,188,121,543
619,205,447,1271
265,882,829,1976
914,369,439,1722
751,364,709,1824
234,106,337,677
797,229,764,1790
947,809,252,2008
598,509,384,1491
386,836,379,1601
491,549,89,1129
313,131,674,1118
921,448,138,1507
837,745,477,2059
151,856,83,1090
496,156,68,720
856,270,640,1766
980,114,492,1586
348,84,91,523
74,234,873,1181
382,804,179,1365
681,478,999,2158
14,501,749,1264
390,211,321,922
630,719,438,1787
241,184,825,1250
692,442,926,2060
825,934,905,2664
813,630,953,2396
468,720,849,2037
553,108,449,1110
353,773,41,1167
734,155,518,1407
491,914,263,1668
828,318,682,1828
198,208,270,676
234,794,953,1981
774,429,166,1369
450,178,826,1454
944,164,474,1582
267,619,969,1855
487,400,90,977
178,133,923,1234
177,350,535,1062
129,373,101,603
146,371,702,1219
177,317,533,1027
55,383,347,785
793,570,519,1882
123,56,132,311
428,675,478,1581
784,43,45,872
509,819,943,2271
930,297,496,1723
495,787,902,2184
819,736,594,2149
483,804,835,2122
183,553,441,1177
497,781,993,2271
40,99,216,355
668,33,539,1240
633,940,809,2382
597,740,719,2056
796,984,303,2083
196,841,564,1601
366,840,472,1678
879,809,619,2307
842,19,426,1287
498,79,521,1098
521,665,384,1570
540,43,904,1487
789,750,461,2000
384,912,212,1508
588,626,384,1598
502,460,304,1266
232,243,987,1462
949,579,882,2410
789,449,626,1864
8,632,123,763
396,655,969,2020
949,632,382,1963
483,2,284,769
898,979,897,2774
487,577,860,1924
494,205,482,1181
639,442,278,1359
854,627,920,2401
858,760,637,2255
776,674,976,2426
556,356,604,1516
204,36,312,552
912,590,266,1768
795,452,546,1793
211,496,980,1687
155,35,100,290
393,286,81,760
741,294,421,1456
797,733,879,2409
237,947,447,1631
758,433,612,1803
647,282,648,1577
268,833,641,1742
412,17,13,442
308,556,393,1257
876,591,991,2458
611,126,277,1014
675,65,980,1720
423,334,190,947
663,981,992,2636
891,529,324,1744
441,7,68,516
587,294,39,920
486,220,429,1135
50,257,395,702
6,129,162,297
612,98,940,1650
768,923,598,2289
944,93,379,1416
780,857,708,2345
411,275,307,993
570,135,757,1462
400,530,967,1897
278,348,88,714
160,22,960,1142
111,669,354,1134
646,394,460,1500
320,524,194,1038
941,599,665,2205
807,723,22,1552
717,516,410,1643
688,501,724,1913
333,368,350,1051
768,803,302,1873
390,803,936,2129
379,577,293,1249
220,939,422,1581
539,389,214,1142
888,187,445,1520
524,20,835,1379
247,110,40,397
943,733,63,1739
98,482,954,1534
11,350,877,1238
946,600,658,2204
212,484,121,817
808,335,612,1755
395,687,973,2055
755,404,969,2128
833,55,904,1792
670,929,605,2204
555,317,349,1221
564,567,530,1661
563,266,625,1454
13,584,878,1475
986,453,645,2084
389,353,677,1419
667,172,897,1736
28,23,791,842
714,493,136,1343
240,513,764,1517
989,948,873,2810
492,503,294,1289
174,717,357,1248
560,605,430,1595
607,577,271,1455
880,494,592,1966
943,622,688,2253
208,182,208,598
223,971,132,1326
120,422,528,1070
628,882,113,1623
758,332,256,1346
124,186,280,590
379,982,703,2064
664,392,547,1603
471,296,164,931
275,8,830,1113
915,795,674,2384
28,13,145,186
497,683,798,1978
15,133,939,1087
137,929,759,1825
682,897,43,1622
432,804,14,1250
943,6,741,1690
649,4,897,1550
118,210,836,1164
774,0,513,1287
548,239,318,1105
96,866,275,1237
959,796,264,2019
601,48,831,1480
554,28,795,1377
187,712,797,1696
858,193,139,1190
765,605,526,1896
252,851,74,1177
434,222,664,1320
22,687,761,1470
259,666,162,1087
579,578,748,1905
577,601,312,1490
483,84,746,1313
994,656,859,2509
126,352,699,1177
135,201,451,787
922,61,30,1013
400,717,753,1870
98,241,892,1231
319,855,355,1529
304,800,221,1325
317,320,561,1198
696,596,314,1606
663,864,471,1998
461,791,759,2011
417,393,674,1484
576,487,857,1920
542,717,998,2257
401,957,390,1748
919,546,837,2302
156,708,531,1395
265,695,885,1845
880,543,982,2405
501,388,124,1013
6,443,138,587
55,685,187,927
913,860,158,1931
646,645,887,2178
600,522,651,1773
782,622,698,2102
422,607,937,1966
850,402,607,1859
398,767,336,1501
994,194,754,1942
668,765,537,1970
583,670,297,1550
899,5,404,1308
849,494,252,1595
801,326,884,2011
379,379,471,1229
136,275,40,451
899,120,211,1230
127,117,921,1165
863,953,946,2762
153,126,875,1154
211,20,996,1227
27,778,670,1475
687,176,302,1165
995,754,692,2441
465,655,598,1718
310,479,31,820
404,350,650,1404
303,876,829,2008
856,694,938,2488
723,977,282,1982
810,870,893,2573
921,347,616,1884
401,557,893,1851
498,819,717,2034
39,110,159,308
713,61,454,1228
859,498,227,1584
357,384,121,862
827,603,683,2113
487,593,535,1615
716,576,592,1884
192,680,187,1059
530,292,158,980
508,488,253,1249
364,554,554,1472
594,88,633,1315
755,30,5,790
389,849,141,1379
385,47,220,652
599,887,111,1597
578,274,848,1700
712,396,816,1924
485,802,363,1650
961,931,865,2757
952,841,477,2270
658,133,753,1544
558,833,934,2325
651,184,646,1481
738,494,571,1803
2,934,607,1543
224,705,159,1088
411,994,627,2032
640,156,694,1490
531,994,129,1654
877,691,658,2226
238,986,659,1883
797,331,615,1743
697,652,36,1385
766,526,213,1505
67,266,549,882
963,685,931,2579
891,220,312,1423
406,308,610,1324
110,922,584,1616
616,139,471,1226
565,553,767,1885
428,5,989,1422
569,963,376,1908
445,858,7,1310
404,985,253,1642
897,678,487,2062
70,501,614,1185
373,340,979,1692
47,262,858,1167
959,360,414,1733
563,207,780,1550
333,27,15,375
58,784,504,1346
643,751,632,2026
592,738,960,2290
373,729,203,1305
378,78,569,1025
547,768,471,1786
550,522,574,1646
302,587,370,1259
269,767,229,1265
452,450,396,1298
629,674,87,1390
719,394,693,1806
575,407,67,1049
136,422,243,801
996,630,543,2169
945,611,204,1760
805,409,38,1252
447,882,67,1396
340,999,463,1802
587,399,630,1616
670,470,467,1607
802,387,345,1534
594,922,752,2268
233,88,718,1039
729,462,318,1509
534,671,738,1943
787,992,885,2664
441,46,237,724
543,789,643,1975
153,683,330,1166
774,433,180,1387
174,332,276,782
200,702,212,1114
955,318,0,1273
463,182,857,1502
204,352,564,1120
91,805,701,1597
816,588,582,1986
579,746,544,1869
686,199,399,1284
621,152,844,1617
747,126,161,1034
787,845,646,2278
106,587,553,1246
862,903,411,2176
817,890,930,2637
674,168,931,1773
316,646,974,1936
89,722,942,1753
972,335,95,1402
372,398,408,1178
618,887,122,1627
768,988,414,2170
125,905,485,1515
511,777,878,2166
739,268,735,1742
786,91,897,1774
192,819,455,1466
269,908,29,1206
322,184,359,865
169,878,467,1514
907,978,106,1991
881,842,218,1941
263,972,760,1995
31,454,663,1148
975,606,483,2064
971,54,115,1140
471,700,60,1231
271,337,826,1434
605,119,48,772
847,320,508,1675
905,64,896,1865
112,246,549,907
686,113,998,1797
898,389,962,2249
972,40,191,1203
362,679,621,1662
86,628,111,825
672,513,404,1589
759,141,600,1500
89,400,636,1125
457,582,578,1617
297,501,499,1297
977,258,345,1580
411,163,737,1311
380,966,863,2209
447,399,311,1157
336,509,816,1661
394,79,364,837
510,794,290,1594
846,97,799,1742
82,939,368,1389
54,627,632,1313
606,896,290,1792
129,802,610,1541
155,28,373,556
663,278,792,1733
450,891,842,2183
577,967,604,2148
166,313,619,1098
302,9,592,903
257,385,418,1060
989,199,649,1837
540,920,973,2433
233,181,682,1096
955,896,978,2829
365,156,194,715
273,202,853,1328
325,284,922,1531
470,798,578,1846
582,959,366,1907
156,559,441,1156
728,975,113,1816
456,921,516,1893
114,342,181,637
683,951,994,2628
312,59,73,444
43,901,730,1674
842,12,195,1049
388,31,272,691
399,231,76,706
415,530,203,1148
552,222,427,1201
738,675,388,1801
298,19,789,1106
738,488,943,2169
60,643,351,1054
173,594,772,1539
228,493,414,1135
728,764,583,2075
544,650,373,1567
150,671,283,1104
51,953,741,1745
365,748,412,1525
584,383,60,1027
649,704,925,2278
412,190,182,784
400,580,840,1820
706,985,635,2326
151,224,568,943
149,237,32,418
329,169,232,730
604,989,853,2446
924,351,616,1891
939,147,535,1621
60,479,840,1379
259,586,169,1014
598,465,457,1520
433,462,564,1459
47,24,15,86
452,13,952,1417
505,539,673,1717
926,873,687,2486
744,136,169,1049
428,602,251,1281
915,51,694,1660
833,178,332,1343
848,386,833,2067
804,868,999,2671
484,321,435,1240
759,338,863,1960
738,394,799,1931
786,154,27,967
403,711,145,1259
531,525,982,2038
293,988,795,2076
246,450,651,1347
492,432,578,1502
124,308,342,774
383,817,174,1374
685,634,352,1671
562,63,5,630
209,472,478,1159
529,333,186,1048
935,295,513,1743
161,415,360,936
44,732,14,790
410,876,265,1551
333,831,446,1610
155,522,236,913
9,408,957,1374
891,856,283,2030
681,782,218,1681
241,277,356,874
895,3,418,1316
211,377,543,1131
975,762,599,2336
384,94,352,830
180,73,157,410
93,931,670,1694
180,726,720,1626
98,714,353,1165
768,220,933,1921
762,242,516,1520
312,850,762,1924
777,340,722,1839
841,526,982,2349
334,795,228,1357
626,429,862,1917
492,228,739,1459
477,863,412,1752
350,167,290,807
839,716,717,2272
928,268,565,1761
50,514,427,991
850,208,37,1095
668,757,923,2348
866,549,180,1595
392,244,616,1252
372,969,811,2152
201,464,829,1494
880,535,983,2398
57,528,770,1355
795,252,655,1702
121,1000,246,1367
800,221,686,1707
499,110,759,1368
56,274,583,913
211,11,519,741
367,432,548,1347
564,285,91,940
27,784,377,1188
756,580,515,1851
15,624,514,1153
324,136,825,1285
298,720,582,1600
778,880,712,2370
667,122,144,933
937,460,187,1584
91,769,295,1155
55,519,222,796
283,22,608,913
551,234,815,1600
349,702,61,1112
947,174,428,1549
315,450,319,1084
518,259,393,1170
34,47,898,979
672,202,868,1742
192,939,811,1942
996,893,288,2177
733,477,34,1244
584,954,256,1794
387,572,143,1102
290,729,45,1064
421,588,350,1359
515,708,855,2078
792,643,56,1491
368,224,430,1022
18,611,198,827
813,642,969,2424
793,398,765,1956
57,406,569,1032
361,894,793,2048
564,2,633,1199
762,214,879,1855
538,354,805,1697
461,93,612,1166
523,546,900,1969
371,509,962,1842
837,107,836,1780
556,504,909,1969
672,35,3,710
737,783,53,1573
575,770,729,2074
901,309,4,1214
275,790,78,1143
379,965,363,1707
127,497,800,1424
569,230,569,1368
462,403,993,1858
403,865,314,1582
680,417,384,1481
682,834,503,2019
827,337,296,1460
543,637,697,1877
308,447,777,1532
931,815,805,2551
235,433,103,771
526,80,732,1338
683,262,639,1584
678,445,97,1220
86,396,174,656
540,22,643,1205
896,38,915,1849
313,27,975,1315
883,888,431,2202
968,11,213,1192
453,532,387,1372
768,10,690,1468
153,915,906,1974
936,346,634,1916
171,179,619,969
95,211,83,389
819,964,406,2189
823,250,194,1267
487,800,802,2089
838,508,938,2284
871,991,508,2370
913,610,65,1588
259,689,462,1410
532,591,683,1806
387,653,264,1304
614,62,496,1172
884,506,263,1653
784,433,835,2052
987,665,951,2603
176,212,487,875
321,907,100,1328
930,745,14,1689
883,610,806,2299
87,712,976,1775
388,484,359,1231
433,248,554,1235
771,189,590,1550
909,863,824,2596
634,66,99,799
859,439,177,1475
533,333,933,1799
587,958,628,2173
749,316,82,1147
634,954,966,2554
950,653,462,2065
601,495,349,1445
853,33,89,975
918,851,768,2537
806,910,603,2319
845,72,443,1360
186,448,879,1513
54,984,150,1188
478,132,139,749
980,995,601,2576
755,667,388,1810
484,601,33,1118
1,436,488,925
753,165,223,1141
515,632,604,1751
376,367,601,1344
984,531,90,1605
623,425,606,1654
83,815,240,1138
200,460,373,1033
374,308,580,1262
446,869,441,1756
848,548,738,2134
573,861,708,2142
770,834,402,2006
13,488,748,1249
918,742,400,2060
566,950,863,2379
44,325,884,1253
872,741,374,1987
110,79,911,1100
93,947,437,1477
941,37,554,1532
187,920,553,1660
557,456,830,1843
174,220,332,726
718,407,582,1707
777,352,274,1403
739,933,513,2185
657,148,351,1156
58,287,406,751
935,630,623,2188
639,747,422,1808
578,660,179,1417
608,845,958,2411
581,400,453,1434
530,959,519,2008
372,428,922,1722
102,962,530,1594
512,190,472,1174
859,851,918,2628
558,877,726,2161
838,972,340,2150
231,975,94,1300
853,752,528,2133
533,285,568,1386
245,591,117,953
398,506,963,1867
370,161,407,938
980,974,614,2568
475,621,249,1345
438,569,57,1064
825,60,210,1095
128,773,76,977
249,787,332,1368
816,388,451,1655
792,660,180,1632
809,572,364,1745
633,301,263,1197
750,112,223,1085
915,634,596,2145
800,7,703,1510
946,840,792,2578
250,455,73,778
972,493,935,2400
921,24,612,1557
335,161,514,1010
588,205,670,1463
816,386,207,1409
313,581,753,1647
258,682,511,1451
564,507,518,1589
551,516,797,1864
839,686,571,2096
392,245,936,1573
642,124,501,1267
749,961,281,1991
463,673,461,1597
433,60,486,979
670,386,963,2019
951,505,621,2077
887,616,714,2217
270,540,800,1610
831,904,40,1775
200,442,548,1190
38,578,399,1015
517,873,892,2282
791,48,315,1154
311,638,277,1226
227,560,736,1523
156,358,688,1202
444,383,634,1461
931,60,749,1740
234,674,876,1784
256,409,384,1049
985,676,413,2074
793,990,847,2630
278,268,523,1069
684,457,606,1747
414,986,469,1869
477,765,516,1758
845,740,888,2473
810,310,855,1975
384,469,608,1461
975,39,395,1409
845,858,922,2625
547,100,660,1307
335,557,118,1010
235,169,546,950
955,622,298,1875
433,29,702,1164
852,973,812,2637
653,478,739,1870
352,308,301,961
8,930,292,1230
618,591,90,1299
387,747,346,1480
307,811,535,1653
468,285,967,1720
941,526,178,1645
316,661,458,1435
378,698,489,1565
670,378,917,1965
642,339,999,1980
218,445,831,1494
645,728,715,2088
217,514,737,1468
847,802,926,2575
613,731,425,1769
777,886,493,2156
158,532,623,1313
313,915,602,1830
500,732,457,1689
530,113,202,845
298,3,606,907
995,562,258,1815
245,953,350,1548
165,495,534,1194
448,250,32,730
974,818,171,1963
251,330,296,877
817,901,751,2469
661,390,744,1795
625,607,304,1536
585,879,638,2102
293,72,674,1039
438,474,845,1757
203,215,449,867
767,243,486,1496
719,171,560,1450
451,458,91,1000
899,289,532,1720
454,821,349,1624
208,979,421,1608
299,854,130,1283
74,75,567,716
795,831,792,2418
340,267,190,797
173,72,147,392
974,616,458,2048
383,446,795,1624
738,231,160,1129
316,588,888,1792
963,161,393,1517
78,905,276,1259
267,867,80,1214
70,597,383,1050
195,455,585,1235
780,45,360,1185
802,160,927,1889
988,458,745,2191
934,879,748,2561
555,581,442,1578
221,248,541,1010
735,721,254,1710
995,294,493,1782
789,516,961,2266
59,546,733,1338
276,94,254,624
884,522,639,2045
118,277,620,1015
852,236,770,1858
623,15,612,1250
505,29,927,1461
162,948,627,1737
137,199,607,943
624,600,712,1936
925,702,307,1934
40,565,867,1472
476,742,37,1255
315,359,160,834
801,567,968,2336
996,203,591,1790
653,320,705,1678
981,422,74,1477
693,999,806,2498
173,83,477,733
17,796,596,1409
807,497,8,1312
140,74,105,319
98,726,481,1305
344,624,368,1336
994,533,55,1582
593,192,229,1014
858,514,120,1492
9,738,759,1506
994,617,472,2083
418,649,742,1809
781,887,376,2044
719,165,467,1351
748,523,881,2152
105,168,491,764
378,278,508,1164
159,523,38,720
897,267,95,1259
748,229,27,1004
431,853,546,1830
815,847,49,1711
24,262,895,1181
318,275,144,737
750,12,819,1581
282,932,54,1268
171,970,942,2083
157,962,259,1378
288,628,796,1712
328,529,930,1787
673,942,128,1743
720,63,358,1141
113,344,945,1402
589,20,230,839
233,424,341,998
108,311,843,1262
844,125,670,1639
184,818,453,1455
905,864,195,1964
951,737,30,1718
800,36,857,1693
514,619,227,1360
360,93,231,684
961,846,624,2431
818,398,512,1728
352,79,459,890
745,639,799,2183
886,785,165,1836
399,69,608,1076
842,364,400,1606
203,597,263,1063
226,452,387,1065
33,361,606,1000
756,803,881,2440
858,373,884,2115
444,703,997,2144
402,958,269,1629
51,613,371,1035
751,590,978,2319
538,513,914,1965
418,814,695,1927
928,955,529,2412
247,296,214,757
723,975,894,2592
928,703,971,2602
458,684,496,1638
848,262,565,1675
870,161,740,1771
66,556,753,1375
283,203,988,1474
465,626,933,2024
430,485,958,1873
444,953,75,1472
704,994,966,2664
334,372,615,1321
252,137,955,1344
330,530,998,1858
150,595,870,1615
964,885,492,2341
288,19,387,694
790,690,710,2190
480,516,900,1896
592,675,356,1623
988,16,904,1908
111,469,473,1053
518,150,375,1043
272,302,102,676
330,272,285,887
161,343,258,762
599,253,892,1744
982,288,201,1471
96,793,684,1573
330,107,424,861
154,682,495,1331
36,361,953,1350
928,531,477,1936
867,846,361,2074
239,320,380,939
798,93,417,1308
332,456,512,1300
159,448,514,1121
779,729,355,1863
865,696,57,1618
60,23,439,522
469,177,263,909
629,160,474,1263
723,422,833,1978
625,690,135,1450
439,925,438,1802
877,1,271,1149
549,462,485,1496
584,174,657,1415
213,997,651,1861
665,130,142,937
797,457,578,1832
504,824,248,1576
462,893,415,1770
146,249,520,915
348,579,933,1860
876,72,78,1026
498,360,879,1737
731,446,274,1451
10,235,463,708
563,468,635,1666
538,8,205,751
582,394,670,1646
451,619,90,1160
752,763,620,2135
954,113,853,1920
727,89,861,1677
635,699,219,1553
361,941,421,1723
450,105,488,1043
520,924,937,2381
643,317,649,1609
270,294,416,980
99,606,36,741
375,697,939,2011
409,819,45,1273
128,316,802,1246
44,608,617,1269
500,894,736,2130
283,267,430,980
533,882,671,2086
793,219,247,1259
141,3,621,765
879,65,299,1243
661,203,451,1315
452,178,220,850
444,185,30,659
891,70,103,1064
390,261,931,1582
936,964,340,2240
637,614,537,1788
908,975,696,2579
873,760,400,2033
607,724,79,1410
395,325,440,1160
783,734,171,1688
932,470,719,2121
961,325,866,2152
499,479,231,1209
958,209,281,1448
548,272,335,1155
330,611,224,1165
762,138,260,1160
958,199,220,1377
704,161,662,1527
962,513,448,1923
930,837,529,2296
727,66,729,1522
552,681,612,1845
197,297,550,1044
222,209,211,642
744,24,17,785
6,3,6,15
278,398,911,1587
805,326,544,1675
921,24,746,1691
824,864,589,2277
536,160,563,1259
954,940,350,2244
746,351,412,1509
139,178,907,1224
101,37,894,1032
202,906,493,1601
798,34,840,1672
182,523,90,795
98,562,297,957
80,648,616,1344
340,998,407,1745
576,215,963,1754
875,255,407,1537
865,63,245,1173
719,753,557,2029
352,461,843,1656
802,507,178,1487
486,750,304,1540
361,475,385,1221
656,442,770,1868
894,224,291,1409
81,111,352,544
610,640,723,1973
511,876,552,1939
99,960,469,1528
81,133,98,312
762,723,481,1966
730,709,398,1837
678,348,195,1221
208,503,275,986
207,716,318,1241
171,953,421,1545
756,996,84,1836
91,235,214,540
913,310,573,1796
432,681,965,2078
621,645,73,1339
955,134,967,2056
165,138,461,764
556,985,737,2278
885,665,63,1613
271,499,536,1306
438,336,594,1368
748,252,716,1716
167,815,123,1105
549,623,457,1629
73,556,367,996
500,259,799,1558
992,4,776,1772
710,829,910,2449
663,744,735,2142
21,294,131,446
590,345,156,1091
171,785,292,1248
396,115,509,1020
138,79,514,731
790,336,503,1629
711,345,79,1135
663,311,598,1572
300,169,707,1176
358,656,791,1805
375,711,858,1944
556,732,212,1500
909,470,865,2244
763,933,466,2162
776,512,168,1456
941,407,904,2252
482,327,206,1015
979,28,654,1661
513,162,728,1403
490,812,919,2221
142,153,501,796
529,742,206,1477
825,710,541,2076
203,965,160,1328
528,417,872,1817
804,958,781,2543
945,950,422,2317
716,310,707,1733
43,698,593,1334
866,118,653,1637
8,695,591,1294
516,182,389,1087
176,844,120,1140
893,337,981,2211
858,746,403,2007
561,52,748,1361
868,350,13,1231
52,169,644,865
649,554,631,1834
816,936,602,2354
234,243,5,482
241,104,404,749
818,73,863,1754
608,427,565,1600
967,982,815,2764
834,635,680,2149
672,208,719,1599
217,394,294,905
232,700,497,1429
668,679,111,1458
81,313,797,1191
176,340,243,759
429,54,167,650
520,148,700,1368
890,384,571,1845
227,628,489,1344
559,360,344,1263
544,221,928,1693
384,734,503,1621
251,83,470,804
823,640,421,1884
175,459,607,1241
448,423,305,1176
511,963,909,2383
571,269,845,1685
656,394,851,1901
895,510,28,1433
909,114,973,1996
8,306,45,359
741,872,869,2482
223,21,318,562
421,149,408,978
528,411,672,1611
22,165,972,1159
601,98,731,1430
884,618,272,1774
571,450,900,1921
497,278,829,1604
959,487,767,2213
672,438,107,1217
721,729,861,2311
45,570,244,859
656,851,910,2417
431,687,790,1908
897,316,175,1388
69,939,903,1911
2,952,888,1842
553,904,648,2105
397,154,636,1187
231,663,823,1717
454,138,715,1307
101,800,897,1798
571,18,954,1543
464,83,992,1539
696,721,176,1593
943,793,24,1760
210,919,553,1682
181,85,6,272
421,709,140,1270
728,483,502,1713
707,921,257,1885
830,592,157,1579
712,429,784,1925
515,452,381,1348
938,370,715,2023
489,200,547,1236
177,642,911,1730
662,227,300,1189
287,65,996,1348
718,914,779,2411
759,153,704,1616
26,378,408,812
467,485,293,1245
400,492,232,1124
13,304,716,1033
152,720,522,1394
10,169,312,491
11,657,446,1114
920,442,926,2288
681,568,352,1601
475,176,156,807
186,179,220,585
179,236,830,1245
528,708,705,1941
117,852,144,1113
245,68,654,967
951,792,24,1767
979,81,557,1617
2,487,898,1387
103,727,44,874
68,877,215,1160
70,464,579,1113
400,678,58,1136
637,881,522,2040
836,447,555,1838
435,984,964,2383
645,960,129,1734
4,28,474,506
884,682,713,2279
962,376,536,1874
683,378,137,1198
593,847,435,1875
779,988,924,2691
142,285,362,789
862,177,136,1175
979,926,977,2882
395,908,63,1366
510,774,631,1915
471,658,778,1907
40,74,579,693
405,393,705,1503
217,287,923,1427
373,231,142,746
466,204,959,1629
536,411,834,1781
162,734,999,1895
965,114,228,1307
945,82,503,1530
699,643,819,2161
4,50,720,774
804,388,880,2072
862,179,558,1599
893,113,28,1034
527,806,429,1762
550,591,626,1767
301,369,450,1120
757,480,429,1666
112,924,859,1895
654,446,568,1668
313,213,790,1316
928,527,874,2329
433,139,798,1370
49,628,417,1094
232,708,731,1671
291,224,174,689
492,666,59,1217
378,352,238,968
266,388,116,770
1000,758,627,2385
2,438,967,1407
221,635,938,1794
987,52,866,1905
112,992,146,1250
89,81,503,673
928,309,129,1366
418,953,571,1942
414,294,536,1244
322,441,812,1575
598,962,248,1808
691,471,488,1650
732,783,987,2502
137,541,250,928
368,338,234,940
951,320,196,1467
951,463,269,1683
810,492,57,1359
656,487,432,1575
628,128,13,769
200,699,1000,1899
581,557,129,1267
345,190,651,1186
608,646,80,1334
393,206,666,1265
365,675,180,1220
478,991,181,1650
551,629,911,2091
543,375,172,1090
328,899,859,2086
455,351,201,1007
695,736,489,1920
457,234,546,1237
434,304,40,778
531,736,844,2111
966,847,719,2532
237,733,453,1423
284,372,308,964
206,372,885,1463
590,191,433,1214
617,822,669,2108
887,783,173,1843
789,15,845,1649
843,714,632,2189
494,672,978,2144
258,660,261,1179
271,451,273,995
945,164,955,2064
550,407,654,1611
457,848,957,2262
73,601,450,1124
989,870,404,2263
603,13,963,1579
226,809,155,1190
691,355,445,1491
281,386,198,865
646,433,528,1607
693,190,305,1188
281,783,146,1210
960,38,861,1859
174,169,829,1172
567,336,276,1179
16,508,142,666
146,400,13,559
577,217,970,1764
992,300,827,2119
311,856,750,1917
637,285,546,1468
138,465,587,1190
48,520,299,867
994,269,439,1702
399,476,991,1866
213,14,17,244
686,66,650,1402
986,442,588,2016
920,748,12,1680
561,932,649,2142
407,175,831,1413
759,528,783,2070
15,248,0,263
820,137,321,1278
871,252,202,1325
572,679,999,2250
481,591,223,1295
209,459,142,810
81,988,855,1924
29,321,940,1290
896,145,656,1697
747,23,126,896
375,90,627,1092
773,738,256,1767
943,943,979,2865
566,497,614,1677
741,997,775,2513
122,540,142,804
111,817,711,1639
281,306,288,875
812,677,646,2135
370,426,895,1691
332,674,578,1584
49,162,771,982
94,705,492,1291
601,428,231,1260
598,578,119,1295
814,409,175,1398
194,676,730,1600
679,230,737,1646
231,854,380,1465
436,173,696,1305
145,965,119,1229
194,796,695,1685
770,920,455,2145
241,833,527,1601
337,299,507,1143
88,396,884,1368
795,105,102,1002
371,630,437,1438
993,380,799,2172
120,91,835,1046
447,68,662,1177
347,217,866,1430
726,307,523,1556
646,534,723,1903
628,308,767,1703
828,534,219,1581
830,481,208,1519
527,622,845,1994
610,201,797,1608
63,589,299,951
561,985,212,1758
805,397,195,1397
422,421,779,1622
196,438,242,876
621,248,579,1448
189,504,432,1125
410,365,333,1108
575,994,261,1830
134,671,66,871
12,389,175,576
52,834,430,1316
536,327,446,1309
86,846,610,1542
411,258,447,1116
155,584,866,1605
481,960,132,1573
630,974,601,2205
505,532,387,1424
514,548,493,1555
710,852,141,1703
917,251,361,1529
26,912,516,1454
583,816,333,1732
717,72,143,932
531,409,199,1139
154,612,509,1275
325,358,92,775
685,864,26,1575
951,305,406,1662
726,731,254,1711
489,710,608,1807
38,423,233,694
563,172,265,1000
572,35,841,1448
718,60,511,1289
109,999,535,1643
306,899,187,1392
999,914,949,2862
58,845,258,1161
405,76,154,635
332,439,85,856
950,850,391,2191
189,709,125,1023
740,814,305,1859
521,243,974,1738
574,933,705,2212
259,473,516,1248
587,813,159,1559
437,245,793,1475
285,602,625,1512
619,531,911,2061
559,510,782,1851
54,814,871,1739
792,551,882,2225
943,370,870,2183
0,406,397,803
137,799,865,1801
880,931,284,2095
378,989,808,2175
658,353,703,1714
761,906,983,2650
204,368,959,1531
451,764,11,1226
686,839,393,1918
749,582,447,1778
758,768,127,1653
295,421,382,1098
636,452,782,1870
540,143,942,1625
951,589,404,1944
749,466,458,1673
292,567,908,1767
49,192,505,746
236,309,340,885
396,445,34,875
771,332,278,1381
879,14,483,1376
231,788,894,1913
730,75,86,891
861,689,562,2112
163,507,89,759
235,202,792,1229
473,527,956,1956
440,804,119,1363
355,715,867,1937
644,843,3,1490
284,879,175,1338
332,707,771,1810
704,813,214,1731
57,919,866,1842
39,238,0,277
22,620,52,694
481,660,347,1488
171,833,461,1465
858,992,297,2147
198,66,19,283
442,610,206,1258
259,298,852,1409
259,989,173,1421
334,631,936,1901
370,421,596,1387
614,592,583,1789
921,385,58,1364
340,326,350,1016
767,189,260,1216
36,221,798,1055
929,986,934,2849
157,382,352,891
928,31,901,1860
438,445,604,1487
753,361,240,1354
743,46,131,920
258,728,185,1171
219,702,383,1304
603,629,800,2032
575,461,853,1889
773,750,888,2411
137,112,994,1243
980,700,614,2294
374,954,217,1545
338,570,771,1679
588,473,137,1198
853,402,904,2159
563,40,161,764
708,260,483,1451
124,165,353,642
406,718,327,1451
293,336,879,1508
154,104,39,297
478,594,967,2039
532,87,983,1602
223,320,994,1537
318,457,224,999
874,580,948,2402
194,358,393,945
663,317,115,1095
92,930,806,1828
984,823,110,1917
510,546,741,1797
341,690,782,1813
113,614,243,970
726,269,242,1237
148,451,181,780
77,285,378,740
637,948,278,1863
543,592,664,1799
712,422,855,1989
690,734,134,1558
16,355,668,1039
93,359,558,1010
915,530,849,2294
357,460,109,926
389,634,391,1414
629,839,385,1853
234,711,303,1248
475,984,92,1551
23,796,128,947
833,358,563,1754
369,74,597,1040
478,566,42,1086
389,620,260,1269
585,808,381,1774
929,485,81,1495
817,684,492,1993
530,443,629,1602
636,45,128,809
259,742,773,1774
649,121,473,1243
954,217,633,1804
397,400,763,1560
574,726,884,2184
801,218,911,1930
259,277,208,744
32,894,410,1336
997,91,143,1231
937,652,527,2116
95,442,362,899
232,165,777,1174
291,53,955,1299
6,114,220,340
160,335,538,1033
983,490,313,1786
868,332,97,1297
59,790,59,908
71,215,847,1133
350,586,46,982
424,492,843,1759
594,130,991,1715
905,416,71,1392
566,888,331,1785
988,10,714,1712
364,712,53,1129
486,795,330,1611
167,767,719,1653
627,279,495,1401
631,634,847,2112
244,46,188,478
578,27,346,951
184,579,521,1284
941,798,130,1869
562,328,918,1808
992,46,546,1584
270,677,839,1786
647,234,728,1609
489,993,455,1937
71,89,244,404
217,587,990,1794
876,550,982,2408
738,147,144,1029
924,282,72,1278
147,682,972,1801
683,456,120,1259
610,162,283,1055
343,127,428,898
773,446,668,1887
457,976,409,1842
494,818,806,2118
460,966,719,2145
901,637,296,1834
990,648,1000,2638
855,897,823,2575
165,565,832,1562
332,150,783,1265
506,300,493,1299
541,280,22,843
430,960,92,1482
158,146,272,576
646,582,937,2165
130,891,873,1894
17,891,17,925
179,255,873,1307
831,612,6,1449
946,899,789,2634
450,824,920,2194
200,890,690,1780
115,676,973,1764
220,850,164,1234
433,902,520,1855
358,54,652,1064
631,964,667,2262
485,955,538,1978
310,142,300,752
531,448,564,1543
718,20,840,1578
918,598,717,2233
683,398,64,1145
239,657,634,1530
402,247,74,723
117,899,413,1429
361,247,83,691
988,943,158,2089
690,996,876,2562
354,492,617,1463
158,410,395,963
184,875,78,1137
638,529,580,1747
674,797,846,2317
427,499,887,1813
334,172,79,585
480,640,524,1644
571,844,714,2129
853,188,408,1449
34,734,79,847
444,344,47,835
753,928,909,2590
192,101,544,837
114,777,994,1885
523,405,204,1132
473,804,699,1976
726,928,214,1868
164,414,969,1547
463,489,538,1490
483,717,979,2179
485,18,655,1158
101,254,636,991
689,216,932,1837
443,79,515,1037
491,443,660,1594
52,57,752,861
141,431,879,1451
991,750,884,2625
745,939,438,2122
572,398,426,1396
505,619,652,1776
782,164,48,994
2,947,767,1716
265,723,630,1618
859,531,847,2237
234,324,634,1192
982,760,565,2307
549,970,792,2311
874,281,444,1599
758,364,346,1468
641,360,207,1208
162,915,285,1362
988,950,138,2076
114,603,277,994
165,295,481,941
668,549,544,1761
973,44,900,1917
404,712,498,1614
37,508,25,570
44,628,294,966
500,867,533,1900
459,555,25,1039
733,952,800,2485
113,195,538,846
960,374,832,2166
968,76,432,1476
586,258,668,1512
223,252,94,569
732,372,893,1997
46,856,891,1793
325,837,411,1573
404,594,833,1831
565,469,2,1036
456,608,636,1700
344,46,737,1127
705,25,504,1234
528,590,433,1551
315,763,933,2011
466,383,632,1481
240,428,403,1071
833,896,86,1815
247,760,464,1471
305,912,998,2215
763,615,774,2152
826,13,26,865
3,289,480,772
289,255,574,1118
696,899,320,1915
611,384,74,1069
393,776,946,2115
97,646,205,948
36,40,286,362
683,287,967,1937
379,247,279,905
467,668,468,1603
715,755,714,2184
81,534,101,716
23,519,423,965
808,276,216,1300
268,497,901,1666
549,657,194,1400
956,707,96,1759
666,311,797,1774
539,406,226,1171
774,263,789,1826
654,26,657,1337
357,491,902,1750
297,22,598,917
765,381,823,1969
496,949,687,2132
623,281,950,1854
253,336,226,815
417,572,322,1311
901,555,36,1492
180,839,991,2010
109,790,574,1473
299,467,681,1447
259,263,969,1491
59,424,801,1284
378,646,104,1128
65,442,609,1116
485,378,614,1477
80,449,475,1004
480,125,487,1092
214,773,282,1269
553,406,47,1006
545,633,492,1670
123,441,339,903
817,567,61,1445
248,966,201,1415
590,769,553,1912
803,475,635,1913
595,436,594,1625
545,232,258,1035
173,820,770,1763
164,521,709,1394
29,68,493,590
397,15,185,597
181,44,759,984
661,970,787,2418
750,246,119,1115
622,846,178,1646
471,779,466,1716
559,973,549,2081
505,996,108,1609
11,416,836,1263
204,459,154,817
746,663,973,2382
543,981,395,1919
862,121,184,1167
893,613,593,2099
360,874,679,1913
145,256,766,1167
478,96,591,1165
500,937,456,1893
124,23,710,857
867,61,908,1836
120,49,904,1073
234,865,504,1603
667,509,713,1889
956,674,130,1760
356,363,451,1170
928,5,428,1361
217,234,609,1060
173,798,448,1419
647,923,223,1793
120,153,528,801
671,976,331,1978
296,952,441,1689
414,360,327,1101
108,712,241,1061
899,727,735,2361
667,826,843,2336
301,501,718,1520
479,758,961,2198
32,616,486,1134
802,68,422,1292
47,242,622,911
758,875,55,1688
846,680,308,1834
346,49,124,519
905,872,535,2312
679,734,996,2409
978,367,468,1813
287,278,355,920
435,263,354,1052
899,445,4,1348
80,254,57,391
563,262,756,1581
777,287,443,1507
487,225,820,1532
731,193,454,1378
229,467,540,1236
658,926,885,2469
212,911,449,1572
161,646,227,1034
540,759,839,2138
706,728,993,2427
426,300,782,1508
271,832,557,1660
969,984,81,2034
158,584,993,1735
520,533,934,1987
143,504,267,914
146,286,718,1150
854,916,92,1862
481,201,743,1425
496,330,145,971
981,462,223,1666
535,993,258,1786
242,878,500,1620
768,571,874,2213
364,798,260,1422
422,262,821,1505
377,187,153,717
833,397,725,1955
835,344,221,1400
436,640,526,1602
336,370,460,1166
722,934,557,2213
536,31,384,951
251,412,935,1598
94,801,666,1561
145,157,326,628
152,679,554,1385
432,790,329,1551
421,593,133,1147
919,382,115,1416
915,405,516,1836
916,490,166,1572
368,505,106,979
476,131,864,1471
716,731,359,1806
328,23,446,797
496,752,295,1543
360,593,542,1495
101,649,814,1564
809,552,685,2046
995,408,796,2199
327,94,398,819
552,698,798,2048
445,493,485,1423
286,726,884,1896
738,324,808,1870
992,449,388,1829
72,959,402,1433
69,408,966,1443
302,602,560,1464
481,300,494,1275
140,953,911,2004
687,888,751,2326
204,827,755,1786
720,279,955,1954
69,998,175,1242
307,472,149,928
461,186,345,992
908,138,515,1561
140,946,423,1509
530,57,287,874
781,962,988,2731
142,452,1000,1594
88,957,426,1471
861,998,777,2636
460,372,223,1055
682,327,650,1659
677,947,318,1942
649,948,245,1842
440,165,151,756
250,417,737,1404
403,128,713,1244
678,626,19,1323
993,701,100,1794
953,121,707,1781
160,83,529,772
939,367,867,2173
142,531,559,1232
78,798,181,1057
875,676,188,1739
312,469,943,1724
990,120,969,2079
58,625,192,875
54,942,10,1006
843,573,689,2105
36,925,62,1023
954,836,252,2042
461,770,678,1909
402,353,545,1300
677,18,465,1160
253,427,14,694
705,522,270,1497
397,11,330,738
563,640,258,1461
418,775,633,1826
396,670,731,1797
787,503,662,1952
367,458,979,1804
794,507,332,1633
362,624,657,1643
296,983,719,1998
564,137,619,1320
862,8,625,1495
784,411,545,1740
24,482,702,1208
999,623,885,2507
808,21,964,1793
406,565,643,1614
13,560,245,818
193,777,534,1504
243,906,642,1791
15,60,641,716
109,329,66,504
11,246,463,720
701,636,639,1976
799,301,826,1926
339,706,849,1894
371,124,996,1491
744,937,7,1688
851,876,343,2070
27,806,466,1299
334,664,620,1618
276,594,974,1844
632,467,75,1174
154,656,281,1091
652,665,922,2239
351,534,639,1524
943,590,165,1698
168,343,869,1380
786,264,736,1786
865,998,996,2859
639,64,148,851
247,467,194,908
860,148,331,1339
147,932,358,1437
624,481,178,1283
946,79,114,1139
119,648,868,1635
80,494,709,1283
525,223,215,963
423,71,762,1256
433,525,364,1322
910,712,582,2204
271,555,611,1437
782,430,607,1819
662,102,765,1529
970,419,864,2253
725,668,153,1546
266,118,840,1224
224,487,838,1549
520,727,919,2166
242,719,816,1777
927,486,985,2398
276,357,184,817
622,771,397,1790
910,117,624,1651
539,57,594,1190
578,662,46,1286
670,926,980,2576
14,496,273,783
675,746,679,2100
407,95,748,1250
405,595,39,1039
513,493,581,1587
354,994,343,1691
595,709,446,1750
157,293,577,1027
665,701,288,1654
230,832,500,1562
768,664,596,2028
49,309,456,814
676,733,415,1824
985,201,113,1299
545,962,227,1734
338,477,209,1024
712,51,951,1714
511,453,163,1127
754,400,275,1429
193,520,832,1545
510,271,504,1285
400,65,20,485
221,421,215,857
517,908,651,2076
699,567,891,2157
947,511,647,2105
296,897,580,1773
799,89,890,1778
274,313,763,1350
600,105,51,756
557,608,81,1246
349,464,279,1092
376,232,470,1078
504,841,618,1963
573,928,428,1929
120,815,320,1255
269,177,219,665
474,883,9,1366
830,280,639,1749
227,866,567,1660
432,237,275,944
999,903,204,2106
959,821,570,2350
142,538,110,790
304,209,663,1176
533,486,563,1582
971,703,146,1820
709,678,241,1628
178,75,206,459
19,563,607,1189
783,943,280,2006
793,858,368,2019
181,177,974,1332
559,385,865,1809
5,549,347,901
495,10,499,1004
577,766,847,2190
408,216,880,1504
656,785,293,1734
490,774,858,2122
350,329,876,1555
499,628,147,1274
487,79,1,567
628,644,635,1907
736,886,562,2184
453,817,854,2124
914,719,824,2457
66,115,658,839
500,811,580,1891
147,957,683,1787
703,536,203,1442
618,951,454,2023
37,983,538,1558
568,69,466,1103
758,139,857,1754
964,203,434,1601
633,193,772,1598
37,875,723,1635
962,419,643,2024
422,108,220,750
70,156,681,907
879,402,977,2258
421,918,346,1685
801,341,529,1671
904,877,34,1815
296,90,845,1231
562,235,95,892
231,470,742,1443
342,960,463,1765
853,274,985,2112
613,41,80,734
684,159,665,1508
141,580,217,938
337,847,769,1953
246,877,322,1445
422,727,180,1329
207,53,466,726
441,363,305,1109
721,857,353,1931
590,217,825,1632
715,355,979,2049
877,380,368,1625
872,445,416,1733
49,662,685,1396
827,688,948,2463
531,52,53,636
897,562,328,1787
338,954,829,2121
749,254,553,1556
748,735,954,2437
240,650,839,1729
82,284,187,553
882,790,546,2218
813,229,874,1916
122,104,170,396
332,642,352,1326
461,441,501,1403
900,684,833,2417
763,54,224,1041
760,294,896,1950
873,21,436,1330
954,863,245,2062
458,771,592,1821
500,813,230,1543
719,345,961,2025
826,889,937,2652
445,280,600,1325
856,376,281,1513
256,154,4,414
701,647,76,1424
711,43,772,1526
506,445,226,1177
860,972,306,2138
150,49,947,1146
106,751,835,1692
603,430,702,1735
291,462,874,1627
924,21,373,1318
748,419,958,2125
145,318,7,470
234,997,84,1315
20,949,382,1351
515,74,54,643
699,15,177,891
365,757,965,2087
9,611,350,970
274,369,285,928
599,398,881,1878
983,232,998,2213
309,769,260,1338
680,381,302,1363
56,96,950,1102
211,739,4,954
598,511,156,1265
833,408,524,1765
264,717,9,990
250,498,496,1244
630,623,149,1402
764,206,285,1255
140,673,151,964
743,369,872,1984
469,6,494,969
375,273,535,1183
344,991,520,1855
751,133,200,1084
746,666,568,1980
531,207,202,940
437,405,765,1607
981,137,605,1723
649,824,500,1973
823,712,59,1594
437,728,206,1371
815,197,285,1297
691,349,322,1362
28,567,144,739
852,428,388,1668
610,239,920,1769
342,443,625,1410
247,93,4,344
670,831,133,1634
110,983,801,1894
509,503,843,1855
122,93,296,511
936,754,661,2351
910,649,821,2380
697,534,183,1414
64,244,198,506
233,592,175,1000
474,677,235,1386
290,956,227,1473
803,72,895,1770
719,814,33,1566
764,724,660,2148
70,441,731,1242
495,233,342,1070
834,377,5,1216
804,611,748,2163
730,91,134,955
154,125,307,586
463,641,818,1922
621,920,684,2225
950,31,97,1078
706,330,743,1779
792,40,280,1112
106,657,354,1117
820,535,670,2025
454,420,466,1340
104,739,469,1312
588,387,704,1679
949,490,770,2209
570,142,392,1104
822,558,31,1411
535,218,31,784
154,797,808,1759
902,734,485,2121
538,444,257,1239
677,282,173,1132
738,293,935,1966
793,17,512,1322
803,747,335,1885
556,546,372,1474
807,237,895,1939
380,180,926,1486
29,606,302,937
448,474,341,1263
315,478,674,1467
742,229,542,1513
588,612,240,1440
926,72,452,1450
304,585,371,1260
932,583,132,1647
778,88,65,931
498,117,38,653
965,903,945,2813
95,376,984,1455
328,198,561,1087
528,292,868,1688
687,345,885,1917
935,286,87,1308
178,650,998,1826
557,549,508,1614
76,742,487,1305
115,334,500,949
624,456,308,1388
146,381,504,1031
847,965,292,2104
661,146,669,1476
738,731,100,1569
936,504,415,1855
246,858,895,1999
556,165,684,1405
844,708,153,1705
922,96,620,1638
133,891,327,1351
914,384,981,2279
925,770,696,2391
443,136,832,1411
786,833,613,2232
310,280,331,921
34,198,732,964
263,504,622,1389
37,509,230,776
895,168,606,1669
928,1000,47,1975
0,6,307,313
208,144,2,354
517,307,961,1785
708,436,529,1673
233,12,427,672
429,889,923,2241
46,873,884,1803
858,74,808,1740
500,278,858,1636
990,439,411,1840
2,657,828,1487
662,680,393,1735
558,306,309,1173
463,468,290,1221
254,79,44,377
538,934,286,1758
176,767,969,1912
180,85,315,580
384,861,175,1420
572,213,291,1076
227,502,326,1055
671,293,787,1751
151,446,748,1345
390,306,519,1215
138,173,704,1015
76,142,775,993
617,821,323,1761
533,627,27,1187
306,182,294,782
789,592,748,2129
270,102,87,459
606,987,445,2038
799,838,796,2433
831,325,318,1474
925,732,457,2114
507,958,860,2325
308,843,199,1350
794,480,495,1769
474,413,659,1546
963,223,217,1403
885,176,575,1636
801,709,175,1685
724,178,767,1669
424,840,708,1972
140,993,900,2033
688,699,870,2257
834,402,253,1489
566,411,109,1086
893,383,68,1344
809,942,230,1981
41,113,97,251
992,699,964,2655
429,302,790,1521
456,895,350,1701
556,37,633,1226
355,236,353,944
118,60,998,1176
421,256,757,1434
33,705,214,952
97,103,554,754
245,295,30,570
777,463,533,1773
746,872,326,1944
802,635,731,2168
329,106,616,1051
456,544,550,1550
590,914,849,2353
173,627,644,1444
280,885,191,1356
955,97,425,1477
999,910,646,2555
11,971,635,1617
334,513,502,1349
662,754,317,1733
872,296,759,1927
306,835,6,1147
362,40,65,467
548,20,744,1312
884,68,548,1500
440,922,327,1689
157,335,650,1142
544,515,606,1665
409,295,944,1648
627,357,267,1251
186,63,562,811
139,819,340,1298
446,974,655,2075
287,71,143,501
207,838,796,1841
622,336,844,1802
893,524,581,1998
991,626,898,2515
826,805,709,2340
646,370,534,1550
241,787,76,1104
784,546,60,1390
504,59,652,1215
431,978,855,2264
674,510,558,1742
729,54,782,1565
931,390,85,1406
377,139,592,1108
896,213,52,1161
76,796,58,930
460,925,765,2150
485,152,760,1397
756,8,862,1626
401,340,189,930
390,608,350,1348
451,257,535,1243
582,571,211,1364
813,235,905,1953
767,29,737,1533
754,556,529,1839
867,821,268,1956
647,553,577,1777
374,961,418,1753
130,353,328,811
59,241,569,869
401,543,623,1567
319,614,227,1160
37,765,619,1421
345,334,590,1269
192,265,211,668
897,38,416,1351
726,945,154,1825
885,909,222,2016
791,419,706,1916
911,255,706,1872
427,706,380,1513
693,587,593,1873
280,947,477,1704
20,966,381,1367
22,204,266,492
782,165,991,1938
730,213,142,1085
62,672,823,1557
599,1000,905,2504
672,935,285,1892
346,792,476,1614
670,335,180,1185
766,540,393,1699
971,593,286,1850
559,897,157,1613
719,915,25,1659
264,126,375,765
271,861,985,2117
325,245,908,1478
421,809,671,1901
349,819,19,1187
196,821,365,1382
107,340,950,1397
296,509,635,1440
7,117,283,407
229,9,235,473
455,713,849,2017
845,708,222,1775
862,111,736,1709
468,211,956,1635
913,525,497,1935
944,675,9,1628
352,620,733,1705
124,179,191,494
758,360,266,1384
549,906,739,2194
946,534,601,2081
377,947,898,2222
498,259,222,979
762,380,214,1356
104,105,395,604
11,177,769,957
68,816,383,1267
566,25,71,662
57,472,484,1013
608,818,880,2306
304,460,748,1512
10,167,396,573
929,371,663,1963
921,513,327,1761
814,428,308,1550
77,664,228,969
234,722,143,1099
308,54,764,1126
647,194,840,1681
33,186,126,345
137,723,509,1369
172,498,838,1508
798,603,2,1403
651,427,593,1671
681,450,972,2103
889,10,312,1211
229,3,624,856
568,702,324,1594
135,102,702,939
725,98,898,1721
294,789,687,1770
522,162,60,744
457,575,967,1999
79,263,546,888
367,976,278,1621
361,290,526,1177
101,507,312,920
817,83,345,1245
342,493,557,1392
233,933,148,1314
688,385,119,1192
817,178,876,1871
871,147,995,2013
90,877,999,1966
660,10,578,1248
914,868,209,1991
998,878,675,2551
785,760,106,1651
233,78,579,890
476,860,153,1489
322,395,212,929
859,712,143,1714
503,519,74,1096
408,501,312,1221
79,408,111,598
712,933,402,2047
284,31,387,702
618,606,737,1961
38,201,437,676
944,649,571,2164
144,890,591,1625
571,694,355,1620
108,314,179,601
141,926,356,1423
715,884,946,2545
377,710,132,1219
449,310,548,1307
538,334,975,1847
959,650,937,2546
262,638,319,1219
61,911,377,1349
356,388,325,1069
750,868,902,2520
541,415,317,1273
558,261,905,1724
435,555,96,1086
675,878,61,1614
490,831,806,2127
941,165,785,1891
985,254,238,1477
602,525,7,1134
752,285,559,1596
434,564,484,1482
489,352,633,1474
505,434,313,1252
999,188,185,1372
625,502,201,1328
52,343,163,558
112,14,749,875
413,232,813,1458
764,681,249,1694
570,56,425,1051
849,446,264,1559
392,158,824,1374
588,71,827,1486
824,190,870,1884
775,492,443,1710
447,152,208,807
441,720,265,1426
623,53,89,765
942,577,123,1642
352,728,883,1963
250,888,818,1956
700,712,167,1579
133,623,633,1389
59,776,354,1189
449,250,492,1191
239,725,219,1183
67,490,943,1500
817,237,385,1439
685,708,74,1467
900,913,344,2157
917,133,746,1796
999,960,177,2136
826,725,581,2132
713,215,114,1042
821,263,918,2002
645,438,76,1159
296,247,317,860
238,961,338,1537
936,113,694,1743
719,526,599,1844
370,721,379,1470
100,421,322,843
82,214,904,1200
538,648,582,1768
832,114,950,1896
960,14,117,1091
816,920,737,2473
198,972,884,2054
925,659,748,2332
219,195,899,1313
102,938,250,1290
414,417,974,1805
548,557,421,1526
440,528,749,1717
584,125,766,1475
168,535,422,1125
36,146,645,827
981,762,73,1816
78,349,507,934
665,566,515,1746
444,178,331,953
895,894,214,2003
901,693,721,2315
481,892,511,1884
314,651,704,1669
973,843,479,2295
676,718,483,1877
776,355,778,1909
539,491,11,1041
662,34,969,1665
928,859,63,1850
588,381,409,1378
925,320,712,1957
979,903,899,2781
313,908,557,1778
754,798,447,1999
98,291,149,538
640,174,233,1047
543,898,824,2265
298,464,531,1293
955,559,874,2388
212,389,789,1390
342,23,973,1338
625,150,484,1259
48,463,475,986
443,302,617,1362
21,693,609,1323
329,100,30,459
235,250,902,1387
976,750,734,2460
625,544,996,2165
372,645,115,1132
649,203,841,1693
283,690,509,1482
401,914,467,1782
446,975,306,1727
285,139,578,1002
426,320,887,1633
255,359,851,1465
322,186,213,721
950,457,540,1947
485,89,894,1468
889,600,129,1618
67,865,189,1121
992,479,609,2080
795,219,411,1425
704,822,133,1659
561,499,93,1153
420,421,846,1687
816,914,109,1839
105,609,95,809
814,979,939,2732
245,777,80,1102
785,350,536,1671
284,723,347,1354
508,595,51,1154
442,116,999,1557
740,27,6,773
363,761,611,1735
279,577,263,1119
97,489,280,866
273,921,935,2129
629,286,867,1782
626,837,96,1559
806,862,246,1914
979,592,266,1837
909,181,622,1712
74,164,352,590
181,594,680,1455
114,932,368,1414
933,377,554,1864
991,420,51,1462
377,101,531,1009
611,422,420,1453
347,891,499,1737
704,329,394,1427
997,523,923,2443
159,19,403,581
722,267,181,1170
859,874,326,2059
461,983,0,1444
416,907,646,1969
421,850,311,1582
902,807,892,2601
232,506,904,1642
853,79,765,1697
738,346,287,1371
681,224,470,1375
773,559,960,2292
845,891,138,1874
321,619,535,1475
692,216,279,1187
262,947,497,1706
666,335,860,1861
568,57,276,901
403,801,379,1583
268,406,446,1120
504,618,519,1641
719,345,373,1437
498,329,768,1595
804,874,477,2155
440,678,13,1131
75,316,820,1211
329,458,695,1482
611,255,920,1786
34,837,478,1349
231,448,904,1583
383,431,530,1344
461,974,253,1688
174,604,710,1488
164,400,203,767
871,661,701,2233
766,96,488,1350
156,768,33,957
36,434,635,1105
95,921,977,1993
97,852,735,1684
720,725,893,2338
346,11,835,1192
698,390,894,1982
831,711,131,1673
570,223,373,1166
841,642,305,1788
661,938,243,1842
361,589,44,994
255,148,297,700
295,746,824,1865
858,117,638,1613
363,153,192,708
457,914,259,1630
525,290,569,1384
709,458,972,2139
673,5,35,713
809,387,334,1530
707,235,309,1251
519,614,780,1913
206,154,508,868
271,30,689,990
479,103,541,1123
189,813,863,1865
353,903,782,2038
288,293,506,1087
67,755,53,875
302,966,117,1385
360,656,667,1683
542,721,192,1455
488,489,674,1651
967,417,274,1658
376,791,962,2129
362,378,976,1716
324,785,679,1788
905,898,910,2713
595,244,277,1116
581,679,77,1337
375,516,107,998
634,60,206,900
798,821,402,2021
198,516,503,1217
983,493,120,1596
320,269,709,1298
591,913,860,2364
770,854,500,2124
951,686,456,2093
527,937,285,1749
483,348,573,1404
57,487,77,621
856,970,840,2666
595,549,73,1217
815,272,634,1721
614,88,626,1328
994,194,753,1941
865,672,658,2195
823,930,713,2466
911,915,307,2133
800,179,905,1884
668,527,315,1510
781,228,424,1433
891,99,48,1038
702,304,273,1279
698,861,407,1966
624,990,261,1875
242,151,600,993
788,64,940,1792
568,660,725,1953
74,72,644,790
783,933,514,2230
335,795,973,2103
402,113,945,1460
589,218,329,1136
329,162,10,501
949,231,961,2141
454,50,126,630
890,471,556,1917
728,993,473,2194
527,74,913,1514
65,300,698,1063
614,402,324,1340
628,661,141,1430
347,178,988,1513
683,824,925,2432
175,940,974,2089
707,893,383,1983
993,3,32,1028
438,815,509,1762
629,269,860,1758
29,550,67,646
22,485,775,1282
981,440,1000,2421
281,584,429,1294
192,320,448,960
236,448,859,1543
476,444,19,939
571,178,326,1075
330,341,578,1249
707,840,215,1762
412,871,301,1584
4,746,568,1318
856,557,934,2347
350,265,387,1002
569,663,47,1279
909,441,670,2020
510,85,377,972
89,171,749,1009
385,595,614,1594
531,507,71,1109
442,297,138,877
266,421,682,1369
783,813,727,2323
349,735,91,1175
191,65,155,411
71,130,860,1061
335,330,938,1603
46,347,71,464
431,148,90,669
404,895,114,1413
161,244,200,605
26,27,892,945
641,861,195,1697
614,3,287,904
51,1000,203,1254
335,880,586,1801
483,840,660,1983
773,740,771,2284
808,857,256,1921
359,945,275,1579
852,637,50,1539
37,56,48,141
42,477,542,1061
263,891,967,2121
142,971,356,1469
808,742,675,2225
697,129,936,1762
290,962,38,1290
517,909,691,2117
408,621,111,1140
985,245,427,1657
719,810,314,1843
850,226,249,1325
573,905,189,1667
471,126,787,1384
630,258,387,1275
19,273,473,765
81,122,261,464
360,300,350,1010
636,51,484,1171
77,741,853,1671
635,256,804,1695
610,545,528,1683
881,670,342,1893
773,156,227,1156
566,766,928,2260
633,245,480,1358
514,207,326,1047
201,439,244,884
710,562,377,1649
406,272,936,1614
38,116,674,828
220,460,944,1624
43,688,449,1180
716,512,479,1707
374,749,404,1527
569,516,85,1170
377,45,441,863
621,801,651,2073
561,139,450,1150
216,523,454,1193
455,649,826,1930
286,438,620,1344
929,468,977,2374
575,254,799,1628
358,99,944,1401
451,489,971,1911
977,4,955,1936
417,33,485,935
562,46,242,850
401,125,443,969
924,636,75,1635
503,876,814,2193
187,311,276,774
620,698,540,1858
273,266,724,1263
871,649,858,2378
914,410,280,1604
404,126,138,668
628,445,180,1253
440,568,136,1144
586,400,453,1439
534,468,324,1326
491,663,153,1307
178,696,671,1545
836,542,812,2190
500,678,152,1330
10,388,610,1008
780,582,749,2111
42,817,745,1604
676,493,391,1560
191,599,891,1681
807,714,18,1539
861,65,343,1269
815,224,592,1631
909,851,365,2125
100,273,865,1238
927,357,200,1484
637,347,622,1606
774,390,247,1411
622,869,684,2175
378,97,296,771
466,264,658,1388
911,780,348,2039
687,186,916,1789
374,438,237,1049
443,196,270,909
757,836,214,1807
135,966,78,1179
89,320,444,853
286,904,56,1246
421,858,208,1487
511,536,411,1458
254,540,223,1017
726,534,827,2087
307,509,312,1128
792,661,307,1760
58,355,161,574
152,745,696,1593
126,926,18,1070
146,467,306,919
0,959,295,1254
170,379,393,942
441,906,217,1564
740,52,559,1351
52,623,546,1221
962,406,389,1757
403,904,123,1430
810,106,767,1683
203,683,108,994
102,74,922,1098
483,724,18,1225
674,290,785,1749
692,962,528,2182
727,550,263,1540
595,891,117,1603
494,700,362,1556
104,52,638,794
453,172,566,1191
193,231,747,1171
721,265,503,1489
359,293,506,1158
567,140,666,1373
847,885,796,2528
382,743,727,1852
80,520,149,749
951,115,896,1962
998,860,67,1925
472,822,741,2035
787,282,396,1465
274,719,331,1324
930,232,193,1355
530,836,504,1870
679,107,973,1759
744,617,658,2019
129,393,31,553
809,713,128,1650
32,880,632,1544
973,400,530,1903
842,547,464,1853
777,717,812,2306
375,762,925,2062
862,300,461,1623
792,533,618,1943
775,966,347,2088
314,282,680,1276
957,212,176,1345
57,992,469,1518
839,573,226,1638
977,651,791,2419
136,790,341,1267
474,298,7,779
835,508,379,1722
219,622,750,1591
587,56,671,1314
130,4,916,1050
220,560,872,1652
870,192,287,1349
14,288,936,1238
769,139,71,979
873,604,531,2008
211,609,469,1289
31,529,471,1031
178,649,698,1525
746,507,668,1921
870,411,549,1830
117,936,222,1275
269,986,422,1677
994,953,806,2753
438,436,233,1107
442,342,604,1388
855,224,838,1917
810,240,628,1678
904,262,614,1780
423,122,796,1341
78,479,775,1332
945,799,421,2165
527,29,273,829
80,880,310,1270
431,599,313,1343
91,70,852,1013
103,255,269,627
390,434,67,891
133,1000,809,1942
710,513,403,1626
688,204,167,1059
414,133,373,920
310,80,851,1241
210,186,245,641
660,77,945,1682
261,1,841,1103
568,172,230,970
383,389,224,996
803,806,718,2327
127,145,349,621
907,634,501,2042
503,393,7,903
931,28,148,1107
430,896,181,1507
923,653,395,1971
23,147,15,185
601,530,298,1429
222,55,742,1019
1000,873,152,2025
445,216,778,1439
766,532,433,1731
391,718,728,1837
654,622,81,1357
827,128,997,1952
637,37,638,1312
439,64,931,1434
381,281,982,1644
688,386,960,2034
35,641,25,701
624,308,789,1721
629,422,273,1324
522,743,471,1736
378,204,771,1353
923,928,298,2149
960,833,677,2470
793,877,915,2585
124,459,592,1175
664,881,987,2532
864,102,484,1450
853,595,114,1562
481,750,429,1660
770,576,744,2090
710,697,69,1476
976,255,304,1535
253,871,877,2001
31,580,717,1328
192,621,303,1116
720,332,902,1954
511,966,385,1862
489,163,110,762
549,151,322,1022
912,792,8,1712
364,549,750,1663
367,488,146,1001
977,721,623,2321
246,234,887,1367
633,583,612,1828
51,802,263,1116
890,547,543,1980
736,262,874,1872
812,270,273,1355
528,592,45,1165
266,11,932,1209
288,668,463,1419
44,223,671,938
197,95,817,1109
985,172,542,1699
736,871,370,1977
58,924,359,1341
39,600,654,1293
289,102,995,1386
184,960,531,1675
769,577,475,1821
233,779,852,1864
3,292,166,461
193,813,54,1060
800,557,839,2196
931,341,10,1282
380,303,448,1131
574,697,423,1694
838,878,704,2420
209,774,991,1974
569,218,189,976
77,755,108,940
91,146,496,733
925,413,316,1654
294,897,775,1966
810,133,39,982
987,243,437,1667
3,299,776,1078
392,358,220,970
10,33,728,771
30,639,611,1280
904,770,72,1746
947,48,910,1905
572,889,807,2268
509,925,97,1531
926,299,197,1422
901,132,181,1214
239,470,513,1222
813,93,692,1598
553,564,280,1397
910,171,668,1749
160,785,954,1899
193,805,924,1922
664,388,115,1167
984,321,219,1524
186,16,433,635
213,244,459,916
37,847,23,907
63,242,900,1205
251,573,403,1227
706,951,318,1975
52,467,701,1220
889,72,479,1440
824,559,863,2246
966,533,272,1771
942,742,703,2387
831,101,730,1662
97,736,329,1162
244,855,382,1481
208,566,666,1440
639,134,168,941
549,304,932,1785
463,737,49,1249
461,900,253,1614
615,500,253,1368
931,724,945,2600
213,939,688,1840
57,874,848,1779
261,194,263,718
124,255,38,417
160,650,530,1340
266,611,586,1463
834,514,555,1903
394,472,466,1332
3,258,843,1104
234,908,789,1931
559,185,380,1124
676,780,666,2122
853,893,627,2373
386,638,730,1754
994,790,616,2400
110,892,754,1756
204,231,142,577
924,764,88,1776
4,267,781,1052
154,556,64,774
478,946,985,2409
200,409,183,792
275,490,374,1139
790,94,644,1528
44,669,984,1697
396,476,3,875
871,899,833,2603
821,331,239,1391
471,171,705,1347
566,942,733,2241
893,26,442,1361
72,254,110,436
332,846,602,1780
149,276,892,1317
307,180,41,528
861,264,219,1344
551,961,191,1703
131,649,884,1664
728,973,22,1723
187,4,334,525
747,937,492,2176
763,563,980,2306
659,833,583,2075
19,529,476,1024
252,544,604,1400
455,764,107,1326
292,692,259,1243
103,143,141,387
353,326,290,969
983,259,786,2028
926,392,958,2276
729,736,997,2462
286,464,465,1215
130,319,129,578
650,150,449,1249
245,56,956,1257
587,594,325,1506
596,344,549,1489
134,431,92,657
458,705,321,1484
994,459,449,1902
684,343,788,1815
971,807,475,2253
436,341,201,978
835,583,2,1420
246,269,765,1280
721,696,225,1642
887,423,592,1902
776,734,354,1864
553,549,271,1373
212,274,749,1235
296,878,311,1485
313,15,561,889
272,458,450,1180
376,224,933,1533
280,995,328,1603
593,434,121,1148
517,193,542,1252
261,823,975,2059
230,455,112,797
379,326,712,1417
392,808,524,1724
590,955,494,2039
273,261,882,1416
792,422,724,1938
314,983,149,1446
326,372,268,966
526,863,198,1587
101,506,484,1091
836,954,274,2064
302,296,97,695
220,863,829,1912
132,795,605,1532
98,636,112,846
896,18,953,1867
584,365,344,1293
45,152,808,1005
725,904,986,2615
769,310,540,1619
16,276,881,1173
285,756,958,1999
787,127,64,978
347,807,958,2112
966,31,522,1519
3,519,820,1342
965,331,938,2234
987,10,219,1216
297,295,544,1136
587,218,240,1045
634,882,915,2431
275,156,275,706
893,51,762,1706
180,91,684,955
823,199,877,1899
956,203,548,1707
418,168,64,650
959,114,709,1782
498,582,909,1989
737,216,335,1288
887,355,591,1833
510,962,915,2387
502,126,953,1581
907,323,825,2055
142,433,968,1543
53,287,708,1048
444,592,842,1878
701,606,345,1652
210,219,35,464
12,631,608,1251
463,561,844,1868
98,444,527,1069
475,838,636,1949
789,510,229,1528
274,510,214,998
181,449,513,1143
758,483,645,1886
948,634,317,1899
650,345,49,1044
632,603,25,1260
172,448,564,1184
790,748,655,2193
316,937,851,2104
906,67,647,1620
223,290,95,608
366,354,681,1401
59,233,282,574
719,242,531,1492
189,968,26,1183
505,895,715,2115
607,754,602,1963
346,476,746,1568
969,58,875,1902
934,149,164,1247
236,191,473,900
128,894,455,1477
522,707,449,1678
327,423,425,1175
56,45,461,562
184,259,133,576
488,811,661,1960
614,724,761,2099
895,78,980,1953
450,903,616,1969
704,731,982,2417
328,591,16,935
882,81,868,1831
38,629,63,730
372,434,432,1238
967,563,1000,2530
577,412,36,1025
376,700,22,1098
590,899,918,2407
314,580,598,1492
937,718,3,1658
264,753,359,1376
714,462,967,2143
729,551,46,1326
416,673,890,1979
884,924,463,2271
909,57,451,1417
760,922,808,2490
795,59,967,1821
318,496,811,1625
721,169,239,1129
28,947,942,1917
543,222,508,1273
259,383,955,1597
872,769,101,1742
847,739,139,1725
664,468,912,2044
549,939,372,1860
341,253,346,940
309,173,49,531
269,206,717,1192
968,829,282,2079
710,570,437,1717
91,562,319,972
781,235,445,1461
616,817,835,2268
990,492,16,1498
304,749,247,1300
818,430,388,1636
786,44,979,1809
40,509,441,990
194,163,553,910
345,609,159,1113
103,806,186,1095
18,583,220,821
70,181,119,370
30,6,669,705
10,998,486,1494
146,197,353,696
2,637,43,682
941,38,797,1776
165,936,28,1129
110,976,613,1699
191,196,141,528
396,822,95,1313
339,977,3,1319
289,970,851,2110
408,591,925,1924
347,996,540,1883
827,279,274,1380
55,245,44,344
218,236,97,551
746,319,418,1483
908,904,666,2478
40,8,186,234
512,533,958,2003
235,714,826,1775
878,186,770,1834
589,136,32,757
15,161,46,222
525,645,373,1543
649,202,712,1563
611,832,901,2344
768,405,531,1704
877,92,253,1222
535,743,319,1597
575,863,237,1675
39,367,709,1115
931,790,244,1965
721,729,786,2236
165,446,953,1564
905,450,930,2285
996,156,9,1161
48,207,591,846
123,968,750,1841
478,53,892,1423
67,176,124,367
251,454,727,1432
828,51,399,1278
570,391,19,980
69,471,387,927
383,189,138,710
643,693,694,2030
499,173,126,798
500,849,905,2254
441,608,819,1868
966,165,18,1149
738,923,803,2464
754,523,975,2252
16,92,317,425
661,622,737,2020
763,419,941,2123
326,863,924,2113
973,984,878,2835
859,199,83,1141
323,32,21,376
317,308,557,1182
280,141,623,1044
434,454,448,1336
24,452,800,1276
9,394,430,833
209,416,405,1030
280,512,781,1573
453,187,462,1102
584,613,913,2110
229,437,524,1190
763,549,120,1432
578,254,498,1330
55,188,411,654
658,525,227,1410
662,232,819,1713
536,483,725,1744
112,187,202,501
197,495,444,1136
128,318,674,1120
617,235,250,1102
433,807,695,1935
482,125,237,844
346,223,671,1240
585,96,66,747
86,234,56,376
38,28,45,111
106,469,842,1417
466,816,531,1813
947,325,768,2040
533,858,132,1523
428,870,160,1458
888,917,778,2583
544,948,936,2428
300,441,434,1175
287,949,141,1377
329,623,4,956
745,881,534,2160
788,898,286,1972
130,223,806,1159
927,931,315,2173
524,757,356,1637
25,722,745,1492
865,384,176,1425
60,573,291,924
382,976,440,1798
126,67,760,953
235,693,46,974
380,997,50,1427
344,990,231,1565
596,482,338,1416
730,627,190,1547
134,701,51,886
363,67,65,495
749,102,239,1090
608,683,884,2175
863,82,344,1289
849,516,424,1789
211,271,980,1462
514,276,349,1139
210,376,143,729
866,978,398,2242
620,199,883,1702
321,478,401,1200
229,753,422,1404
300,835,349,1484
629,184,824,1637
706,223,173,1102
635,843,634,2112
195,190,876,1261
398,233,523,1154
293,388,945,1626
214,240,317,771
775,945,924,2644
853,686,605,2144
302,280,65,647
1,113,765,879
424,482,422,1328
58,515,871,1444
770,174,778,1722
503,898,320,1721
622,995,189,1806
966,67,777,1810
398,17,462,877
610,724,562,1896
613,823,262,1698
773,124,806,1703
24,10,314,348
911,780,351,2042
586,731,268,1585
341,985,789,2115
11,454,430,895
684,500,90,1274
132,451,130,713
982,832,198,2012
365,51,751,1167
735,791,931,2457
781,745,873,2399
407,251,710,1368
185,546,814,1545
387,866,640,1893
287,395,285,967
565,153,1000,1718
383,912,379,1674
262,501,528,1291
927,754,206,1887
418,893,496,1807
152,469,992,1613
357,749,250,1356
965,283,218,1466
388,754,600,1742
935,369,157,1461
557,962,889,2408
705,874,586,2165
40,503,120,663
240,234,892,1366
402,323,909,1634
145,17,345,507
404,708,600,1712
730,117,72,919
668,906,408,1982
769,976,642,2387
503,69,244,816
336,156,580,1072
138,79,813,1030
830,91,756,1677
49,644,485,1178
798,137,242,1177
692,468,106,1266
128,147,169,444
455,945,243,1643
936,944,717,2597
366,256,976,1598
776,579,820,2175
894,408,644,1946
712,526,831,2069
570,247,855,1672
632,574,797,2003
72,755,789,1616
686,831,445,1962
664,934,946,2544
14,442,192,648
967,527,742,2236
776,178,138,1092
814,573,642,2029
455,913,693,2061
863,209,781,1853
514,901,696,2111
546,669,52,1267
646,678,87,1411
561,837,561,1959
888,800,45,1733
270,159,627,1056
91,52,499,642
168,850,143,1161
206,957,579,1742
227,432,810,1469
145,909,254,1308
960,895,627,2482
803,383,813,1999
287,951,277,1515
85,584,268,937
930,526,559,2015
834,991,319,2144
4,535,194,733
110,816,878,1804
276,675,629,1580
999,556,912,2467
225,413,563,1201
715,437,45,1197
498,938,819,2255
879,346,420,1645
18,723,404,1145
143,221,547,911
254,783,725,1762
259,888,574,1721
912,888,762,2562
965,410,278,1653
398,16,542,956
242,158,505,905
422,427,119,968
555,839,561,1955
771,778,367,1916
479,129,780,1388
493,269,902,1664
657,20,672,1349
941,349,19,1309
211,770,184,1165
439,370,781,1590
332,477,28,837
539,727,87,1353
48,902,842,1792
225,648,121,994
529,658,334,1521
39,298,560,897
495,813,550,1858
461,818,878,2157
558,300,846,1704
272,565,625,1462
635,61,307,1003
624,654,214,1492
272,325,965,1562
577,357,65,999
644,664,376,1684
789,564,187,1540
63,976,848,1887
253,812,641,1706
318,851,36,1205
925,484,962,2371
419,741,992,2152
545,714,927,2186
308,668,119,1095
626,650,819,2095
830,583,766,2179
780,558,491,1829
838,179,486,1503
716,671,398,1785
313,272,188,773
866,181,598,1645
38,832,833,1703
762,335,882,1979
127,471,657,1255
727,639,434,1800
368,171,497,1036
38,744,255,1037
858,835,984,2677
692,226,201,1119
426,668,144,1238
909,492,704,2105
539,845,350,1734
688,897,101,1686
729,162,523,1414
791,292,972,2055
937,467,688,2092
686,907,196,1789
48,455,241,744
674,458,521,1653
175,233,635,1043
872,515,772,2159
319,900,366,1585
844,515,596,1955
657,955,343,1955
426,62,51,539
225,306,452,983
345,260,588,1193
314,157,579,1050
878,933,120,1931
576,665,705,1946
608,552,990,2150
12,313,580,905
777,651,43,1471
434,802,802,2038
702,998,722,2422
313,828,438,1579
580,848,310,1738
962,189,254,1405
901,590,698,2189
171,30,647,848
947,692,50,1689
723,426,50,1199
137,826,410,1373
534,810,237,1581
875,308,137,1320
407,288,489,1184
433,283,401,1117
158,294,692,1144
938,650,855,2443
470,86,0,556
176,752,592,1520
826,774,956,2556
174,590,795,1559
547,411,136,1094
587,435,817,1839
374,536,769,1679
774,48,893,1715
857,337,132,1326
253,391,578,1222
62,271,359,692
610,392,692,1694
766,524,155,1445
109,589,942,1640
478,673,772,1923
623,541,29,1193
60,269,658,987
797,996,436,2229
962,460,944,2366
210,474,613,1297
316,243,397,956
167,132,243,542
142,123,721,986
489,407,708,1604
351,66,641,1058
882,471,31,1384
166,358,107,631
352,288,660,1300
975,396,936,2307
274,583,448,1305
6,432,874,1312
428,404,524,1356
2,743,510,1255
112,780,944,1836
926,334,709,1969
752,391,754,1897
498,739,52,1289
632,75,362,1069
301,831,860,1992
354,330,515,1199
944,504,940,2388
87,929,451,1467
956,766,757,2479
992,423,423,1838
477,590,660,1727
404,147,199,750
910,543,396,1849
508,611,471,1590
377,439,522,1338
18,557,964,1539
285,966,368,1619
19,474,448,941
875,997,647,2519
843,102,347,1292
857,931,366,2154
489,109,495,1093
394,717,793,1904
91,20,344,455
9,63,765,837
8,257,317,582
10,298,188,496
508,386,392,1286
971,220,697,1888
622,82,415,1119
648,587,205,1440
363,451,300,1114
61,184,607,852
285,281,844,1410
534,366,655,1555
121,226,193,540
650,889,834,2373
629,291,253,1173
904,298,314,1516
336,182,780,1298
386,595,674,1655
220,277,711,1208
61,202,853,1116
861,130,480,1471
627,727,72,1426
765,436,331,1532
498,547,45,1090
246,128,966,1340
166,841,396,1403
784,977,660,2421
826,364,603,1793
172,796,568,1536
925,697,303,1925
456,540,118,1114
151,141,5,297
636,126,949,1711
289,264,24,577
39,794,850,1683
854,493,484,1831
561,775,156,1492
28,317,474,819
738,384,974,2096
864,276,762,1902
865,32,844,1741
757,430,599,1786
778,259,138,1175
622,342,731,1695
286,351,348,985
388,61,999,1448
321,847,302,1470
550,729,55,1334
604,135,267,1006
301,833,992,2126
383,653,381,1417
509,20,729,1258
261,90,195,546
544,581,852,1977
844,790,315,1949
25,492,338,855
784,420,235,1439
680,605,374,1659
932,904,197,2033
101,309,664,1074
171,957,358,1486
918,583,951,2452
536,698,959,2193
361,878,614,1853
581,479,887,1947
638,944,18,1600
789,134,375,1298
352,756,489,1597
891,212,617,1720
51,507,946,1504
963,972,472,2407
302,899,261,1462
475,12,452,939
389,580,114,1083
523,119,403,1045
626,489,89,1204
576,37,420,1033
966,944,95,2005
554,304,829,1687
349,242,774,1365
31,878,507,1416
801,559,540,1900
316,206,33,555
771,284,973,2028
182,756,541,1479
266,189,440,895
434,14,5,453
586,257,741,1584
101,260,59,420
300,815,938,2053
998,89,689,1776
438,157,817,1412
598,154,295,1047
560,237,724,1521
726,813,954,2493
891,155,374,1420
612,231,211,1054
277,160,594,1031
274,878,401,1553
132,384,812,1328
871,603,600,2074
142,341,170,653
640,278,789,1707
825,79,535,1439
526,191,716,1433
972,517,342,1831
688,335,764,1787
432,400,946,1778
273,70,483,826
809,82,714,1605
522,805,789,2116
582,840,902,2324
285,462,784,1531
617,299,930,1846
411,530,966,1907
390,492,20,902
703,31,987,1721
941,990,319,2250
645,660,115,1420
765,131,265,1161
825,95,605,1525
981,694,744,2419
175,647,332,1154
736,700,2,1438
407,461,528,1396
743,920,966,2629
369,704,169,1242
152,745,604,1501
66,655,719,1440
159,968,551,1678
205,909,665,1779
677,990,198,1865
430,745,991,2166
615,931,940,2486
576,904,645,2125
384,409,174,967
400,986,846,2232
108,602,221,931
371,562,623,1556
968,824,437,2229
739,347,775,1861
853,243,715,1811
243,980,260,1483
972,284,600,1856
429,758,605,1792
106,599,259,964
864,51,561,1476
376,308,854,1538
347,101,171,619
620,495,570,1685
954,224,420,1598
426,305,804,1535
463,379,147,989
741,60,716,1517
655,243,793,1691
599,317,131,1047
400,926,153,1479
598,147,448,1193
22,919,395,1336
973,910,177,2060
632,905,278,1815
866,220,21,1107
32,677,765,1474
898,948,463,2309
785,324,411,1520
496,805,521,1822
625,152,203,980
345,485,384,1214
597,69,365,1031
676,559,558,1793
796,834,49,1679
828,614,959,2401
599,379,811,1789
67,258,481,806
706,195,231,1132
674,235,256,1165
865,494,798,2157
889,64,222,1175
808,121,616,1545
564,81,718,1363
48,507,330,885
365,17,530,912
883,21,583,1487
785,649,863,2297
817,759,360,1936
816,891,402,2109
776,69,513,1358
597,843,828,2268
0,580,189,769
520,157,223,900
263,259,299,821
701,45,56,802
934,371,8,1313
233,961,778,1972
894,324,174,1392
460,59,56,575
368,428,446,1242
95,701,485,1281
910,723,530,2163
31,840,19,890
975,115,159,1249
347,407,801,1555
835,453,889,2177
438,227,391,1056
295,591,687,1573
948,535,447,1930
936,307,520,1763
816,592,5,1413
891,801,550,2242
604,541,688,1833
45,183,930,1158
527,117,370,1014
649,736,524,1909
725,617,473,1815
453,440,992,1885
559,350,941,1850
99,947,218,1264
360,252,36,648
279,702,559,1540
772,313,370,1455
451,898,424,1773
289,102,807,1198
610,336,207,1153
819,193,735,1747
244,390,27,661
481,927,704,2112
928,106,867,1901
396,529,941,1866
839,977,392,2208
243,530,528,1301
575,597,396,1568
360,711,580,1651
730,104,708,1542
234,626,363,1223
624,676,158,1458
429,655,792,1876
500,447,887,1834
195,649,687,1531
838,202,862,1902
43,420,373,836
190,56,693,939
49,436,991,1476
975,765,532,2272
792,496,196,1484
993,646,489,2128
379,852,670,1901
227,126,3,356
257,562,56,875
158,109,450,717
494,215,926,1635
793,878,643,2314
296,370,830,1496
733,167,475,1375
487,300,402,1189
383,129,188,700
830,73,368,1271
112,207,377,696
802,56,394,1252
782,179,661,1622
372,849,744,1965
633,898,576,2107
884,847,693,2424
73,173,114,360
803,768,348,1919
289,650,143,1082
78,204,353,635
488,510,819,1817
777,970,984,2731
462,786,490,1738
902,393,851,2146
524,722,576,1822
281,903,294,1478
40,844,334,1218
749,604,84,1437
791,337,991,2119
453,36,639,1128
877,277,640,1794
520,560,866,1946
348,453,24,825
600,20,951,1571
805,724,123,1652
220,588,390,1198
563,964,458,1985
948,319,277,1544
519,498,908,1925
875,71,332,1278
678,390,18,1086
186,971,874,2031
611,244,864,1719
710,301,517,1528
498,515,243,1256
958,383,47,1388
519,46,704,1269
778,384,762,1924
777,60,657,1494
450,754,346,1550
232,561,253,1046
481,531,660,1672
796,141,750,1687
304,654,601,1559
38,394,841,1273
537,838,48,1423
240,546,989,1775
675,357,640,1672
43,151,380,574
567,448,331,1346
376,269,684,1329
470,516,709,1695
891,813,501,2205
295,229,827,1351
328,871,615,1814
346,807,784,1937
565,740,170,1475
806,489,952,2247
448,425,525,1398
566,927,72,1565
198,398,250,846
492,366,26,884
240,26,291,557
614,906,850,2370
641,954,294,1889
437,287,599,1323
603,945,550,2098
885,694,79,1658
116,736,729,1581
583,609,197,1389
663,273,586,1522
224,896,411,1531
433,130,840,1403
10,703,405,1118
683,382,40,1105
76,949,644,1669
393,382,392,1167
609,231,532,1372
426,560,45,1031
516,904,202,1622
254,622,671,1547
456,97,683,1236
334,872,643,1849
378,239,154,771
400,996,407,1803
936,621,89,1646
849,321,123,1293
714,878,276,1868
920,373,152,1445
763,342,304,1409
768,872,472,2112
939,765,237,1941
793,667,448,1908
263,978,709,1950
696,628,450,1774
701,495,16,1212
627,956,29,1612
745,685,515,1945
893,54,551,1498
645,481,76,1202
671,481,745,1897
706,142,283,1131
770,173,88,1031
4,398,128,530
982,496,468,1946
589,128,530,1247
53,67,483,603
713,255,721,1689
59,671,150,880
595,45,564,1204
993,42,573,1608
297,506,312,1115
887,119,932,1938
431,602,261,1294
567,179,207,953
229,515,591,1335
280,775,203,1258
83,595,280,958
464,182,794,1440
727,987,297,2011
611,74,346,1031
804,49,389,1242
954,887,84,1925
555,367,27,949
85,686,14,785
28,248,127,403
504,772,302,1578
260,265,336,861
75,337,615,1027
33,734,87,854
450,540,661,1651
288,963,977,2228
679,524,868,2071
865,989,728,2582
73,485,421,979
9,50,28,87
437,107,568,1112
140,996,453,1589
599,393,655,1647
332,596,997,1925
968,408,393,1769
235,82,348,665
926,569,835,2330
768,514,59,1341
76,306,802,1184
17,784,578,1379
621,940,279,1840
392,732,294,1418
959,600,199,1758
327,652,46,1025
787,100,605,1492
369,483,946,1798
51,305,20,376
295,774,270,1339
930,966,876,2772
567,688,652,1907
361,243,52,656
714,328,415,1457
4,858,529,1391
881,885,459,2225
146,564,793,1503
671,642,303,1616
307,789,367,1463
988,44,201,1233
529,351,76,956
32,484,619,1135
742,249,524,1515
525,429,146,1100
986,904,978,2868
335,706,261,1302
687,134,154,975
147,949,107,1203
263,527,585,1375
343,139,187,669
93,998,377,1468
406,494,553,1453
836,329,332,1497
343,198,300,841
632,153,321,1106
934,628,581,2143
158,182,106,446
305,563,159,1027
538,361,798,1697
927,579,705,2211
196,419,664,1279
108,552,895,1555
336,106,168,610
828,979,24,1831
975,172,854,2001
898,701,838,2437
5,806,812,1623
337,780,638,1755
309,792,719,1820
311,309,821,1441
711,878,200,1789
552,496,402,1450
954,543,369,1866
173,946,84,1203
282,477,3,762
650,872,250,1772
882,343,225,1450
638,1,986,1625
353,355,116,824
398,335,334,1067
607,240,802,1649
343,423,477,1243
984,650,379,2013
216,939,456,1611
389,249,142,780
636,336,817,1789
252,625,326,1203
569,296,564,1429
227,606,116,949
747,936,274,1957
955,429,267,1651
684,931,156,1771
686,594,564,1844
323,615,321,1259
922,418,436,1776
403,362,355,1120
269,912,21,1202
674,395,437,1506
900,198,603,1701
476,629,884,1989
363,638,706,1707
702,255,814,1771
858,820,273,1951
54,939,655,1648
185,154,42,381
780,678,964,2422
135,671,269,1075
980,506,337,1823
479,490,677,1646
370,363,802,1535
142,273,549,964
528,16,626,1170
714,382,507,1603
99,969,858,1926
531,14,995,1540
25,839,650,1514
415,991,165,1571
586,692,722,2000
322,490,602,1414
467,41,191,699
935,465,6,1406
824,255,150,1229
708,479,362,1549
200,858,165,1223
89,41,148,278
411,528,595,1534
312,977,448,1737
442,579,239,1260
836,651,899,2386
602,0,329,931
195,832,816,1843
204,585,266,1055
201,548,704,1453
959,458,989,2406
754,963,743,2460
676,938,604,2218
854,579,897,2330
945,141,844,1930
279,23,260,562
564,226,583,1373
658,611,916,2185
384,227,690,1301
706,480,914,2100
924,599,636,2159
92,796,367,1255
657,489,843,1989
629,904,500,2033
805,540,445,1790
261,350,436,1047
393,94,265,752
652,707,709,2068
846,123,955,1924
842,797,137,1776
987,791,47,1825
596,92,835,1523
653,880,52,1585
694,428,183,1305
324,537,144,1005
134,435,941,1510
235,728,841,1804
448,430,947,1825
916,369,898,2183
45,167,531,743
239,649,481,1369
123,75,499,697
514,518,616,1648
530,777,782,2089
117,571,667,1355
354,541,846,1741
374,63,792,1229
626,41,548,1215
586,632,847,2065
886,475,627,1988
661,49,700,1410
145,933,447,1525
168,546,674,1388
469,407,499,1375
938,412,619,1969
275,903,234,1412
655,399,848,1902
728,535,805,2068
422,703,785,1910
54,987,737,1778
332,670,401,1403
169,517,163,849
191,199,457,847
166,601,763,1530
596,375,302,1273
519,300,213,1032
610,21,549,1180
212,572,426,1210
94,752,658,1504
787,219,227,1233
538,986,734,2258
915,559,39,1513
81,749,693,1523
921,141,26,1088
481,285,146,912
207,746,133,1086
483,158,683,1324
265,422,429,1116
820,517,85,1422
912,76,677,1665
151,423,48,622
512,407,590,1509
695,331,548,1574
440,780,268,1488
601,173,499,1273
1000,112,754,1866
493,591,734,1818
284,198,546,1028
790,680,446,1916
466,805,665,1936
586,925,499,2010
928,407,196,1531
346,726,347,1419
574,426,205,1205
694,570,965,2229
372,299,1,672
471,802,477,1750
982,324,712,2018
921,123,720,1764
928,915,607,2450
613,47,833,1493
534,847,603,1984
188,373,226,787
87,300,306,693
432,871,176,1479
495,622,197,1314
158,693,373,1224
740,54,979,1773
885,868,500,2253
631,804,978,2413
590,52,569,1211
915,407,287,1609
992,859,102,1953
348,687,543,1578
424,601,944,1969
146,574,403,1123
868,528,832,2228
379,538,1000,1917
764,592,625,1981
829,542,451,1822
866,151,257,1274
305,109,728,1142
665,792,723,2180
480,590,181,1251
438,253,757,1448
563,489,248,1300
840,185,828,1853
329,653,657,1639
845,133,258,1236
599,449,964,2012
118,622,457,1197
87,882,970,1939
230,676,595,1501
748,315,576,1639
378,791,388,1557
433,561,453,1447
353,31,721,1105
456,198,301,955
903,608,743,2254
562,695,360,1617
20,93,622,735
523,571,713,1807
764,443,765,1972
23,30,802,855
930,120,829,1879
431,606,619,1656
490,924,14,1428
793,704,531,2028
485,674,8,1167
671,89,231,991
929,122,792,1843
167,612,881,1660
175,580,822,1577
600,664,933,2197
528,77,365,970
661,458,650,1769
250,323,866,1439
848,708,408,1964
927,46,901,1874
532,870,682,2084
813,797,668,2278
626,681,534,1841
224,277,158,659
609,457,839,1905
978,772,884,2634
148,532,757,1437
618,483,239,1340
684,639,547,1870
549,437,186,1172
5,147,998,1150
877,323,446,1646
5,893,881,1779
943,203,698,1844
965,863,941,2769
473,260,173,906
983,380,488,1851
786,994,555,2335
177,81,952,1210
468,436,450,1354
740,817,573,2130
425,937,89,1451
886,611,329,1826
299,569,38,906
174,919,592,1685
146,272,903,1321
723,892,946,2561
44,565,899,1508
603,757,646,2006
966,757,165,1888
274,49,886,1209
49,640,888,1577
313,841,992,2146
514,605,531,1650
477,853,380,1710
976,309,470,1755
105,499,795,1399
939,289,575,1803
803,586,513,1902
497,306,862,1665
734,217,384,1335
146,777,578,1501
317,662,882,1861
186,871,83,1140
633,776,74,1483
603,446,216,1265
514,19,248,781
842,226,574,1642
579,331,176,1086
432,617,17,1066
523,422,172,1117
483,909,629,2021
650,146,684,1480
157,737,33,927
366,491,111,968
176,109,519,804
994,356,856,2206
410,440,171,1021
983,586,720,2289
864,978,705,2547
445,735,409,1589
731,314,28,1073
199,259,307,765
943,986,514,2443
342,823,78,1243
749,156,87,992
701,465,204,1370
601,233,998,1832
355,927,583,1865
433,920,448,1801
334,272,728,1334
878,287,460,1625
264,985,264,1513
659,731,560,1950
910,374,221,1505
722,63,81,866
55,678,471,1204
284,123,794,1201
785,394,469,1648
121,698,749,1568
526,7,476,1009
406,500,351,1257
741,747,669,2157
184,463,35,682
680,326,30,1036
598,523,186,1307
600,665,796,2061
859,468,571,1898
318,10,977,1305
88,917,692,1697
596,571,195,1362
491,122,303,916
148,590,97,835
422,65,481,968
726,124,865,1715
304,384,390,1078
649,309,540,1498
399,342,777,1518
242,208,280,730
233,717,689,1639
342,930,640,1912
25,964,802,1791
761,79,103,943
904,996,421,2321
686,960,333,1979
276,379,84,739
887,988,19,1894
751,513,354,1618
693,796,568,2057
125,325,980,1430
358,524,971,1853
612,269,599,1480
509,876,121,1506
728,682,152,1562
741,242,709,1692
278,533,937,1748
988,787,251,2026
139,228,522,889
77,684,275,1036
136,666,153,955
865,161,938,1964
198,894,237,1329
454,599,446,1499
808,480,460,1748
91,347,3,441
976,870,313,2159
784,5,539,1328
594,498,151,1243
756,923,428,2107
757,882,580,2219
260,314,897,1471
814,592,717,2123
497,739,978,2214
243,125,603,971
932,160,517,1609
662,771,5,1438
702,520,640,1862
978,146,875,1999
894,947,666,2507
138,988,615,1741
96,570,632,1298
468,812,54,1334
351,450,318,1119
887,350,316,1553
153,562,542,1257
964,365,340,1669
148,827,944,1919
498,927,378,1803
982,680,480,2142
202,639,44,885
331,71,115,517
227,904,361,1492
829,645,967,2441
615,283,766,1664
59,980,684,1723
548,638,62,1248
50,190,791,1031
40,471,687,1198
606,994,917,2517
732,522,114,1368
893,94,581,1568
602,413,352,1367
175,169,532,876
828,484,419,1731
878,194,79,1151
984,816,721,2521
909,765,277,1951
649,915,169,1733
274,90,907,1271
705,242,601,1548
861,322,39,1222
634,190,938,1762
890,878,459,2227
994,194,587,1775
451,117,654,1222
986,621,826,2433
291,783,848,1922
359,97,0,456
113,799,64,976
778,689,542,2009
648,301,57,1006
927,51,648,1626
894,927,202,2023
164,979,713,1856
508,799,923,2230
799,277,238,1314
5,204,174,383
26,237,443,706
742,133,243,1118
256,41,23,320
303,889,375,1567
678,261,744,1683
321,485,799,1605
317,401,45,763
183,183,36,402
495,725,102,1322
89,488,498,1075
74,508,378,960
656,542,379,1577
743,755,771,2269
672,173,699,1544
363,360,911,1634
678,105,342,1125
522,799,289,1610
202,737,754,1693
201,17,921,1139
81,133,634,848
402,578,694,1674
615,537,404,1556
173,31,486,690
654,969,410,2033
404,445,649,1498
998,254,842,2094
719,901,506,2126
165,81,989,1235
929,908,142,1979
775,165,188,1128
900,971,844,2715
640,979,456,2075
799,651,60,1510
347,49,246,642
991,203,495,1689
738,529,743,2010
99,983,461,1543
72,265,678,1015
172,931,526,1629
410,627,400,1437
909,693,332,1934
779,471,831,2081
731,569,452,1752
804,971,419,2194
416,716,227,1359
722,725,873,2320
15,953,797,1765
201,463,167,831
233,191,88,512
182,264,324,770
904,170,591,1665
565,141,902,1608
344,350,422,1116
688,402,242,1332
104,241,1,346
803,96,172,1071
233,750,225,1208
95,455,478,1028
38,422,236,696
645,208,342,1195
421,440,180,1041
433,50,846,1329
260,707,261,1228
347,399,299,1045
149,225,225,599
150,139,118,407
212,18,388,618
29,922,136,1087
509,904,25,1438
928,371,636,1935
950,475,269,1694
205,666,571,1442
578,865,502,1945
287,791,193,1271
69,256,537,862
133,84,296,513
309,889,338,1536
683,261,796,1740
868,296,47,1211
995,899,955,2849
124,551,780,1455
256,691,211,1158
178,301,231,710
131,17,379,527
968,680,307,1955
364,156,28,548
347,859,576,1782
780,797,93,1670
483,314,955,1752
799,277,626,1702
879,150,489,1518
121,793,677,1591
370,920,566,1856
419,21,550,990
685,472,497,1654
604,436,907,1947
73,718,462,1253
774,564,177,1515
398,767,109,1274
753,285,249,1287
40,697,740,1477
67,443,57,567
585,117,69,771
506,754,899,2159
773,739,977,2489
445,354,338,1137
551,945,914,2410
80,579,692,1351
355,474,346,1175
611,697,216,1524
15,950,542,1507
237,709,469,1415
464,325,922,1711
75,938,230,1243
665,7,160,832
50,660,94,804
241,38,187,466
542,540,535,1617
919,688,702,2309
918,792,934,2644
659,193,746,1598
957,395,513,1865
720,345,7,1072
922,384,336,1642
430,237,989,1656
55,395,406,856
410,925,456,1791
378,674,698,1750
478,182,184,844
595,606,212,1413
506,614,796,1916
916,742,406,2064
745,544,836,2125
713,816,809,2338
85,351,388,824
534,422,515,1471
467,22,790,1279
913,531,126,1570
744,195,94,1033
808,738,448,1994
189,793,79,1061
36,162,717,915
323,96,148,567
388,531,303,1222
693,955,228,1876
825,916,764,2505
682,370,545,1597
764,634,722,2120
588,524,236,1348
69,322,813,1204
930,503,776,2209
172,88,248,508
942,365,242,1549
536,194,751,1481
655,748,260,1663
533,662,141,1336
834,459,694,1987
294,129,350,773
51,755,610,1416
620,939,119,1678
810,128,815,1753
775,98,56,929
650,920,198,1768
506,851,642,1999
439,32,373,844
172,260,212,644
12,50,760,822
97,874,709,1680
120,266,998,1384
373,274,899,1546
623,756,964,2343
376,842,676,1894
18,101,90,209
632,804,288,1724
765,976,0,1741
296,130,411,837
718,120,697,1535
282,725,989,1996
408,351,411,1170
272,887,969,2128
680,926,54,1660
591,115,591,1297
636,465,271,1372
546,359,443,1348
595,85,564,1244
638,887,687,2212
126,361,646,1133
160,221,290,671
868,330,369,1567
493,606,641,1740
571,578,572,1721
938,734,444,2116
888,69,253,1210
473,88,769,1330
166,270,898,1334
549,993,295,1837
219,532,130,881
739,997,773,2509
975,412,345,1732
448,378,464,1290
163,19,617,799
771,836,348,1955
796,980,365,2141
998,358,525,1881
790,8,815,1613
931,446,663,2040
641,970,397,2008
35,589,956,1580
580,655,87,1322
115,849,825,1789
720,74,202,996
388,174,454,1016
332,67,384,783
460,287,657,1404
431,192,761,1384
706,751,120,1577
222,592,341,1155
748,194,939,1881
782,391,763,1936
831,822,298,1951
909,156,663,1728
646,804,92,1542
155,591,595,1341
900,558,433,1891
18,858,71,947
709,49,202,960
361,192,929,1482
165,256,846,1267
552,208,819,1579
79,107,445,631
599,284,731,1614
566,277,448,1291
80,227,796,1103
516,847,523,1886
634,784,644,2062
774,602,66,1442
259,227,105,591
380,607,588,1575
963,390,434,1787
230,261,959,1450
875,221,799,1895
489,601,914,2004
682,962,371,2015
398,466,982,1846
787,760,707,2254
82,286,119,487
411,987,287,1685
778,438,413,1629
247,531,181,959
584,788,499,1871
715,409,382,1506
260,6,798,1064
850,839,330,2019
466,373,506,1345
407,770,638,1815
431,483,372,1286
981,984,846,2811
895,978,453,2326
402,408,649,1459
238,963,845,2046
520,999,996,2515
42,504,950,1496
981,32,713,1726
235,604,519,1358
742,888,65,1695
909,209,470,1588
615,714,561,1890
702,691,402,1795
546,583,83,1212
543,769,171,1483
125,18,126,269
388,856,644,1888
216,162,381,759
18,441,130,589
482,327,199,1008
242,907,781,1930
655,638,900,2193
887,497,171,1555
146,479,826,1451
461,795,336,1592
286,276,104,666
646,775,280,1701
938,663,224,1825
222,730,552,1504
431,170,773,1374
313,109,629,1051
433,938,119,1490
760,647,25,1432
831,255,134,1220
395,834,449,1678
414,664,44,1122
220,970,117,1307
231,860,579,1670
861,580,156,1597
296,682,962,1940
678,208,283,1169
244,853,613,1710
645,383,885,1913
389,363,642,1394
204,381,559,1144
701,784,335,1820
469,38,243,750
594,625,206,1425
448,808,227,1483
764,259,487,1510
737,871,93,1701
867,644,702,2213
837,790,282,1909
945,121,697,1763
185,856,154,1195
105,547,442,1094
721,250,756,1727
218,454,944,1616
882,829,97,1808
636,619,393,1648
497,250,244,991
670,843,769,2282
813,417,621,1851
504,579,767,1850
880,159,77,1116
178,404,337,919
115,408,579,1102
433,286,262,981
532,417,653,1602
382,583,632,1597
373,989,590,1952
292,292,114,698
443,582,178,1203
958,68,824,1850
164,612,274,1050
643,240,633,1516
501,760,547,1808
134,81,604,819
365,235,214,814
89,693,432,1214
303,800,35,1138
599,318,188,1105
693,784,197,1674
195,992,597,1784
790,747,504,2041
864,962,523,2349
126,745,394,1265
864,286,472,1622
467,929,715,2111
35,779,237,1051
316,173,3,492
398,587,482,1467
947,800,635,2382
640,157,437,1234
821,715,143,1679
6,528,699,1233
654,870,308,1832
209,988,713,1910
444,993,635,2072
114,510,640,1264
854,799,860,2513
654,829,292,1775
476,891,348,1715
37,589,64,690
108,66,414,588
695,441,384,1520
814,427,842,2083
651,761,653,2065
319,77,870,1266
92,39,80,211
597,808,384,1789
984,768,150,1902
107,813,633,1553
948,494,777,2219
404,115,522,1041
628,7,886,1521
298,803,434,1535
36,854,705,1595
225,91,818,1134
42,717,958,1717
951,253,636,1840
318,150,528,996
862,25,824,1711
225,305,833,1363
349,285,883,1517
161,135,992,1288
305,971,213,1489
729,610,375,1714
998,879,963,2840
69,877,571,1517
0,543,645,1188
4,468,508,980
26,169,628,823
113,857,779,1749
969,814,932,2715
803,602,709,2114
537,941,445,1923
863,994,805,2662
14,73,263,350
661,449,244,1354
684,371,700,1755
572,534,193,1299
125,745,799,1669
758,152,615,1525
104,903,843,1850
29,657,475,1161
796,686,317,1799
321,989,870,2180
435,77,187,699
990,16,301,1307
697,856,390,1943
593,765,212,1570
476,977,455,1908
271,752,913,1936
84,563,187,834
502,395,445,1342
79,307,640,1026
902,73,228,1203
897,678,464,2039
518,481,20,1019
960,857,300,2117
387,126,703,1216
770,615,741,2126
733,249,3,985
500,198,675,1373
194,433,509,1136
967,286,88,1341
799,970,225,1994
799,264,585,1648
915,599,525,2039
754,343,897,1994
94,568,175,837
369,618,546,1533
955,49,607,1611
23,317,617,957
486,473,522,1481
13,186,735,934
443,146,761,1350
481,543,831,1855
725,822,570,2117
327,880,404,1611
824,656,328,1808
339,377,185,901
909,945,755,2609
650,104,316,1070
362,588,823,1773
967,832,124,1923
444,667,500,1611
656,750,77,1483
626,901,127,1654
284,197,682,1163
582,273,921,1776
793,941,191,1925
795,851,645,2291
86,514,790,1390
644,49,519,1212
211,33,834,1078
768,907,895,2570
407,709,761,1877
402,188,354,944
636,47,667,1350
553,849,639,2041
798,671,209,1678
308,118,378,804
646,982,76,1704
429,492,786,1707
976,186,388,1550
764,658,464,1886
536,163,856,1555
528,857,400,1785
653,168,359,1180
6,599,330,935
237,331,128,696
583,696,52,1331
653,146,742,1541
58,283,652,993
377,462,978,1817
468,68,166,702
890,140,974,2004
785,71,838,1694
771,15,19,805
983,279,140,1402
362,523,528,1413
782,19,691,1492
939,644,65,1648
714,418,18,1150
486,497,978,1961
320,307,441,1068
634,941,303,1878
723,417,263,1403
818,744,754,2316
867,628,651,2146
888,269,120,1277
175,40,540,755
535,469,326,1330
866,606,769,2241
176,944,969,2089
519,993,823,2335
805,422,573,1800
999,926,869,2794
833,728,566,2127
403,391,888,1682
108,868,799,1775
828,359,435,1622
430,490,450,1370
306,988,750,2044
515,147,157,819
393,84,196,673
610,333,762,1705
258,828,426,1512
643,603,334,1580
915,684,55,1654
282,74,984,1340
500,136,741,1377
922,461,493,1876
317,521,773,1611
452,304,754,1510
738,894,177,1809
824,671,42,1537
602,65,982,1649
550,120,928,1598
564,581,659,1804
502,1000,727,2229
425,594,509,1528
455,550,896,1901
779,926,70,1775
277,300,704,1281
975,255,959,2189
255,275,880,1410
545,201,139,885
892,907,437,2236
33,370,742,1145
527,430,424,1381
237,700,318,1255
44,740,461,1245
152,915,697,1764
420,212,487,1119
728,394,745,1867
549,27,828,1404
196,799,548,1543
622,431,423,1476
272,598,866,1736
203,955,581,1739
498,689,514,1701
657,125,930,1712
672,924,800,2396
64,731,908,1703
575,192,777,1544
513,799,40,1352
331,280,995,1606
195,411,58,664
987,558,591,2136
254,503,986,1743
834,699,805,2338
3,233,630,866
114,639,232,985
902,582,301,1785
730,57,489,1276
939,795,388,2122
737,901,772,2410
325,740,363,1428
755,364,779,1898
470,322,623,1415
341,475,306,1122
741,178,728,1647
288,629,180,1097
337,652,881,1870
906,70,146,1122
870,134,419,1423
285,887,455,1627
115,147,977,1239
778,849,331,1958
715,30,984,1729
896,396,288,1580
101,722,506,1329
627,525,24,1176
342,702,247,1291
118,276,834,1228
398,159,88,645
682,327,126,1135
278,242,794,1314
803,79,51,933
283,126,911,1320
326,703,268,1297
334,789,900,2023
486,56,564,1106
572,193,362,1127
252,826,526,1604
200,487,82,769
812,170,756,1738
296,960,851,2107
922,819,542,2283
225,318,333,876
449,596,813,1858
302,389,525,1216
700,116,40,856
885,793,482,2160
893,547,595,2035
261,1,262,524
988,634,556,2178
725,551,356,1632
730,671,698,2099
609,597,244,1450
829,834,954,2617
998,338,6,1342
679,380,954,2013
983,874,352,2209
925,37,624,1586
389,899,702,1990
261,967,848,2076
488,383,717,1588
209,0,308,517
83,83,584,750
431,576,346,1353
223,253,649,1125
837,117,156,1110
678,102,500,1280
221,211,73,505
294,181,571,1046
801,898,844,2543
321,942,602,1865
132,117,286,535
972,726,898,2596
87,333,816,1236
985,469,103,1557
421,799,309,1529
178,6,624,808
324,145,862,1331
971,965,884,2820
901,703,143,1747
320,330,597,1247
537,590,80,1207
98,140,718,956
725,399,908,2032
871,401,864,2136
804,96,196,1096
164,196,687,1047
689,50,75,814
987,180,850,2017
12,574,617,1203
706,865,88,1659
183,805,274,1262
756,504,178,1438
705,821,808,2334
462,966,520,1948
255,802,785,1842
657,242,74,973
709,477,979,2165
45,979,680,1704
595,559,772,1926
318,358,752,1428
387,231,336,954
155,578,871,1604
222,383,447,1052
60,646,23,729
756,653,800,2209
289,115,649,1053
739,393,118,1250
458,542,232,1232
328,853,259,1440
472,716,403,1591
266,273,808,1347
631,851,262,1744
994,606,307,1907
250,369,893,1512
581,256,178,1015
912,161,57,1130
500,963,513,1976
437,706,363,1506
14,655,631,1300
631,210,349,1190
408,30,24,462
675,634,620,1929
845,3,965,1813
172,821,20,1013
105,259,307,671
821,199,729,1749
32,865,897,1794
646,107,125,878
578,767,15,1360
520,371,878,1769
132,928,204,1264
639,429,55,1123
742,114,834,1690
251,615,458,1324
391,668,549,1608
434,844,798,2076
644,956,195,1795
788,542,302,1632
376,806,89,1271
46,938,375,1359
428,597,382,1407
188,566,208,962
961,133,220,1314
657,404,706,1767
816,482,307,1605
217,99,228,544
749,864,49,1662
7,173,63,243
528,794,521,1843
522,710,684,1916
5,171,826,1002
28,432,694,1154
549,604,965,2118
708,526,924,2158
424,317,8,749
551,655,689,1895
425,627,878,1930
945,335,615,1895
505,189,772,1466
722,205,715,1642
654,496,302,1452
407,166,122,695
930,91,382,1403
467,1000,357,1824
536,825,255,1616
949,836,556,2341
971,555,571,2097
575,222,720,1517
666,496,45,1207
183,572,671,1426
375,778,114,1267
789,230,668,1687
698,984,49,1731
759,1,596,1356
892,494,40,1426
26,37,442,505
98,509,387,994
554,166,814,1534
109,10,726,845
561,516,970,2047
486,796,494,1776
400,367,799,1566
419,211,728,1358
726,296,199,1221
340,615,39,994
817,589,363,1769
850,463,485,1798
934,931,540,2405
529,160,310,999
436,382,254,1072
404,53,484,941
118,915,718,1751
262,944,982,2188
494,788,924,2206
972,34,965,1971
386,191,276,853
627,996,339,1962
844,606,617,2067
316,184,254,754
915,294,286,1495
773,765,668,2206
322,800,700,1822
164,765,198,1127
181,278,174,633
989,366,530,1885
917,790,343,2050
532,126,572,1230
623,395,156,1174
81,714,390,1185
842,157,701,1700
143,425,948,1516
210,904,852,1966
252,709,879,1840
495,489,552,1536
391,833,702,1926
630,501,795,1926
240,899,804,1943
261,170,715,1146
335,333,603,1271
274,238,904,1416
700,231,703,1634
929,542,818,2289
476,467,701,1644
711,656,180,1547
335,408,385,1128
468,121,544,1133
601,945,442,1988
275,687,988,1950
695,1,938,1634
554,282,215,1051
320,399,379,1098
900,506,824,2230
741,1,537,1279
55,939,935,1929
884,375,688,1947
705,110,756,1571
948,561,307,1816
943,621,581,2145
684,154,788,1626
646,596,687,1929
752,605,397,1754
707,93,332,1132
973,774,646,2393
544,210,973,1727
672,152,556,1380
998,872,174,2044
852,357,879,2088
187,586,422,1195
406,962,995,2363
817,409,914,2140
870,509,216,1595
494,839,493,1826
536,901,551,1988
384,992,662,2038
16,945,149,1110
610,455,898,1963
578,626,689,1893
963,512,288,1763
774,664,704,2142
858,92,626,1576
483,491,106,1080
851,540,679,2070
77,362,966,1405
508,809,440,1757
777,296,217,1290
564,615,328,1507
127,128,864,1119
715,368,774,1857
843,55,442,1340
109,547,208,864
175,277,885,1337
323,916,314,1553
680,502,464,1646
113,954,29,1096
943,137,103,1183
762,366,514,1642
835,805,897,2537
434,123,676,1233
385,162,320,867
868,731,745,2344
233,638,463,1334
132,807,952,1891
402,736,732,1870
368,466,941,1775
959,405,184,1548
417,752,390,1559
862,823,391,2076
625,884,110,1619
829,108,30,967
131,14,852,997
272,823,564,1659
336,715,503,1554
179,135,344,658
952,641,566,2159
857,722,414,1993
149,811,72,1032
257,962,530,1749
872,138,881,1891
228,980,761,1969
170,494,820,1484
104,5,745,854
651,857,662,2170
17,204,229,450
913,833,221,1967
632,345,776,1753
186,549,425,1160
756,737,728,2221
583,775,612,1970
209,470,69,748
590,667,255,1512
715,559,476,1750
50,684,635,1369
12,390,822,1224
649,26,105,780
81,689,158,928
854,507,6,1367
501,594,219,1314
528,72,292,892
658,507,965,2130
156,737,487,1380
854,942,671,2467
923,219,52,1194
846,742,177,1765
997,771,810,2578
669,546,554,1769
518,226,36,780
501,85,294,880
170,763,270,1203
833,227,710,1770
247,854,302,1403
558,350,879,1787
892,567,928,2387
349,340,424,1113
21,249,998,1268
976,960,394,2330
763,227,699,1689
615,352,164,1131
290,466,992,1748
960,683,727,2370
67,98,811,976
634,663,721,2018
478,42,383,903
649,776,423,1848
281,783,296,1360
37,853,304,1194
29,101,150,280
344,774,157,1275
871,987,545,2403
140,333,228,701
882,588,982,2452
312,307,592,1211
576,644,873,2093
523,579,104,1206
761,850,563,2174
733,876,504,2113
970,301,198,1469
266,284,284,834
278,574,627,1479
92,13,637,742
563,337,720,1620
244,179,852,1275
902,940,607,2449
941,334,499,1774
966,610,834,2410
920,641,754,2315
521,521,276,1318
521,778,644,1943
545,455,178,1178
672,238,684,1594
165,340,847,1352
948,785,386,2119
285,617,784,1686
900,81,934,1915
707,346,826,1879
980,371,835,2186
94,969,56,1119
294,556,534,1384
432,59,792,1283
774,70,640,1484
823,561,553,1937
755,359,896,2010
726,107,634,1467
309,433,304,1046
266,860,973,2099
579,561,448,1588
553,203,89,845
769,850,934,2553
528,117,702,1347
137,786,833,1756
440,774,985,2199
964,381,30,1375
788,305,441,1534
89,420,753,1262
641,825,574,2040
832,367,701,1900
857,526,178,1561
369,898,592,1859
289,433,124,846
922,309,470,1701
686,269,279,1234
874,850,416,2140
273,662,688,1623
343,991,105,1439
498,263,94,855
908,85,949,1942
281,906,759,1946
767,45,398,1210
495,1000,36,1531
242,491,578,1311
513,938,980,2431
679,995,141,1815
928,220,517,1665
820,331,694,1845
570,100,963,1633
301,332,702,1335
268,475,187,930
270,267,589,1126
254,617,716,1587
645,671,215,1531
570,781,168,1519
728,378,294,1400
974,420,930,2324
20,376,966,1362
646,814,867,2327
90,126,893,1109
13,792,500,1305
189,396,493,1078
508,446,850,1804
414,284,276,974
81,679,624,1384
500,436,564,1500
461,787,202,1450
610,963,805,2378
445,450,568,1463
558,917,887,2362
890,676,762,2328
128,115,508,751
655,294,863,1812
895,752,987,2634
18,985,875,1878
167,179,855,1201
567,144,981,1692
504,782,49,1335
634,914,428,1976
793,995,998,2786
69,417,303,789
970,461,22,1453
179,232,514,925
262,141,474,877
746,545,504,1795
970,572,300,1842
318,321,444,1083
909,77,394,1380
385,854,385,1624
571,568,329,1468
472,722,266,1460
370,389,948,1707
167,69,922,1158
599,413,786,1798
345,703,191,1239
639,295,691,1625
206,864,809,1879
179,78,225,482
271,842,492,1605
811,485,196,1492
419,183,305,907
714,745,685,2144
53,259,657,969
434,805,3,1242
568,775,448,1791
460,764,411,1635
856,463,105,1424
797,808,478,2083
77,268,977,1322
873,254,421,1548
736,759,887,2382
551,630,231,1412
709,664,780,2153
986,93,180,1259
734,274,842,1850
899,638,989,2526
271,946,293,1510
292,710,527,1529
621,427,356,1404
28,872,965,1865
644,220,692,1556
324,827,419,1570
816,865,441,2122
97,658,118,873
340,511,438,1289
849,148,850,1847
406,456,446,1308
251,339,965,1555
80,827,328,1235
443,212,797,1452
648,711,362,1721
943,91,432,1466
633,910,551,2094
364,897,161,1422
930,859,342,2131
998,871,683,2552
506,107,608,1221
407,498,612,1517
181,523,252,956
665,616,994,2275
206,952,652,1810
140,810,410,1360
657,592,525,1774
782,779,410,1971
948,756,899,2603
393,248,257,898
381,248,953,1582
898,749,742,2389
367,599,18,984
841,432,160,1433
27,122,930,1079
583,550,366,1499
724,323,237,1284
439,447,167,1053
10,946,274,1230
22,920,609,1551
680,338,847,1865
151,322,654,1127
312,848,692,1852
957,562,623,2142
841,197,791,1829
828,804,971,2603
627,514,854,1995
29,599,386,1014
596,721,372,1689
452,783,104,1339
752,54,337,1143
231,794,254,1279
153,915,283,1351
243,905,136,1284
134,425,507,1066
451,890,157,1498
421,934,535,1890
829,442,439,1710
135,928,986,2049
930,736,470,2136
406,201,299,906
394,172,754,1320
211,447,472,1130
115,801,659,1575
158,659,83,900
43,781,925,1749
908,28,134,1070
897,59,922,1878
483,173,113,769
869,87,588,1544
583,375,812,1770
695,521,314,1530
929,844,109,1882
253,383,223,859
128,901,60,1089
184,243,327,754
252,342,81,675
779,703,983,2465
255,28,740,1023
352,646,522,1520
382,744,577,1703
611,707,686,2004
441,471,784,1696
630,302,582,1514
304,425,673,1402
310,292,55,657
500,343,215,1058
473,160,560,1193
325,944,529,1798
947,973,843,2763
255,164,350,769
603,282,587,1472
370,319,288,977
774,530,443,1747
990,670,904,2564
641,283,852,1776
697,556,900,2153
950,91,962,2003
995,452,225,1672
801,657,872,2330
822,973,599,2394
699,815,255,1769
787,393,343,1523
792,568,947,2307
812,667,69,1548
91,489,159,739
875,773,62,1710
813,639,915,2367
647,533,221,1401
293,6,31,330
466,624,338,1428
19,666,599,1284
754,464,296,1514
720,311,21,1052
561,940,637,2138
351,394,980,1725
928,123,941,1992
634,306,878,1818
2,816,881,1699
706,289,716,1711
460,375,941,1776
172,909,873,1954
959,151,245,1355
493,8,335,836
57,491,70,618
355,903,326,1584
849,208,492,1549
418,277,464,1159
916,689,809,2414
942,24,332,1298
255,226,429,910
191,986,667,1844
289,910,965,2164
420,557,364,1341
810,758,223,1791
191,460,333,984
316,639,548,1503
558,608,81,1247
892,991,693,2576
102,764,581,1447
353,586,569,1508
133,795,20,948
270,578,316,1164
122,825,606,1553
34,705,45,784
859,378,528,1765
74,810,246,1130
592,207,644,1443
759,332,606,1697
439,454,721,1614
924,882,694,2500
989,311,390,1690
357,775,809,1941
918,295,953,2166
390,961,320,1671
250,562,308,1120
445,406,664,1515
425,766,660,1851
205,1,221,427
682,948,958,2588
267,104,477,848
699,686,622,2007
106,962,47,1115
609,169,358,1136
808,514,576,1898
932,75,330,1337
710,105,420,1235
98,794,497,1389
803,745,729,2277
767,536,848,2151
822,37,659,1518
672,318,824,1814
642,318,199,1159
523,704,952,2179
657,558,195,1410
758,750,204,1712
457,69,189,715
518,992,30,1540
927,830,130,1887
972,956,385,2313
101,585,931,1617
593,143,329,1065
676,558,142,1376
767,546,165,1478
697,184,673,1554
725,822,940,2487
123,352,246,721
888,387,899,2174
435,577,964,1976
893,894,710,2497
82,394,941,1417
169,966,683,1818
879,142,566,1587
49,43,981,1073
11,655,382,1048
250,402,828,1480
43,528,898,1469
883,955,709,2547
789,555,424,1768
344,245,522,1111
892,206,479,1577
296,48,495,839
334,375,96,805
265,919,844,2028
652,202,749,1603
174,686,4,864
865,473,777,2115
162,486,52,700
413,611,13,1037
861,339,519,1719
190,694,703,1587
102,296,103,501
752,743,600,2095
20,463,809,1292
779,935,13,1727
758,261,106,1125
610,55,833,1498
629,975,164,1768
188,546,749,1483
822,345,83,1250
868,195,678,1741
506,264,921,1691
371,876,51,1298
304,16,811,1131
687,63,671,1421
976,32,750,1758
831,342,387,1560
15,920,526,1461
245,527,595,1367
361,34,627,1022
633,141,790,1564
112,882,177,1171
669,20,328,1017
65,15,156,236
879,375,399,1653
434,271,942,1647
879,958,7,1844
555,549,280,1384
349,54,69,472
287,474,568,1329
160,384,506,1050
134,109,416,659
970,552,155,1677
273,863,688,1824
178,936,373,1487
726,154,182,1062
619,652,627,1898
90,245,77,412
556,402,781,1739
863,965,273,2101
69,236,636,941
119,351,340,810
386,755,497,1638
613,723,337,1673
710,872,502,2084
671,191,710,1572
220,137,261,618
104,951,694,1749
716,51,10,777
207,289,406,902
614,889,0,1503
117,730,569,1416
373,369,803,1545
208,638,312,1158
701,220,203,1124
763,549,539,1851
533,932,999,2464
909,509,9,1427
92,916,947,1955
757,666,280,1703
634,521,836,1991
854,610,493,1957
276,659,128,1063
448,162,316,926
458,762,735,1955
956,150,290,1396
482,679,944,2105
493,188,621,1302
440,458,987,1885
316,766,620,1702
179,29,240,448
778,112,760,1650
813,798,705,2316
522,321,504,1347
27,782,533,1342
743,92,699,1534
875,474,899,2248
893,663,569,2125
8,686,958,1652
301,763,922,1986
409,94,698,1201
782,667,269,1718
609,212,247,1068
625,186,24,835
234,434,708,1376
472,301,402,1175
119,596,178,893
508,706,147,1361
767,419,474,1660
800,684,816,2300
145,333,254,732
71,794,608,1473
572,642,331,1545
204,902,174,1280
909,410,693,2012
944,224,66,1234
263,622,635,1520
578,543,990,2111
889,99,382,1370
367,331,197,895
370,870,283,1523
569,133,431,1133
616,389,986,1991
770,817,33,1620
485,884,872,2241
100,249,128,477
544,357,117,1018
858,787,491,2136
930,328,304,1562
3,40,246,289
740,254,726,1720
247,515,127,889
785,402,391,1578
318,203,280,801
994,620,418,2032
803,77,278,1158
458,148,505,1111
325,91,87,503
720,942,506,2168
515,819,987,2321
686,316,995,1997
272,411,718,1401
807,92,50,949
991,2,831,1824
159,60,149,368
239,106,635,980
721,505,541,1767
660,358,300,1318
904,907,716,2527
370,524,832,1726
786,517,794,2097
43,819,125,987
538,11,978,1527
566,696,289,1551
377,147,128,652
271,840,913,2024
874,313,822,2009
755,1,426,1182
251,30,730,1011
579,219,56,854
779,424,192,1395
244,785,710,1739
447,214,137,798
113,651,628,1392
720,516,556,1792
254,897,91,1242
606,566,768,1940
683,198,635,1516
588,640,364,1592
810,773,362,1945
119,346,435,900
940,57,894,1891
222,299,477,998
117,345,808,1270
92,431,860,1383
133,863,778,1774
64,949,696,1709
121,32,807,960
499,155,763,1417
429,378,860,1667
687,775,788,2250
667,978,789,2434
254,675,232,1161
109,221,310,640
830,507,514,1851
994,407,288,1689
116,719,764,1599
390,779,617,1786
142,179,105,426
753,433,577,1763
998,924,238,2160
692,389,864,1945
256,396,894,1546
771,955,581,2307
643,458,689,1790
732,999,882,2613
508,367,995,1870
171,448,909,1528
394,260,492,1146
41,567,374,982
925,942,32,1899
94,852,502,1448
628,76,210,914
113,464,259,836
551,819,873,2243
640,353,332,1325
119,8,981,1108
573,296,811,1680
907,183,33,1123
138,67,374,579
385,650,707,1742
985,381,321,1687
777,270,257,1304
714,630,677,2021
149,793,273,1215
80,482,309,871
416,586,240,1242
64,515,377,956
864,180,770,1814
509,125,123,757
301,598,348,1247
131,581,571,1283
753,103,105,961
392,505,592,1489
656,964,308,1928
516,89,502,1107
701,192,368,1261
292,223,847,1362
226,163,538,927
577,541,285,1403
723,872,660,2255
563,266,177,1006
136,462,150,748
927,531,428,1886
764,614,46,1424
826,132,158,1116
963,643,646,2252
267,359,758,1384
503,668,257,1428
77,602,608,1287
406,188,249,843
404,468,326,1198
267,169,360,796
526,667,509,1702
793,857,687,2337
94,230,890,1214
949,937,150,2036
879,489,731,2099
939,34,132,1105
379,406,632,1417
703,238,446,1387
183,104,351,638
625,104,177,906
93,569,898,1560
553,892,354,1799
648,620,603,1871
668,483,121,1272
596,242,296,1134
676,33,97,806
194,602,608,1404
51,777,845,1673
682,510,914,2106
761,675,810,2246
25,297,708,1030
330,386,596,1312
227,302,587,1116
191,977,401,1569
636,131,63,830
33,418,299,750
588,281,983,1852
693,124,963,1780
24,231,678,933
221,831,279,1331
649,69,181,899
267,363,57,687
673,744,804,2221
392,666,316,1374
692,338,894,1924
987,388,294,1669
16,21,539,576
423,516,27,966
326,682,934,1942
781,869,97,1747
65,799,742,1606
39,267,147,453
988,312,531,1831
343,740,905,1988
972,134,215,1321
344,7,870,1221
270,137,14,421
214,157,613,984
621,928,354,1903
190,664,131,985
657,310,213,1180
220,97,994,1311
770,678,130,1578
155,396,882,1433
679,64,825,1568
94,844,456,1394
991,524,403,1918
386,661,824,1871
191,634,126,951
981,285,73,1339
948,14,3,965
124,876,780,1780
842,67,291,1200
281,22,738,1041
84,149,402,635
900,695,498,2093
337,151,312,800
416,849,47,1312
726,117,543,1386
108,574,242,924
805,208,18,1031
215,74,832,1121
874,169,996,2039
54,946,950,1950
710,854,971,2535
359,575,315,1249
966,384,291,1641
289,233,135,657
0,966,168,1134
890,201,563,1654
376,324,663,1363
644,633,316,1593
76,540,350,966
185,198,723,1106
899,504,471,1874
531,33,434,998
656,610,575,1841
231,459,150,840
884,405,991,2280
154,485,431,1070
280,738,683,1701
379,505,775,1659
754,753,710,2217
918,154,285,1357
414,214,6,634
979,48,738,1765
717,549,269,1535
35,954,31,1020
437,630,200,1267
69,245,604,918
908,101,971,1980
536,121,897,1554
507,690,883,2080
348,748,305,1401
770,100,637,1507
435,718,873,2026
950,200,705,1855
389,760,657,1806
711,446,178,1335
827,965,741,2533
14,299,452,765
735,799,786,2320
762,480,261,1503
122,44,237,403
431,0,696,1127
802,943,474,2219
105,736,380,1221
515,92,134,741
554,960,943,2457
588,839,419,1846
863,227,389,1479
697,884,325,1906
448,694,252,1394
943,369,922,2234
84,787,519,1390
573,827,352,1752
158,794,371,1323
987,572,361,1920
717,436,323,1476
14,207,523,744
298,998,13,1309
600,70,216,886
760,512,542,1814
644,525,958,2127
850,309,453,1612
649,903,862,2414
743,611,899,2253
198,150,67,415
410,928,487,1825
643,214,346,1203
37,716,778,1531
927,339,202,1468
365,928,101,1394
251,893,491,1635
530,607,105,1242
730,180,962,1872
460,174,504,1138
572,450,927,1949
278,891,154,1323
405,525,238,1168
545,795,260,1600
749,355,288,1392
246,927,83,1256
571,126,589,1286
2,605,103,710
638,660,700,1998
92,946,341,1379
266,61,996,1323
705,161,17,883
417,78,95,590
501,494,156,1151
228,987,282,1497
143,12,383,538
51,50,966,1067
677,445,706,1828
491,521,191,1203
829,347,546,1722
666,832,127,1625
462,598,196,1256
212,60,330,602
197,402,955,1554
834,179,243,1256
718,366,175,1259
854,940,797,2591
80,768,708,1556
55,377,801,1233
462,148,875,1485
333,766,794,1893
878,910,625,2413
576,969,798,2343
103,324,342,769
934,99,816,1849
650,995,980,2625
130,577,735,1442
886,410,695,1991
18,219,518,755
777,474,319,1570
82,972,4,1058
582,478,583,1643
500,15,887,1402
42,726,640,1408
263,47,295,605
374,601,118,1093
931,797,225,1953
873,948,659,2480
2,416,454,872
615,726,628,1969
539,411,628,1578
569,588,775,1932
796,123,59,978
310,247,708,1265
74,877,366,1317
888,250,320,1458
792,591,554,1937
223,815,118,1156
225,98,248,571
979,298,572,1849
745,513,887,2145
677,485,634,1796
439,48,330,817
88,255,632,975
298,369,396,1063
272,140,226,638
530,898,231,1659
185,795,94,1074
237,823,243,1303
500,721,995,2216
644,219,296,1159
32,242,72,346
410,357,635,1402
468,563,729,1760
540,401,550,1491
984,697,506,2187
703,827,449,1979
920,809,240,1969
0,541,565,1106
960,798,494,2252
304,396,123,823
679,90,975,1744
912,419,684,2015
477,509,121,1107
826,805,35,1666
531,817,507,1855
795,949,549,2293
265,603,87,955
957,945,422,2324
934,888,334,2156
356,598,322,1276
551,201,9,761
259,979,339,1577
812,405,865,2082
46,638,963,1647
494,78,193,765
938,671,893,2502
208,811,616,1635
53,286,923,1262
150,961,298,1409
166,363,232,761
961,921,216,2098
42,151,201,394
767,417,800,1984
449,875,908,2232
575,239,108,922
496,93,593,1182
125,937,818,1880
724,772,761,2257
125,430,686,1241
58,44,869,971
3,7,245,255
789,167,856,1812
755,595,812,2162
629,705,449,1783
477,424,750,1651
633,116,270,1019
337,823,717,1877
360,179,162,701
306,231,818,1355
187,195,56,438
681,997,113,1791
255,957,29,1241
741,827,876,2444
428,389,895,1712
162,887,798,1847
450,330,879,1659
589,352,685,1626
489,600,402,1491
568,944,583,2095
766,607,170,1543
653,166,868,1687
825,407,576,1808
870,999,763,2632
458,686,261,1405
673,518,495,1686
525,970,863,2358
577,597,307,1481
462,883,461,1806
203,884,530,1617
241,889,566,1696
11,230,52,293
9,715,265,989
605,698,135,1438
629,999,762,2390
266,715,806,1787
143,901,489,1533
72,139,881,1092
925,393,867,2185
128,856,149,1133
404,613,240,1257
479,927,939,2345
160,609,173,942
833,717,71,1621
891,771,947,2609
379,184,47,610
343,659,984,1986
269,22,277,568
239,789,844,1872
905,476,31,1412
732,108,70,910
995,718,773,2486
113,139,682,934
994,528,348,1870
507,915,933,2355
333,140,132,605
499,80,848,1427
354,520,650,1524
853,309,432,1594
372,625,378,1375
780,619,136,1535
366,222,504,1092
279,844,801,1924
903,552,636,2091
436,377,645,1458
909,266,896,2071
351,500,288,1139
990,213,450,1653
124,269,164,557
64,269,184,517
35,539,126,700
723,745,129,1597
921,331,879,2131
541,298,63,902
844,216,222,1282
955,897,950,2802
828,990,683,2501
226,803,410,1439
474,225,606,1305
161,243,151,555
40,472,257,769
503,750,636,1889
452,591,791,1834
565,432,764,1761
842,567,150,1559
10,648,914,1572
754,963,709,2426
137,920,197,1254
55,545,869,1469
19,969,420,1408
401,399,58,858
224,919,1,1144
754,60,904,1718
900,847,66,1813
845,929,939,2713
856,477,91,1424
582,641,111,1334
344,278,325,947
905,366,831,2102
164,6,79,249
707,209,893,1809
947,507,988,2442
89,152,600,841
372,833,812,2017
186,565,694,1445
109,855,801,1765
489,582,115,1186
982,794,225,2001
283,656,4,943
943,324,960,2227
166,768,801,1735
31,453,540,1024
749,288,137,1174
728,730,470,1928
526,632,112,1270
638,704,263,1605
276,952,404,1632
323,573,121,1017
871,634,973,2478
813,651,434,1898
200,855,795,1850
562,469,649,1680
710,779,275,1764
554,82,664,1300
667,819,436,1922
92,416,951,1459
494,298,992,1784
670,114,985,1769
694,136,695,1525
7,140,973,1120
567,670,197,1434
691,982,598,2271
355,352,304,1011
742,131,495,1368
358,343,550,1251
708,547,417,1672
333,22,549,904
150,160,911,1221
851,763,534,2148
124,428,210,762
59,288,30,377
47,879,336,1262
234,385,642,1261
817,877,842,2536
642,19,914,1575
155,988,992,2135
882,447,490,1819
809,169,666,1644
904,521,567,1992
734,627,560,1921
532,368,866,1766
842,818,238,1898
2,517,253,772
439,965,583,1987
926,484,304,1714
911,251,424,1586
564,737,852,2153
415,252,7,674
114,202,978,1294
755,102,525,1382
195,926,269,1390
467,976,318,1761
808,187,242,1237
178,639,209,1026
830,962,272,2064
771,506,860,2137
972,919,780,2671
943,929,652,2524
712,26,759,1497
824,210,879,1913
364,598,644,1606
965,220,557,1742
403,216,819,1438
239,410,439,1088
824,33,162,1019
596,940,538,2074
159,179,199,537
840,424,857,2121
790,888,421,2099
361,684,488,1533
778,72,108,958
631,435,19,1085
816,829,967,2612
389,801,761,1951
755,419,700,1874
261,710,233,1204
90,988,302,1380
207,455,141,803
882,949,761,2592
216,343,970,1529
992,936,336,2264
121,450,945,1516
66,875,213,1154
886,398,828,2112
291,135,529,955
371,540,513,1424
864,729,964,2557
958,479,449,1886
977,984,672,2633
778,662,89,1529
73,751,684,1508
734,584,271,1589
449,501,114,1064
517,415,345,1277
400,742,686,1828
879,283,799,1961
255,198,0,453
206,209,270,685
556,707,236,1499
781,825,358,1964
982,485,114,1581
895,163,813,1871
481,843,182,1506
182,608,592,1382
650,495,128,1273
444,463,404,1311
233,496,158,887
489,403,650,1542
359,690,861,1910
54,324,32,410
562,511,113,1186
256,2,245,503
127,894,265,1286
618,305,251,1174
222,786,280,1288
645,523,227,1395
695,377,32,1104
343,597,252,1192
810,926,262,1998
974,274,315,1563
248,501,662,1411
102,176,258,536
704,680,476,1860
875,250,258,1383
682,954,543,2179
767,74,570,1411
717,716,45,1478
56,761,503,1320
514,511,981,2006
689,943,661,2293
96,652,779,1527
506,930,538,1974
861,889,296,2046
350,778,544,1672
64,344,846,1254
350,263,582,1195
260,717,9,986
20,681,745,1446
255,212,431,898
426,143,153,722
9,364,725,1098
124,613,208,945
227,966,317,1510
706,293,357,1356
640,582,639,1861
912,140,762,1814
425,452,823,1700
393,764,309,1466
989,484,102,1575
190,123,26,339
131,602,775,1508
93,593,942,1628
382,401,199,982
825,432,719,1976
448,297,123,868
589,91,796,1476
605,467,250,1322
719,962,653,2334
78,221,806,1105
35,312,591,938
104,774,740,1618
277,408,507,1192
976,762,534,2272
717,92,269,1078
238,649,299,1186
945,174,111,1230
908,714,290,1912
158,367,881,1406
659,55,594,1308
115,995,250,1360
78,143,636,857
549,547,344,1440
365,339,543,1247
13,727,167,907
375,494,518,1387
93,632,955,1680
894,779,111,1784
545,716,814,2075
970,222,916,2108
791,320,539,1650
32,521,64,617
411,102,191,704
239,764,572,1575
141,499,797,1437
455,854,665,1974
669,983,114,1766
967,839,814,2620
408,575,655,1638
291,893,858,2042
911,149,649,1709
903,869,12,1784
473,488,67,1028
893,413,476,1782
370,541,744,1655
581,753,5,1339
331,517,954,1802
761,448,741,1950
917,316,590,1823
744,336,417,1497
224,619,660,1503
926,596,702,2224
427,168,775,1370
984,6,855,1845
284,525,572,1381
466,771,202,1439
954,850,48,1852
880,401,283,1564
927,782,689,2398
818,954,518,2290
51,762,685,1498
733,731,212,1676
871,525,885,2281
538,111,41,690
509,4,286,799
122,482,130,734
53,773,151,977
762,197,771,1730
277,349,622,1248
61,900,86,1047
727,212,161,1100
895,345,430,1670
913,258,521,1692
193,245,937,1375
165,458,211,834
765,169,586,1520
727,499,439,1665
317,554,689,1560
721,846,443,2010
490,237,142,869
661,336,237,1234
559,572,815,1946
742,194,352,1288
671,951,334,1956
52,694,87,833
995,934,341,2270
207,339,129,675
306,843,259,1408
145,60,302,507
263,8,993,1264
796,179,176,1151
813,54,819,1686
341,879,235,1455
373,292,12,677
942,428,28,1398
465,576,424,1465
351,147,520,1018
524,207,934,1665
569,257,23,849
514,642,282,1438
696,881,850,2427
500,659,902,2061
741,3,740,1484
619,284,326,1229
375,366,890,1631
394,533,749,1676
798,771,764,2333
477,483,839,1799
933,471,451,1855
621,834,290,1745
502,865,866,2233
932,213,233,1378
484,833,310,1627
943,654,214,1811
549,997,403,1949
904,123,180,1207
397,30,232,659
300,624,171,1095
963,536,416,1915
604,788,545,1937
441,757,633,1831
230,934,8,1172
947,96,378,1421
509,828,169,1506
518,957,989,2464
795,997,716,2508
588,948,749,2285
893,103,915,1911
219,345,499,1063
995,665,658,2318
244,136,818,1198
836,440,355,1631
369,852,482,1703
83,373,292,748
640,173,697,1510
671,255,887,1813
549,167,243,959
950,951,946,2847
479,300,866,1645
42,903,26,971
190,439,506,1135
52,344,180,576
680,184,956,1820
546,139,543,1228
735,823,693,2251
878,78,52,1008
677,403,407,1487
450,421,908,1779
537,1,737,1275
880,826,277,1983
995,613,936,2544
186,376,348,910
83,191,906,1180
915,474,928,2317
130,562,499,1191
788,312,731,1831
1,737,827,1565
747,302,207,1256
168,916,974,2058
229,519,636,1384
42,896,566,1504
690,166,430,1286
783,217,402,1402
377,339,347,1063
915,976,26,1917
53,114,423,590
428,543,844,1815
702,646,426,1774
341,46,359,746
259,820,751,1830
915,555,717,2187
52,155,193,400
948,58,696,1702
517,347,307,1171
244,6,51,301
732,150,971,1853
102,205,438,745
268,376,641,1285
824,466,278,1568
456,982,2,1440
62,452,105,619
685,558,457,1700
470,439,925,1834
680,938,205,1823
581,525,102,1208
274,833,857,1964
574,147,916,1637
24,73,237,334
923,293,750,1966
721,371,720,1812
354,731,971,2056
916,448,696,2060
196,229,302,727
47,107,174,328
623,100,896,1619
722,71,785,1578
626,560,31,1217
669,578,908,2155
907,227,467,1601
500,3,273,776
294,387,748,1429
892,512,471,1875
255,857,325,1437
598,694,749,2041
142,523,887,1552
985,673,683,2341
908,158,221,1287
207,331,244,782
679,529,362,1570
115,867,499,1481
731,982,409,2122
999,138,49,1186
652,139,153,944
864,336,897,2097
702,559,573,1834
554,315,799,1668
939,359,581,1879
597,482,212,1291
36,473,405,914
765,393,164,1322
667,796,856,2319
708,881,133,1722
416,525,726,1667
852,922,170,1944
14,576,922,1512
337,848,613,1798
71,777,487,1335
712,423,37,1172
226,49,420,695
786,100,25,911
354,113,216,683
361,63,379,803
622,151,542,1315
92,534,154,780
40,655,166,861
369,241,368,978
760,401,866,2027
757,608,754,2119
944,303,442,1689
855,748,748,2351
496,735,936,2167
447,894,285,1626
307,187,658,1152
810,468,800,2078
244,196,493,933
427,13,550,990
649,597,742,1988
723,182,131,1036
900,754,608,2262
338,967,255,1560
664,745,172,1581
873,906,134,1913
355,363,187,905
682,975,158,1815
871,672,366,1909
832,622,708,2162
486,59,370,915
334,391,406,1131
457,765,596,1818
589,399,974,1962
229,639,779,1647
740,226,621,1587
37,141,44,222
356,23,629,1008
877,47,580,1504
916,487,526,1929
786,156,263,1205
549,509,464,1522
432,879,336,1647
895,485,599,1979
37,862,807,1706
980,296,18,1294
856,146,135,1137
725,415,846,1986
103,66,79,248
314,365,293,972
769,631,713,2113
766,508,969,2243
838,781,966,2585
979,938,960,2877
458,910,137,1505
738,526,538,1802
215,784,540,1539
145,0,7,152
820,146,834,1800
481,169,266,916
578,843,186,1607
37,892,702,1631
410,767,162,1339
11,239,626,876
110,406,658,1174
197,530,716,1443
781,192,716,1689
309,880,753,1942
865,85,247,1197
113,33,334,480
373,306,334,1013
229,957,923,2109
202,687,172,1061
37,27,467,531
2,912,764,1678
625,461,481,1567
826,168,507,1501
435,539,270,1244
802,754,409,1965
462,899,272,1633
528,40,950,1518
673,417,912,2002
216,928,472,1616
209,380,875,1464
715,774,278,1767
336,710,234,1280
456,482,279,1217
48,625,251,924
167,172,829,1168
22,75,347,444
75,670,937,1682
517,509,58,1084
56,227,944,1227
186,590,185,961
943,291,212,1446
85,220,586,891
212,76,903,1191
684,696,585,1965
171,398,924,1493
981,835,166,1982
102,184,623,909
581,256,886,1723
468,230,156,854
810,346,292,1448
307,737,322,1366
487,457,411,1355
13,101,82,196
691,602,856,2149
839,237,850,1926
963,870,422,2255
914,988,409,2311
204,572,71,847
427,967,999,2393
501,277,377,1155
709,733,914,2356
969,514,863,2346
497,456,31,984
157,462,607,1226
507,507,908,1922
184,606,203,993
689,201,327,1217
348,621,455,1424
86,830,719,1635
588,346,457,1391
389,136,372,897
326,978,692,1996
477,100,702,1279
363,485,740,1588
619,30,250,899
22,576,296,894
987,669,967,2623
778,550,847,2175
880,881,296,2057
887,295,343,1525
691,524,236,1451
668,154,462,1284
812,276,996,2084
490,624,973,2087
232,168,939,1339
474,784,159,1417
906,434,660,2000
420,693,485,1598
233,6,386,625
131,642,959,1732
439,199,934,1572
56,975,608,1639
75,111,562,748
625,385,198,1208
575,967,749,2291
261,376,787,1424
605,98,732,1435
171,644,0,815
427,661,539,1627
721,696,702,2119
676,548,782,2006
537,716,755,2008
833,607,932,2372
580,971,924,2475
944,773,91,1808
432,187,684,1303
22,99,816,937
526,276,771,1573
602,106,951,1659
429,93,454,976
892,84,487,1463
823,628,640,2091
367,254,79,700
421,310,397,1128
135,375,432,942
895,699,192,1786
672,239,379,1290
228,441,852,1521
812,960,209,1981
169,692,707,1568
471,497,731,1699
984,701,320,2005
874,543,437,1854
269,880,618,1767
564,593,856,2013
641,537,401,1579
237,256,403,896
841,545,905,2291
271,696,228,1195
781,25,781,1587
210,522,838,1570
746,923,572,2241
166,929,782,1877
812,155,239,1206
249,94,319,662
243,759,976,1978
50,995,52,1097
27,892,719,1638
658,392,111,1161
648,140,347,1135
722,642,706,2070
885,901,912,2698
299,964,898,2161
587,939,476,2002
715,221,155,1091
309,198,978,1485
977,660,247,1884
854,654,851,2359
506,528,667,1701
808,875,349,2032
694,966,288,1948
766,957,222,1945
446,487,607,1540
190,674,736,1600
774,72,502,1348
607,475,955,2037
380,901,381,1662
808,747,565,2120
486,351,428,1265
38,660,975,1673
488,657,935,2080
382,1,96,479
953,483,761,2197
67,508,237,812
106,898,666,1670
264,642,539,1445
652,445,155,1252
239,631,833,1703
469,506,999,1974
278,534,439,1251
283,171,543,997
119,966,540,1625
146,84,99,329
996,603,883,2482
581,882,297,1760
840,587,786,2213
849,264,225,1338
531,869,986,2386
836,437,455,1728
854,287,356,1497
223,408,146,777
416,147,348,911
12,877,460,1349
11,802,347,1160
901,463,334,1698
809,322,647,1778
974,266,800,2040
949,385,224,1558
713,426,295,1434
204,271,314,789
254,578,431,1263
517,875,861,2253
920,612,979,2511
46,706,79,831
192,661,23,876
808,986,875,2669
772,911,601,2284
929,694,373,1996
928,491,440,1859
318,340,137,795
501,116,830,1447
74,374,755,1203
707,791,936,2434
90,670,869,1629
56,321,397,774
66,831,347,1244
846,295,629,1770
607,770,937,2314
297,749,515,1561
158,232,784,1174
668,863,126,1657
20,709,832,1561
309,761,618,1688
277,282,926,1485
601,797,328,1726
433,47,140,620
50,190,93,333
144,487,863,1494
402,589,847,1838
790,613,837,2240
130,356,336,822
503,767,5,1275
794,662,287,1743
238,627,450,1315
554,364,82,1000
395,104,455,954
111,542,27,680
980,559,829,2368
364,229,39,632
838,33,923,1794
878,716,486,2080
147,960,64,1171
544,121,293,958
642,171,161,974
408,702,234,1344
781,350,448,1579
504,483,605,1592
788,704,854,2346
768,123,898,1789
7,101,787,895
656,858,836,2350
403,168,527,1098
890,211,829,1930
164,114,590,868
69,457,246,772
96,397,628,1121
163,617,295,1075
131,457,714,1302
127,888,699,1714
727,276,594,1597
566,14,366,946
105,420,497,1022
17,353,152,522
429,373,304,1106
441,94,454,989
88,297,283,668
422,775,179,1376
698,470,676,1844
164,840,277,1281
939,529,333,1801
630,181,251,1062
696,45,868,1609
184,292,421,897
820,472,941,2233
771,918,51,1740
366,115,324,805
662,449,969,2080
639,916,943,2498
523,634,195,1352
165,814,491,1470
220,255,623,1098
757,860,678,2295
276,648,291,1215
752,52,830,1634
75,348,765,1188
774,217,847,1838
654,888,689,2231
80,707,858,1645
467,269,703,1439
101,239,63,403
469,429,475,1373
128,737,852,1717
292,418,147,857
871,274,946,2091
637,558,571,1766
624,892,772,2288
309,529,568,1406
991,122,192,1305
150,860,525,1535
991,62,35,1088
72,65,855,992
825,312,708,1845
530,632,400,1562
518,33,264,815
7,187,459,653
324,894,199,1417
541,970,644,2155
933,202,342,1477
110,493,491,1094
963,416,380,1759
348,393,862,1603
346,645,45,1036
282,928,177,1387
176,235,962,1373
402,163,914,1479
944,698,551,2193
535,997,326,1858
389,301,866,1556
671,830,10,1511
848,394,932,2174
251,872,446,1569
471,735,93,1299
733,788,563,2084
43,237,112,392
399,479,989,1867
529,408,248,1185
453,942,678,2073
984,840,433,2257
214,872,663,1749
308,933,855,2096
524,138,4,666
790,820,761,2371
534,827,532,1893
77,583,783,1443
332,939,273,1544
135,834,235,1204
334,899,919,2152
373,843,49,1265
445,774,998,2217
723,228,369,1320
77,828,506,1411
18,980,597,1595
249,599,673,1521
422,818,196,1436
44,964,87,1095
712,424,678,1814
832,986,778,2596
268,79,7,354
270,721,803,1794
219,559,249,1027
308,509,512,1329
11,612,421,1044
286,60,189,535
647,422,684,1753
241,754,322,1317
262,783,933,1978
396,366,679,1441
988,696,714,2398
575,736,296,1607
702,998,522,2222
125,623,757,1505
473,138,220,831
147,988,331,1466
138,400,615,1153
852,937,812,2601
340,820,17,1177
221,591,270,1082
567,866,978,2411
398,417,859,1674
244,279,142,665
892,204,77,1173
914,296,960,2170
638,788,711,2137
634,864,99,1597
314,379,552,1245
990,37,549,1576
331,240,758,1329
327,550,670,1547
786,942,844,2572
570,558,595,1723
676,180,238,1094
396,997,819,2212
244,262,207,713
489,449,114,1052
183,316,184,683
863,658,255,1776
838,410,509,1757
956,15,601,1572
182,899,323,1404
388,57,552,997
80,483,331,894
516,231,293,1040
761,501,831,2093
25,416,168,609
667,705,543,1915
512,917,883,2312
226,67,614,907
878,639,616,2133
346,80,172,598
289,785,627,1701
427,271,762,1460
247,348,644,1239
82,473,635,1190
422,1000,130,1552
681,470,99,1250
304,577,16,897
163,588,567,1318
230,587,147,964
317,528,163,1008
621,196,977,1794
470,238,495,1203
20,570,597,1187
820,930,235,1985
881,931,563,2375
607,65,124,796
541,247,775,1563
503,467,696,1666
74,34,112,220
20,437,451,908
828,1,968,1797
223,435,733,1391
431,525,803,1759
642,119,140,901
409,738,223,1370
283,754,757,1794
45,824,609,1478
855,528,439,1822
457,884,156,1497
256,972,92,1320
783,236,361,1380
492,151,536,1179
359,557,627,1543
248,821,745,1814
839,212,465,1516
988,486,37,1511
688,636,902,2226
325,545,775,1645
144,906,362,1412
107,994,278,1379
208,986,641,1835
307,415,764,1486
874,757,69,1700
464,595,525,1584
901,123,572,1596
837,168,349,1354
211,595,597,1403
702,387,906,1995
111,67,574,752
35,719,135,889
544,419,278,1241
779,171,755,1705
551,37,247,835
403,245,505,1153
290,323,224,837
809,5,952,1766
736,344,161,1241
641,895,418,1954
202,59,308,569
324,646,405,1375
696,878,536,2110
111,191,988,1290
662,274,834,1770
814,234,657,1705
678,499,956,2133
133,95,272,500
22,657,982,1661
435,374,315,1124
241,743,154,1138
117,317,552,986
597,794,364,1755
281,755,55,1091
715,109,247,1071
282,767,134,1183
554,768,912,2234
402,654,233,1289
967,167,938,2072
4,215,441,660
483,129,332,944
486,394,125,1005
693,826,679,2198
350,979,838,2167
37,745,899,1681
558,985,296,1839
642,905,971,2518
163,524,21,708
658,655,366,1679
880,406,56,1342
851,199,945,1995
581,477,445,1503
887,876,452,2215
536,705,540,1781
9,456,889,1354
265,67,658,990
196,99,237,532
396,74,882,1352
697,751,144,1592
329,112,550,991
891,694,832,2417
344,457,507,1308
80,182,199,461
955,349,338,1642
595,569,69,1233
73,400,365,838
779,737,536,2052
672,138,703,1513
609,262,995,1866
109,154,568,831
348,324,880,1552
723,34,76,833
963,307,752,2022
216,223,927,1366
327,48,129,504
147,581,39,767
113,349,543,1005
747,610,467,1824
194,941,361,1496
360,666,256,1282
120,642,616,1378
325,805,998,2128
171,612,633,1416
128,749,672,1549
136,869,824,1829
461,568,388,1417
5,732,830,1567
658,928,94,1680
534,411,640,1585
840,598,947,2385
875,642,524,2041
148,293,89,530
495,179,578,1252
329,937,493,1759
894,665,366,1925
963,996,932,2891
782,483,285,1550
604,990,932,2526
646,411,870,1927
53,59,298,410
589,776,185,1550
491,595,207,1293
304,184,524,1012
565,721,101,1387
530,522,366,1418
510,14,941,1465
630,119,312,1061
259,310,418,987
552,835,91,1478
112,272,42,426
175,46,232,453
401,4,635,1040
531,94,858,1483
37,579,949,1565
241,393,150,784
333,871,495,1699
561,381,777,1719
264,516,107,887
234,763,767,1764
221,364,749,1334
583,553,342,1478
783,792,256,1831
530,117,256,903
133,7,824,964
832,665,821,2318
877,988,337,2202
266,490,432,1188
325,835,763,1923
254,53,122,429
740,482,181,1403
550,156,65,771
569,941,434,1944
642,361,510,1513
301,403,631,1335
897,780,1,1678
363,331,108,802
525,610,458,1593
422,7,901,1330
736,26,533,1295
492,251,340,1083
718,16,825,1559
520,691,542,1753
891,65,938,1894
371,389,683,1443
459,476,928,1863
493,211,565,1269
291,442,283,1016
330,736,365,1431
36,749,298,1083
943,335,264,1542
350,700,81,1131
817,733,167,1717
4,841,602,1447
457,166,175,798
165,974,329,1468
655,91,114,860
939,998,308,2245
15,240,389,644
787,896,84,1767
900,736,295,1931
374,909,973,2256
526,740,263,1529
307,267,48,622
486,3,786,1275
748,19,868,1635
588,1000,779,2367
576,961,979,2516
944,18,71,1033
886,941,858,2685
293,78,58,429
723,19,131,873
747,96,200,1043
554,268,706,1528
314,11,970,1295
354,655,441,1450
67,281,448,796
263,616,832,1711
804,178,486,1468
543,717,697,1957
891,343,876,2110
49,149,902,1100
130,723,859,1712
434,571,182,1187
223,152,238,613
83,419,366,868
982,648,855,2485
475,454,229,1158
979,439,104,1522
146,102,780,1028
887,62,32,981
595,627,114,1336
717,186,629,1532
966,555,644,2165
500,367,769,1636
671,511,740,1922
436,655,290,1381
199,379,157,735
658,259,250,1167
966,950,366,2282
456,623,568,1647
254,713,169,1136
785,365,814,1964
467,892,294,1653
359,396,619,1374
587,583,69,1239
278,249,626,1153
896,611,902,2409
862,539,284,1685
934,567,95,1596
955,314,847,2116
775,53,926,1754
747,548,731,2026
120,366,16,502
514,646,771,1931
289,349,108,746
837,130,536,1503
518,287,139,944
896,323,722,1941
622,174,961,1757
916,716,418,2050
415,897,295,1607
752,670,75,1497
512,904,991,2407
56,601,35,692
696,802,180,1678
695,849,571,2115
92,697,169,958
37,751,527,1315
214,269,257,740
815,579,291,1685
340,188,557,1085
53,883,597,1533
552,395,486,1433
847,270,318,1435
805,688,442,1935
422,620,698,1740
117,787,110,1014
711,752,66,1529
136,887,668,1691
581,67,258,906
632,823,519,1974
971,952,19,1942
776,513,833,2122
129,218,372,719
357,902,975,2234
866,394,721,1981
967,965,631,2563
690,754,267,1711
200,632,694,1526
62,702,485,1249
181,713,49,943
281,726,100,1107
819,947,782,2548
653,281,158,1092
880,433,267,1580
771,635,179,1585
743,99,239,1081
702,162,335,1199
925,174,628,1727
490,300,331,1121
698,407,939,2044
87,667,283,1037
285,917,400,1602
341,156,136,633
998,774,131,1903
245,891,588,1724
106,642,40,788
311,235,922,1468
288,584,994,1866
9,862,288,1159
103,831,886,1820
466,564,868,1898
995,534,130,1659
446,714,429,1589
723,299,833,1855
528,688,627,1843
486,831,804,2121
553,211,376,1140
555,192,887,1634
827,87,795,1709
685,639,44,1368
910,790,871,2571
483,578,836,1897
241,589,194,1024
116,256,350,722
638,363,532,1533
584,311,876,1771
5,9,710,724
742,665,309,1716
445,918,390,1753
948,476,131,1555
750,739,203,1692
524,180,138,842
333,334,807,1474
952,83,569,1604
227,288,936,1451
581,259,208,1048
30,594,783,1407
847,129,714,1690
94,53,327,474
771,309,890,1970
732,490,593,1815
868,660,202,1730
157,431,321,909
550,875,460,1885
861,798,396,2055
146,721,33,900
372,748,479,1599
982,285,646,1913
640,756,566,1962
408,958,652,2018
382,457,383,1222
400,552,829,1781
508,753,837,2098
871,507,500,1878
123,273,949,1345
359,96,234,689
896,342,941,2179
830,362,866,2058
733,82,374,1189
847,261,3,1111
561,678,729,1968
755,798,556,2109
477,921,360,1758
102,68,845,1015
354,399,389,1142
44,242,456,742
598,865,704,2167
224,599,397,1220
601,205,445,1251
949,918,808,2675
91,663,532,1286
403,266,507,1176
261,789,166,1216
372,514,549,1435
291,147,133,571
455,339,167,961
561,312,342,1215
553,286,455,1294
112,850,401,1363
832,980,937,2749
394,902,204,1500
790,514,868,2172
527,117,44,688
786,823,464,2073
322,93,20,435
313,9,708,1030
954,747,124,1825
129,967,373,1469
750,887,779,2416
454,474,62,990
413,447,105,965
679,683,992,2354
489,835,693,2017
197,248,939,1384
328,111,946,1385
911,238,8,1157
920,565,905,2390
100,865,891,1856
855,856,948,2659
826,518,88,1432
478,372,462,1312
984,38,613,1635
701,736,986,2423
687,427,162,1276
356,352,220,928
404,709,799,1912
91,722,352,1165
301,320,467,1088
88,584,584,1256
330,358,843,1531
410,50,68,528
861,648,27,1536
398,951,341,1690
654,112,576,1342
981,878,150,2009
551,231,290,1072
679,932,392,2003
458,154,679,1291
299,648,998,1945
54,655,528,1237
978,225,590,1793
613,151,535,1299
343,390,42,775
930,902,739,2571
665,887,279,1831
45,295,314,654
700,431,140,1271
576,682,648,1906
593,43,500,1136
850,170,361,1381
139,431,558,1128
940,370,776,2086
864,187,505,1556
982,723,491,2196
648,538,764,1950
759,331,277,1367
141,387,653,1181
155,988,987,2130
638,317,505,1460
929,948,197,2074
755,743,107,1605
886,629,481,1996
904,40,890,1834
581,781,417,1779
866,228,538,1632
365,570,851,1786
152,498,13,663
826,849,876,2551
764,89,903,1756
190,669,225,1084
639,56,251,946
491,243,573,1307
797,719,841,2357
663,684,467,1814
899,242,673,1814
254,362,271,887
584,707,181,1472
51,90,26,167
616,204,691,1511
80,107,172,359
373,157,832,1362
495,810,121,1426
646,405,444,1495
363,264,390,1017
336,77,478,891
83,278,495,856
456,522,68,1046
618,61,52,731
106,801,110,1017
350,920,104,1374
469,269,553,1291
789,331,21,1141
135,278,770,1183
566,180,363,1109
904,720,67,1691
553,501,32,1086
905,309,372,1586
88,423,992,1503
55,830,360,1245
393,644,619,1656
812,891,163,1866
818,533,489,1840
982,818,460,2260
886,394,195,1475
965,559,464,1988
650,160,848,1658
295,427,586,1308
94,493,361,948
53,598,761,1412
262,765,253,1280
66,639,110,815
279,529,705,1513
163,735,233,1131
416,204,266,886
200,309,965,1474
634,37,787,1458
415,166,638,1219
725,252,934,1911
847,453,1000,2300
462,285,449,1196
884,678,17,1579
933,718,684,2335
223,444,899,1566
36,895,900,1831
967,930,434,2331
683,902,175,1760
952,2,320,1274
446,824,308,1578
279,959,279,1517
720,786,825,2331
620,437,778,1835
403,841,940,2184
527,738,172,1437
202,32,934,1168
409,399,112,920
320,849,187,1356
741,91,403,1235
273,675,579,1527
185,502,204,891
86,838,786,1710
134,588,240,962
993,947,612,2552
739,859,680,2278
773,101,307,1181
918,423,331,1672
325,988,643,1956
625,521,742,1888
797,377,355,1529
447,308,679,1434
657,469,314,1440
785,760,479,2024
626,953,512,2091
803,136,752,1691
131,544,398,1073
877,759,650,2286
762,691,655,2108
341,127,385,853
738,393,776,1907
957,144,951,2052
149,923,600,1672
261,451,196,908
151,98,234,483
305,43,583,931
613,428,103,1144
13,611,5,629
166,958,595,1719
151,784,14,949
856,482,189,1527
119,655,270,1044
558,62,394,1014
245,253,640,1138
963,801,808,2572
656,37,577,1270
938,636,691,2265
79,496,468,1043
274,776,472,1522
147,490,997,1634
406,23,66,495
629,717,110,1456
221,281,926,1428
350,571,454,1375
758,290,352,1400
73,432,573,1078
900,330,970,2200
765,834,522,2121
281,195,114,590
389,393,85,867
436,716,568,1720
944,107,833,1884
150,92,307,549
435,156,164,755
601,229,938,1768
729,247,962,1938
59,214,769,1042
367,952,877,2196
188,133,613,934
992,273,328,1593
725,61,872,1658
260,129,347,736
749,313,742,1804
897,626,693,2216
478,684,75,1237
247,846,365,1458
539,859,30,1428
782,550,412,1744
767,600,541,1908
763,16,452,1231
104,596,958,1658
761,0,672,1433
790,776,943,2509
588,822,368,1778
472,161,810,1443
232,662,697,1591
36,519,494,1049
394,413,792,1599
312,892,417,1621
721,931,77,1729
205,472,418,1095
454,497,356,1307
385,814,524,1723
913,442,899,2254
990,916,180,2086
144,598,18,760
331,937,210,1478
128,645,574,1347
246,860,395,1501
139,572,69,780
490,749,763,2002
827,541,691,2059
219,413,886,1518
422,327,462,1211
180,268,375,823
972,51,437,1460
963,663,825,2451
775,448,395,1618
426,89,47,562
62,961,850,1873
346,437,552,1335
337,35,296,668
215,200,547,962
736,450,447,1633
741,252,522,1515
885,260,940,2085
767,718,334,1819
166,532,440,1138
91,953,423,1467
73,519,150,742
673,781,846,2300
25,581,678,1284
999,991,578,2568
960,889,42,1891
522,294,667,1483
880,679,441,2000
919,401,748,2068
185,213,252,650
515,323,298,1136
906,842,216,1964
18,843,398,1259
451,806,882,2139
70,69,943,1082
75,409,341,825
130,863,731,1724
317,528,172,1017
163,35,954,1152
49,638,508,1195
422,389,645,1456
10,0,959,969
136,315,815,1266
630,495,299,1424
356,229,725,1310
940,624,213,1777
848,952,135,1935
674,913,8,1595
928,603,205,1736
935,916,219,2070
967,241,589,1797
568,417,959,1944
233,503,750,1486
893,13,571,1477
481,462,649,1592
869,65,608,1542
144,26,882,1052
81,432,138,651
187,839,182,1208
959,203,856,2018
491,98,680,1269
575,243,710,1528
928,254,115,1297
67,555,482,1104
859,127,981,1967
737,973,967,2677
932,828,0,1760
962,919,215,2096
582,109,455,1146
728,723,323,1774
662,841,233,1736
262,304,646,1212
281,471,154,906
489,640,523,1652
783,685,401,1869
933,198,158,1289
837,620,938,2395
512,329,292,1133
62,429,605,1096
162,325,537,1024
629,267,457,1353
466,764,367,1597
291,479,911,1681
395,776,444,1615
218,514,6,738
455,953,634,2042
399,963,38,1400
810,86,603,1499
252,104,223,579
510,107,308,925
525,665,628,1818
477,819,823,2119
870,816,104,1790
643,324,778,1745
438,492,94,1024
292,883,484,1659
834,185,857,1876
458,46,557,1061
943,360,300,1603
579,979,583,2141
44,773,742,1559
134,94,153,381
739,162,519,1420
549,604,338,1491
83,723,394,1200
296,164,275,735
164,224,707,1095
108,816,645,1569
564,744,686,1994
993,186,10,1189
723,296,742,1761
745,409,173,1327
338,104,134,576
566,545,498,1609
601,234,390,1225
108,847,731,1686
25,735,541,1301
195,584,644,1423
899,67,341,1307
755,969,982,2706
693,219,350,1262
826,351,408,1585
192,122,272,586
664,537,649,1850
531,119,804,1454
556,112,855,1523
199,398,502,1099
188,604,675,1467
549,687,455,1691
380,467,574,1421
183,375,584,1142
938,643,415,1996
292,196,107,595
80,328,323,731
308,94,761,1163
670,533,432,1635
47,423,502,972
178,577,791,1546
448,567,46,1061
564,280,555,1399
560,290,590,1440
29,626,234,889
905,213,888,2006
964,65,957,1986
902,846,675,2423
814,61,864,1739
341,172,395,908
688,113,612,1413
358,985,892,2235
846,414,494,1754
679,367,636,1682
527,54,344,925
440,636,433,1509
343,104,169,616
192,271,570,1033
805,170,139,1114
825,184,407,1416
840,433,924,2197
900,367,39,1306
421,72,598,1091
510,284,403,1197
265,378,523,1166
227,365,473,1065
673,455,287,1415
600,335,347,1282
513,488,495,1496
695,616,522,1833
955,526,433,1914
608,521,93,1222
517,508,207,1232
851,936,35,1822
21,896,229,1146
803,350,697,1850
156,897,32,1085
994,417,844,2255
535,604,382,1521
132,992,989,2113
678,393,201,1272
104,546,268,918
130,623,370,1123
667,712,34,1413
345,6,351,702
345,74,732,1151
991,94,185,1270
4,15,444,463
792,156,587,1535
540,563,251,1354
299,205,547,1051
40,69,451,560
961,274,742,1977
88,796,579,1463
536,113,708,1357
789,592,714,2095
4,619,535,1158
273,498,710,1481
417,550,397,1364
376,363,446,1185
201,284,284,769
469,470,359,1298
570,573,893,2036
342,236,144,722
584,299,772,1655
683,394,164,1241
637,108,368,1113
208,661,770,1639
946,357,775,2078
145,238,541,924
343,935,589,1867
616,256,29,901
483,401,601,1485
644,11,178,833
424,559,958,1941
682,666,343,1691
590,921,395,1906
744,6,54,804
540,572,406,1518
502,151,544,1197
204,607,694,1505
700,137,689,1526
706,524,828,2058
174,742,799,1715
138,878,704,1720
575,850,784,2209
778,706,620,2104
932,96,835,1863
930,942,431,2303
552,166,331,1049
876,148,724,1748
434,743,709,1886
862,990,185,2037
421,294,732,1447
89,897,489,1475
243,298,203,744
877,426,388,1691
636,80,930,1646
869,956,881,2706
181,829,621,1631
989,851,156,1996
278,331,541,1150
9,138,259,406
586,234,776,1596
910,723,146,1779
748,880,699,2327
213,601,866,1680
485,899,151,1535
368,763,997,2128
481,588,310,1379
709,117,4,830
518,936,228,1682
542,654,197,1393
764,898,696,2358
252,108,267,627
170,743,586,1499
939,768,512,2219
172,352,544,1068
534,148,940,1622
302,921,396,1619
821,352,229,1402
755,964,404,2123
425,862,303,1590
246,549,596,1391
742,745,284,1771
161,939,206,1306
88,761,574,1423
899,102,837,1838
650,602,698,1950
682,741,790,2213
827,284,606,1717
393,685,935,2013
118,903,611,1632
317,962,505,1784
941,872,733,2546
260,209,274,743
309,118,753,1180
977,975,787,2739
719,834,452,2005
98,688,400,1186
905,761,843,2509
575,872,121,1568
549,147,596,1292
980,21,653,1654
384,729,283,1396
511,828,910,2249
326,829,557,1712
855,91,485,1431
438,58,432,928
545,464,351,1360
686,395,841,1922
506,561,950,2017
61,982,151,1194
323,265,202,790
68,285,706,1059
34,474,516,1024
64,232,177,473
491,116,55,662
996,627,69,1692
392,889,649,1930
524,635,664,1823
830,902,785,2517
333,482,211,1026
698,205,626,1529
48,17,416,481
236,915,637,1788
226,994,295,1515
694,369,635,1698
674,713,543,1930
966,124,417,1507
8,656,395,1059
514,904,901,2319
388,289,213,890
744,139,351,1234
636,555,914,2105
86,490,242,818
302,611,867,1780
564,297,461,1322
728,112,834,1674
918,25,977,1920
877,786,73,1736
630,918,725,2273
748,293,706,1747
723,867,690,2280
761,880,420,2061
768,345,613,1726
379,463,788,1630
474,142,858,1474
393,666,266,1325
471,549,45,1065
782,847,130,1759
961,283,178,1422
860,852,998,2710
575,406,379,1360
944,998,244,2186
776,178,280,1234
461,0,38,499
822,390,164,1376
199,436,539,1174
648,158,465,1271
501,132,38,671
377,757,230,1364
499,903,582,1984
513,550,528,1591
987,525,966,2478
242,262,631,1135
976,624,365,1965
434,14,817,1265
150,682,402,1234
885,813,777,2475
430,278,859,1567
651,670,651,1972
961,721,335,2017
767,130,902,1799
554,785,371,1710
430,93,418,941
383,628,679,1690
253,841,446,1540
25,302,225,552
463,689,579,1731
381,645,678,1704
405,217,536,1158
0,14,40,54
773,882,786,2441
60,622,271,953
260,394,48,702
432,555,103,1090
993,30,713,1736
877,477,52,1406
707,530,309,1546
247,368,205,820
276,506,834,1616
100,208,832,1140
104,634,18,756
89,228,220,537
322,643,823,1788
902,463,919,2284
148,426,404,978
18,296,756,1070
0,338,260,598
81,466,675,1222
431,840,601,1872
442,474,877,1793
279,712,461,1452
620,902,743,2265
861,824,370,2055
189,152,430,771
149,862,355,1366
547,685,575,1807
168,29,215,412
195,258,715,1168
552,50,162,764
698,932,482,2112
574,740,690,2004
639,400,533,1572
145,656,786,1587
593,413,891,1897
618,326,545,1489
368,434,182,984
289,684,358,1331
740,532,332,1604
794,739,820,2353
901,982,448,2331
622,815,342,1779
597,565,316,1478
426,186,70,682
839,168,248,1255
862,16,382,1260
611,615,350,1576
522,398,127,1047
74,95,836,1005
956,895,843,2694
391,673,646,1710
821,150,528,1499
225,274,894,1393
302,374,968,1644
5,610,302,917
844,447,633,1924
232,285,167,684
241,833,191,1265
70,999,999,2068
262,55,55,372
218,291,927,1436
435,537,346,1318
466,118,926,1510
142,643,288,1073
117,919,133,1169
335,209,843,1387
760,198,123,1081
340,850,505,1695
605,399,227,1231
686,100,305,1091
995,953,78,2026
886,908,498,2292
50,939,3,992
94,514,813,1421
55,571,90,716
873,536,303,1712
140,842,396,1378
608,482,489,1579
774,227,271,1272
114,952,855,1921
937,488,326,1751
985,526,455,1966
462,96,673,1231
199,147,233,579
870,245,327,1442
658,55,30,743
745,234,647,1626
53,920,529,1502
937,17,894,1848
521,394,218,1133
327,118,428,873
516,347,798,1661
815,851,875,2541
637,757,692,2086
13,717,708,1438
921,191,661,1773
122,35,865,1022
793,43,825,1661
672,540,812,2024
447,167,148,762
632,550,523,1705
806,116,3,925
62,286,307,655
993,462,612,2067
291,365,455,1111
908,122,991,2021
78,108,511,697
847,405,116,1368
342,303,903,1548
43,721,275,1039
542,565,97,1204
565,669,48,1282
778,212,871,1861
447,544,19,1010
581,20,517,1118
312,538,932,1782
789,883,437,2109
236,247,34,517
677,460,862,1999
25,510,358,893
164,205,856,1225
13,218,461,692
693,210,389,1292
56,744,992,1792
3,788,482,1273
708,848,501,2057
378,240,993,1611
238,718,838,1794
250,173,16,439
520,307,686,1513
174,866,86,1126
39,566,973,1578
320,238,149,707
876,105,294,1275
786,906,614,2306
979,511,252,1742
489,851,935,2275
58,185,504,747
587,478,842,1907
752,924,663,2339
506,184,588,1278
737,78,465,1280
501,659,351,1511
651,438,425,1514
110,730,48,888
2,794,617,1413
152,125,177,454
936,42,235,1213
131,295,996,1422
675,611,999,2285
263,86,358,707
314,321,801,1436
960,159,618,1737
91,517,982,1590
816,360,724,1900
129,100,215,444
58,869,734,1661
354,296,664,1314
195,878,697,1770
125,659,203,987
502,317,288,1107
497,712,374,1583
26,279,414,719
361,619,567,1547
63,976,443,1482
818,521,856,2195
867,743,140,1750
863,652,505,2020
686,914,482,2082
238,688,165,1091
685,495,177,1357
592,142,183,917
412,585,772,1769
480,102,533,1115
938,347,47,1332
945,48,725,1718
345,340,345,1030
571,862,937,2370
789,775,633,2197
795,483,35,1313
627,223,152,1002
84,333,270,687
353,20,827,1200
22,960,698,1680
943,566,975,2484
912,989,348,2249
173,62,505,740
547,458,744,1749
882,424,109,1415
858,927,43,1828
185,832,234,1251
499,694,288,1481
195,354,62,611
890,794,507,2191
971,840,854,2665
520,802,186,1508
367,306,404,1077
454,246,529,1229
331,267,205,803
234,263,56,553
73,701,433,1207
257,827,490,1574
806,633,427,1866
291,502,410,1203
492,710,330,1532
53,186,618,857
271,907,506,1684
360,195,698,1253
443,526,616,1585
555,231,278,1064
152,38,867,1057
256,889,70,1215
783,281,301,1365
540,635,756,1931
92,915,896,1903
904,685,71,1660
553,233,49,835
71,866,74,1011
860,43,685,1588
544,315,275,1134
640,709,657,2006
981,252,626,1859
272,652,446,1370
741,574,523,1838
561,612,888,2061
784,244,559,1587
813,193,699,1705
708,54,391,1153
466,253,590,1309
12,406,786,1204
95,701,421,1217
369,74,27,470
689,1,930,1620
393,781,24,1198
827,334,527,1688
878,900,943,2721
58,6,458,522
339,181,110,630
812,41,407,1260
895,143,993,2031
350,473,943,1766
65,912,971,1948
955,381,912,2248
606,385,670,1661
497,38,858,1393
213,629,971,1813
612,203,368,1183
23,184,21,228
817,640,318,1775
432,142,346,920
587,469,249,1305
146,278,161,585
95,132,397,624
176,525,978,1679
138,499,188,825
357,394,291,1042
498,607,580,1685
269,239,698,1206
953,840,516,2309
729,461,184,1374
754,28,875,1657
241,620,122,983
195,352,553,1100
259,896,328,1483
134,584,610,1328
366,908,269,1543
574,889,364,1827
176,884,728,1788
591,99,207,897
26,989,284,1299
949,517,239,1705
810,148,876,1834
544,367,917,1828
155,727,185,1067
354,29,59,442
511,916,100,1527
813,461,801,2075
444,492,295,1231
375,330,87,792
449,120,108,677
171,475,472,1118
367,752,348,1467
232,43,197,472
504,22,614,1140
673,625,160,1458
227,16,681,924
752,408,941,2101
387,31,645,1063
374,160,151,685
197,280,528,1005
883,177,94,1154
923,514,751,2188
674,293,198,1165
806,81,607,1494
562,214,4,780
278,23,571,872
854,54,91,999
615,956,199,1770
966,354,872,2192
451,829,802,2082
185,792,538,1515
267,514,399,1180
419,601,667,1687
779,318,78,1175
141,727,244,1112
451,479,859,1789
26,89,703,818
972,751,947,2670
589,728,172,1489
349,500,843,1692
995,974,648,2617
341,56,943,1340
184,932,863,1979
176,903,203,1282
149,547,941,1637
776,667,404,1847
444,38,657,1139
334,816,307,1457
77,888,819,1784
712,69,842,1623
587,980,818,2385
840,776,555,2171
236,674,18,928
571,82,245,898
654,256,908,1818
144,599,282,1025
445,969,723,2137
601,921,901,2423
362,643,761,1766
674,433,592,1699
174,932,401,1507
416,316,593,1325
842,926,393,2161
216,538,244,998
401,713,241,1355
165,346,135,646
114,133,410,657
599,815,236,1650
981,94,298,1373
493,673,937,2103
920,43,703,1666
297,85,237,619
713,391,127,1231
335,875,25,1235
394,345,374,1113
874,900,149,1923
934,363,644,1941
181,626,671,1478
446,915,606,1967
979,446,294,1719
177,531,833,1541
461,120,188,769
393,438,531,1362
197,573,289,1059
215,924,970,2109
887,122,503,1512
934,586,265,1785
149,5,95,249
105,352,397,854
359,469,652,1480
396,74,350,820
393,512,313,1218
136,711,763,1610
687,329,766,1782
805,817,989,2611
808,893,852,2553
813,913,6,1732
350,474,720,1544
234,636,121,991
752,858,681,2291
333,64,368,765
498,957,831,2286
598,148,260,1006
564,836,894,2294
634,27,858,1519
118,396,829,1343
744,600,795,2139
993,284,723,2000
439,449,365,1253
91,386,669,1146
881,857,153,1891
879,766,626,2271
203,80,395,678
743,520,491,1754
913,750,900,2563
700,113,187,1000
768,717,721,2206
476,66,957,1499
432,179,425,1036
209,648,218,1075
561,93,1,655
695,213,816,1724
482,806,667,1955
367,557,707,1631
318,234,956,1508
434,563,897,1894
499,394,585,1478
650,259,578,1487
895,141,625,1661
735,595,689,2019
57,386,985,1428
721,976,723,2420
947,111,610,1668
775,555,50,1380
259,788,451,1498
929,442,986,2357
133,330,256,719
36,753,761,1550
771,569,590,1930
937,338,96,1371
361,460,257,1078
711,585,746,2042
395,64,410,869
558,871,260,1689
198,944,491,1633
748,771,58,1577
676,357,720,1753
173,223,203,599
224,763,373,1360
412,972,686,2070
699,883,187,1769
822,808,742,2372
683,89,533,1305
868,911,842,2621
716,95,649,1460
701,244,393,1338
985,994,972,2951
705,556,56,1317
940,315,746,2001
128,191,201,520
732,544,576,1852
336,375,949,1660
326,533,923,1782
723,472,774,1969
545,299,711,1555
180,872,129,1181
386,385,135,906
630,504,973,2107
697,80,18,795
701,449,978,2128
807,971,705,2483
629,457,492,1578
132,829,40,1001
611,518,899,2028
575,696,712,1983
759,523,737,2019
527,26,739,1292
485,660,58,1203
714,508,491,1713
868,247,390,1505
843,377,623,1843
738,951,65,1754
530,659,77,1266
511,512,325,1348
901,188,235,1324
779,646,842,2267
784,399,272,1455
331,262,953,1546
479,940,583,2002
135,44,572,751
615,94,19,728
98,47,28,173
5,494,805,1304
182,439,290,911
607,788,504,1899
576,850,543,1969
723,335,457,1515
498,187,41,726
397,814,24,1235
445,544,661,1650
79,561,116,756
224,812,414,1450
387,28,522,937
628,542,43,1213
568,380,387,1335
651,146,181,978
95,319,988,1402
85,531,990,1606
736,563,959,2258
749,513,562,1824
104,674,710,1488
283,361,296,940
577,217,148,942
282,671,906,1859
724,49,86,859
211,628,358,1197
840,682,823,2345
195,826,662,1683
943,962,704,2609
261,348,125,734
485,766,737,1988
296,195,579,1070
423,49,228,700
152,910,48,1110
985,31,304,1320
943,137,540,1620
891,133,49,1073
763,46,140,949
490,851,158,1499
952,38,26,1016
856,395,726,1977
647,938,453,2038
318,762,401,1481
234,29,830,1093
452,163,275,890
29,251,443,723
397,91,546,1034
631,402,141,1174
507,469,906,1882
961,671,776,2408
360,747,839,1946
536,610,936,2082
639,251,209,1099
887,571,891,2349
155,208,265,628
887,367,796,2050
744,857,125,1726
397,512,780,1689
950,46,612,1608
190,468,174,832
900,393,793,2086
833,301,873,2007
928,976,755,2659
604,294,599,1497
82,556,346,984
795,571,874,2240
981,66,585,1632
226,611,908,1745
448,337,771,1556
870,343,758,1971
984,80,688,1752
464,485,348,1297
236,96,737,1069
961,641,771,2373
457,313,686,1456
409,672,700,1781
459,757,240,1456
685,506,849,2040
278,729,477,1484
651,509,665,1825
600,193,162,955
174,812,148,1134
76,173,490,739
411,650,596,1657
189,414,466,1069
727,464,743,1934
264,10,356,630
587,577,884,2048
320,452,400,1172
824,761,292,1877
502,612,442,1556
246,424,956,1626
258,890,612,1760
616,488,914,2018
319,496,619,1434
369,336,343,1048
712,758,53,1523
447,414,868,1729
889,933,785,2607
449,340,540,1329
453,583,44,1080
412,310,73,795
311,290,708,1309
855,711,123,1689
759,222,292,1273
665,105,985,1755
18,494,327,839
789,734,809,2332
346,980,42,1368
378,370,960,1708
928,39,464,1431
679,926,254,1859
940,551,861,2352
939,599,470,2008
243,181,424,848
963,350,224,1537
329,281,814,1424
655,149,701,1505
879,441,673,1993
120,515,675,1310
40,257,385,682
791,715,988,2494
383,184,854,1421
696,186,296,1178
366,270,299,935
518,805,168,1491
282,322,538,1142
511,175,920,1606
713,757,432,1902
267,944,42,1253
382,158,174,714
206,645,992,1843
427,884,291,1602
997,586,732,2315
924,742,113,1779
643,683,359,1685
942,32,809,1783
278,894,770,1942
372,625,931,1928
673,754,200,1627
688,136,396,1220
575,377,528,1480
884,800,693,2377
707,623,693,2023
247,157,790,1194
20,222,213,455
529,750,342,1621
869,790,360,2019
240,842,539,1621
876,345,742,1963
196,785,921,1902
614,322,544,1480
535,453,766,1754
316,404,63,783
95,106,829,1030
841,320,266,1427
906,246,637,1789
834,866,112,1812
727,205,879,1811
300,100,404,804
927,844,385,2156
349,695,700,1744
62,5,552,619
859,606,475,1940
968,120,907,1995
29,109,571,709
689,606,48,1343
302,729,161,1192
951,634,49,1634
163,20,155,338
238,981,897,2116
425,610,131,1166
445,805,131,1381
432,376,69,877
665,536,490,1691
691,596,243,1530
745,386,934,2065
625,506,530,1661
154,849,559,1562
733,434,438,1605
595,118,196,909
587,188,129,904
893,949,440,2282
81,434,205,720
123,770,853,1746
494,61,16,571
514,179,334,1027
446,800,591,1837
336,821,228,1385
123,80,447,650
523,634,17,1174
662,972,495,2129
408,330,313,1051
60,873,41,974
101,965,660,1726
207,258,914,1379
494,306,462,1262
981,285,941,2207
248,271,57,576
298,527,636,1461
945,533,477,1955
726,332,927,1985
428,606,226,1260
338,925,845,2108
375,443,92,910
733,232,404,1369
34,71,331,436
817,605,726,2148
502,593,130,1225
993,115,286,1394
581,790,815,2186
208,60,499,767
3,173,275,451
817,872,35,1724
573,208,192,973
544,354,463,1361
389,671,353,1413
732,398,952,2082
96,227,846,1169
723,941,116,1780
325,352,790,1467
393,721,785,1899
995,151,196,1342
109,924,312,1345
646,317,382,1345
627,241,483,1351
266,139,132,537
708,864,792,2364
110,176,884,1170
247,62,69,378
308,223,240,771
379,259,385,1023
28,600,428,1056
265,86,837,1188
937,463,104,1504
253,500,270,1023
5,348,540,893
69,251,933,1253
876,595,588,2059
136,955,911,2002
343,525,329,1197
316,355,849,1520
719,974,105,1798
15,113,826,954
776,873,665,2314
337,11,33,381
449,694,192,1335
5,497,527,1029
207,618,453,1278
432,245,15,692
5,779,800,1584
498,377,397,1272
889,732,898,2519
826,574,370,1770
431,875,615,1921
583,480,332,1395
416,5,331,752
846,272,165,1283
608,606,706,1920
160,525,918,1603
876,858,282,2016
638,505,470,1613
659,983,242,1884
952,85,743,1780
406,808,484,1698
65,120,102,287
584,383,672,1639
375,737,622,1734
665,136,695,1496
898,9,841,1748
328,696,365,1389
838,200,832,1870
650,961,992,2603
695,386,855,1936
385,800,355,1540
0,946,773,1719
907,870,123,1900
965,722,741,2428
97,219,520,836
714,211,204,1129
214,831,558,1603
714,982,77,1773
760,757,749,2266
811,600,94,1505
882,480,156,1518
897,981,249,2127
551,419,397,1367
565,527,345,1437
598,455,668,1721
512,122,21,655
70,994,633,1697
982,313,300,1595
837,363,617,1817
832,570,837,2239
4,413,376,793
957,887,126,1970
153,884,154,1191
753,819,272,1844
25,861,676,1562
897,355,242,1494
956,269,949,2174
876,634,540,2050
969,202,697,1868
417,5,42,464
773,254,937,1964
261,860,791,1912
421,499,407,1327
839,16,95,950
99,206,462,767
500,572,825,1897
510,212,489,1211
302,44,168,514
517,837,241,1595
365,659,276,1300
994,624,95,1713
398,583,334,1315
430,138,636,1204
596,124,81,801
624,940,561,2125
102,846,756,1704
571,655,265,1491
720,602,222,1544
100,49,631,780
87,92,550,729
618,340,533,1491
538,622,681,1841
495,489,947,1931
268,850,87,1205
649,599,121,1369
955,845,529,2329
251,9,88,348
369,306,284,959
520,960,392,1872
858,119,653,1630
399,645,103,1147
783,865,750,2398
204,922,100,1226
485,563,242,1290
432,434,247,1113
727,219,136,1082
863,267,242,1372
858,587,792,2237
395,486,993,1874
809,913,86,1808
474,218,666,1358
596,969,411,1976
113,670,425,1208
305,640,999,1944
229,255,823,1307
111,369,35,515
751,682,306,1739
179,585,108,872
719,500,881,2100
94,720,561,1375
565,100,79,744
474,536,390,1400
769,970,804,2543
304,384,673,1361
93,710,11,814
58,961,99,1118
50,686,111,847
690,538,238,1466
658,748,423,1829
299,679,86,1064
106,539,451,1096
567,958,357,1882
247,331,107,685
755,630,916,2301
338,909,674,1921
666,22,624,1312
509,312,466,1287
711,370,980,2061
532,294,593,1419
451,738,711,1900
601,709,53,1363
144,530,436,1110
865,95,554,1514
985,157,486,1628
6,963,144,1113
164,55,857,1076
527,816,490,1833
84,77,254,415
467,162,191,820
367,339,394,1100
749,917,865,2531
32,573,338,943
376,24,261,661
699,34,705,1438
624,345,705,1674
44,228,455,727
621,183,236,1040
940,35,463,1438
538,862,271,1671
229,758,730,1717
304,295,774,1373
953,222,188,1363
476,417,870,1763
399,887,216,1502
451,195,238,884
320,824,33,1177
288,916,822,2026
313,362,175,850
64,365,32,461
964,907,526,2397
503,673,645,1821
688,291,857,1836
760,690,761,2211
144,271,30,445
115,407,644,1166
156,601,988,1745
470,465,373,1308
450,456,16,922
967,936,935,2838
523,331,702,1556
292,826,970,2088
735,434,906,2075
108,396,178,682
347,172,960,1479
387,433,416,1236
541,199,657,1397
492,315,764,1571
5,265,759,1029
696,25,128,849
227,12,606,845
226,743,20,989
32,144,282,458
787,303,919,2009
10,788,334,1132
961,386,979,2326
241,828,242,1311
555,869,2,1426
647,3,583,1233
643,839,940,2422
593,360,729,1682
147,120,841,1108
683,700,521,1904
982,674,923,2579
262,147,183,592
693,243,405,1341
645,194,941,1780
621,700,869,2190
68,681,510,1259
304,545,874,1723
140,497,685,1322
869,685,40,1594
819,349,703,1871
542,857,253,1652
555,251,191,997
919,756,137,1812
933,619,564,2116
907,753,931,2591
470,898,150,1518
837,2,133,972
295,476,164,935
355,18,954,1327
243,620,730,1593
714,844,135,1693
977,250,548,1775
831,473,460,1764
579,176,47,802
908,579,866,2353
691,744,998,2433
104,409,852,1365
607,874,367,1848
238,701,354,1293
673,171,703,1547
522,520,631,1673
561,389,682,1632
407,352,637,1396
441,886,810,2137
735,698,775,2208
724,117,345,1186
928,826,843,2597
739,148,51,938
33,35,374,442
615,161,621,1397
701,102,494,1297
822,101,322,1245
215,427,99,741
806,208,927,1941
333,186,940,1459
451,758,996,2205
762,677,128,1567
255,710,943,1908
883,165,828,1876
510,28,109,647
496,994,203,1693
931,91,118,1140
997,166,116,1279
717,77,867,1661
656,447,921,2024
86,319,77,482
498,565,144,1207
16,239,85,340
216,341,962,1519
605,436,260,1301
445,507,501,1453
478,487,638,1603
652,781,518,1951
343,744,821,1908
16,462,701,1179
0,150,397,547
200,4,805,1009
782,293,590,1665
122,765,148,1035
440,591,419,1450
285,663,665,1613
591,678,805,2074
403,793,665,1861
362,312,258,932
595,411,18,1024
128,555,732,1415
320,113,695,1128
550,743,394,1687
316,258,788,1362
981,627,351,1959
937,126,457,1520
593,511,497,1601
205,579,190,974
589,845,921,2355
337,997,332,1666
62,589,548,1199
257,261,976,1494
404,840,940,2184
54,558,241,853
426,142,51,619
562,783,799,2144
212,847,267,1326
50,102,837,989
565,758,824,2147
944,948,710,2602
657,852,406,1915
208,112,979,1299
201,392,186,779
8,739,886,1633
447,989,737,2173
326,170,106,602
48,915,510,1473
864,793,433,2090
849,22,268,1139
716,902,204,1822
36,57,753,846
499,379,347,1225
114,296,339,749
814,283,36,1133
467,294,164,925
632,989,221,1842
192,346,366,904
629,524,311,1464
526,380,935,1841
430,679,294,1403
717,861,483,2061
601,777,25,1403
452,959,945,2356
706,641,166,1513
676,448,550,1674
664,678,392,1734
249,899,397,1545
245,214,877,1336
725,787,974,2486
395,374,647,1416
966,253,700,1919
86,40,82,208
525,770,547,1842
835,392,959,2186
61,549,398,1008
274,794,654,1722
916,801,641,2358
754,805,920,2479
484,197,983,1664
949,531,948,2428
760,572,717,2049
260,99,625,984
926,27,696,1649
332,61,279,672
215,485,28,728
453,824,991,2268
370,691,648,1709
435,963,328,1726
737,428,32,1197
149,575,726,1450
798,976,381,2155
319,779,114,1212
213,271,418,902
762,327,840,1929
227,633,656,1516
967,957,586,2510
747,877,904,2528
65,622,300,987
565,541,210,1316
420,90,490,1000
115,791,62,968
335,871,758,1964
939,33,928,1900
238,261,93,592
701,637,885,2223
242,607,116,965
225,866,81,1172
197,23,693,913
606,376,603,1585
223,969,959,2151
411,335,174,920
888,7,588,1483
674,143,440,1257
398,921,451,1770
971,914,871,2756
273,29,680,982
748,723,311,1782
771,105,71,947
562,495,739,1796
189,300,986,1475
314,327,510,1151
704,427,573,1704
141,941,250,1332
356,980,314,1650
437,232,887,1556
614,713,701,2028
540,78,269,887
745,90,5,840
643,340,472,1455
178,272,933,1383
383,223,722,1328
333,937,277,1547
220,963,777,1960
133,490,221,844
855,589,561,2005
723,788,30,1541
641,753,279,1673
90,817,821,1728
517,809,458,1784
816,415,803,2034
127,535,973,1635
851,611,779,2241
48,933,347,1328
306,405,393,1104
280,313,23,616
336,306,844,1486
595,438,190,1223
579,124,864,1567
865,768,833,2466
116,964,378,1458
414,203,476,1093
898,442,28,1368
922,766,697,2385
877,270,317,1464
825,801,370,1996
506,999,115,1620
781,831,941,2553
116,267,806,1189
622,196,896,1714
533,351,407,1291
778,477,697,1952
833,542,920,2295
385,920,690,1995
392,587,907,1886
16,409,202,627
360,357,35,752
510,394,151,1055
263,703,548,1514
869,228,588,1685
796,703,902,2401
222,654,94,970
522,786,371,1679
709,245,76,1030
137,682,599,1418
166,471,716,1353
699,470,834,2003
800,584,500,1884
884,789,8,1681
677,835,369,1881
70,211,855,1136
842,914,665,2421
265,690,354,1309
399,190,138,727
539,989,451,1979
935,741,264,1940
877,492,343,1712
397,549,274,1220
923,162,105,1190
914,473,549,1936
784,718,436,1938
287,628,77,992
574,511,595,1680
142,145,399,686
933,976,819,2728
301,628,317,1246
386,689,897,1972
510,665,362,1537
277,55,472,804
778,944,680,2402
852,156,56,1064
759,520,204,1483
243,172,564,979
488,135,70,693
722,50,543,1315
88,154,317,559
380,772,2,1154
921,56,963,1940
323,116,282,721
45,113,142,300
136,181,576,893
582,915,433,1930
427,483,785,1695
825,75,23,923
107,905,600,1612
24,218,70,312
641,965,301,1907
326,3,190,519
435,500,836,1771
495,415,337,1247
274,484,385,1143
401,344,158,903
285,615,238,1138
772,850,613,2235
822,487,576,1885
255,923,854,2032
870,950,597,2417
983,111,870,1964
281,559,613,1453
788,925,28,1741
962,432,920,2314
864,273,788,1925
401,972,980,2353
376,542,230,1148
815,47,249,1111
12,765,442,1219
822,651,277,1750
200,24,923,1147
484,10,188,682
225,48,807,1080
917,936,846,2699
188,559,646,1393
353,612,896,1861
531,401,960,1892
25,660,382,1067
956,445,829,2230
672,986,886,2544
333,363,903,1599
988,268,649,1905
420,954,699,2073
703,40,105,848
835,348,38,1221
926,575,152,1653
554,659,638,1851
372,63,460,895
676,963,138,1777
818,271,623,1712
801,403,25,1229
752,263,778,1793
631,902,890,2423
624,96,817,1537
119,124,611,854
583,219,435,1237
732,161,922,1815
416,859,395,1670
500,418,108,1026
491,247,291,1029
355,273,676,1304
388,618,195,1201
554,175,69,798
79,391,807,1277
781,56,391,1228
932,646,870,2448
838,392,450,1680
406,78,937,1421
113,906,268,1287
799,888,379,2066
919,537,96,1552
869,603,690,2162
998,916,323,2237
691,870,630,2191
832,934,656,2422
225,353,644,1222
541,735,490,1766
688,802,262,1752
804,63,234,1101
406,850,792,2048
184,906,270,1360
433,619,647,1699
129,860,557,1546
673,379,485,1537
697,878,569,2144
782,353,551,1686
196,178,961,1335
197,260,668,1125
837,815,604,2256
140,267,809,1216
16,850,387,1253
903,663,22,1588
576,140,321,1037
640,324,650,1614
574,423,543,1540
152,127,216,495
201,429,783,1413
294,776,245,1315
5,866,292,1163
304,656,502,1462
484,874,699,2057
421,871,87,1379
842,625,495,1962
306,532,937,1775
623,83,441,1147
695,40,808,1543
700,815,296,1811
179,165,170,514
248,973,836,2057
967,351,316,1634
312,176,28,516
784,665,353,1802
578,81,135,794
103,487,822,1412
862,928,310,2100
876,655,129,1660
481,345,605,1431
444,618,288,1350
422,424,427,1273
875,881,449,2205
292,801,486,1579
419,594,728,1741
349,441,659,1449
260,479,833,1572
701,686,754,2141
699,434,694,1827
925,690,156,1771
349,324,584,1257
735,956,539,2230
77,76,326,479
41,855,23,919
891,522,81,1494
768,656,502,1926
575,102,981,1658
566,820,222,1608
228,285,363,876
665,96,687,1448
898,952,777,2627
956,220,770,1946
800,364,91,1255
36,649,806,1491
7,927,755,1689
977,677,188,1842
108,858,788,1754
935,894,421,2250
175,595,527,1297
27,68,697,792
721,212,939,1872
689,595,563,1847
58,528,874,1460
418,355,333,1106
24,658,954,1636
927,693,491,2111
443,693,658,1794
130,969,276,1375
285,573,873,1731
474,581,129,1184
895,821,689,2405
171,195,384,750
497,249,234,980
80,393,236,709
44,763,756,1563
332,608,960,1900
310,957,346,1613
641,698,158,1497
704,282,341,1327
796,97,936,1829
176,452,237,865
981,490,152,1623
149,995,870,2014
50,881,108,1039
792,535,979,2306
260,172,180,612
635,918,580,2133
205,682,378,1265
923,271,564,1758
353,37,24,414
549,713,704,1966
924,512,664,2100
802,677,299,1778
401,525,148,1074
844,347,874,2065
973,222,751,1946
425,845,353,1623
795,637,970,2402
379,584,834,1797
728,728,809,2265
900,270,582,1752
648,538,365,1551
770,579,501,1850
243,331,348,922
999,549,583,2131
283,763,542,1588
557,563,737,1857
213,273,26,512
980,657,331,1968
789,625,195,1609
88,359,649,1096
699,378,833,1910
711,754,802,2267
656,364,861,1881
650,747,950,2347
125,386,901,1412
462,451,54,967
531,866,872,2269
978,439,587,2004
363,556,33,952
4,109,526,639
772,858,484,2114
92,540,81,713
531,577,955,2063
652,87,619,1358
535,315,0,850
402,941,158,1501
694,497,146,1337
61,835,316,1212
946,889,770,2605
553,612,635,1800
607,260,160,1027
424,705,833,1962
766,3,990,1759
551,359,869,1779
272,882,826,1980
511,515,645,1671
615,601,177,1393
214,435,736,1385
789,733,754,2276
374,789,868,2031
340,373,466,1179
589,737,437,1763
545,476,476,1497
925,649,514,2088
179,176,926,1281
599,503,421,1523
75,743,174,992
642,37,481,1160
785,545,83,1413
967,936,977,2880
635,915,501,2051
830,880,570,2280
30,706,366,1102
0,456,465,921
198,740,868,1806
588,632,907,2127
104,943,521,1568
547,831,328,1706
102,437,41,580
551,365,759,1675
491,196,420,1107
949,581,709,2239
415,986,586,1987
42,197,782,1021
446,187,328,961
463,749,912,2124
424,410,894,1728
57,349,438,844
953,705,437,2095
992,380,599,1971
454,437,290,1181
678,49,851,1578
55,376,886,1317
402,348,25,775
972,653,599,2224
749,46,225,1020
711,716,688,2115
213,70,749,1032
187,710,716,1613
802,740,801,2343
852,502,261,1615
8,288,806,1102
557,327,675,1559
140,828,630,1598
575,290,602,1467
114,395,220,729
932,583,627,2142
256,57,212,525
222,343,315,880
608,422,846,1876
707,631,19,1357
454,477,846,1777
863,909,531,2303
790,740,373,1903
305,677,430,1412
457,113,100,670
528,639,417,1584
457,52,114,623
698,109,909,1716
100,890,947,1937
879,496,684,2059
27,905,575,1507
83,405,725,1213
323,556,676,1555
238,909,576,1723
101,591,353,1045
84,838,217,1139
323,628,520,1471
111,190,316,617
181,376,679,1236
524,494,977,1995
256,287,833,1376
364,92,253,709
530,524,377,1431
211,197,976,1384
942,497,301,1740
330,40,758,1128
651,291,195,1137
353,479,508,1340
676,282,518,1476
158,14,724,896
134,610,355,1099
293,822,933,2048
839,662,875,2376
520,740,732,1992
662,768,987,2417
152,994,165,1311
217,334,648,1199
89,849,167,1105
800,151,208,1159
69,986,289,1344
581,693,963,2237
875,771,741,2387
302,183,741,1226
749,347,467,1563
776,400,601,1777
714,108,11,833
493,129,15,637
122,742,133,997
865,812,899,2576
415,252,932,1599
55,609,754,1418
621,555,232,1408
619,775,185,1579
67,166,958,1191
333,884,660,1877
703,283,390,1376
609,704,966,2279
583,30,277,890
62,193,734,989
203,869,51,1123
649,161,222,1032
182,667,825,1674
441,158,965,1564
366,449,280,1095
264,844,841,1949
177,655,842,1674
401,620,393,1414
823,253,351,1427
17,149,589,755
789,479,924,2192
463,69,400,932
371,930,306,1607
630,542,541,1713
514,715,968,2197
658,748,703,2109
348,555,157,1060
344,542,76,962
28,418,216,662
788,100,532,1420
906,630,406,1942
976,989,405,2370
546,215,116,877
866,683,436,1985
854,53,427,1334
568,558,844,1970
728,191,714,1633
220,824,435,1479
822,601,290,1713
806,796,573,2175
74,759,985,1818
603,340,374,1317
544,527,790,1861
792,418,654,1864
368,456,13,837
165,605,924,1694
251,605,83,939
908,797,341,2046
285,565,690,1540
335,239,207,781
676,875,570,2121
754,84,898,1736
44,663,233,940
470,800,35,1305
700,101,33,834
398,191,732,1321
780,490,296,1566
315,360,181,856
165,490,565,1220
748,918,916,2582
455,581,306,1342
486,447,296,1229
557,527,25,1109
561,153,618,1332
144,651,689,1484
434,832,432,1698
806,972,290,2068
595,771,247,1613
741,173,709,1623
426,329,37,792
83,948,322,1353
245,190,921,1356
355,622,363,1340
95,74,814,983
992,253,956,2201
604,729,597,1930
435,42,743,1220
375,468,119,962
464,523,35,1022
781,833,267,1881
463,655,585,1703
794,292,955,2041
405,49,140,594
914,253,622,1789
591,139,516,1246
853,451,997,2301
901,241,265,1407
664,686,116,1466
897,840,815,2552
806,970,960,2736
289,875,113,1277
2,973,960,1935
711,692,331,1734
982,345,321,1648
265,192,517,974
171,546,179,896
895,140,844,1879
965,500,984,2449
658,477,447,1582
76,820,122,1018
36,558,790,1384
233,144,438,815
567,413,554,1534
628,310,217,1155
667,429,104,1200
868,536,491,1895
712,279,651,1642
462,27,372,861
981,792,84,1857
94,114,370,578
871,38,712,1621
840,468,274,1582
187,534,68,789
70,810,895,1775
787,293,244,1324
713,825,741,2279
359,933,277,1569
565,104,550,1219
924,200,293,1417
408,243,495,1146
897,662,671,2230
303,81,43,427
715,625,100,1440
308,408,991,1707
642,581,280,1503
984,292,771,2047
499,944,472,1915
911,223,795,1929
265,19,80,364
376,383,233,992
295,253,942,1490
815,979,101,1895
798,752,218,1768
776,429,488,1693
895,531,544,1970
460,476,236,1172
149,950,553,1652
893,435,640,1968
734,205,183,1122
517,65,30,612
834,291,382,1507
191,690,96,977
658,495,859,2012
89,921,762,1772
148,507,497,1152
949,481,571,2001
436,823,94,1353
406,697,560,1663
63,772,123,958
268,591,795,1654
91,180,992,1263
263,842,267,1372
729,658,490,1877
728,743,986,2457
728,989,985,2702
841,648,921,2410
626,809,961,2396
209,858,640,1707
398,771,120,1289
108,700,575,1383
53,213,561,827
87,294,927,1308
665,86,357,1108
213,70,417,700
225,751,538,1514
397,1,115,513
215,627,512,1354
594,508,137,1239
18,700,630,1348
484,82,84,650
202,911,435,1548
145,41,342,528
595,324,800,1719
419,304,166,889
56,818,100,974
273,73,682,1028
762,794,134,1690
620,360,170,1150
886,100,419,1405
422,134,426,982
744,246,150,1140
85,421,543,1049
294,604,707,1605
859,179,377,1415
663,549,812,2024
149,310,8,467
328,100,328,756
39,431,179,649
999,942,1,1942
962,265,252,1479
207,638,934,1779
312,520,552,1384
320,161,88,569
456,483,421,1360
113,765,634,1512
647,312,619,1578
905,482,101,1488
745,339,11,1095
36,342,951,1329
118,410,894,1422
228,428,230,886
803,583,864,2250
698,958,150,1806
247,569,116,932
436,567,691,1694
251,180,385,816
5,800,773,1578
469,454,183,1106
292,877,655,1824
457,839,169,1465
593,975,421,1989
178,597,455,1230
652,198,622,1472
428,91,905,1424
473,45,9,527
64,355,835,1254
804,729,875,2408
760,618,265,1643
735,791,152,1678
527,301,451,1279
658,0,180,838
944,421,308,1673
115,297,964,1376
853,968,169,1990
321,60,740,1121
576,213,147,936
172,894,787,1853
527,128,658,1313
17,665,662,1344
300,424,480,1204
698,133,592,1423
408,256,822,1486
890,265,528,1683
869,471,102,1442
297,143,754,1194
86,554,206,846
94,70,449,613
749,423,288,1460
183,165,55,403
143,480,727,1350
732,125,707,1564
80,964,429,1473
409,763,883,2055
415,193,81,689
628,944,57,1629
212,393,26,631
353,802,74,1229
330,441,251,1022
860,148,188,1196
991,892,368,2251
950,203,184,1337
194,167,488,849
818,131,11,960
91,276,667,1034
383,5,318,706
435,882,25,1342
23,256,213,492
876,11,698,1585
301,259,954,1514
828,683,787,2298
144,878,95,1117
172,584,671,1427
3,438,930,1371
277,590,781,1648
5,99,107,211
733,978,845,2556
832,196,485,1513
325,901,568,1794
366,641,93,1100
53,428,997,1478
669,587,24,1280
991,313,287,1591
464,850,2,1316
724,270,554,1548
476,610,158,1244
123,52,183,358
816,316,200,1332
945,987,200,2132
156,958,275,1389
926,57,121,1104
474,34,658,1166
685,52,536,1273
200,351,75,626
123,107,200,430
803,325,662,1790
95,73,252,420
529,560,754,1843
903,720,935,2558
292,344,471,1107
479,882,577,1938
560,446,213,1219
155,13,527,695
704,441,713,1858
508,146,65,719
460,452,561,1473
114,890,899,1903
206,544,182,932
343,578,669,1590
941,785,369,2095
248,637,418,1303
486,204,335,1025
688,391,498,1577
159,738,633,1530
840,148,228,1216
793,710,144,1647
595,954,340,1889
67,475,507,1049
100,387,357,844
276,635,272,1183
929,569,492,1990
990,100,33,1123
309,161,116,586
652,851,206,1709
837,593,693,2123
357,791,827,1975
852,8,325,1185
440,272,843,1555
881,956,634,2471
302,771,187,1260
752,156,888,1796
372,298,823,1493
289,301,1000,1590
687,679,126,1492
556,315,358,1229
486,507,629,1622
78,867,316,1261
973,147,446,1566
273,250,651,1174
970,763,216,1949
476,292,156,924
320,105,524,949
754,691,857,2302
349,56,766,1171
121,453,283,857
329,352,261,942
875,972,150,1997
297,299,321,917
858,526,594,1978
762,587,324,1673
203,348,1,552
218,976,629,1823
77,856,822,1755
259,732,827,1818
869,632,166,1667
695,531,539,1765
151,414,880,1445
210,2,40,252
782,23,604,1409
752,142,548,1442
518,743,41,1302
274,756,698,1728
463,385,28,876
871,729,757,2357
398,631,816,1845
41,609,868,1518
782,979,488,2249
684,701,399,1784
625,749,440,1814
988,443,944,2375
4,665,19,688
892,664,349,1905
478,326,481,1285
583,86,483,1152
640,285,376,1301
65,579,729,1373
982,752,477,2211
181,189,355,725
694,87,190,971
147,46,98,291
239,623,928,1790
631,531,224,1386
699,976,154,1829
198,384,28,610
555,762,177,1494
226,563,213,1002
803,827,240,1870
468,865,880,2213
260,857,935,2052
328,295,889,1512
852,955,487,2294
165,142,24,331
814,144,370,1328
29,995,673,1697
314,463,671,1448
339,488,972,1799
772,289,756,1817
712,225,113,1050
217,715,225,1157
284,139,652,1075
909,318,223,1450
910,217,438,1565
694,859,767,2320
362,357,538,1257
411,295,670,1376
142,359,473,974
135,379,24,538
892,252,223,1367
358,674,794,1826
48,485,236,769
395,291,267,953
229,71,32,332
655,470,499,1624
374,680,682,1736
45,418,581,1044
310,382,635,1327
133,373,337,843
444,654,571,1669
764,851,504,2119
462,113,389,964
155,806,184,1145
986,20,76,1082
301,132,108,541
450,391,106,947
692,553,508,1753
968,382,729,2079
386,808,913,2107
364,232,355,951
329,221,965,1515
914,176,606,1696
287,413,961,1661
528,646,660,1834
695,913,792,2400
782,372,333,1487
182,182,77,441
200,599,637,1436
783,415,533,1731
842,733,409,1984
360,864,602,1826
133,286,20,439
528,884,913,2325
269,603,479,1351
325,457,275,1057
491,336,950,1777
960,914,519,2393
281,497,481,1259
997,186,457,1640
786,7,611,1404
999,426,292,1717
738,172,734,1644
679,510,194,1383
764,28,317,1109
198,614,144,956
583,349,574,1506
97,81,308,486
462,905,746,2113
295,244,398,937
389,145,66,600
583,971,179,1733
184,587,178,949
724,719,27,1470
606,944,322,1872
231,496,592,1319
527,840,294,1661
424,953,239,1616
478,28,450,956
46,957,48,1051
27,939,357,1323
58,221,719,998
449,551,581,1581
354,648,89,1091
83,714,837,1634
526,276,376,1178
995,743,506,2244
53,913,249,1215
758,509,411,1678
846,106,865,1817
984,161,871,2016
446,755,272,1473
398,974,196,1568
680,873,330,1883
818,821,885,2524
28,298,219,545
13,323,483,819
9,164,438,611
963,136,24,1123
738,724,87,1549
34,647,266,947
612,389,1,1002
565,427,87,1079
604,571,805,1980
104,607,168,879
880,924,546,2350
37,29,10,76
527,859,251,1637
55,141,217,413
542,893,974,2409
632,109,256,997
7,628,806,1441
157,24,363,544
987,261,277,1525
985,38,121,1144
317,364,594,1275
6,201,816,1023
169,76,549,794
801,367,545,1713
999,136,939,2074
393,900,208,1501
66,79,645,790
430,601,128,1159
757,887,419,2063
858,764,645,2267
115,762,916,1793
169,803,863,1835
920,741,98,1759
82,32,308,422
634,519,489,1642
408,726,371,1505
34,237,842,1113
460,246,346,1052
300,240,313,853
431,735,332,1498
608,671,536,1815
578,650,742,1970
573,261,150,984
446,711,864,2021
603,81,747,1431
230,274,519,1023
533,542,316,1391
59,730,756,1545
55,740,775,1570
538,447,35,1020
20,391,10,421
412,680,992,2084
469,511,394,1374
979,997,137,2113
19,913,835,1767
8,243,282,533
931,823,628,2382
769,820,922,2511
605,80,348,1033
487,170,919,1576
320,878,0,1198
527,526,911,1964
830,525,708,2063
308,861,67,1236
84,741,705,1530
24,583,646,1253
654,383,282,1319
780,781,784,2345
330,774,178,1282
712,511,250,1473
93,372,62,527
734,662,511,1907
554,694,738,1986
962,376,50,1388
864,906,247,2017
194,388,67,649
983,91,773,1847
315,986,557,1858
264,944,800,2008
2,879,153,1034
70,914,181,1165
926,570,676,2172
992,941,237,2170
377,777,708,1862
472,301,658,1431
946,313,222,1481
867,741,598,2206
558,197,643,1398
495,574,265,1334
503,916,215,1634
504,26,958,1488
758,986,550,2294
176,160,220,556
633,332,866,1831
802,798,276,1876
816,834,833,2483
759,249,338,1346
229,999,64,1292
609,397,585,1591
129,98,719,946
120,914,617,1651
356,935,437,1728
889,14,160,1063
74,996,706,1776
438,569,802,1809
2,396,918,1316
186,723,810,1719
202,116,576,894
599,33,213,845
650,314,310,1274
176,695,686,1557
440,325,672,1437
476,753,54,1283
782,542,720,2044
321,558,149,1028
797,553,114,1464
538,623,934,2095
255,844,175,1274
977,395,818,2190
424,123,336,883
995,484,99,1578
417,590,258,1265
368,829,378,1575
785,397,899,2081
593,576,461,1630
100,810,33,943
559,373,464,1396
306,904,512,1722
29,503,299,831
438,676,225,1339
903,499,3,1405
58,281,829,1168
805,646,833,2284
208,595,684,1487
846,318,310,1474
758,469,888,2115
854,279,422,1555
843,839,999,2681
96,339,961,1396
369,706,608,1683
527,705,770,2002
167,591,4,762
800,206,666,1672
171,923,474,1568
617,639,743,1999
564,360,731,1655
69,848,14,931
734,493,538,1765
733,860,693,2286
228,215,400,843
145,856,635,1636
158,831,717,1706
91,305,586,982
868,689,299,1856
854,719,565,2138
669,724,971,2364
832,753,461,2046
355,192,180,727
385,915,437,1737
849,415,22,1286
308,457,786,1551
216,398,734,1348
792,414,112,1318
3,438,142,583
819,477,447,1743
626,694,230,1550
500,375,644,1519
246,887,273,1406
248,159,9,416
389,160,922,1471
48,373,841,1262
580,658,27,1265
743,613,986,2342
700,660,60,1420
858,405,377,1640
863,2,631,1496
927,828,304,2059
231,434,26,691
647,641,411,1699
366,749,770,1885
863,18,824,1705
770,462,441,1673
892,855,188,1935
491,146,196,833
392,984,672,2048
521,930,398,1849
382,244,458,1084
386,827,889,2102
323,177,405,905
195,230,403,828
278,786,714,1778
535,953,207,1695
477,842,775,2094
111,839,120,1070
635,554,694,1883
924,274,409,1607
799,189,118,1106
806,787,577,2170
21,899,699,1619
933,572,138,1643
383,554,920,1857
439,651,778,1868
74,626,89,789
904,651,729,2284
354,645,430,1429
965,429,939,2333
177,199,202,578
996,293,201,1490
856,367,748,1971
55,319,55,429
991,584,70,1645
572,26,503,1101
154,569,601,1324
460,465,12,937
645,127,435,1207
553,484,934,1971
330,721,331,1382
563,983,625,2171
25,965,238,1228
477,359,366,1202
749,827,240,1816
70,780,769,1619
743,604,23,1370
365,958,834,2157
541,941,214,1696
964,334,813,2111
95,305,153,553
10,871,108,989
661,114,980,1755
701,329,272,1302
314,44,718,1076
988,658,831,2477
894,547,973,2414
895,116,178,1189
756,249,754,1759
943,621,872,2436
311,678,803,1792
877,43,391,1311
560,177,130,867
148,911,960,2019
760,33,334,1127
340,977,778,2095
771,472,198,1441
186,560,524,1270
859,377,761,1997
62,644,408,1114
809,957,63,1829
889,914,150,1953
886,953,853,2692
582,865,499,1946
114,172,292,578
482,675,383,1540
771,906,179,1856
523,725,233,1481
1000,504,357,1861
8,741,606,1355
894,993,429,2316
154,373,284,811
757,251,291,1299
640,757,532,1929
348,156,593,1097
73,644,747,1464
738,301,839,1878
399,106,797,1302
643,872,304,1819
896,407,665,1968
605,990,906,2501
953,923,589,2465
163,815,968,1946
69,692,155,916
132,600,798,1530
939,883,180,2002
872,763,528,2163
797,692,380,1869
470,732,892,2094
844,388,834,2066
161,145,79,385
948,965,427,2340
849,376,897,2122
33,369,633,1035
940,594,981,2515
228,7,966,1201
772,559,919,2250
839,611,143,1593
665,297,533,1495
167,384,787,1338
959,251,942,2152
985,366,76,1427
339,171,196,706
83,396,217,696
877,372,867,2116
452,913,553,1918
443,989,709,2141
196,102,938,1236
690,466,309,1465
362,612,657,1631
867,959,602,2428
92,393,40,525
223,12,740,975
306,513,345,1164
83,82,777,942
435,172,85,692
540,56,690,1286
901,52,745,1698
841,634,404,1879
531,929,243,1703
534,418,931,1883
28,700,970,1698
464,627,501,1592
364,971,573,1908
279,615,806,1700
411,390,856,1657
896,661,970,2527
172,276,894,1342
518,617,39,1174
514,37,754,1305
243,239,620,1102
92,760,749,1601
293,836,166,1295
789,182,36,1007
86,914,561,1561
19,95,679,793
152,39,405,596
352,871,375,1598
322,877,122,1321
526,641,985,2152
128,610,810,1548
981,63,955,1999
223,982,601,1806
941,430,160,1531
142,358,849,1349
182,398,53,633
140,466,368,974
763,890,582,2235
685,576,640,1901
194,215,96,505
612,8,28,648
564,986,752,2302
972,0,389,1361
12,774,620,1406
347,981,638,1966
385,9,572,966
924,146,526,1596
498,872,272,1642
478,279,485,1242
19,915,169,1103
467,354,746,1567
614,204,112,930
99,539,557,1195
570,371,380,1321
443,52,456,951
563,414,721,1698
373,853,517,1743
365,767,238,1370
745,753,29,1527
100,751,781,1632
167,638,854,1659
735,34,209,978
244,414,48,706
151,848,558,1557
121,416,798,1335
808,572,914,2294
278,719,551,1548
508,379,622,1509
721,929,237,1887
158,560,894,1612
961,661,983,2605
543,987,406,1936
68,399,193,660
759,336,668,1763
56,634,472,1162
735,334,287,1356
136,527,67,730
132,871,577,1580
887,711,434,2032
461,200,597,1258
715,771,202,1688
42,197,73,312
104,683,304,1091
650,248,825,1723
850,679,934,2463
181,39,52,272
533,250,611,1394
301,495,560,1356
359,361,174,894
116,556,958,1630
271,259,893,1423
836,6,428,1270
98,58,483,639
374,296,94,764
303,788,523,1614
890,739,302,1931
817,984,162,1963
230,131,832,1193
977,552,80,1609
497,957,298,1752
519,191,334,1044
446,80,2,528
133,918,202,1253
189,973,72,1234
569,793,115,1477
744,304,27,1075
84,603,945,1632
240,117,646,1003
99,750,882,1731
501,559,573,1633
84,45,316,445
761,326,689,1776
640,525,186,1351
281,700,29,1010
499,708,211,1418
985,1000,736,2721
484,130,30,644
201,20,328,549
263,381,599,1243
966,679,879,2524
651,80,778,1509
713,950,36,1699
160,137,20,317
614,106,44,764
894,555,158,1607
195,220,930,1345
143,861,434,1438
666,605,688,1959
251,865,295,1411
123,134,78,335
765,646,321,1732
508,210,838,1556
489,993,968,2450
989,649,537,2175
543,593,715,1851
167,756,594,1517
991,994,3,1988
98,19,733,850
658,659,688,2005
518,320,968,1806
449,171,360,980
905,660,585,2150
247,111,963,1321
551,892,112,1555
476,911,834,2221
888,988,262,2138
135,592,998,1725
804,887,417,2108
800,738,814,2352
605,794,803,2202
499,105,477,1081
183,509,390,1082
415,512,72,999
965,518,16,1499
899,769,872,2540
75,378,654,1107
351,310,505,1166
548,397,639,1584
408,525,646,1579
914,82,298,1294
716,551,378,1645
878,79,802,1759
563,907,145,1615
817,717,946,2480
201,606,729,1536
258,457,554,1269
101,836,840,1777
290,726,8,1024
436,722,108,1266
772,597,385,1754
137,960,933,2030
110,743,829,1682
468,420,631,1519
361,613,700,1674
934,685,186,1805
730,225,184,1139
912,655,801,2368
663,963,984,2610
652,831,197,1680
958,217,102,1277
375,642,802,1819
814,827,272,1913
831,663,853,2347
600,508,536,1644
42,126,15,183
819,30,814,1663
649,176,239,1064
168,687,184,1039
110,170,333,613
592,465,402,1459
209,28,900,1137
264,426,467,1157
817,326,27,1170
59,676,265,1000
194,745,668,1607
357,317,552,1226
552,779,764,2095
476,519,440,1435
735,593,966,2294
357,159,998,1514
169,629,690,1488
676,511,596,1783
124,453,793,1370
687,482,982,2151
92,513,359,964
330,683,586,1599
853,316,469,1638
405,510,339,1254
634,481,446,1561
818,624,871,2313
616,927,442,1985
969,713,862,2544
265,85,95,445
908,598,592,2098
992,169,491,1652
401,614,813,1828
286,861,76,1223
142,94,495,731
995,38,229,1262
351,368,276,995
282,418,474,1174
421,948,455,1824
823,159,153,1135
249,227,450,926
992,621,60,1673
65,613,846,1524
405,735,750,1890
185,172,992,1349
176,458,743,1377
478,333,444,1255
774,176,537,1487
347,28,934,1309
150,252,801,1203
594,646,16,1256
96,278,765,1139
530,523,454,1507
424,474,418,1316
576,907,315,1798
588,159,884,1631
468,76,835,1379
673,697,710,2080
854,828,336,2018
79,150,767,996
840,959,618,2417
277,24,633,934
711,923,312,1946
827,406,130,1363
44,371,556,971
861,19,353,1233
99,619,856,1574
87,168,548,803
591,149,978,1718
993,881,869,2743
97,199,684,980
614,81,209,904
506,186,257,949
86,895,84,1065
320,409,311,1040
141,669,340,1150
522,585,577,1684
901,457,188,1546
318,494,50,862
147,44,209,400
456,927,195,1578
749,935,558,2242
198,870,792,1860
925,158,824,1907
516,684,146,1346
524,388,642,1554
784,780,543,2107
112,764,858,1734
147,158,584,889
521,323,708,1552
720,985,849,2554
716,916,547,2179
944,772,465,2181
183,344,91,618
476,721,185,1382
288,991,239,1518
339,555,829,1723
369,75,868,1312
962,959,950,2871
629,569,53,1251
104,648,697,1449
262,161,7,430
220,35,307,562
804,645,674,2123
130,839,252,1221
4,386,178,568
930,947,507,2384
322,654,216,1192
385,362,918,1665
311,770,464,1545
863,589,249,1701
404,98,915,1417
488,381,519,1388
926,467,789,2182
232,620,5,857
897,176,277,1350
37,566,777,1380
427,20,712,1159
961,974,445,2380
659,764,545,1968
772,273,377,1422
961,332,785,2078
231,633,165,1029
946,446,557,1949
390,776,698,1864
400,622,908,1930
209,239,253,701
669,797,23,1489
299,773,781,1853
151,546,744,1441
229,773,788,1790
307,686,240,1233
802,981,871,2654
126,115,490,731
30,389,420,839
408,331,870,1609
487,215,327,1029
184,751,896,1831
529,632,598,1759
440,597,238,1275
472,683,466,1621
425,953,556,1934
673,818,181,1672
742,448,170,1360
794,125,575,1494
906,214,158,1278
919,72,246,1237
214,78,86,378
368,344,842,1554
483,370,184,1037
262,356,897,1515
498,120,364,982
799,974,151,1924
366,334,408,1108
39,997,631,1667
679,77,224,980
600,691,974,2265
877,11,65,953
386,421,617,1424
505,335,524,1364
39,480,553,1072
819,614,973,2406
320,124,247,691
738,927,427,2092
625,213,979,1817
598,33,185,816
940,523,955,2418
106,789,776,1671
937,157,653,1747
451,6,411,868
439,546,619,1604
372,469,28,869
176,85,986,1247
856,948,297,2101
749,337,74,1160
588,80,489,1157
415,37,121,573
902,547,405,1854
522,936,709,2167
762,646,73,1481
471,473,747,1691
59,441,628,1128
374,909,887,2170
283,2,355,640
476,362,10,848
215,905,715,1835
408,927,992,2327
771,518,153,1442
409,349,416,1174
301,424,49,774
107,233,298,638
627,836,784,2247
658,858,788,2304
654,416,483,1553
852,709,35,1596
639,627,805,2071
117,802,838,1757
604,375,5,984
676,873,767,2316
950,903,520,2373
333,492,90,915
831,275,396,1502
290,233,763,1286
705,615,220,1540
144,398,801,1343
239,595,58,892
175,810,608,1593
976,989,669,2634
180,892,371,1443
40,87,637,764
133,47,287,467
409,104,590,1103
928,881,174,1983
635,298,562,1495
96,221,678,995
500,433,318,1251
454,44,713,1211
575,432,764,1771
909,535,615,2059
954,137,479,1570
828,114,57,999
361,700,970,2031
828,165,859,1852
99,859,857,1815
18,463,715,1196
705,882,310,1897
861,632,188,1681
756,344,422,1522
902,239,866,2007
250,789,502,1541
372,7,121,500
359,760,189,1308
589,453,502,1544
727,794,279,1800
352,891,39,1282
511,415,964,1890
344,442,952,1738
230,715,66,1011
852,501,215,1568
155,225,54,434
181,191,272,644
821,277,474,1572
803,913,909,2625
545,554,96,1195
394,453,298,1145
542,234,439,1215
581,359,577,1517
615,306,587,1508
248,134,841,1223
365,723,254,1342
770,937,51,1758
137,891,367,1395
149,545,373,1067
914,994,886,2794
254,666,794,1714
817,874,573,2264
835,705,819,2359
349,210,126,685
943,112,184,1239
63,107,809,979
745,619,15,1379
637,146,500,1283
829,928,133,1890
196,966,858,2020
924,11,120,1055
80,933,253,1266
85,336,476,897
810,915,456,2181
472,293,369,1134
865,494,688,2047
961,550,207,1718
364,728,865,1957
0,927,856,1783
83,852,482,1417
161,194,185,540
615,271,262,1148
878,756,967,2601
760,192,990,1942
427,495,412,1334
901,264,108,1273
316,539,716,1571
680,632,123,1435
812,625,11,1448
444,221,433,1098
315,396,183,894
108,423,132,663
276,310,657,1243
826,391,381,1598
276,822,401,1499
759,396,558,1713
265,110,504,879
948,246,705,1899
63,756,630,1449
834,796,284,1914
738,482,115,1335
338,831,616,1785
744,636,181,1561
521,620,224,1365
249,747,504,1500
346,558,509,1413
139,341,198,678
240,141,518,899
453,933,838,2224
437,904,827,2168
135,30,362,527
715,434,382,1531
460,313,146,919
591,833,749,2173
564,19,436,1019
438,655,913,2006
53,819,833,1705
409,244,287,940
760,131,782,1673
471,353,358,1182
321,351,688,1360
813,938,333,2084
681,302,271,1254
12,19,959,990
875,484,470,1829
904,413,96,1413
842,969,134,1945
99,206,143,448
444,576,904,1924
489,38,40,567
767,407,141,1315
72,476,226,774
906,916,610,2432
925,722,820,2467
93,720,938,1751
336,278,69,683
233,119,77,429
60,511,194,765
435,100,49,584
453,432,434,1319
129,789,460,1378
623,794,635,2052
499,636,736,1871
522,399,686,1607
888,327,39,1254
847,882,637,2366
970,133,321,1424
710,877,574,2161
251,350,145,746
28,583,868,1479
823,989,479,2291
538,638,161,1337
620,50,166,836
230,767,606,1603
71,714,901,1686
289,259,380,928
66,233,469,768
368,457,487,1312
120,240,929,1289
836,261,789,1886
683,0,374,1057
814,855,933,2602
26,97,624,747
403,310,849,1562
232,0,544,776
737,434,122,1293
112,675,340,1127
692,522,402,1616
186,563,432,1181
125,86,193,404
212,546,963,1721
139,603,710,1452
981,271,358,1610
414,624,137,1175
266,461,233,960
668,130,230,1028
697,257,243,1197
850,859,735,2444
501,163,418,1082
833,84,125,1042
984,810,115,1909
116,466,655,1237
315,244,767,1326
115,530,701,1346
609,757,909,2275
968,23,391,1382
506,469,933,1908
199,574,23,796
965,558,990,2513
112,446,957,1515
793,497,804,2094
975,43,587,1605
405,681,409,1495
939,77,222,1238
275,553,164,992
171,707,750,1628
974,24,73,1071
320,28,307,655
522,240,469,1231
444,799,643,1886
685,412,796,1893
677,312,620,1609
14,531,188,733
17,775,634,1426
417,134,20,571
301,233,88,622
362,941,707,2010
233,176,638,1047
687,889,930,2506
122,265,989,1376
109,743,999,1851
82,610,60,752
382,188,917,1487
557,268,693,1518
677,348,724,1749
511,314,214,1039
155,299,537,991
476,360,967,1803
87,598,530,1215
269,276,845,1390
365,134,340,839
410,287,829,1526
325,179,144,648
829,942,105,1876
792,683,612,2087
906,309,657,1872
865,876,613,2354
416,741,344,1501
66,588,524,1178
772,755,155,1682
726,574,350,1650
54,730,340,1124
331,494,766,1591
415,866,583,1864
838,450,160,1448
236,285,383,904
99,394,379,872
768,301,939,2008
947,748,617,2312
600,592,467,1659
634,137,788,1559
233,72,973,1278
777,282,853,1912
302,218,803,1323
158,65,23,246
985,721,483,2189
565,690,737,1992
237,695,45,977
713,5,355,1073
227,726,952,1905
697,189,626,1512
631,10,757,1398
315,513,593,1421
297,649,858,1804
242,470,516,1228
544,238,522,1304
898,104,726,1728
571,697,932,2200
300,845,625,1770
325,958,788,2071
740,534,993,2267
566,37,705,1308
783,710,207,1700
419,544,155,1118
314,534,719,1567
730,299,784,1813
149,598,32,779
92,736,3,831
684,851,1,1536
576,714,892,2182
583,649,462,1694
614,709,459,1782
913,415,589,1917
715,713,851,2279
509,999,897,2405
167,885,471,1523
120,378,286,784
374,163,343,880
183,707,385,1275
867,146,973,1986
730,387,560,1677
643,587,793,2023
213,546,85,844
537,85,510,1132
600,507,739,1846
901,341,709,1951
25,426,20,471
48,41,604,693
914,433,985,2332
82,95,235,412
887,874,133,1894
910,410,720,2040
595,243,200,1038
472,798,850,2120
405,479,631,1515
598,291,832,1721
511,839,136,1486
659,100,85,844
795,460,785,2040
256,837,983,2076
786,152,278,1216
216,50,73,339
348,938,597,1883
849,164,750,1763
721,1000,355,2076
93,247,388,728
398,368,225,991
919,758,668,2345
4,855,738,1597
641,297,947,1885
104,599,540,1243
965,622,82,1669
320,987,689,1996
144,233,171,548
600,314,618,1532
323,776,619,1718
930,556,665,2151
87,680,304,1071
183,210,792,1185
631,205,140,976
27,403,4,434
35,542,648,1225
406,339,92,837
350,854,359,1563
245,407,964,1616
833,721,116,1670
160,88,628,876
221,746,717,1684
680,975,23,1678
36,591,823,1450
159,575,151,885
207,280,609,1096
475,402,245,1122
539,708,916,2163
719,297,938,1954
939,788,654,2381
534,430,654,1618
589,894,467,1950
458,455,4,917
405,900,184,1489
954,707,434,2095
802,920,899,2621
511,826,259,1596
524,835,532,1891
117,793,145,1055
481,831,26,1338
846,308,119,1273
845,84,642,1571
609,499,417,1525
186,251,855,1292
820,513,959,2292
702,158,124,984
85,669,32,786
274,431,48,753
32,149,120,301
990,118,352,1460
94,526,91,711
107,151,15,273
524,352,171,1047
268,984,86,1338
103,113,514,730
533,23,677,1233
275,202,324,801
666,493,0,1159
63,480,861,1404
404,125,110,639
291,515,393,1199
262,303,95,660
372,90,306,768
774,521,850,2145
450,230,833,1513
504,587,411,1502
16,215,200,431
198,807,544,1549
105,554,777,1436
786,931,204,1921
778,814,453,2045
394,396,465,1255
128,247,994,1369
772,979,39,1790
621,866,17,1504
362,683,974,2019
319,543,141,1003
551,180,935,1666
187,484,316,987
352,286,643,1281
426,96,686,1208
972,584,2,1558
859,310,429,1598
889,283,926,2098
855,697,270,1822
657,463,419,1539
836,616,438,1890
75,772,24,871
761,550,370,1681
472,559,834,1865
708,506,246,1460
892,74,793,1759
695,890,748,2333
503,441,636,1580
340,202,958,1500
370,131,788,1289
110,551,821,1482
115,136,808,1059
731,122,210,1063
426,419,160,1005
611,932,918,2461
409,369,583,1361
212,728,333,1273
475,198,933,1606
606,504,493,1603
997,41,585,1623
630,616,2,1248
955,418,341,1714
368,250,510,1128
537,988,296,1821
675,478,507,1660
450,474,613,1537
301,612,953,1866
165,381,1,547
693,343,946,1982
843,203,919,1965
748,162,331,1241
54,453,687,1194
140,634,669,1443
376,189,191,756
592,58,636,1286
894,428,690,2012
606,897,447,1950
462,398,460,1320
89,969,403,1461
456,912,678,2046
915,773,273,1961
640,723,717,2080
632,33,952,1617
627,200,458,1285
624,483,444,1551
86,241,170,497
859,93,711,1663
111,718,558,1387
438,505,150,1093
263,620,109,992
378,943,438,1759
292,247,199,738
100,847,699,1646
968,697,935,2600
904,330,832,2066
111,787,821,1719
228,269,229,726
569,405,682,1656
521,452,252,1225
144,772,209,1125
675,690,531,1896
455,55,404,914
742,496,481,1719
739,555,766,2060
187,959,300,1446
561,661,909,2131
380,609,873,1862
867,72,138,1077
543,405,569,1517
268,950,31,1249
279,31,32,342
38,851,743,1632
966,629,801,2396
591,953,772,2316
28,839,589,1456
745,447,965,2157
230,586,488,1304
729,660,989,2378
702,57,244,1003
825,589,884,2298
751,950,406,2107
269,737,598,1604
196,524,553,1273
734,290,661,1685
579,793,188,1560
400,827,653,1880
337,60,255,652
555,506,65,1126
52,815,457,1324
669,983,243,1895
427,187,218,832
766,812,533,2111
613,382,472,1467
166,582,898,1646
155,810,988,1953
26,945,634,1605
124,772,949,1845
331,261,51,643
519,442,670,1631
864,559,504,1927
63,730,779,1572
820,207,238,1265
998,177,795,1970
370,531,738,1639
34,288,605,927
260,864,884,2008
208,349,648,1205
585,844,164,1593
941,53,343,1337
469,199,839,1507
887,384,658,1929
772,133,245,1150
719,827,379,1925
531,962,758,2251
258,353,119,730
341,17,1,359
330,889,612,1831
463,420,741,1624
949,273,600,1822
476,444,263,1183
713,551,988,2252
204,701,374,1279
749,388,908,2045
335,182,359,876
379,397,480,1256
625,350,956,1931
936,112,504,1552
925,747,511,2183
167,371,813,1351
401,235,414,1050
601,502,840,1943
403,532,618,1553
979,462,188,1629
696,170,274,1140
613,358,491,1462
260,666,590,1516
832,507,614,1953
446,545,695,1686
470,482,93,1045
257,6,953,1216
895,224,955,2074
153,491,461,1105
803,67,285,1155
913,104,26,1043
690,535,457,1682
404,399,16,819
408,638,923,1969
333,820,905,2058
50,397,518,965
939,938,332,2209
654,364,293,1311
164,91,838,1093
310,557,894,1761
789,13,939,1741
942,557,252,1751
917,473,369,1759
577,908,405,1890
844,572,42,1458
696,772,784,2252
328,948,386,1662
481,407,121,1009
749,259,819,1827
325,506,962,1793
176,373,113,662
200,547,758,1505
713,624,222,1559
552,354,241,1147
398,261,874,1533
325,431,900,1656
647,378,79,1104
158,637,261,1056
618,661,273,1552
373,139,334,846
449,985,206,1640
812,81,28,921
596,927,776,2299
827,573,450,1850
797,406,332,1535
478,861,628,1967
261,97,560,918
105,769,87,961
670,877,396,1943
642,254,45,941
114,248,327,689
83,474,892,1449
834,681,635,2150
852,639,277,1768
740,767,4,1511
899,585,417,1901
99,553,538,1190
695,890,847,2432
63,542,677,1282
197,768,868,1833
959,173,728,1860
188,225,961,1374
991,180,885,2056
164,262,139,565
945,747,539,2231
649,651,907,2207
965,428,682,2075
427,499,588,1514
591,326,735,1652
192,875,364,1431
796,723,309,1828
714,334,471,1519
300,737,309,1346
404,744,0,1148
478,935,590,2003
471,723,42,1236
757,845,747,2349
140,676,651,1467
442,115,722,1279
496,339,463,1298
67,828,631,1526
93,276,293,662
126,621,755,1502
129,249,367,745
44,955,114,1113
945,235,978,2158
865,721,833,2419
671,591,753,2015
631,974,327,1932
997,993,82,2072
469,684,101,1254
11,14,890,915
67,492,683,1242
881,293,255,1429
659,5,209,873
456,279,77,812
569,868,105,1542
632,638,380,1650
56,488,258,802
608,793,430,1831
898,910,212,2020
724,713,799,2236
509,855,165,1529
445,288,756,1489
194,331,193,718
999,58,704,1761
800,219,204,1223
945,482,646,2073
530,423,607,1560
987,68,510,1565
67,603,971,1641
321,347,659,1327
575,820,925,2320
927,373,549,1849
182,261,958,1401
124,8,82,214
234,327,721,1282
67,573,59,699
629,702,693,2024
983,333,198,1514
517,252,435,1204
995,392,806,2193
413,803,78,1294
881,133,619,1633
41,756,736,1533
16,384,783,1183
900,61,950,1911
290,25,435,750
898,971,138,2007
877,728,22,1627
533,445,406,1384
501,605,888,1994
4,149,925,1078
740,611,911,2262
675,651,637,1963
552,723,156,1431
427,995,495,1917
653,704,638,1995
812,856,115,1783
638,582,891,2111
502,134,743,1379
664,796,160,1620
956,582,757,2295
415,677,506,1598
292,569,351,1212
512,944,610,2066
653,361,779,1793
620,455,10,1085
79,591,832,1502
34,773,681,1488
218,856,584,1658
241,364,596,1201
585,807,873,2265
509,906,866,2281
908,32,401,1341
52,893,628,1573
699,500,598,1797
301,237,160,698
321,121,910,1352
690,247,296,1233
579,909,188,1676
557,202,479,1238
468,629,541,1638
872,105,220,1197
845,253,417,1515
734,287,693,1714
652,461,739,1852
80,294,373,747
441,171,67,679
293,414,113,820
413,353,632,1398
953,610,152,1715
806,707,341,1854
640,802,862,2304
458,156,916,1530
980,365,500,1845
316,468,593,1377
140,306,872,1318
67,882,821,1770
138,689,552,1379
702,681,633,2016
534,675,468,1677
529,384,144,1057
571,175,637,1383
346,245,257,848
538,317,120,975
763,4,530,1297
77,489,868,1434
723,450,230,1403
855,435,520,1810
297,647,241,1185
370,895,65,1330
854,911,921,2686
971,980,688,2639
521,475,120,1116
430,45,591,1066
70,188,863,1121
937,111,326,1374
367,777,983,2127
936,632,296,1864
828,236,462,1526
807,786,462,2055
164,788,960,1912
580,401,371,1352
716,451,369,1536
685,956,219,1860
364,763,751,1878
949,126,430,1505
252,478,626,1356
570,968,125,1663
512,11,401,924
843,560,21,1424
228,434,9,671
513,744,297,1554
943,583,462,1988
907,80,62,1049
645,979,326,1950
57,917,478,1452
952,636,682,2270
815,327,951,2093
224,442,565,1231
481,445,642,1568
528,917,900,2345
265,948,29,1242
228,918,563,1709
742,507,831,2080
488,946,495,1929
369,926,496,1791
524,240,182,946
66,782,428,1276
206,284,512,1002
858,19,766,1643
442,303,104,849
167,20,96,283
760,959,623,2342
623,949,387,1959
268,856,960,2084
839,529,230,1598
234,867,223,1324
332,344,560,1236
301,396,55,752
494,38,77,609
874,435,119,1428
770,803,361,1934
648,125,279,1052
319,777,618,1714
49,304,638,991
598,541,513,1652
574,941,122,1637
607,32,725,1364
48,557,122,727
177,395,339,911
581,839,327,1747
155,605,742,1502
248,469,328,1045
612,526,427,1565
985,850,163,1998
633,126,463,1222
413,115,172,700
975,635,241,1851
155,240,877,1272
394,877,121,1392
705,326,118,1149
102,572,157,831
16,48,707,771
53,799,991,1843
599,256,843,1698
154,768,71,993
726,102,817,1645
999,981,639,2619
545,256,438,1239
878,891,188,1957
81,121,355,557
527,76,648,1251
416,288,306,1010
73,289,444,806
737,194,254,1185
711,737,952,2400
761,250,709,1720
691,949,263,1903
781,947,363,2091
507,654,162,1323
329,832,457,1618
49,706,273,1028
404,401,117,922
194,101,485,780
852,218,632,1702
183,365,648,1196
416,322,961,1699
453,643,353,1449
554,589,161,1304
120,469,223,812
776,136,286,1198
406,293,64,763
180,763,589,1532
926,839,323,2088
68,963,507,1538
260,14,257,531
608,412,573,1593
246,801,180,1227
312,188,191,691
84,281,671,1036
105,142,174,421
510,556,607,1673
103,576,780,1459
442,463,743,1648
663,510,303,1476
65,237,102,404
888,448,836,2172
260,875,494,1629
714,266,988,1968
407,833,397,1637
403,343,412,1158
722,505,547,1774
286,766,207,1259
270,140,222,632
133,435,901,1469
863,393,346,1602
497,33,590,1120
115,692,155,962
87,335,192,614
158,6,300,464
870,112,274,1256
958,331,407,1696
361,538,534,1433
494,702,160,1356
340,383,225,948
587,167,403,1157
250,597,585,1432
990,471,319,1780
863,772,761,2396
823,293,770,1886
217,688,806,1711
501,7,484,992
851,295,664,1810
497,230,374,1101
453,414,831,1698
848,673,355,1876
863,280,670,1813
345,258,45,648
520,613,763,1896
728,217,968,1913
804,567,447,1818
266,645,117,1028
745,22,249,1016
860,987,699,2546
275,812,426,1513
571,340,408,1319
568,261,263,1092
821,907,955,2683
878,74,108,1060
396,375,696,1467
966,608,714,2288
565,94,413,1072
97,622,707,1426
939,543,264,1746
268,77,991,1336
221,749,744,1714
903,665,794,2362
235,69,123,427
178,483,68,729
637,479,661,1777
488,138,977,1603
685,326,91,1102
557,288,906,1751
806,790,255,1851
805,525,27,1357
345,717,628,1690
881,222,47,1150
132,170,983,1285
738,986,47,1771
901,815,926,2642
142,225,256,623
639,209,536,1384
30,663,502,1195
74,929,392,1395
495,962,841,2298
29,800,864,1693
130,112,428,670
284,245,209,738
551,636,734,1921
142,714,147,1003
926,196,590,1712
273,108,436,817
887,45,137,1069
908,427,677,2012
187,934,567,1688
200,596,883,1679
213,475,86,774
716,34,656,1406
695,791,564,2050
201,805,664,1670
432,543,796,1771
967,958,840,2765
782,605,189,1576
440,537,674,1651
872,202,690,1764
757,401,870,2028
556,401,298,1255
782,226,728,1736
880,874,514,2268
900,793,675,2368
338,193,696,1227
504,390,508,1402
740,318,380,1438
59,10,196,265
865,834,574,2273
223,92,569,884
934,345,479,1758
857,740,906,2503
91,485,949,1525
266,880,929,2075
988,188,747,1923
843,342,220,1405
497,724,809,2030
385,457,372,1214
60,775,335,1170
761,968,339,2068
605,737,408,1750
532,510,170,1212
617,648,830,2095
276,925,390,1591
146,743,421,1310
278,127,63,468
173,314,380,867
105,324,899,1328
192,299,81,572
247,446,174,867
612,625,243,1480
406,78,214,698
709,580,278,1567
944,190,504,1638
872,385,634,1891
585,101,949,1635
855,615,726,2196
178,241,239,658
536,457,512,1505
87,239,208,534
472,325,131,928
226,147,617,990
503,790,391,1684
356,885,262,1503
718,781,790,2289
934,210,780,1924
456,456,905,1817
312,179,81,572
525,923,581,2029
87,746,83,916
738,608,601,1947
914,129,291,1334
449,262,805,1516
846,651,521,2018
963,87,193,1243
214,757,891,1862
423,34,486,943
325,316,797,1438
57,343,649,1049
155,88,48,291
940,742,548,2230
832,123,412,1367
367,435,902,1704
320,594,613,1527
100,624,264,988
351,542,290,1183
441,123,566,1130
937,684,757,2378
676,633,408,1717
743,385,365,1493
114,682,405,1201
636,877,633,2146
95,444,362,901
960,701,288,1949
711,294,412,1417
428,454,949,1831
718,361,903,1982
157,941,829,1927
604,273,795,1672
519,557,574,1650
81,295,128,504
337,683,953,1973
987,259,273,1519
878,58,959,1895
30,93,104,227
765,120,669,1554
90,62,51,203
563,511,318,1392
839,575,254,1668
401,565,57,1023
993,478,615,2086
802,424,993,2219
181,629,341,1151
119,511,441,1071
347,556,499,1402
705,576,386,1667
597,450,73,1120
985,735,890,2610
356,403,230,989
165,351,982,1498
508,265,82,855
259,100,780,1139
922,580,668,2170
661,780,967,2408
153,194,547,894
399,87,167,653
581,839,767,2187
94,758,655,1507
762,118,773,1653
183,282,923,1388
483,925,407,1815
480,853,840,2173
770,932,660,2362
409,497,902,1808
63,482,267,812
653,673,419,1745
302,866,8,1176
841,937,587,2365
628,492,706,1826
555,366,705,1626
939,947,796,2682
65,449,562,1076
227,779,934,1940
917,817,992,2726
115,337,244,696
247,595,70,912
260,526,10,796
604,606,398,1608
340,642,432,1414
282,370,340,992
723,322,814,1859
564,526,174,1264
560,572,746,1878
0,809,351,1160
147,838,55,1040
298,843,135,1276
751,151,789,1691
237,966,802,2005
618,415,788,1821
474,855,499,1828
599,321,742,1662
928,873,576,2377
135,46,749,930
933,564,700,2197
533,543,364,1440
354,74,414,842
962,868,968,2798
452,191,216,859
733,748,308,1789
996,110,290,1396
279,310,102,691
648,489,513,1650
220,937,628,1785
726,334,139,1199
767,9,556,1332
234,205,190,629
823,116,871,1810
578,944,404,1926
876,682,938,2496
119,520,67,706
876,951,552,2379
817,222,357,1396
381,878,126,1385
463,243,406,1112
897,44,913,1854
202,970,893,2065
188,172,701,1061
293,122,282,697
736,26,951,1713
237,328,276,841
79,691,652,1422
910,147,410,1467
480,650,520,1650
149,944,716,1809
896,357,846,2099
203,670,986,1859
143,428,558,1129
311,995,442,1748
8,714,575,1297
108,592,453,1153
973,437,328,1738
428,423,56,907
192,367,561,1120
398,721,692,1811
59,612,452,1123
157,434,539,1130
951,363,945,2259
727,6,601,1334
571,531,426,1528
53,388,734,1175
993,252,139,1384
394,920,46,1360
353,487,184,1024
196,757,628,1581
306,657,22,985
765,263,754,1782
151,261,142,554
909,855,835,2599
415,994,180,1589
93,1000,143,1236
326,324,464,1114
652,750,143,1545
541,412,420,1373
20,47,919,986
157,267,535,959
86,959,394,1439
125,95,225,445
938,205,319,1462
579,289,709,1577
901,6,127,1034
665,435,639,1739
595,218,634,1447
218,527,316,1061
857,779,406,2042
669,973,916,2558
698,573,770,2041
227,519,487,1233
446,332,721,1499
244,943,500,1687
213,567,764,1544
535,708,325,1568
825,13,279,1117
292,908,352,1552
939,406,570,1915
991,878,611,2480
527,363,81,971
516,774,748,2038
68,326,575,969
244,606,641,1491
134,195,791,1120
841,767,57,1665
153,564,289,1006
186,506,130,822
991,498,788,2277
990,964,53,2007
969,253,744,1966
682,71,247,1000
686,564,100,1350
210,947,348,1505
624,605,785,2014
99,361,116,576
943,346,380,1669
293,971,420,1684
624,818,581,2023
777,824,992,2593
70,55,717,842
902,462,208,1572
36,216,853,1105
263,835,992,2090
328,562,479,1369
874,463,134,1471
911,67,366,1344
11,286,578,875
704,286,614,1604
483,638,783,1904
373,727,377,1477
253,561,209,1023
736,384,996,2116
598,264,753,1615
991,846,333,2170
25,951,780,1756
561,227,702,1490
588,238,717,1543
29,943,694,1666
581,661,230,1472
400,618,363,1381
937,241,141,1319
877,523,74,1474
426,632,912,1970
570,70,636,1276
383,835,256,1474
444,345,680,1469
272,455,642,1369
44,462,782,1288
364,913,29,1306
538,231,241,1010
814,820,481,2115
543,92,104,739
286,736,555,1577
760,454,592,1806
574,602,947,2123
443,678,186,1307
217,226,1000,1443
833,238,724,1795
857,759,472,2088
833,128,828,1789
694,190,680,1564
638,388,427,1453
185,474,894,1553
461,448,78,987
531,47,562,1140
138,74,493,705
328,857,467,1652
149,390,608,1147
14,274,761,1049
485,816,785,2086
798,439,102,1339
847,224,542,1613
777,462,586,1825
850,260,23,1133
203,760,917,1880
129,482,853,1464
713,490,984,2187
855,859,333,2047
529,200,883,1612
375,446,466,1287
301,70,178,549
20,18,396,434
75,267,770,1112
713,490,856,2059
497,983,126,1606
854,34,347,1235
46,581,578,1205
925,251,502,1678
88,594,594,1276
421,484,320,1225
866,875,8,1749
950,101,489,1540
470,663,619,1752
205,804,833,1842
80,103,778,961
363,619,646,1628
521,159,941,1621
422,197,963,1582
221,684,357,1262
10,747,954,1711
731,544,472,1747
273,452,327,1052
569,271,672,1512
51,179,557,787
161,477,528,1166
759,429,296,1484
104,133,675,912
418,55,336,809
850,699,638,2187
432,649,990,2071
600,493,470,1563
968,84,231,1283
555,482,718,1755
482,674,468,1624
117,20,176,313
200,308,369,877
202,289,291,782
4,313,384,701
652,518,307,1477
100,111,866,1077
787,569,41,1397
258,547,1000,1805
592,408,577,1577
588,793,7,1388
136,965,654,1755
456,587,525,1568
123,737,554,1414
81,95,856,1032
589,516,775,1880
360,418,519,1297
550,435,438,1423
706,902,79,1687
793,768,917,2478
936,714,892,2542
96,432,210,738
427,904,30,1361
158,269,947,1374
783,781,63,1627
733,671,924,2328
154,885,16,1055
862,884,967,2713
601,972,739,2312
197,457,985,1639
490,178,140,808
610,968,563,2141
769,41,120,930
348,845,908,2101
2,29,195,226
625,743,185,1553
952,126,64,1142
707,504,141,1352
288,117,45,450
105,998,413,1516
21,19,901,941
509,355,22,886
233,242,674,1149
559,954,587,2100
170,757,869,1796
106,647,63,816
866,624,488,1978
559,854,71,1484
691,406,579,1676
657,553,524,1734
214,896,326,1436
72,280,870,1222
672,144,670,1486
120,969,89,1178
514,278,173,965
874,92,912,1878
233,81,894,1208
632,321,757,1710
841,288,554,1683
746,383,122,1251
403,213,70,686
408,745,25,1178
556,43,28,627
297,522,843,1662
704,940,676,2320
953,667,124,1744
68,409,897,1374
483,303,835,1621
370,497,960,1827
905,677,954,2536
692,250,214,1156
737,709,802,2248
412,612,334,1358
294,833,740,1867
73,313,500,886
19,860,48,927
71,261,960,1292
788,911,113,1812
245,158,975,1378
316,613,695,1624
705,210,684,1599
895,586,41,1522
414,204,522,1140
118,195,623,936
584,519,335,1438
477,468,616,1561
769,909,758,2436
491,241,233,965
640,488,742,1870
670,213,539,1422
795,703,791,2289
974,971,793,2738
450,157,591,1198
215,129,392,736
142,878,954,1974
115,537,587,1239
942,453,810,2205
562,41,615,1218
452,104,225,781
448,122,553,1123
321,564,464,1349
438,278,902,1618
785,123,911,1819
572,846,753,2171
347,27,791,1165
19,207,809,1035
184,49,594,827
116,267,663,1046
164,119,576,859
11,765,17,793
163,676,337,1176
336,170,120,626
33,369,413,815
900,766,47,1713
563,371,456,1390
460,778,590,1828
666,838,764,2268
735,993,733,2461
844,854,402,2100
745,479,976,2200
941,505,562,2008
3,40,929,972
602,193,186,981
16,876,918,1810
293,786,329,1408
312,449,436,1197
320,825,70,1215
211,640,67,918
728,196,497,1421
973,135,577,1685
109,33,101,243
330,837,92,1259
558,34,955,1547
336,83,92,511
454,724,578,1756
639,429,803,1871
650,269,662,1581
864,225,917,2006
476,447,329,1252
696,490,273,1459
338,998,919,2255
773,709,735,2217
413,525,680,1618
75,976,40,1091
302,659,611,1572
413,636,740,1789
797,41,730,1568
676,244,754,1674
928,137,464,1529
983,121,75,1179
405,750,377,1532
119,893,297,1309
635,923,545,2103
353,570,731,1654
914,111,99,1124
930,56,829,1815
447,833,547,1827
957,302,752,2011
926,560,575,2061
782,334,729,1845
56,855,82,993
71,916,683,1670
237,365,52,654
381,328,662,1371
4,721,548,1273
489,594,13,1096
600,188,941,1729
425,839,468,1732
617,677,456,1750
781,58,474,1313
198,766,524,1488
570,573,192,1335
350,842,657,1849
24,218,177,419
9,975,228,1212
201,139,851,1191
532,388,5,925
937,14,303,1254
180,57,26,263
319,361,324,1004
571,568,689,1828
435,396,98,929
122,433,870,1425
832,865,658,2355
847,569,963,2379
974,780,156,1910
462,363,737,1562
377,326,141,844
468,141,335,944
761,802,759,2322
545,190,676,1411
459,16,663,1138
728,985,589,2302
719,275,600,1594
479,444,534,1457
859,960,864,2683
791,176,329,1296
903,443,852,2198
635,928,812,2375
120,882,364,1366
186,41,130,357
798,891,879,2568
441,187,976,1604
4,357,945,1306
669,510,348,1527
663,167,863,1693
409,835,558,1802
511,984,80,1575
36,1000,211,1247
290,635,22,947
794,790,749,2333
145,870,487,1502
271,790,370,1431
144,2,390,536
912,769,298,1979
48,872,217,1137
476,205,405,1086
466,277,914,1657
472,874,523,1869
122,419,311,852
27,358,415,800
703,971,800,2474
538,750,710,1998
802,634,491,1927
77,677,107,861
638,180,578,1396
923,469,481,1873
965,847,266,2078
50,573,522,1145
143,578,862,1583
558,379,821,1758
671,659,837,2167
552,123,825,1500
66,412,343,821
437,670,519,1626
506,427,410,1343
465,169,634,1268
709,355,212,1276
472,921,982,2375
645,783,699,2127
237,925,975,2137
65,91,289,445
485,101,759,1345
170,823,318,1311
627,718,485,1830
688,499,540,1727
336,87,523,946
464,200,196,860
718,881,907,2506
169,584,599,1352
810,225,486,1521
232,700,573,1505
773,471,318,1562
750,336,967,2053
355,440,646,1441
983,36,915,1934
381,645,463,1489
861,954,234,2049
583,515,701,1799
464,861,854,2179
184,927,363,1474
298,487,759,1544
371,505,78,954
252,372,985,1609
660,799,177,1636
149,544,573,1266
658,572,257,1487
33,9,633,675
15,526,758,1299
508,255,128,891
963,897,388,2248
298,384,503,1185
777,234,196,1207
807,923,433,2163
295,76,572,943
984,916,474,2374
389,310,307,1006
482,802,928,2212
969,485,518,1972
147,683,882,1712
932,786,793,2511
461,413,423,1297
745,147,485,1377
828,926,979,2733
608,575,795,1978
837,456,444,1737
778,955,754,2487
561,324,892,1777
983,865,239,2087
533,430,319,1282
423,659,91,1173
778,737,513,2028
647,371,755,1773
765,693,368,1826
874,409,654,1937
427,712,505,1644
54,554,347,955
987,143,658,1788
120,561,488,1169
339,134,107,580
223,76,23,322
917,7,748,1672
919,665,381,1965
521,150,278,949
364,94,179,637
390,891,177,1458
99,414,19,532
310,20,652,982
463,803,349,1615
454,902,161,1517
714,448,457,1619
139,855,231,1225
730,191,835,1756
72,591,630,1293
101,496,146,743
901,595,312,1808
998,902,211,2111
38,531,807,1376
882,325,678,1885
487,499,429,1415
951,284,960,2195
449,430,967,1846
535,815,942,2292
821,6,568,1395
785,866,426,2077
132,697,145,974
161,69,553,783
789,348,86,1223
413,580,485,1478
722,917,233,1872
5,484,407,896
768,545,644,1957
164,519,820,1503
839,882,562,2283
361,333,443,1137
547,265,164,976
822,239,676,1737
879,243,814,1936
400,299,214,913
515,321,341,1177
920,154,471,1545
657,821,390,1868
514,89,792,1395
675,855,429,1959
740,85,882,1707
121,912,960,1993
526,291,669,1486
334,12,214,560
876,116,102,1094
383,620,93,1096
589,619,127,1335
960,900,223,2083
590,618,612,1820
246,695,290,1231
488,100,456,1044
460,96,234,790
476,654,357,1487
537,15,399,951
463,454,239,1156
606,652,371,1629
338,956,920,2214
682,600,86,1368
764,675,850,2289
195,838,401,1434
574,798,546,1918
717,237,504,1458
667,471,623,1761
3,808,948,1759
181,185,817,1183
892,607,972,2471
184,56,884,1124
124,721,870,1715
611,841,229,1681
802,853,100,1755
500,689,134,1323
382,462,315,1159
384,771,672,1827
996,892,130,2018
771,77,17,865
487,690,373,1550
338,606,101,1045
612,229,539,1380
934,725,571,2230
457,389,496,1342
724,368,555,1647
715,340,194,1249
503,297,348,1148
752,839,778,2369
575,916,227,1718
764,289,320,1373
123,700,506,1329
157,827,682,1666
452,89,498,1039
345,98,637,1080
199,302,330,831
232,71,986,1289
286,787,499,1572
373,687,447,1507
978,232,772,1982
824,561,872,2257
695,984,468,2147
476,759,430,1665
279,383,262,924
891,199,287,1377
269,328,595,1192
717,129,691,1537
435,310,851,1596
751,422,204,1377
495,347,184,1026
764,131,823,1718
535,705,129,1369
201,496,365,1062
587,78,833,1498
16,413,942,1371
893,309,4,1206
943,692,537,2172
836,896,941,2673
912,478,795,2185
994,417,197,1608
305,369,676,1350
775,574,573,1922
572,296,887,1755
318,195,952,1465
164,283,993,1440
125,316,448,889
269,397,554,1220
565,396,123,1084
147,694,868,1709
710,978,817,2505
487,729,464,1680
33,128,308,469
622,455,448,1525
213,335,851,1399
525,44,769,1338
202,697,901,1800
89,906,438,1433
329,806,605,1740
94,972,890,1956
306,569,762,1637
670,109,240,1019
435,114,535,1084
451,436,566,1453
766,753,960,2479
423,174,120,717
21,210,177,408
107,362,957,1426
1,625,67,693
760,641,78,1479
48,840,671,1559
732,91,679,1502
36,6,667,709
449,138,922,1509
409,811,668,1888
979,125,499,1603
576,477,42,1095
885,924,240,2049
216,742,937,1895
788,19,155,962
771,919,863,2553
657,749,933,2339
292,244,848,1384
837,54,147,1038
544,413,960,1917
533,465,502,1500
633,886,188,1707
961,280,151,1392
608,263,860,1731
689,667,703,2059
591,287,184,1062
625,100,142,867
701,171,813,1685
30,830,906,1766
149,376,122,647
267,308,689,1264
190,233,138,561
913,973,480,2366
348,698,143,1189
569,201,581,1351
203,703,467,1373
947,149,139,1235
899,411,814,2124
276,157,463,896
572,120,706,1398
317,183,784,1284
2,201,867,1070
604,114,578,1296
639,299,733,1671
884,48,405,1337
618,488,583,1689
233,711,869,1813
600,541,883,2024
416,14,282,712
789,217,247,1253
29,201,382,612
667,749,280,1696
657,320,210,1187
96,665,271,1032
586,678,608,1872
113,111,338,562
956,991,16,1963
162,427,284,873
578,292,418,1288
71,669,790,1530
596,584,344,1524
749,436,344,1529
885,915,585,2385
364,198,629,1191
460,876,637,1973
725,398,948,2071
232,919,46,1197
179,553,467,1199
270,858,200,1328
318,22,425,765
555,172,253,980
344,421,852,1617
694,89,741,1524
312,244,508,1064
695,819,865,2379
112,532,746,1390
706,384,672,1762
188,717,58,963
390,128,970,1488
7,54,980,1041
126,986,193,1305
652,453,715,1820
469,741,537,1747
927,296,511,1734
421,33,217,671
764,376,682,1822
431,254,267,952
707,181,333,1221
431,132,287,850
524,131,470,1125
903,890,680,2473
314,836,7,1157
507,284,417,1208
684,963,754,2401
746,791,980,2517
701,308,356,1365
746,666,442,1854
740,960,899,2599
228,431,108,767
85,719,676,1480
122,185,986,1293
192,546,560,1298
61,771,110,942
500,217,833,1550
183,926,789,1898
650,582,152,1384
429,134,435,998
541,150,478,1169
775,301,149,1225
225,210,993,1428
723,806,605,2134
784,67,561,1412
726,497,797,2020
401,116,40,557
669,785,927,2381
681,956,913,2550
689,749,677,2115
616,57,661,1334
983,979,829,2791
2,572,894,1468
693,553,694,1940
346,704,243,1293
368,941,598,1907
352,993,428,1773
157,890,403,1450
207,915,137,1259
19,566,540,1125
79,297,802,1178
45,830,590,1465
513,659,518,1690
44,376,328,748
870,257,289,1416
294,521,260,1075
399,250,635,1284
562,231,536,1329
590,425,351,1366
600,143,241,984
562,840,1,1403
717,928,404,2049
367,691,200,1258
846,977,739,2562
686,25,4,715
611,501,823,1935
411,883,170,1464
358,990,34,1382
254,278,252,784
273,767,314,1354
929,356,80,1365
967,146,731,1844
544,681,726,1951
265,353,442,1060
125,863,891,1879
712,900,120,1732
970,55,327,1352
782,370,914,2066
807,966,570,2343
290,191,208,689
130,153,85,368
131,898,747,1776
567,335,842,1744
328,400,865,1593
408,478,874,1760
656,202,764,1622
47,68,491,606
892,608,645,2145
223,797,216,1236
310,994,154,1458
390,654,239,1283
479,262,327,1068
855,529,720,2104
864,649,146,1659
936,979,316,2231
947,787,321,2055
920,83,391,1394
529,14,63,606
300,930,417,1647
492,912,101,1505
591,153,688,1432
971,133,531,1635
849,689,70,1608
334,117,970,1421
935,118,657,1710
812,192,82,1086
952,711,179,1842
308,358,20,686
243,351,795,1389
226,748,480,1454
973,786,182,1941
311,895,908,2114
397,694,484,1575
765,334,604,1703
573,109,236,918
704,204,195,1103
42,971,293,1306
605,927,342,1874
977,779,387,2143
115,582,354,1051
91,33,638,762
738,222,992,1952
816,903,987,2706
226,766,310,1302
182,961,508,1651
144,396,67,607
679,278,374,1331
93,624,940,1657
989,707,830,2526
241,431,161,833
503,209,32,744
375,97,430,902
59,23,130,212
560,431,518,1509
810,869,7,1686
415,491,391,1297
931,696,162,1789
779,926,949,2654
421,884,383,1688
604,847,836,2287
798,43,150,991
124,831,831,1786
119,88,803,1010
254,551,605,1410
979,183,930,2092
767,984,579,2330
483,146,930,1559
162,158,886,1206
971,381,454,1806
68,507,611,1186
176,822,491,1489
213,437,602,1252
908,495,184,1587
67,568,187,822
698,582,270,1550
752,455,105,1312
439,937,403,1779
558,195,728,1481
870,682,856,2408
172,925,701,1798
245,452,132,829
529,45,970,1544
649,418,690,1757
18,3,754,775
313,488,101,902
844,40,690,1574
395,12,845,1252
655,112,568,1335
945,50,568,1563
902,427,279,1608
718,60,445,1223
84,144,600,828
807,758,895,2460
592,791,207,1590
48,72,90,210
975,894,421,2290
218,108,877,1203
897,660,26,1583
919,852,386,2157
933,681,164,1778
871,326,824,2021
604,448,546,1598
552,853,986,2391
278,310,509,1097
886,814,57,1757
27,351,723,1101
875,20,828,1723
357,891,939,2187
539,616,189,1344
908,601,146,1655
719,665,186,1570
969,984,390,2343
484,441,878,1803
942,992,282,2216
452,554,141,1147
819,983,178,1980
129,522,152,803
862,262,47,1171
129,771,421,1321
36,621,926,1583
222,614,202,1038
820,980,574,2374
126,338,658,1122
243,321,775,1339
217,183,919,1319
344,928,141,1413
68,759,601,1428
291,644,357,1292
822,143,503,1468
751,690,151,1592
404,643,204,1251
910,817,643,2370
50,211,572,833
72,10,852,934
68,60,519,647
299,407,421,1127
745,233,248,1226
621,502,549,1672
640,619,603,1862
714,387,398,1499
767,332,349,1448
888,160,114,1162
741,208,180,1129
6,109,680,795
841,772,750,2363
362,538,118,1018
341,445,453,1239
637,243,427,1307
289,607,966,1862
696,301,828,1825
276,341,491,1108
226,584,596,1406
602,518,163,1283
592,494,803,1889
910,786,189,1885
265,62,936,1263
967,333,578,1878
434,101,43,578
428,370,684,1482
534,750,484,1768
973,106,277,1356
743,7,501,1251
741,879,271,1891
954,46,37,1037
903,318,872,2093
115,310,762,1187
327,5,15,347
424,649,928,2001
123,533,358,1014
27,740,273,1040
836,30,694,1560
712,396,741,1849
639,940,51,1630
85,386,880,1351
778,772,997,2547
471,163,133,767
10,658,381,1049
614,6,176,796
317,354,550,1221
614,878,55,1547
122,408,995,1525
767,689,486,1942
710,591,332,1633
894,784,318,1996
725,711,308,1744
435,2,45,482
91,165,292,548
688,863,866,2417
997,605,464,2066
629,225,97,951
937,279,619,1835
394,721,32,1147
24,108,515,647
246,781,301,1328
441,495,719,1655
559,605,110,1274
812,883,263,1958
97,700,17,814
740,402,922,2064
519,723,730,1972
745,801,335,1881
896,222,975,2093
82,530,101,713
535,890,497,1922
536,334,527,1397
786,474,572,1832
635,18,206,859
856,790,479,2125
783,722,501,2006
588,765,93,1446
172,188,301,661
937,970,830,2737
297,127,710,1134
528,690,268,1486
396,569,57,1022
419,471,439,1329
384,656,628,1668
845,788,764,2397
194,784,897,1875
401,188,677,1266
524,779,241,1544
660,558,323,1541
213,92,310,615
462,488,145,1095
530,298,605,1433
439,967,281,1687
808,30,917,1755
284,627,391,1302
489,761,506,1756
14,715,66,795
834,563,611,2008
722,632,946,2300
274,545,676,1495
197,637,909,1743
634,901,120,1655
0,80,899,979
773,108,730,1611
66,204,961,1231
196,662,632,1490
107,236,822,1165
285,153,526,964
146,277,825,1248
532,252,484,1268
527,698,889,2114
72,148,649,869
989,788,800,2577
752,112,886,1750
908,6,563,1477
56,896,933,1885
812,935,98,1845
322,635,506,1463
298,167,633,1098
989,774,679,2442
314,987,864,2165
355,257,867,1479
66,285,325,676
648,695,905,2248
137,739,839,1715
979,612,730,2321
682,602,625,1909
291,411,820,1522
634,445,355,1434
734,427,196,1357
423,603,751,1777
789,458,875,2122
384,509,146,1039
234,218,777,1229
94,239,359,692
188,101,427,716
406,814,293,1513
364,584,95,1043
486,118,919,1523
896,262,791,1949
732,735,544,2011
561,534,861,1956
176,620,818,1614
609,593,937,2139
970,15,250,1235
897,869,566,2332
836,321,427,1584
128,202,1,331
895,100,787,1782
641,392,671,1704
701,962,37,1700
787,882,813,2482
349,315,751,1415
205,694,196,1095
919,795,220,1934
465,5,616,1086
279,132,204,615
222,449,612,1283
72,824,733,1629
431,879,11,1321
176,499,433,1108
107,278,988,1373
162,588,131,881
572,391,149,1112
894,372,179,1445
665,546,775,1986
754,150,837,1741
533,575,848,1956
369,350,94,813
644,186,835,1665
632,257,672,1561
401,87,537,1025
84,771,422,1277
543,562,562,1667
511,322,447,1280
80,105,445,630
770,648,650,2068
635,552,148,1335
621,4,644,1269
605,491,47,1143
320,326,400,1046
712,294,788,1794
687,503,142,1332
450,980,676,2106
405,159,68,632
114,821,420,1355
533,258,52,843
231,859,660,1750
775,665,864,2304
643,435,910,1988
703,979,700,2382
723,103,612,1438
908,987,555,2450
904,563,194,1661
629,910,24,1563
166,883,524,1573
774,496,422,1692
934,292,426,1652
496,700,770,1966
291,709,57,1057
906,721,113,1740
602,838,791,2231
290,612,116,1018
375,819,813,2007
376,924,830,2130
436,247,840,1523
349,401,3,753
327,616,245,1188
38,834,954,1826
776,994,430,2200
544,716,740,2000
135,584,311,1030
760,55,655,1470
688,963,479,2130
236,840,42,1118
468,707,50,1225
185,648,728,1561
227,637,811,1675
192,582,226,1000
30,43,775,848
440,667,318,1425
437,51,42,530
327,885,437,1649
546,284,853,1683
516,964,921,2401
970,464,284,1718
672,615,263,1550
881,975,936,2792
33,547,932,1512
803,764,519,2086
351,252,14,617
65,280,364,709
256,52,412,720
368,241,665,1274
260,441,471,1172
955,762,434,2151
973,364,908,2245
331,97,433,861
152,506,295,953
796,62,826,1684
517,799,912,2228
938,913,925,2776
798,297,23,1118
744,39,799,1582
763,30,311,1104
260,335,69,664
278,683,52,1013
302,658,740,1700
282,214,284,780
309,457,669,1435
315,87,354,756
997,52,441,1490
586,389,188,1163
786,232,245,1263
486,556,627,1669
796,470,507,1773
607,484,97,1188
372,159,333,864
960,707,851,2518
267,783,688,1738
157,482,474,1113
611,32,328,971
192,430,398,1020
694,468,455,1617
268,570,16,854
794,505,746,2045
75,297,299,671
235,142,643,1020
349,537,565,1451
194,769,976,1939
602,49,987,1638
411,69,607,1087
307,50,313,670
758,659,743,2160
559,713,628,1900
530,601,509,1640
388,833,479,1700
284,866,679,1829
61,360,732,1153
246,2,120,368
494,961,132,1587
525,101,555,1181
45,714,802,1561
957,510,506,1973
672,423,960,2055
722,160,852,1734
15,281,348,644
453,910,697,2060
682,24,449,1155
198,310,555,1063
287,771,948,2006
263,74,91,428
495,756,590,1841
562,548,846,1956
622,544,575,1741
173,789,558,1520
910,641,107,1658
859,320,599,1778
347,505,625,1477
473,337,171,981
551,164,366,1081
270,875,332,1477
602,247,254,1103
955,839,519,2313
152,942,494,1588
344,622,621,1587
486,381,102,969
855,434,736,2025
435,754,634,1823
509,323,507,1339
202,893,48,1143
795,639,584,2018
312,507,358,1177
375,360,404,1139
799,346,572,1717
319,598,485,1402
835,845,273,1953
901,196,613,1710
358,654,824,1836
102,767,826,1695
574,947,405,1926
328,376,544,1248
711,320,245,1276
584,453,405,1442
706,330,789,1825
758,674,804,2236
438,33,313,784
846,815,711,2372
215,556,78,849
363,452,580,1395
622,564,870,2056
515,126,53,694
618,207,792,1617
754,476,833,2063
114,240,466,820
802,641,906,2349
147,381,824,1352
899,556,301,1756
646,379,654,1679
372,10,866,1248
983,154,924,2061
850,385,557,1792
693,264,60,1017
821,118,6,945
384,919,601,1904
792,873,896,2561
64,979,523,1566
739,791,811,2341
603,216,474,1293
689,86,15,790
524,877,461,1862
558,510,969,2037
715,299,998,2012
978,858,938,2774
882,538,522,1942
198,728,513,1439
399,149,843,1391
282,449,469,1200
540,889,640,2069
307,748,139,1194
342,422,468,1232
228,74,802,1104
97,608,781,1486
109,421,485,1015
972,110,543,1625
752,145,303,1200
301,663,293,1257
753,952,122,1827
392,380,438,1210
220,527,126,873
257,21,237,515
421,623,239,1283
753,656,814,2223
934,933,419,2286
55,128,909,1092
415,386,930,1731
135,248,79,462
284,735,554,1573
793,302,989,2084
80,23,670,773
46,130,839,1015
894,350,283,1527
345,748,906,1999
517,85,410,1012
604,830,290,1724
198,247,39,484
528,485,992,2005
693,746,456,1895
61,325,409,795
388,531,376,1295
842,814,34,1690
802,689,166,1657
746,354,506,1606
133,171,942,1246
820,748,220,1788
354,539,120,1013
635,121,120,876
513,901,749,2163
197,834,428,1459
972,531,352,1855
466,871,796,2133
477,160,541,1178
280,74,395,749
789,127,316,1232
123,113,252,488
147,76,827,1050
989,30,908,1927
328,184,369,881
691,519,224,1434
291,249,819,1359
542,486,309,1337
456,858,714,2028
290,285,669,1244
11,807,804,1622
845,974,745,2564
445,424,681,1550
768,317,833,1918
158,331,611,1100
606,783,918,2307
48,100,941,1089
939,215,574,1728
352,505,766,1623
357,915,315,1587
620,479,942,2041
289,911,966,2166
691,533,391,1615
607,269,833,1709
784,522,843,2149
318,147,398,863
597,454,983,2034
567,242,917,1726
670,440,913,2023
932,708,963,2603
127,46,474,647
337,51,16,404
302,895,959,2156
760,305,44,1109
815,418,759,1992
143,608,710,1461
157,271,325,753
261,969,488,1718
424,942,815,2181
183,142,866,1191
449,518,382,1349
719,949,614,2282
553,179,172,904
694,757,258,1709
377,494,813,1684
908,180,11,1099
714,571,395,1680
983,142,254,1379
430,755,242,1427
622,891,849,2362
241,446,637,1324
97,553,862,1512
117,391,912,1420
292,275,77,644
371,176,403,950
231,452,580,1263
99,861,822,1782
368,112,717,1197
877,643,131,1651
258,792,629,1679
439,927,367,1733
577,645,6,1228
223,808,820,1851
131,241,784,1156
782,370,613,1765
33,629,555,1217
53,564,278,895
84,974,919,1977
227,144,150,521
713,980,399,2092
639,157,666,1462
45,796,691,1532
565,215,982,1762
267,991,254,1512
769,125,410,1304
620,776,801,2197
465,954,539,1958
458,963,275,1696
405,535,679,1619
385,70,85,540
455,653,79,1187
666,358,928,1952
796,492,1,1289
616,429,117,1162
906,171,937,2014
417,193,638,1248
459,948,668,2075
505,743,907,2155
742,917,246,1905
439,531,479,1449
566,868,284,1718
900,984,218,2102
802,382,97,1281
969,876,883,2728
208,473,559,1240
404,489,289,1182
839,228,856,1923
210,398,855,1463
381,273,336,990
917,518,427,1862
407,671,33,1111
996,547,396,1939
111,127,167,405
841,688,391,1920
698,875,891,2464
35,249,747,1031
83,902,27,1012
673,268,569,1510
73,674,406,1153
466,158,820,1444
354,104,507,965
309,961,70,1340
405,33,2,440
877,866,626,2369
704,9,215,928
57,834,194,1085
785,931,130,1846
260,96,119,475
369,52,487,908
2,599,542,1143
867,676,96,1639
377,646,785,1808
307,498,759,1564
728,817,304,1849
940,192,701,1833
610,697,307,1614
903,625,437,1965
594,331,828,1753
661,350,874,1885
15,943,741,1699
343,616,972,1931
866,564,919,2349
57,65,66,188
695,456,578,1729
465,893,164,1522
653,135,27,815
75,881,550,1506
990,697,974,2661
966,57,934,1957
34,561,165,760
551,909,441,1901
395,320,673,1388
518,924,572,2014
271,902,859,2032
509,925,21,1455
140,684,961,1785
253,792,542,1587
337,810,402,1549
635,798,75,1508
130,401,882,1413
273,984,876,2133
826,861,943,2630
522,356,645,1523
858,387,451,1696
284,391,322,997
466,762,768,1996
324,545,445,1314
539,175,398,1112
760,14,712,1486
714,842,887,2443
152,687,921,1760
206,592,269,1067
925,805,12,1742
138,162,762,1062
266,772,9,1047
771,94,814,1679
635,532,312,1479
983,20,612,1615
362,661,304,1327
558,702,771,2031
758,537,306,1601
353,581,548,1482
594,552,48,1194
934,121,816,1871
23,825,312,1160
70,245,266,581
686,420,261,1367
705,542,793,2040
67,202,41,310
71,556,400,1027
734,779,938,2451
694,740,510,1944
662,250,747,1659
589,770,47,1406
918,921,502,2341
869,600,838,2307
319,903,372,1594
933,889,379,2201
86,639,677,1402
173,607,635,1415
130,40,914,1084
583,981,850,2414
120,999,714,1833
35,290,122,447
857,493,348,1698
722,221,897,1840
260,366,904,1530
877,559,372,1808
170,626,896,1692
199,631,564,1394
263,975,630,1868
116,893,900,1909
208,452,235,895
503,792,577,1872
907,846,815,2568
715,234,309,1258
826,961,723,2510
903,650,286,1839
96,92,55,243
974,636,213,1823
767,462,631,1860
642,255,33,930
944,16,494,1454
980,703,467,2150
503,425,412,1340
634,729,485,1848
140,17,528,685
518,54,459,1031
536,970,75,1581
549,612,408,1569
63,532,68,663
588,273,78,939
716,814,905,2435
918,110,875,1903
110,400,655,1165
719,495,838,2052
120,72,306,498
155,902,341,1398
872,507,708,2087
920,799,124,1843
921,350,598,1869
949,324,558,1831
163,829,470,1462
399,982,736,2117
637,546,976,2159
285,137,504,926
846,512,591,1949
59,870,818,1747
976,103,391,1470
329,932,21,1282
341,143,957,1441
796,729,404,1929
510,457,799,1766
284,904,614,1802
676,557,879,2112
495,295,116,906
47,330,566,943
307,491,806,1604
797,767,297,1861
355,752,947,2054
138,167,869,1174
572,173,626,1371
959,746,57,1762
672,476,184,1332
406,637,274,1317
446,147,943,1536
547,555,214,1316
30,598,106,734
456,214,94,764
784,914,562,2260
609,633,20,1262
682,596,171,1449
341,775,957,2073
460,910,338,1708
29,982,4,1015
944,584,368,1896
517,948,370,1835
641,249,814,1704
313,407,925,1645
731,647,261,1639
328,415,598,1341
760,111,399,1270
906,240,921,2067
320,324,533,1177
197,174,650,1021
562,341,836,1739
134,495,128,757
993,44,916,1953
495,352,1000,1847
376,832,399,1607
405,180,412,997
404,417,416,1237
411,631,774,1816
843,28,584,1455
541,263,241,1045
927,466,43,1436
918,168,944,2030
356,34,945,1335
706,451,552,1709
333,667,320,1320
241,537,265,1043
59,877,263,1199
409,762,793,1964
166,535,677,1378
32,93,906,1031
816,924,930,2670
166,159,76,401
991,70,525,1586
568,328,269,1165
477,907,507,1891
945,3,188,1136
721,759,703,2183
499,970,57,1526
820,564,688,2072
773,478,592,1843
153,991,731,1875
391,871,810,2072
889,99,385,1373
649,942,234,1825
248,265,617,1130
340,689,346,1375
80,685,560,1325
10,946,27,983
509,464,811,1784
254,334,845,1433
379,655,900,1934
834,806,851,2491
108,806,81,995
717,971,29,1717
792,424,840,2056
189,90,932,1211
662,303,793,1758
746,192,645,1583
172,196,269,637
954,642,515,2111
951,735,625,2311
225,46,690,961
408,35,852,1295
207,64,502,773
173,867,855,1895
486,283,158,927
144,420,575,1139
506,807,256,1569
229,466,945,1640
477,6,961,1444
742,536,559,1837
902,922,400,2224
3,799,513,1315
80,809,700,1589
580,128,151,859
296,763,346,1405
73,527,147,747
960,667,505,2132
40,139,312,491
626,532,775,1933
567,304,861,1732
55,34,663,752
562,22,270,854
345,926,557,1828
321,397,482,1200
139,11,499,649
100,419,215,734
802,953,840,2595
923,85,269,1277
501,180,384,1065
142,395,928,1465
926,493,295,1714
934,824,983,2741
481,606,51,1138
686,893,541,2120
942,295,653,1890
116,193,104,413
97,536,322,955
322,374,419,1115
815,741,198,1754
38,300,8,346
171,501,246,918
929,93,309,1331
82,883,805,1770
286,320,502,1108
97,745,150,992
594,910,80,1584
338,322,944,1604
272,619,477,1368
886,909,337,2132
345,4,757,1106
64,642,493,1199
36,923,136,1095
406,333,917,1656
969,899,536,2404
318,585,350,1253
329,519,431,1279
543,949,634,2126
812,783,36,1631
48,678,884,1610
387,170,877,1434
188,299,154,641
742,606,525,1873
383,334,393,1110
869,163,571,1603
733,232,226,1191
197,391,747,1335
706,975,270,1951
217,614,432,1263
35,29,180,244
795,857,392,2044
314,599,890,1803
356,70,464,890
481,921,333,1735
835,32,547,1414
166,427,413,1006
513,768,619,1900
175,978,429,1582
987,943,709,2639
538,543,66,1147
49,27,102,178
873,14,755,1642
933,467,356,1756
73,337,711,1121
292,55,788,1135
738,338,603,1679
474,80,864,1418
169,87,895,1151
255,882,488,1625
488,27,681,1196
303,463,130,896
179,251,990,1420
517,818,198,1533
91,383,861,1335
10,431,732,1173
825,678,682,2185
362,713,195,1270
923,401,64,1388
586,726,189,1501
852,582,913,2347
610,505,971,2086
116,251,745,1112
391,500,609,1500
924,289,160,1373
49,791,15,855
770,213,271,1254
9,740,566,1315
196,41,496,733
465,939,700,2104
903,356,414,1673
640,351,271,1262
702,48,160,910
656,295,693,1644
598,145,975,1718
596,101,155,852
490,887,759,2136
231,736,906,1873
83,834,457,1374
945,818,25,1788
992,339,591,1922
950,725,499,2174
838,907,114,1859
2,405,123,530
823,674,364,1861
916,107,212,1235
581,565,999,2145
302,807,216,1325
377,482,181,1040
989,725,624,2338
70,814,86,970
172,298,24,494
419,272,134,825
836,437,615,1888
895,664,635,2194
994,683,760,2437
69,267,581,917
491,682,766,1939
81,703,221,1005
380,808,442,1630
806,968,597,2371
753,791,783,2327
759,672,155,1586
872,508,822,2202
759,781,766,2306
926,526,289,1741
471,345,986,1802
914,776,644,2334
326,947,891,2164
383,7,744,1134
818,628,272,1718
201,581,239,1021
206,45,954,1205
501,45,792,1338
446,313,282,1041
772,173,988,1933
509,840,169,1518
21,961,835,1817
636,295,59,990
929,377,482,1788
656,0,723,1379
841,675,709,2225
797,840,762,2399
927,414,458,1799
840,434,297,1571
847,226,771,1844
174,640,251,1065
447,431,701,1579
514,690,430,1634
601,800,684,2085
634,591,296,1521
721,592,619,1932
807,107,850,1764
164,865,417,1446
328,583,803,1714
325,250,699,1274
440,120,436,996
392,341,935,1668
871,616,923,2410
351,336,86,773
5,572,0,577
698,57,527,1282
617,761,503,1881
563,385,645,1593
857,118,4,979
169,41,581,791
914,750,497,2161
181,843,204,1228
918,391,673,1982
219,821,959,1999
41,326,854,1221
595,22,635,1252
855,443,256,1554
488,799,333,1620
511,489,305,1305
422,528,954,1904
795,959,994,2748
261,278,927,1466
494,394,31,919
480,795,606,1881
539,891,333,1763
332,970,90,1392
222,203,605,1030
888,841,399,2128
730,913,868,2511
329,278,312,919
659,419,861,1939
557,759,660,1976
609,415,278,1302
242,571,222,1035
859,778,29,1666
23,314,425,762
271,961,68,1300
180,305,26,511
923,575,926,2424
456,178,59,693
656,510,863,2029
265,609,909,1783
996,891,644,2531
905,711,335,1951
923,348,948,2219
13,226,120,359
621,965,552,2138
961,111,553,1625
878,103,915,1896
772,875,318,1965
74,241,194,509
397,999,136,1532
969,485,11,1465
360,689,722,1771
231,621,256,1108
689,642,982,2313
280,465,967,1712
147,329,679,1155
873,584,225,1682
780,614,649,2043
148,720,719,1587
293,662,208,1163
266,447,524,1237
211,938,410,1559
394,808,873,2075
262,251,440,953
221,775,457,1453
675,145,768,1588
893,27,693,1613
711,234,394,1339
566,548,699,1813
602,466,304,1372
138,925,609,1672
338,613,571,1522
465,253,531,1249
149,103,852,1104
157,624,425,1206
162,38,242,442
825,562,942,2329
803,46,201,1050
217,151,213,581
103,335,129,567
884,864,291,2039
355,866,232,1453
377,257,973,1607
987,54,662,1703
670,588,930,2188
632,521,859,2012
784,485,369,1638
445,287,765,1497
567,926,252,1745
813,713,971,2497
185,694,487,1366
156,679,490,1325
434,168,96,698
238,546,194,978
747,381,29,1157
145,649,108,902
827,701,959,2487
456,35,840,1331
13,973,954,1940
506,814,9,1329
628,906,681,2215
237,154,770,1161
355,699,437,1491
47,400,163,610
665,703,492,1860
913,958,172,2043
841,361,151,1353
348,789,659,1796
350,671,97,1118
387,897,191,1475
767,708,166,1641
590,614,10,1214
408,973,262,1643
396,458,775,1629
787,768,32,1587
718,698,926,2342
635,53,725,1413
303,702,933,1938
212,631,521,1364
446,986,772,2204
32,762,651,1445
346,685,106,1137
194,480,598,1272
764,600,978,2342
690,395,432,1517
717,764,639,2120
882,240,3,1125
748,965,757,2470
796,167,967,1930
390,721,244,1355
837,569,11,1417
438,202,302,942
119,712,757,1588
195,589,478,1262
95,197,380,672
305,787,233,1325
409,397,333,1139
851,58,276,1185
892,76,974,1942
53,287,376,716
576,920,447,1943
233,412,414,1059
253,959,1,1213
785,436,689,1910
241,271,720,1232
54,645,970,1669
523,646,894,2063
294,198,214,706
679,978,750,2407
366,887,95,1348
284,989,941,2214
308,656,424,1388
773,213,382,1368
55,243,385,683
648,142,129,919
637,682,212,1531
931,753,495,2179
355,567,133,1055
561,322,202,1085
98,712,782,1592
10,258,466,734
520,899,616,2035
695,58,33,786
670,54,63,787
825,575,754,2154
356,781,338,1475
620,356,825,1801
169,314,589,1072
242,330,928,1500
741,0,445,1186
567,494,695,1756
881,810,255,1946
856,902,940,2698
713,488,290,1491
400,694,216,1310
544,343,606,1493
5,183,790,978
730,390,558,1678
320,230,834,1384
245,407,750,1402
290,270,847,1407
165,283,443,891
184,915,488,1587
568,752,715,2035
87,336,43,466
38,568,354,960
203,378,224,805
747,563,398,1708
463,357,912,1732
364,382,479,1225
434,621,59,1114
817,320,275,1412
396,401,398,1195
291,114,629,1034
220,702,806,1728
241,816,535,1592
228,866,500,1594
117,867,676,1660
780,896,791,2467
481,515,908,1904
104,660,275,1039
946,513,955,2414
808,824,884,2516
288,885,994,2167
652,68,961,1681
220,896,631,1747
160,798,671,1629
94,613,922,1629
662,752,106,1520
387,567,153,1107
871,557,422,1850
991,369,562,1922
756,1000,895,2651
323,460,254,1037
509,894,853,2256
739,30,306,1075
382,392,212,986
258,651,655,1564
275,457,338,1070
813,466,120,1399
634,578,636,1848
710,843,229,1782
222,326,454,1002
365,108,345,818
487,77,770,1334
862,676,690,2228
347,979,632,1958
105,184,566,855
433,429,730,1592
328,466,641,1435
846,42,343,1231
842,210,686,1738
332,465,547,1344
173,140,136,449
349,651,108,1108
441,479,402,1322
25,79,223,327
495,250,156,901
200,219,643,1062
672,903,991,2566
393,1000,424,1817
396,650,907,1953
171,824,196,1191
44,217,866,1127
487,390,204,1081
401,986,643,2030
748,248,915,1911
569,221,0,790
117,456,223,796
279,762,18,1059
838,197,404,1439
67,171,639,877
960,59,20,1039
924,746,269,1939
87,495,648,1230
7,703,785,1495
747,897,536,2180
191,734,767,1692
58,913,43,1014
381,622,398,1401
114,252,25,391
843,513,812,2168
692,330,60,1082
696,4,303,1003
318,65,197,580
577,445,295,1317
602,534,681,1817
362,582,26,970
220,403,836,1459
466,680,907,2053
958,392,753,2103
638,238,642,1518
110,485,395,990
654,128,392,1174
261,303,343,907
545,793,576,1914
230,395,440,1065
368,648,891,1907
81,881,178,1140
493,396,108,997
214,925,632,1771
885,604,410,1899
448,965,993,2406
825,406,599,1830
102,830,400,1332
394,899,236,1529
650,277,998,1925
9,711,771,1491
894,143,376,1413
295,437,981,1713
744,898,701,2343
565,771,429,1765
883,254,433,1570
684,878,335,1897
765,935,185,1885
489,521,538,1548
302,347,540,1189
313,935,330,1578
634,78,364,1076
119,687,311,1117
560,494,897,1951
914,459,825,2198
721,609,89,1419
856,846,156,1858
248,396,89,733
179,614,351,1144
711,526,338,1575
512,643,952,2107
256,788,858,1902
497,713,760,1970
928,688,678,2294
615,170,888,1673
281,941,829,2051
549,802,971,2322
27,944,36,1007
90,174,56,320
990,1000,446,2436
576,384,938,1898
544,130,446,1120
720,339,478,1537
997,38,979,2014
902,34,850,1786
304,615,309,1228
451,900,384,1735
718,224,849,1791
200,484,330,1014
183,139,524,846
66,371,963,1400
15,197,635,847
537,325,662,1524
254,999,347,1600
136,614,561,1311
765,800,112,1677
798,300,892,1990
195,129,482,806
74,311,214,599
957,850,625,2432
386,221,522,1129
951,43,628,1622
310,744,63,1117
925,894,703,2522
961,352,669,1982
813,691,225,1729
667,792,238,1697
21,170,265,456
642,728,756,2126
394,561,536,1491
326,294,343,963
129,195,493,817
94,447,437,978
308,508,227,1043
82,378,398,858
889,375,18,1282
512,599,518,1629
434,53,31,518
631,906,44,1581
999,966,523,2488
169,576,600,1345
293,115,41,449
411,645,27,1083
799,651,407,1857
419,528,835,1782
406,252,114,772
363,806,21,1190
160,393,346,899
169,932,501,1602
694,351,353,1398
676,401,685,1762
743,576,975,2294
920,440,206,1566
434,524,254,1212
224,420,419,1063
329,942,135,1406
79,240,345,664
958,245,351,1554
211,887,434,1532
471,132,206,809
170,940,635,1745
187,952,754,1893
439,543,273,1255
185,779,444,1408
295,872,24,1191
875,10,699,1584
986,863,155,2004
995,759,624,2378
193,831,651,1675
56,313,598,967
695,699,660,2054
596,561,672,1829
995,258,863,2116
445,70,198,713
138,246,728,1112
862,946,536,2344
834,489,175,1498
607,490,326,1423
875,853,99,1827
222,283,158,663
661,201,19,881
540,365,683,1588
841,643,628,2112
82,256,182,520
304,682,963,1949
89,328,448,865
707,886,743,2336
372,939,738,2049
184,575,609,1368
260,574,432,1266
346,466,802,1614
425,212,269,906
216,701,333,1250
945,280,160,1385
580,328,563,1471
369,48,930,1347
235,465,180,880
317,910,460,1687
294,420,422,1136
212,933,773,1918
846,423,191,1460
736,673,951,2360
680,549,416,1645
765,461,697,1923
585,195,706,1486
448,562,924,1934
207,694,699,1600
794,690,66,1550
331,891,60,1282
401,673,674,1748
131,540,558,1229
892,762,733,2387
947,265,110,1322
671,303,954,1928
300,927,4,1231
433,679,891,2003
456,725,793,1974
560,701,975,2236
145,956,954,2055
864,689,776,2329
108,105,812,1025
219,191,549,959
916,189,424,1529
128,499,502,1129
139,624,539,1302
694,686,213,1593
869,415,951,2235
491,586,284,1361
638,485,876,1999
136,318,918,1372
151,556,320,1027
45,995,931,1971
138,118,451,707
361,99,788,1248
436,449,816,1701
753,421,10,1184
321,802,379,1502
164,856,274,1294
22,371,680,1073
599,982,64,1645
991,844,944,2779
702,722,816,2240
432,787,329,1548
574,866,783,2223
130,747,551,1428
518,227,75,820
877,562,708,2147
733,500,78,1311
876,741,468,2085
991,727,237,1955
703,151,111,965
83,999,851,1933
224,766,702,1692
159,362,861,1382
111,33,838,982
531,506,831,1868
436,300,956,1692
284,327,368,979
492,14,24,530
437,752,995,2184
20,137,873,1030
236,386,527,1149
926,798,306,2030
199,997,685,1881
375,693,440,1508
703,201,19,923
764,320,687,1771
191,829,715,1735
157,50,864,1071
559,511,589,1659
758,240,552,1550
272,643,564,1479
326,325,946,1597
976,417,536,1929
208,309,664,1181
922,23,382,1327
893,367,493,1753
959,306,767,2032
701,187,673,1561
262,555,183,1000
997,43,315,1355
785,914,470,2169
409,642,439,1490
856,899,819,2574
509,4,101,614
654,945,232,1831
88,697,867,1652
17,335,611,963
524,453,281,1258
888,167,570,1625
402,658,252,1312
161,164,82,407
369,233,381,983
780,858,768,2406
391,53,625,1069
108,293,393,794
707,320,312,1339
309,117,542,968
440,976,544,1960
679,544,140,1363
860,203,936,1999
222,532,275,1029
205,227,917,1349
996,573,591,2160
284,331,792,1407
116,110,989,1215
58,808,416,1282
384,857,182,1423
674,600,649,1923
946,178,756,1880
648,336,344,1328
841,777,208,1826
670,956,505,2131
290,949,43,1282
118,603,790,1511
985,26,190,1201
282,1000,650,1932
189,97,24,310
191,452,685,1328
867,67,400,1334
664,992,675,2331
18,750,568,1336
603,158,175,936
215,246,460,921
8,880,541,1429
598,780,175,1553
150,211,654,1015
570,113,651,1334
721,887,14,1622
500,474,364,1338
720,195,4,919
488,917,430,1835
812,708,426,1946
149,284,377,810
962,965,929,2856
717,678,758,2153
246,195,274,715
266,664,65,995
928,289,668,1885
525,316,966,1807
664,279,963,1906
835,2,434,1271
492,979,209,1680
898,322,491,1711
69,282,698,1049
726,302,804,1832
48,192,386,626
1000,819,440,2259
284,809,729,1822
322,902,548,1772
477,861,511,1849
177,129,947,1253
725,691,780,2196
823,638,920,2381
503,155,283,941
719,933,207,1859
518,846,937,2301
820,155,281,1256
462,644,323,1429
356,604,141,1101
420,170,41,631
507,369,913,1789
376,956,544,1876
560,319,246,1125
665,524,520,1709
131,582,57,770
853,144,756,1753
423,33,976,1432
945,851,626,2422
259,270,876,1405
362,223,653,1238
515,770,240,1525
788,393,480,1661
976,115,671,1762
411,669,776,1856
364,147,313,824
762,282,489,1533
187,417,993,1597
276,829,533,1638
42,81,78,201
160,928,448,1536
506,953,746,2205
180,752,326,1258
477,470,527,1474
543,336,128,1007
653,979,145,1777
408,927,86,1421
52,153,451,656
478,105,62,645
936,136,698,1770
52,389,389,830
643,482,860,1985
398,743,45,1186
29,1,49,79
677,913,151,1741
386,123,537,1046
183,246,932,1361
678,83,285,1046
316,787,899,2002
55,806,936,1797
127,988,154,1269
126,100,518,744
141,989,26,1156
2,164,694,860
412,984,699,2095
158,723,55,936
417,34,813,1264
813,99,586,1498
199,752,855,1806
511,328,995,1834
778,207,908,1893
974,548,348,1870
871,733,537,2141
321,853,790,1964
807,642,851,2300
628,7,920,1555
886,121,672,1679
272,700,754,1726
303,242,938,1483
776,601,506,1883
278,386,971,1635
925,135,11,1071
313,590,137,1040
907,737,801,2445
895,128,820,1843
723,876,843,2442
320,369,75,764
46,578,589,1213
546,768,971,2285
27,920,979,1926
443,98,1,542
42,513,484,1039
693,263,372,1328
292,697,736,1725
280,945,226,1451
309,311,112,732
204,541,344,1089
581,274,139,994
500,770,843,2113
303,417,102,822
611,203,776,1590
227,1,773,1001
265,421,222,908
731,323,10,1064
417,190,80,687
864,423,67,1354
597,334,336,1267
300,417,331,1048
892,840,472,2204
168,53,434,655
896,373,819,2088
839,204,232,1275
168,496,87,751
148,402,328,878
328,255,957,1540
564,462,537,1563
173,526,487,1186
448,968,803,2219
215,949,511,1675
261,750,682,1693
808,631,892,2331
906,965,794,2665
204,578,534,1316
566,835,277,1678
647,174,870,1691
660,201,427,1288
280,863,586,1729
0,847,461,1308
131,385,299,815
458,573,364,1395
400,97,745,1242
502,399,602,1503
364,24,622,1010
39,744,733,1516
147,303,153,603
48,204,727,979
983,5,272,1260
250,801,68,1119
759,999,853,2611
354,937,589,1880
298,238,654,1190
497,787,555,1839
931,339,351,1621
581,285,966,1832
309,739,793,1841
146,55,196,397
562,601,969,2132
256,589,104,949
489,45,600,1134
212,616,62,890
672,971,366,2009
588,888,193,1669
220,302,648,1170
533,180,938,1651
110,46,671,827
857,313,952,2122
810,567,655,2032
395,365,599,1359
366,921,988,2275
212,141,349,702
183,362,930,1475
5,276,249,530
506,741,296,1543
683,17,669,1369
166,391,652,1209
698,2,6,706
626,693,246,1565
822,509,873,2204
983,571,824,2378
74,756,776,1606
652,599,616,1867
232,253,335,820
587,765,790,2142
348,784,336,1468
466,159,313,938
625,811,221,1657
122,804,120,1046
81,779,536,1396
205,321,83,609
377,513,414,1304
993,300,917,2210
263,542,665,1470
778,856,865,2499
519,668,43,1230
367,727,875,1969
722,516,772,2010
646,53,704,1403
546,649,554,1749
734,285,844,1863
866,716,171,1753
569,241,304,1114
986,381,902,2269
600,672,545,1817
726,36,862,1624
40,868,335,1243
709,864,939,2512
473,131,807,1411
539,235,350,1124
169,940,678,1787
817,512,504,1833
288,227,181,696
744,658,319,1721
155,663,930,1748
214,825,476,1515
824,537,578,1939
915,3,759,1677
320,690,830,1840
730,731,856,2317
222,40,959,1221
675,865,634,2174
952,684,818,2454
429,758,25,1212
822,68,86,976
922,396,272,1590
892,547,983,2422
546,337,455,1338
802,369,963,2134
505,9,224,738
849,562,279,1690
298,343,734,1375
128,713,990,1831
865,483,46,1394
808,446,210,1464
45,767,59,871
40,131,857,1028
585,210,249,1044
904,735,427,2066
645,119,948,1712
104,673,941,1718
857,420,4,1281
756,640,775,2171
562,226,667,1455
7,980,301,1288
794,850,676,2320
365,220,931,1516
757,675,34,1466
769,105,938,1812
467,284,909,1660
148,695,626,1469
911,847,986,2744
760,812,358,1930
267,835,472,1574
153,972,538,1663
106,473,392,971
251,275,236,762
33,509,238,780
597,244,819,1660
854,519,406,1779
623,8,9,640
552,527,350,1429
612,408,895,1915
675,62,244,981
544,524,769,1837
160,148,742,1050
847,212,680,1739
308,246,6,560
655,279,242,1176
895,551,778,2224
710,824,564,2098
693,802,808,2303
63,628,798,1489
512,912,77,1501
65,793,429,1287
550,923,338,1811
542,647,372,1561
878,224,566,1668
518,955,542,2015
619,331,475,1425
745,489,756,1990
350,991,685,2026
986,932,30,1948
425,398,650,1473
725,772,23,1520
603,589,105,1297
748,638,98,1484
959,120,820,1899
72,492,66,630
762,509,614,1885
538,380,665,1583
774,341,467,1582
7,397,337,741
419,96,513,1028
205,987,971,2163
744,818,846,2408
392,614,132,1138
768,414,644,1826
948,353,723,2024
317,132,439,888
319,394,269,982
53,409,917,1379
487,526,956,1969
990,112,431,1533
157,134,853,1144
929,622,102,1653
205,224,141,570
331,764,275,1370
944,347,636,1927
712,442,220,1374
101,601,437,1139
991,962,706,2659
46,881,277,1204
432,164,490,1086
305,24,73,402
356,862,144,1362
806,101,77,984
790,730,806,2326
740,628,189,1557
866,930,599,2395
994,140,663,1797
208,911,847,1966
158,275,400,833
216,707,67,990
979,920,169,2068
92,753,859,1704
683,237,709,1629
883,405,989,2277
360,395,154,909
987,694,23,1704
4,356,894,1254
617,603,520,1740
121,523,438,1082
419,182,536,1137
380,554,685,1619
976,603,613,2192
785,615,45,1445
349,611,344,1304
523,718,498,1739
129,201,731,1061
846,928,708,2482
26,501,258,785
152,871,814,1837
493,910,795,2198
323,168,86,577
192,797,403,1392
328,250,919,1497
321,513,251,1085
939,601,739,2279
60,636,483,1179
7,916,841,1764
205,614,116,935
735,309,578,1622
507,335,923,1765
445,898,264,1607
955,184,515,1654
46,310,59,415
348,14,341,703
829,361,682,1872
50,292,603,945
529,183,114,826
478,118,185,781
371,145,405,921
623,60,347,1030
627,842,728,2197
697,698,58,1453
491,525,245,1261
405,545,962,1912
490,945,899,2334
395,891,926,2212
417,698,540,1655
914,129,85,1128
822,51,796,1669
972,793,341,2106
576,983,432,1991
890,754,903,2547
885,7,2,894
868,373,757,1998
672,787,717,2176
734,103,672,1509
109,768,3,880
619,895,591,2105
721,850,333,1904
759,907,978,2644
830,396,154,1380
562,945,109,1616
505,852,50,1407
709,668,694,2071
735,941,656,2332
661,78,580,1319
330,743,622,1695
734,224,80,1038
367,668,44,1079
128,139,141,408
393,289,518,1200
808,952,985,2745
887,285,522,1694
392,104,352,848
377,10,379,766
795,821,867,2483
964,986,170,2120
295,367,199,861
592,613,661,1866
974,777,290,2041
837,976,318,2131
8,8,503,519
247,723,365,1335
292,130,646,1068
220,400,684,1304
520,224,531,1275
107,758,454,1319
151,382,25,558
763,906,358,2027
0,123,608,731
706,439,128,1273
167,247,319,733
105,379,665,1149
111,201,163,475
634,268,567,1469
870,377,146,1393
238,326,432,996
91,121,312,524
488,861,8,1357
586,380,598,1564
406,223,392,1021
438,0,62,500
351,118,639,1108
128,1000,846,1974
87,180,761,1028
491,294,380,1165
49,209,338,596
931,704,639,2274
768,153,206,1127
838,986,945,2769
423,744,391,1558
44,821,988,1853
282,736,159,1177
889,13,6,908
501,251,708,1460
999,171,740,1910
582,450,186,1218
688,689,126,1503
340,223,312,875
143,896,881,1920
739,135,416,1290
640,389,958,1987
756,66,346,1168
403,925,493,1821
742,456,72,1270
176,648,348,1172
429,229,712,1370
990,942,213,2145
710,932,806,2448
307,153,874,1334
483,938,126,1547
479,952,31,1462
107,540,919,1566
188,44,22,254
35,834,212,1081
509,717,844,2070
900,416,494,1810
480,286,326,1092
196,210,478,884
680,115,689,1484
472,887,543,1902
684,617,989,2290
743,856,986,2585
238,825,713,1776
174,58,159,391
166,165,356,687
895,469,26,1390
956,769,334,2059
856,204,137,1197
444,231,267,942
736,939,816,2491
115,780,9,904
479,299,216,994
106,384,518,1008
240,306,607,1153
65,212,774,1051
655,491,557,1703
466,404,822,1692
796,979,341,2116
644,684,146,1474
399,301,401,1101
883,204,803,1890
855,943,697,2495
143,878,959,1980
418,494,403,1315
493,550,611,1654
919,53,616,1588
421,956,421,1798
730,828,953,2511
7,101,268,376
648,250,610,1508
507,218,610,1335
411,257,760,1428
288,968,846,2102
6,521,805,1332
485,667,708,1860
79,817,912,1808
711,716,666,2093
775,641,432,1848
762,676,261,1699
632,600,426,1658
918,589,272,1779
512,678,482,1672
105,816,458,1379
517,71,516,1104
123,584,192,899
821,869,722,2412
177,336,884,1397
869,499,564,1932
518,588,196,1302
556,619,345,1520
20,905,706,1631
194,275,676,1145
838,347,432,1617
449,14,571,1034
368,463,540,1371
634,696,551,1881
576,482,110,1168
98,850,960,1908
414,85,599,1098
200,185,709,1094
819,456,180,1455
602,513,64,1179
634,510,743,1887
756,447,237,1440
528,511,252,1291
917,65,413,1395
714,728,935,2377
760,875,205,1840
81,414,853,1348
164,719,541,1424
843,563,527,1933
758,397,420,1575
368,88,329,785
317,675,587,1579
845,722,845,2412
445,208,322,975
308,832,194,1334
636,830,21,1487
734,330,408,1472
255,756,250,1261
442,392,830,1664
302,136,171,609
452,810,160,1422
124,359,181,664
902,430,711,2043
701,201,663,1565
57,109,258,424
492,551,117,1160
806,131,820,1757
177,801,862,1840
220,956,973,2149
890,655,50,1595
940,611,124,1675
718,872,54,1644
232,826,228,1286
402,29,511,942
340,984,538,1862
957,452,811,2220
425,915,37,1377
645,723,900,2268
334,188,281,803
273,651,979,1903
722,287,520,1529
397,419,867,1683
645,759,359,1763
341,539,849,1729
107,546,253,906
328,708,699,1735
484,444,629,1557
347,442,219,1008
245,979,375,1599
400,395,212,1007
9,622,68,699
500,430,324,1254
378,436,323,1137
428,618,951,1997
249,822,449,1520
610,339,141,1090
821,472,592,1885
492,145,646,1283
634,835,65,1534
100,933,486,1519
683,743,264,1690
109,811,907,1827
277,842,235,1354
536,813,819,2168
101,230,178,509
76,84,894,1054
185,722,983,1890
439,362,122,923
350,163,578,1091
312,880,207,1399
815,983,529,2327
796,49,635,1480
994,714,208,1916
27,78,806,911
348,920,193,1461
878,431,874,2183
330,214,227,771
36,401,512,949
902,206,761,1869
770,194,521,1485
794,818,531,2143
353,719,405,1477
779,694,340,1813
451,99,499,1049
355,667,742,1764
373,779,155,1307
955,266,13,1234
163,885,102,1150
58,376,238,672
75,966,497,1538
798,506,353,1657
69,50,142,261
283,676,315,1274
211,348,345,904
181,975,365,1521
509,764,136,1409
67,912,662,1641
989,495,11,1495
936,567,103,1606
537,678,897,2112
618,129,395,1142
584,862,499,1945
943,935,914,2792
599,650,488,1737
640,731,585,1956
515,879,45,1439
394,265,460,1119
928,893,689,2510
921,576,943,2440
343,257,572,1172
40,456,995,1491
261,635,224,1120
502,770,339,1611
324,253,153,730
600,373,645,1618
975,321,390,1686
706,611,653,1970
144,485,378,1007
512,617,701,1830
650,982,3,1635
802,933,530,2265
250,259,557,1066
204,767,7,978
550,126,648,1324
856,495,364,1715
855,205,114,1174
328,964,244,1536
226,499,375,1100
459,268,639,1366
313,842,901,2056
467,793,424,1684
496,603,535,1634
171,110,863,1144
328,6,564,898
216,946,272,1434
936,425,936,2297
164,754,625,1543
949,649,527,2125
728,682,913,2323
982,458,710,2150
144,671,285,1100
633,638,428,1699
656,342,316,1314
793,681,986,2460
106,816,101,1023
936,917,558,2411
90,232,327,649
730,900,248,1878
341,41,942,1324
658,597,145,1400
921,303,740,1964
381,924,878,2183
652,320,648,1620
185,778,808,1771
771,485,619,1875
366,377,7,750
331,882,926,2139
708,310,118,1136
515,937,681,2133
561,579,974,2114
186,604,189,979
901,684,143,1728
149,66,342,557
332,324,242,898
944,781,258,1983
391,181,982,1554
735,538,857,2130
963,393,429,1785
862,83,402,1347
436,385,611,1432
603,674,447,1724
219,585,339,1143
766,774,124,1664
914,870,260,2044
937,326,990,2253
148,48,748,944
17,515,42,574
491,508,116,1115
634,766,17,1417
594,602,549,1745
356,256,127,739
80,465,551,1096
525,696,280,1501
222,286,56,564
563,942,280,1785
615,873,585,2073
606,621,422,1649
385,915,869,2169
867,735,611,2213
884,945,550,2379
970,862,850,2682
524,876,486,1886
886,723,497,2106
516,824,533,1873
912,710,277,1899
862,533,251,1646
833,815,150,1798
942,279,339,1560
267,339,788,1394
467,523,363,1353
434,502,923,1859
854,528,429,1811
861,762,570,2193
14,719,558,1291
447,110,574,1131
247,827,501,1575
969,455,136,1560
896,446,163,1505
69,386,464,919
406,351,223,980
474,823,418,1715
290,900,295,1485
236,180,229,645
723,159,556,1438
595,785,935,2315
247,109,743,1099
67,572,61,700
525,418,260,1203
745,761,455,1961
749,543,243,1535
835,497,542,1874
82,345,773,1200
314,259,486,1059
28,682,334,1044
730,573,551,1854
305,369,264,938
926,790,257,1973
197,831,97,1125
933,917,752,2602
105,773,604,1482
117,437,171,725
323,853,604,1780
537,956,327,1820
97,763,211,1071
337,502,85,924
205,753,851,1809
561,529,889,1979
251,803,964,2018
387,237,596,1220
823,242,572,1637
498,896,54,1448
821,121,406,1348
446,230,560,1236
40,941,501,1482
199,49,53,301
939,428,121,1488
564,748,717,2029
967,806,708,2481
973,384,353,1710
394,353,633,1380
2,748,757,1507
565,744,75,1384
210,426,18,654
766,549,702,2017
783,891,788,2462
525,100,46,671
515,347,543,1405
993,441,576,2010
702,807,18,1527
536,50,998,1584
592,42,147,781
755,190,206,1151
767,579,539,1885
295,362,530,1187
686,403,559,1648
773,893,94,1760
738,796,144,1678
566,399,446,1411
903,702,167,1772
424,971,719,2114
606,111,762,1479
749,859,20,1628
570,419,257,1246
871,212,912,1995
759,394,778,1931
782,847,361,1990
825,19,604,1448
888,900,895,2683
633,199,262,1094
355,13,67,435
55,282,841,1178
0,140,387,527
377,173,820,1370
274,792,952,2018
190,330,180,700
359,599,554,1512
116,607,591,1314
72,788,565,1425
601,318,535,1454
240,528,183,951
166,718,43,927
367,432,845,1644
243,274,940,1457
582,710,793,2085
681,913,115,1709
879,55,37,971
697,544,331,1572
565,937,796,2298
872,755,29,1656
888,443,407,1738
294,197,100,591
240,983,77,1300
880,702,799,2381
604,264,249,1117
787,292,361,1440
709,762,555,2026
567,739,848,2154
556,543,402,1501
967,638,673,2278
414,357,690,1461
74,879,872,1825
478,231,116,825
9,270,93,372
314,540,225,1079
918,255,225,1398
561,380,784,1725
109,49,995,1153
957,195,437,1589
549,492,256,1297
942,68,927,1937
926,453,663,2042
54,901,392,1347
673,415,942,2030
641,545,913,2099
261,998,894,2153
328,174,63,565
636,840,912,2388
296,529,694,1519
92,418,800,1310
198,616,425,1239
314,308,614,1236
819,584,916,2319
685,911,129,1725
485,353,48,886
773,800,648,2221
856,648,677,2181
883,717,276,1876
726,37,94,857
108,70,158,336
389,73,878,1340
387,371,934,1692
304,809,485,1598
166,518,783,1467
779,518,242,1539
797,52,422,1271
687,134,930,1751
161,29,435,625
18,260,180,458
721,295,214,1230
922,5,916,1843
921,890,309,2120
325,38,574,937
78,858,699,1635
552,955,415,1922
640,316,582,1538
758,604,188,1550
178,327,165,670
711,992,153,1856
773,918,136,1827
182,661,314,1157
294,649,980,1923
172,529,411,1112
658,299,488,1445
932,275,666,1873
1000,568,801,2369
605,939,496,2040
536,428,827,1791
95,2,206,303
55,231,52,338
408,88,673,1169
160,908,743,1811
965,451,906,2322
621,294,496,1411
949,691,345,1985
596,177,401,1174
975,634,324,1933
671,723,616,2010
771,305,376,1452
45,140,890,1075
661,811,476,1948
260,96,307,663
126,201,843,1170
76,775,614,1465
441,575,153,1169
241,230,694,1165
970,167,533,1670
318,126,237,681
732,664,994,2390
966,852,733,2551
670,322,203,1195
416,654,795,1865
1000,6,799,1805
844,854,438,2136
695,896,244,1835
442,66,613,1121
479,157,137,773
998,473,793,2264
446,542,998,1986
575,301,900,1776
446,691,541,1678
339,233,730,1302
893,698,826,2417
781,3,657,1441
725,671,975,2371
481,981,33,1495
137,286,377,800
865,321,583,1769
24,856,393,1273
50,884,100,1034
287,964,972,2223
318,864,27,1209
188,334,106,628
512,582,249,1343
254,11,321,586
276,1000,474,1750
681,488,771,1940
646,508,460,1614
327,692,892,1911
947,173,171,1291
891,587,164,1642
482,340,535,1357
344,513,725,1582
779,153,352,1284
735,252,813,1800
740,280,835,1855
577,596,794,1967
522,279,535,1336
521,438,862,1821
822,448,587,1857
170,444,762,1376
488,801,802,2091
134,147,164,445
381,973,43,1397
623,311,809,1743
273,816,987,2076
464,311,500,1275
16,682,309,1007
114,360,673,1147
150,649,914,1713
23,190,17,230
171,19,235,425
227,489,950,1666
454,518,956,1928
706,248,744,1698
669,641,22,1332
484,785,779,2048
724,746,872,2342
272,563,482,1317
655,767,495,1917
412,287,88,787
831,658,266,1755
822,70,81,973
258,200,953,1411
534,729,787,2050
216,310,354,880
47,594,194,835
27,665,32,724
787,579,561,1927
85,519,566,1170
700,310,339,1349
193,140,68,401
746,599,985,2330
961,815,596,2372
502,807,744,2053
427,813,394,1634
688,360,624,1672
60,710,216,986
67,433,825,1325
503,91,913,1507
317,567,780,1664
446,451,993,1890
904,855,501,2260
858,154,283,1295
763,882,980,2625
56,754,86,896
178,965,47,1190
205,499,886,1590
756,686,982,2424
613,58,283,954
695,74,237,1006
630,755,227,1612
408,266,998,1672
314,996,439,1749
162,12,998,1172
700,88,962,1750
693,895,271,1859
824,252,872,1948
803,630,690,2123
420,503,435,1358
124,531,746,1401
175,412,494,1081
508,62,573,1143
214,390,595,1199
719,736,913,2368
584,352,352,1288
500,846,482,1828
603,751,370,1724
908,435,209,1552
128,292,728,1148
922,275,666,1863
281,698,63,1042
33,546,46,625
373,265,615,1253
717,951,762,2430
679,193,576,1448
934,493,421,1848
997,100,354,1451
133,379,510,1022
914,132,118,1164
126,446,191,763
413,470,583,1466
990,800,909,2699
137,717,390,1244
564,738,523,1825
124,67,747,938
490,920,765,2175
365,920,239,1524
995,130,102,1227
993,197,421,1611
424,740,951,2115
556,188,545,1289
55,942,865,1862
356,972,364,1692
221,284,204,709
389,338,246,973
921,37,576,1534
880,547,332,1759
461,877,663,2001
429,793,101,1323
268,307,224,799
608,92,210,910
926,859,855,2640
284,419,632,1335
515,340,624,1479
280,83,787,1150
492,858,288,1638
666,283,279,1228
946,748,769,2463
339,805,809,1953
775,27,39,841
423,553,231,1207
22,928,822,1772
115,694,436,1245
568,492,224,1284
527,298,232,1057
275,56,843,1174
157,668,72,897
899,666,959,2524
393,422,414,1229
179,317,376,872
669,560,582,1811
932,511,895,2338
31,504,708,1243
459,484,670,1613
67,62,262,391
321,127,918,1366
54,682,482,1218
764,158,647,1569
516,728,369,1613
926,723,97,1746
661,125,887,1673
728,78,553,1359
118,534,993,1645
595,540,263,1398
487,951,905,2343
993,671,805,2469
516,307,206,1029
639,458,538,1635
14,61,648,723
342,316,767,1425
167,675,580,1422
201,537,214,952
17,986,463,1466
129,332,389,850
608,750,456,1814
339,88,507,934
998,724,558,2280
598,205,889,1692
219,869,92,1180
176,962,579,1717
340,558,763,1661
402,167,81,650
574,570,8,1152
755,618,693,2066
309,449,738,1496
146,475,789,1410
134,947,976,2057
913,414,297,1624
266,969,964,2199
331,194,126,651
454,852,198,1504
218,564,8,790
488,409,698,1595
431,786,125,1342
971,53,749,1773
272,416,242,930
160,741,625,1526
547,380,827,1754
240,416,673,1329
843,751,714,2308
759,58,670,1487
382,797,635,1814
93,889,828,1810
980,783,327,2090
478,502,123,1103
333,879,195,1407
436,645,743,1824
890,282,29,1201
237,326,887,1450
953,387,825,2165
896,997,919,2812
852,386,819,2057
955,416,692,2063
60,550,394,1004
636,486,385,1507
625,975,341,1941
527,913,727,2167
374,530,951,1855
932,347,60,1339
560,712,657,1929
906,70,428,1404
803,304,533,1640
732,898,966,2596
783,950,745,2478
601,669,55,1325
568,229,577,1374
190,40,29,259
263,599,386,1248
893,845,189,1927
33,726,967,1726
172,322,457,951
886,46,80,1012
930,197,554,1681
409,822,887,2118
790,82,836,1708
402,666,38,1106
113,273,39,425
91,186,261,538
543,41,142,726
81,398,756,1235
47,263,260,570
635,358,737,1730
483,245,742,1470
823,19,342,1184
334,900,406,1640
867,412,47,1326
271,259,830,1360
984,259,774,2017
702,163,251,1116
175,803,993,1971
818,704,899,2421
877,379,194,1450
48,117,211,376
63,359,103,525
487,599,479,1565
476,800,379,1655
574,880,875,2329
618,575,679,1872
294,283,247,824
579,468,292,1339
861,827,265,1953
635,400,142,1177
259,811,64,1134
162,952,370,1484
763,264,546,1573
698,77,102,877
813,63,580,1456
5,958,705,1668
25,862,62,949
246,899,709,1854
397,444,37,878
26,301,63,390
717,147,601,1465
608,289,790,1687
388,537,38,963
869,133,685,1687
339,199,339,877
391,577,76,1044
266,126,402,794
870,432,954,2256
384,627,903,1914
769,202,365,1336
204,635,101,940
862,581,104,1547
641,196,465,1302
114,101,54,269
203,802,502,1507
568,825,491,1884
861,920,515,2296
892,379,729,2000
51,315,708,1074
940,223,160,1323
832,867,691,2390
953,197,796,1946
226,499,917,1642
72,595,817,1484
466,507,642,1615
110,209,991,1310
762,688,35,1485
452,566,66,1084
712,116,466,1294
861,170,369,1400
670,137,236,1043
714,694,277,1685
525,722,965,2212
620,20,517,1157
148,527,879,1554
245,300,723,1268
207,245,581,1033
988,172,403,1563
805,781,420,2006
450,655,346,1451
924,850,836,2610
660,474,960,2094
649,385,405,1439
837,768,334,1939
300,516,299,1115
125,350,665,1140
527,119,41,687
953,667,857,2477
983,232,354,1569
66,703,121,890
679,628,699,2006
758,911,386,2055
423,911,905,2239
202,969,303,1474
851,645,755,2251
164,97,882,1143
819,391,140,1350
805,486,626,1917
877,870,248,1995
851,900,442,2193
634,701,770,2105
75,713,950,1738
486,144,214,844
490,939,571,2000
967,338,754,2059
749,922,820,2491
127,892,711,1730
483,26,241,750
212,518,708,1438
486,316,682,1484
340,632,781,1753
376,642,813,1831
741,169,657,1567
535,965,22,1522
442,35,534,1011
700,505,843,2048
382,531,387,1300
396,61,673,1130
494,575,265,1334
577,590,929,2096
523,52,230,805
639,447,0,1086
389,341,57,787
942,505,120,1567
251,626,268,1145
973,565,400,1938
703,739,565,2007
96,528,260,884
981,806,852,2639
392,277,70,739
821,718,185,1724
313,191,52,556
26,309,587,922
924,569,212,1705
46,269,334,649
595,23,423,1041
321,949,739,2009
828,270,589,1687
995,38,591,1624
583,490,588,1661
226,814,363,1403
476,745,705,1926
458,288,395,1141
105,705,760,1570
760,993,140,1893
252,782,379,1413
944,138,429,1511
669,812,170,1651
11,527,176,714
177,113,288,578
367,463,80,910
298,656,463,1417
971,387,764,2122
735,306,736,1777
5,820,390,1215
556,615,197,1368
517,435,748,1700
896,584,635,2115
424,926,164,1514
508,165,264,937
349,896,92,1337
892,306,964,2162
388,273,98,759
938,91,177,1206
515,242,527,1284
88,279,186,553
57,510,527,1094
610,300,560,1470
852,888,939,2679
953,897,539,2389
29,916,682,1627
913,595,304,1812
211,28,716,955
702,86,510,1298
980,507,420,1907
671,19,210,900
496,981,416,1893
996,736,502,2234
595,343,36,974
752,733,653,2138
685,78,914,1677
450,175,876,1501
764,420,354,1538
1000,27,243,1270
713,477,409,1599
975,592,228,1795
866,653,323,1842
517,487,71,1075
848,303,605,1756
536,614,517,1667
244,66,237,547
628,291,45,964
95,854,981,1930
127,114,668,909
312,653,340,1305
761,393,833,1987
885,134,669,1688
792,581,495,1868
541,197,956,1694
760,17,985,1762
519,208,196,923
758,439,479,1676
180,577,401,1158
21,94,833,948
952,702,710,2364
989,656,622,2267
870,339,749,1958
397,462,979,1838
851,604,981,2436
262,675,127,1064
264,983,157,1404
518,772,94,1384
45,150,31,226
35,715,147,897
379,355,537,1271
855,272,831,1958
569,740,496,1805
605,521,656,1782
566,821,713,2100
990,662,791,2443
660,199,994,1853
236,756,810,1802
873,92,183,1148
85,927,280,1292
132,801,313,1246
101,181,28,310
986,899,690,2575
663,775,552,1990
600,842,389,1831
667,156,563,1386
338,776,950,2064
97,983,886,1966
697,340,848,1885
564,385,910,1859
299,976,90,1365
702,520,681,1903
409,147,746,1302
910,593,387,1890
361,634,831,1826
155,660,35,850
143,546,539,1228
5,812,488,1305
75,2,291,368
994,822,230,2046
144,441,356,941
251,29,17,297
477,224,834,1535
145,469,714,1328
234,13,227,474
973,170,943,2086
50,304,602,956
846,555,568,1969
359,165,251,775
76,890,363,1329
612,183,766,1561
419,744,577,1740
344,924,44,1312
404,357,892,1653
265,13,156,434
954,492,204,1650
150,852,667,1669
660,231,881,1772
705,485,81,1271
786,888,813,2487
211,809,993,2013
392,297,20,709
281,84,204,569
245,672,417,1334
674,576,939,2189
28,273,355,656
564,84,668,1316
355,3,216,574
493,394,992,1879
426,164,195,785
228,406,183,817
914,993,809,2716
717,952,852,2521
874,268,89,1231
80,848,345,1273
760,960,193,1913
739,149,421,1309
722,425,881,2028
176,653,703,1532
462,294,311,1067
468,78,81,627
849,994,713,2556
176,684,480,1340
625,54,134,813
993,153,884,2030
489,666,351,1506
874,83,989,1946
707,687,679,2073
227,356,608,1191
821,253,258,1332
183,249,400,832
693,48,17,758
27,941,752,1720
462,346,191,999
159,116,419,694
146,605,534,1285
881,374,983,2238
171,813,38,1022
854,410,573,1837
408,507,86,1001
310,52,20,382
317,761,889,1967
818,774,403,1995
393,279,127,799
507,777,726,2010
369,900,68,1337
521,800,198,1519
731,805,347,1883
581,709,916,2206
804,630,707,2141
932,391,698,2021
305,739,571,1615
149,319,527,995
375,428,850,1653
713,647,734,2094
982,404,677,2063
504,533,762,1799
651,558,998,2207
215,324,637,1176
844,919,365,2128
149,769,2,920
774,671,358,1803
544,226,819,1589
982,634,816,2432
78,64,798,940
677,533,219,1429
149,854,509,1512
193,310,637,1140
986,429,97,1512
295,337,827,1459
222,282,848,1352
892,387,865,2144
191,857,230,1278
879,726,970,2575
376,951,26,1353
212,920,742,1874
92,293,959,1344
802,197,583,1582
881,146,384,1411
941,324,459,1724
298,331,340,969
305,425,96,826
768,720,666,2154
442,41,524,1007
655,698,468,1821
7,65,437,509
364,326,209,899
287,230,418,935
810,481,386,1677
781,995,5,1781
496,305,743,1544
582,382,290,1254
592,777,818,2187
784,819,56,1659
422,992,877,2291
510,804,108,1422
836,668,83,1587
136,320,575,1031
394,540,14,948
758,481,922,2161
853,623,971,2447
221,855,863,1939
440,922,840,2202
145,713,699,1557
405,805,417,1627
438,786,107,1331
643,937,628,2208
226,535,637,1398
174,532,756,1462
927,326,520,1773
268,212,354,834
542,688,726,1956
441,283,578,1302
541,500,565,1606
917,379,246,1542
569,625,546,1740
617,831,764,2212
448,898,510,1856
877,365,689,1931
121,275,311,707
274,775,621,1670
538,308,943,1789
540,685,786,2011
478,167,340,985
110,639,590,1339
3,321,463,787
325,249,563,1137
584,779,857,2220
457,705,638,1800
471,565,632,1668
816,861,868,2545
628,800,767,2195
752,237,317,1306
915,250,54,1219
19,1000,600,1619
849,14,77,940
204,816,60,1080
792,475,928,2195
808,146,613,1567
234,420,812,1466
929,917,30,1876
41,127,127,295
972,849,454,2275
311,747,252,1310
542,44,627,1213
258,844,370,1472
406,689,426,1521
659,548,297,1504
79,581,50,710
965,430,723,2118
166,367,954,1487
734,251,722,1707
185,247,579,1011
435,994,800,2229
664,902,505,2071
802,239,111,1152
683,362,539,1584
709,415,101,1225
558,910,692,2160
819,328,371,1518
822,589,712,2123
563,612,394,1569
712,604,805,2121
824,70,975,1869
956,294,931,2181
246,390,189,825
365,456,724,1545
191,196,124,511
146,767,407,1320
554,291,253,1098
641,828,20,1489
449,715,469,1633
721,44,806,1571
66,943,153,1162
460,357,921,1738
823,932,561,2316
467,50,974,1491
29,873,254,1156
458,654,296,1408
463,793,116,1372
429,731,845,2005
781,442,507,1730
459,147,262,868
926,717,979,2622
992,969,82,2043
127,997,986,2110
553,125,922,1600
444,818,949,2211
728,615,685,2028
330,111,776,1217
366,960,54,1380
462,195,155,812
449,456,947,1852
119,481,865,1465
560,853,145,1558
231,229,406,866
281,958,104,1343
877,403,707,1987
562,9,181,752
972,118,586,1676
650,555,85,1290
74,429,881,1384
829,386,558,1773
941,619,252,1812
754,750,319,1823
752,8,793,1553
835,93,116,1044
712,729,932,2373
932,950,101,1983
157,170,672,999
878,571,132,1581
41,867,989,1897
944,66,84,1094
47,676,828,1551
554,264,75,893
356,850,756,1962
754,182,382,1318
47,169,817,1033
551,666,450,1667
161,42,175,378
115,674,925,1714
264,965,968,2197
583,381,181,1145
802,764,124,1690
505,8,388,901
854,883,135,1872
677,960,11,1648
442,210,93,745
368,384,255,1007
527,136,571,1234
749,448,949,2146
160,767,441,1368
176,593,276,1045
663,394,998,2055
710,336,450,1496
628,156,260,1044
409,759,615,1783
994,988,734,2716
557,66,514,1137
491,637,659,1787
101,788,366,1255
510,827,354,1691
572,536,503,1611
34,820,563,1417
803,563,979,2345
63,440,63,566
27,907,527,1461
43,839,778,1660
401,999,987,2387
368,781,277,1426
673,731,697,2101
294,550,747,1591
561,123,46,730
52,518,566,1136
537,755,2,1294
333,673,647,1653
811,148,205,1164
980,842,190,2012
524,805,319,1648
296,794,757,1847
986,981,863,2830
887,211,714,1812
691,405,888,1984
417,980,391,1788
457,7,756,1220
116,281,346,743
6,793,111,910
432,646,609,1687
492,162,821,1475
982,279,490,1751
723,574,957,2254
479,905,85,1469
595,216,576,1387
121,316,533,970
614,65,34,713
986,557,746,2289
881,299,870,2050
973,563,710,2246
6,450,916,1372
407,65,625,1097
212,248,248,708
522,395,276,1193
547,862,114,1523
890,866,780,2536
493,459,583,1535
129,392,693,1214
647,669,264,1580
504,947,206,1657
415,735,720,1870
271,622,127,1020
856,428,843,2127
534,606,885,2025
678,723,883,2284
739,977,662,2378
484,714,610,1808
162,275,458,895
419,750,561,1730
768,755,608,2131
516,92,322,930
496,255,594,1345
133,466,136,735
182,162,317,661
427,528,545,1500
470,302,845,1617
93,246,278,617
794,557,193,1544
40,705,779,1524
978,141,241,1360
573,157,96,826
75,804,86,965
174,655,195,1024
894,164,158,1216
812,254,996,2062
459,587,973,2019
97,281,603,981
330,194,448,972
755,791,151,1697
529,495,331,1355
885,108,813,1806
57,976,312,1345
942,971,831,2744
40,246,973,1259
934,937,345,2216
748,420,982,2150
676,869,273,1818
737,635,698,2070
614,459,388,1461
114,539,628,1281
138,386,910,1434
479,428,310,1217
155,764,899,1818
287,587,143,1017
581,198,854,1633
50,702,757,1509
252,333,232,817
352,342,16,710
146,527,315,988
936,94,187,1217
196,761,776,1733
60,536,170,766
311,16,566,893
650,551,2,1203
524,184,968,1676
877,890,336,2103
787,909,578,2274
899,811,298,2008
40,932,669,1641
183,358,920,1461
418,263,336,1017
868,720,91,1679
584,921,384,1889
409,767,809,1985
138,111,75,324
379,624,540,1543
983,705,688,2376
594,75,581,1250
982,481,100,1563
761,641,0,1402
706,8,240,954
298,114,724,1136
375,68,771,1214
462,530,216,1208
512,829,685,2026
391,973,990,2354
703,461,664,1828
87,667,960,1714
958,126,696,1780
260,168,42,470
911,13,825,1749
190,539,738,1467
163,888,557,1608
139,256,367,762
524,80,130,734
133,833,958,1924
919,548,594,2061
226,990,77,1293
651,8,932,1591
221,707,609,1537
37,9,994,1040
115,343,112,570
268,339,972,1579
903,440,573,1916
414,141,843,1398
604,127,228,959
529,855,676,2060
221,899,154,1274
329,795,528,1652
429,129,837,1395
862,49,425,1336
538,788,212,1538
441,251,836,1528
697,979,49,1725
767,642,687,2096
798,247,875,1920
950,64,949,1963
130,748,340,1218
708,720,748,2176
523,528,738,1789
750,586,991,2327
810,808,689,2307
100,221,438,759
154,536,627,1317
300,631,283,1214
548,3,509,1060
644,15,84,743
827,212,478,1517
872,253,447,1572
919,77,266,1262
391,89,840,1320
302,216,513,1031
854,815,943,2612
221,348,522,1091
673,108,865,1646
321,166,661,1148
765,289,815,1869
632,499,61,1192
191,673,708,1572
174,91,526,791
272,114,877,1263
304,397,633,1334
360,535,954,1849
725,618,86,1429
542,347,341,1230
346,406,724,1476
870,866,210,1946
757,407,991,2155
311,531,751,1593
273,350,434,1057
722,795,857,2374
264,487,261,1012
214,449,993,1656
964,712,38,1714
135,70,962,1167
674,718,849,2241
527,714,853,2094
354,865,581,1800
158,784,854,1796
876,930,527,2333
427,364,218,1009
151,123,181,455
734,826,464,2024
2,580,899,1481
922,654,889,2465
747,634,910,2291
919,451,6,1376
516,534,696,1746
770,228,737,1735
638,48,255,941
980,536,17,1533
75,733,372,1180
591,950,231,1772
247,654,195,1096
434,678,92,1204
194,840,485,1519
450,449,586,1485
378,584,696,1658
382,145,111,638
679,511,813,2003
302,459,304,1065
936,772,882,2590
729,314,836,1879
236,206,197,639
624,832,860,2316
670,621,18,1309
685,186,270,1141
562,204,171,937
376,174,552,1102
385,629,359,1373
205,920,846,1971
401,542,615,1558
5,114,961,1080
768,841,146,1755
568,655,382,1605
889,419,829,2137
444,302,96,842
810,732,495,2037
550,422,784,1756
211,103,173,487
234,287,990,1511
976,690,24,1690
35,613,924,1572
592,225,28,845
918,274,745,1937
683,344,34,1061
182,705,98,985
88,374,669,1131
174,345,109,628
755,898,735,2388
179,425,761,1365
910,350,828,2088
463,150,773,1386
833,663,704,2200
381,558,719,1658
521,333,18,872
288,540,749,1577
558,742,865,2165
66,628,450,1144
504,771,572,1847
959,121,287,1367
275,109,707,1091
261,493,948,1702
678,103,466,1247
56,124,768,948
699,219,448,1366
145,412,604,1161
798,608,749,2155
69,754,415,1238
642,388,374,1404
631,446,349,1426
178,993,637,1808
745,300,24,1069
171,496,709,1376
167,811,228,1206
560,499,749,1808
458,105,552,1115
391,832,517,1740
591,759,977,2327
197,592,676,1465
325,288,68,681
717,53,271,1041
434,165,182,781
90,768,630,1488
363,926,716,2005
451,137,836,1424
761,270,112,1143
63,627,493,1183
523,953,639,2115
948,808,856,2612
599,575,912,2086
404,874,391,1669
110,862,516,1488
36,824,24,884
945,50,696,1691
134,8,0,142
608,179,890,1677
827,147,668,1642
609,664,740,2013
592,705,807,2104
804,906,427,2137
634,774,996,2404
187,968,72,1227
631,47,251,929
359,292,609,1260
25,971,223,1219
107,201,761,1069
522,756,656,1934
544,102,615,1261
80,128,778,986
288,696,452,1436
346,783,19,1148
465,247,274,986
539,176,438,1153
921,537,609,2067
121,613,15,749
113,571,134,818
32,204,246,482
316,724,81,1121
102,192,486,780
765,200,206,1171
6,933,582,1521
288,629,876,1793
662,826,978,2466
570,894,579,2043
635,986,646,2267
526,432,776,1734
114,924,972,2010
172,860,438,1470
802,67,845,1714
782,915,339,2036
894,800,274,1968
658,871,705,2234
889,902,828,2619
140,482,346,968
101,684,862,1647
946,249,83,1278
267,865,344,1476
425,554,244,1223
98,741,468,1307
508,237,192,937
62,749,774,1585
82,6,319,407
534,966,297,1797
305,223,47,575
413,371,395,1179
13,20,97,130
95,981,185,1261
276,949,692,1917
788,126,98,1012
640,144,795,1579
75,578,105,758
302,850,604,1756
712,927,873,2512
289,617,912,1818
291,72,768,1131
576,794,578,1948
821,724,497,2042
732,229,553,1514
562,144,555,1261
208,198,62,468
785,455,207,1447
156,867,258,1281
752,619,280,1651
862,123,680,1665
787,518,390,1695
770,179,264,1213
209,983,492,1684
346,49,198,593
534,14,206,754
16,365,546,927
507,208,474,1189
924,521,926,2371
428,978,97,1503
843,36,968,1847
402,869,809,2080
242,945,767,1954
747,700,478,1925
972,808,298,2078
64,852,109,1025
870,830,270,1970
605,587,304,1496
596,814,316,1726
994,903,201,2098
264,617,918,1799
354,527,290,1171
648,519,354,1521
859,807,469,2135
458,781,854,2093
182,522,493,1197
848,631,449,1928
845,474,589,1908
286,255,83,624
181,475,981,1637
574,998,519,2091
11,115,853,979
16,771,93,880
294,34,132,460
344,437,967,1748
983,785,353,2121
419,250,202,871
667,188,943,1798
984,919,468,2371
264,232,775,1271
325,292,893,1510
526,276,0,802
696,573,729,1998
160,452,693,1305
595,147,550,1292
685,957,84,1726
32,708,218,958
683,931,375,1989
777,113,350,1240
915,291,383,1589
717,362,496,1575
695,64,845,1604
17,396,568,981
136,554,746,1436
623,457,695,1775
782,498,128,1408
83,393,434,910
828,57,440,1325
424,788,911,2123
340,35,337,712
941,120,872,1933
17,569,40,626
635,872,885,2392
244,260,670,1174
8,524,649,1181
851,212,286,1349
140,303,913,1356
680,829,916,2425
187,559,327,1073
575,627,685,1887
163,341,530,1034
139,779,582,1500
365,774,449,1588
445,436,637,1518
986,911,883,2780
297,166,253,716
1000,232,821,2053
986,997,429,2412
453,997,578,2028
751,10,637,1398
457,389,484,1330
401,272,724,1397
674,857,469,2000
270,877,350,1497
669,969,405,2043
215,695,504,1414
486,595,63,1144
550,150,869,1569
113,766,937,1816
115,927,882,1924
370,18,735,1123
498,13,381,892
970,792,204,1966
804,300,463,1567
629,826,31,1486
944,587,995,2526
579,934,222,1735
252,262,101,615
582,308,474,1364
113,483,129,725
866,514,450,1830
336,925,97,1358
728,1,63,792
420,55,450,925
305,736,976,2017
223,958,527,1708
58,857,419,1334
337,741,143,1221
548,697,713,1958
780,504,295,1579
280,277,700,1257
679,929,603,2211
597,71,936,1604
233,335,913,1481
888,7,602,1497
545,242,168,955
680,989,874,2543
296,838,907,2041
318,469,822,1609
735,672,817,2224
490,757,87,1334
696,968,951,2615
771,101,417,1289
518,273,692,1483
238,452,982,1672
419,412,386,1217
700,306,464,1470
878,313,675,1866
787,560,8,1355
988,670,939,2597
945,774,859,2578
883,712,504,2099
462,294,862,1618
373,229,685,1287
218,12,39,269
568,201,250,1019
658,845,330,1833
697,150,747,1594
888,64,285,1237
691,495,769,1955
796,870,749,2415
738,740,463,1941
38,239,671,948
403,9,67,479
639,884,688,2211
299,202,684,1185
675,473,303,1451
99,594,973,1666
409,967,446,1822
120,508,479,1107
618,972,117,1707
731,301,233,1265
54,737,786,1577
256,256,244,756
759,140,483,1382
128,224,293,645
19,895,859,1773
224,73,874,1171
250,525,730,1505
376,383,249,1008
856,509,56,1421
545,359,673,1577
96,187,887,1170
635,650,877,2162
830,139,391,1360
893,332,364,1589
217,348,139,704
762,90,485,1337
356,568,451,1375
18,907,956,1881
690,97,247,1034
941,564,296,1801
996,186,673,1855
861,742,425,2028
596,292,33,921
173,341,800,1314
870,890,304,2064
303,916,392,1611
631,185,762,1578
132,177,654,963
10,297,831,1138
100,248,442,790
676,731,377,1784
279,506,162,947
557,292,122,971
477,815,69,1361
292,522,846,1660
781,629,136,1546
790,419,851,2060
279,498,673,1450
201,97,475,773
245,614,889,1748
390,130,639,1159
541,554,192,1287
713,933,443,2089
883,523,541,1947
896,13,401,1310
432,574,21,1027
572,501,225,1298
818,252,149,1219
985,249,455,1689
727,970,639,2336
497,449,536,1482
911,122,239,1272
848,464,492,1804
269,398,982,1649
311,968,175,1454
870,160,816,1846
906,924,713,2543
647,39,719,1405
232,979,724,1935
500,188,774,1462
156,208,945,1309
1,60,591,652
149,87,5,241
509,224,991,1724
289,957,25,1271
164,504,337,1005
773,589,674,2036
915,539,359,1813
38,21,775,834
551,642,244,1437
757,208,806,1771
454,67,337,858
139,718,976,1833
574,846,632,2052
342,649,349,1340
348,229,25,602
75,12,578,665
515,323,904,1742
482,749,939,2170
835,825,957,2617
410,736,863,2009
968,472,698,2138
510,523,926,1959
244,824,532,1600
149,809,275,1233
829,287,202,1318
927,815,995,2737
114,931,143,1188
746,773,204,1723
879,234,720,1833
353,628,925,1906
800,968,247,2015
389,832,279,1500
110,724,646,1480
446,189,717,1352
869,758,404,2031
836,880,475,2191
42,709,877,1628
895,620,68,1583
397,541,816,1754
544,55,516,1115
936,912,171,2019
501,4,765,1270
357,48,890,1295
140,854,171,1165
830,713,123,1666
894,240,740,1874
240,440,992,1672
525,143,673,1341
664,832,568,2064
867,713,965,2545
914,261,511,1686
896,485,199,1580
576,249,822,1647
518,208,900,1626
22,832,388,1242
174,388,413,975
599,807,263,1669
139,472,317,928
554,109,796,1459
513,990,585,2088
965,950,802,2717
71,642,1000,1713
32,386,694,1112
669,611,7,1287
57,504,326,887
170,141,248,559
576,409,788,1773
770,988,853,2611
798,956,714,2468
959,342,867,2168
443,92,167,702
889,36,111,1036
904,630,306,1840
941,361,996,2298
618,147,350,1115
216,461,298,975
555,77,303,935
439,523,101,1063
265,346,52,663
986,982,475,2443
200,573,704,1477
300,266,679,1245
944,676,931,2551
958,235,153,1346
932,907,808,2647
536,287,893,1716
622,756,845,2223
903,415,925,2243
86,352,473,911
109,135,974,1218
100,995,440,1535
51,265,235,551
742,252,80,1074
576,354,584,1514
177,106,149,432
670,941,35,1646
373,58,933,1364
765,375,298,1438
503,391,804,1698
924,824,238,1986
974,771,424,2169
980,666,811,2457
591,958,777,2326
749,14,409,1172
50,808,608,1466
55,939,893,1887
376,655,578,1609
24,79,905,1008
304,541,552,1397
168,130,512,810
886,388,558,1832
174,844,915,1933
606,68,508,1182
741,940,143,1824
346,39,25,410
686,881,57,1624
485,972,174,1631
885,879,243,2007
222,415,183,820
334,466,871,1671
876,164,238,1278
619,586,838,2043
440,203,576,1219
321,905,926,2152
562,939,466,1967
878,670,949,2497
542,804,889,2235
866,148,726,1740
655,292,963,1910
161,784,762,1707
757,718,752,2227
915,581,282,1778
132,52,389,573
797,623,950,2370
549,234,862,1645
765,32,482,1279
428,839,826,2093
5,981,882,1868
658,836,601,2095
597,300,416,1313
522,567,650,1739
980,833,243,2056
725,532,608,1865
102,240,734,1076
361,24,18,403
512,406,191,1109
660,299,308,1267
933,885,175,1993
995,216,701,1912
334,427,522,1283
362,545,745,1652
856,560,429,1845
441,931,546,1918
876,93,877,1846
86,624,880,1590
116,559,712,1387
384,77,472,933
511,595,788,1894
173,481,293,947
746,291,99,1136
854,605,940,2399
425,339,912,1676
653,180,531,1364
617,278,306,1201
197,865,732,1794
802,260,187,1249
976,335,353,1664
825,322,440,1587
849,16,324,1189
350,652,697,1699
807,268,843,1918
281,632,448,1361
254,122,563,939
266,425,896,1587
871,2,715,1588
869,370,547,1786
982,244,996,2222
296,726,759,1781
733,621,701,2055
710,732,159,1601
592,895,766,2253
705,982,444,2131
123,503,531,1157
12,907,688,1607
340,994,980,2314
181,776,51,1008
235,187,61,483
586,974,65,1625
242,996,210,1448
149,615,367,1131
238,665,468,1371
642,396,834,1872
845,277,62,1184
195,722,54,971
561,266,594,1421
922,462,71,1455
583,397,160,1140
209,281,729,1219
3,541,683,1227
23,750,173,946
351,820,668,1839
526,744,681,1951
576,806,754,2136
416,508,829,1753
432,34,570,1036
258,624,372,1254
913,885,935,2733
43,286,106,435
602,380,92,1074
314,959,561,1834
57,611,926,1594
796,797,958,2551
511,825,30,1366
30,985,285,1300
550,801,147,1498
479,639,759,1877
976,720,661,2357
512,557,715,1784
91,684,99,874
391,230,133,754
250,825,18,1093
855,882,928,2665
244,556,199,999
648,312,277,1237
974,348,910,2232
505,85,194,784
51,236,113,400
867,998,8,1873
625,398,785,1808
804,231,724,1759
920,954,820,2694
133,80,674,887
496,291,426,1213
600,124,252,976
256,31,901,1188
780,680,608,2068
221,122,675,1018
954,572,410,1936
818,321,195,1334
304,768,305,1377
465,482,181,1128
535,285,39,859
732,672,888,2292
826,36,598,1460
203,578,196,977
615,141,744,1500
31,258,831,1120
519,996,304,1819
584,810,301,1695
987,676,347,2010
738,942,97,1777
255,920,903,2078
567,328,212,1107
115,120,586,821
890,922,121,1933
852,485,609,1946
892,872,580,2344
655,277,843,1775
180,853,446,1479
927,150,663,1740
231,563,791,1585
815,140,662,1617
695,255,560,1510
858,564,186,1608
847,612,455,1914
454,969,212,1635
230,681,462,1373
755,983,860,2598
355,187,10,552
119,17,15,151
788,707,270,1765
725,470,776,1971
588,361,594,1543
766,282,580,1628
821,525,793,2139
97,390,806,1293
257,842,795,1894
663,404,855,1922
405,847,249,1501
560,475,609,1644
323,963,309,1595
212,817,214,1243
715,949,51,1715
326,924,194,1444
268,581,527,1376
442,506,42,990
77,402,324,803
183,630,137,950
634,910,615,2159
669,819,462,1950
637,625,132,1394
493,39,608,1140
837,210,349,1396
308,550,366,1224
311,807,849,1967
202,798,226,1226
16,460,323,799
965,856,363,2184
113,184,545,842
565,960,523,2048
371,215,670,1256
709,807,816,2332
709,266,116,1091
522,162,519,1203
641,925,875,2441
497,461,184,1142
721,316,343,1380
232,970,543,1745
614,978,405,1997
175,611,246,1032
840,851,648,2339
204,50,902,1156
41,484,33,558
109,395,689,1193
926,750,745,2421
746,432,466,1644
591,25,423,1039
548,486,204,1238
254,92,335,681
348,587,545,1480
221,950,43,1214
462,249,189,900
324,340,417,1081
412,829,48,1289
543,281,171,995
303,974,6,1283
358,296,302,956
666,820,455,1941
878,316,143,1337
745,86,385,1216
416,415,837,1668
346,314,340,1000
790,601,349,1740
529,456,816,1801
204,623,832,1659
350,72,990,1412
145,437,666,1248
854,639,781,2274
12,750,742,1504
884,206,209,1299
545,630,123,1298
376,91,176,643
288,857,587,1732
98,383,981,1462
327,695,20,1042
905,971,502,2378
15,499,514,1028
342,184,953,1479
144,199,438,781
255,748,189,1192
576,604,339,1519
698,301,122,1121
771,665,538,1974
863,767,54,1684
197,581,87,865
78,821,997,1896
618,590,11,1219
737,213,368,1318
621,569,965,2155
93,800,199,1092
883,771,925,2579
612,19,465,1096
693,657,775,2125
591,631,145,1367
667,640,727,2034
942,156,380,1478
327,231,662,1220
609,122,576,1307
605,146,238,989
182,946,49,1177
930,894,281,2105
820,126,808,1754
491,149,646,1286
434,966,500,1900
888,536,2,1426
276,551,470,1297
158,734,469,1361
552,806,729,2087
357,501,440,1298
741,939,371,2051
86,423,178,687
318,722,184,1224
865,715,613,2193
595,547,849,1991
464,27,820,1311
756,796,751,2303
62,316,255,633
498,678,803,1979
287,531,294,1112
785,504,535,1824
337,41,303,681
747,472,424,1643
295,874,383,1552
185,959,330,1474
905,869,819,2593
550,225,575,1350
435,242,547,1224
744,28,821,1593
417,645,834,1896
21,687,656,1364
941,596,647,2184
10,281,255,546
851,585,318,1754
548,512,932,1992
802,411,451,1664
282,409,695,1386
846,471,42,1359
275,948,220,1443
182,841,125,1148
434,910,402,1746
152,649,671,1472
657,719,409,1785
10,419,99,528
451,634,628,1713
898,702,849,2449
96,145,807,1048
364,487,986,1837
911,805,989,2705
20,797,346,1163
210,102,624,936
800,60,290,1150
866,942,706,2514
585,677,339,1601
466,981,643,2090
837,995,874,2706
397,277,544,1218
520,814,797,2131
328,437,772,1537
901,247,33,1181
929,424,299,1652
447,958,660,2065
6,968,983,1957
742,493,408,1643
86,274,282,642
864,675,437,1976
781,984,668,2433
210,123,632,965
533,698,176,1407
50,306,477,833
564,892,763,2219
130,285,114,529
723,100,932,1755
499,596,163,1258
149,373,301,823
561,216,162,939
943,137,985,2065
701,775,245,1721
396,649,397,1442
684,336,235,1255
49,957,181,1187
890,68,938,1896
920,107,526,1553
684,333,809,1826
712,945,120,1777
347,63,701,1111
89,823,478,1390
702,692,899,2293
641,560,236,1437
357,685,859,1901
874,804,575,2253
966,442,205,1613
885,433,324,1642
394,495,731,1620
573,728,227,1528
998,276,426,1700
481,429,53,963
589,977,253,1819
4,679,608,1291
186,477,128,791
601,768,136,1505
541,653,628,1822
23,37,699,759
965,840,229,2034
275,577,933,1785
268,173,606,1047
642,58,440,1140
432,407,29,868
751,360,924,2035
642,792,270,1704
186,624,725,1535
357,338,399,1094
363,910,31,1304
713,295,170,1178
122,839,41,1002
98,786,555,1439
516,834,689,2039
832,768,606,2206
871,743,597,2211
920,851,604,2375
535,162,796,1493
159,784,679,1622
201,487,332,1020
748,208,201,1157
124,425,947,1496
413,26,672,1111
6,782,778,1566
961,920,794,2675
110,904,208,1222
478,264,203,945
858,877,395,2130
868,509,416,1793
498,264,23,785
233,756,584,1573
296,439,208,943
955,729,624,2308
346,823,762,1931
936,809,891,2636
6,99,890,995
543,7,991,1541
683,284,83,1050
376,40,285,701
811,844,602,2257
295,20,391,706
450,357,123,930
792,296,704,1792
953,47,559,1559
377,918,461,1756
453,129,916,1498
80,84,120,284
930,191,838,1959
933,827,989,2749
294,145,928,1367
389,698,42,1129
440,225,849,1514
173,797,698,1668
174,608,914,1696
452,34,973,1459
254,1000,884,2138
538,902,784,2224
174,530,719,1423
146,964,916,2026
525,630,69,1224
328,603,494,1425
798,720,217,1735
553,320,618,1491
926,752,951,2629
407,15,996,1418
317,114,89,520
469,750,979,2198
804,650,321,1775
464,806,437,1707
788,576,379,1743
884,878,638,2400
217,501,309,1027
27,862,499,1388
525,102,667,1294
776,788,956,2520
750,653,203,1606
20,127,378,525
56,475,130,661
638,283,305,1226
484,469,385,1338
892,897,725,2514
679,656,798,2133
380,61,515,956
584,691,801,2076
102,237,874,1213
947,751,833,2531
507,77,862,1446
844,729,847,2420
861,195,587,1643
421,122,46,589
919,279,402,1600
805,293,783,1881
922,42,945,1909
128,136,36,300
606,398,959,1963
468,196,766,1430
881,2,60,943
164,552,765,1481
289,756,772,1817
500,713,782,1995
955,642,140,1737
624,173,334,1131
1000,398,723,2121
391,266,667,1324
634,947,681,2262
699,197,247,1143
275,126,421,822
586,847,796,2229
704,578,630,1912
531,901,957,2389
142,580,440,1162
649,927,412,1988
252,547,986,1785
582,42,800,1424
723,660,6,1389
754,162,781,1697
246,295,358,899
105,178,461,744
571,70,849,1490
634,457,541,1632
502,742,458,1702
129,297,708,1134
705,650,726,2081
986,125,544,1655
716,247,381,1344
873,8,915,1796
619,972,815,2406
186,679,520,1385
525,108,735,1368
0,111,408,519
851,423,238,1512
995,406,524,1925
757,143,186,1086
96,926,115,1137
291,889,268,1448
504,902,277,1683
426,168,435,1029
255,814,685,1754
344,796,350,1490
311,669,797,1777
446,315,261,1022
739,252,334,1325
722,9,537,1268
856,340,191,1387
612,645,794,2051
163,393,936,1492
817,79,697,1593
687,61,546,1294
40,46,22,108
385,249,560,1194
485,126,203,814
361,96,615,1072
933,163,476,1572
344,443,483,1270
67,125,904,1096
246,835,694,1775
580,240,862,1682
499,249,374,1122
284,209,206,699
212,710,957,1879
124,786,397,1307
230,26,802,1058
701,31,485,1217
210,198,795,1203
362,258,647,1267
797,16,944,1757
981,636,653,2270
693,745,534,1972
99,513,987,1599
258,65,728,1051
455,882,434,1771
28,753,455,1236
176,897,727,1800
514,41,333,888
166,14,970,1150
86,5,605,696
561,793,750,2104
284,48,108,440
865,617,163,1645
844,343,339,1526
369,75,427,871
805,889,846,2540
216,832,239,1287
428,381,589,1398
893,627,569,2089
765,464,976,2205
188,444,494,1126
972,942,981,2895
789,393,765,1947
753,959,490,2202
552,280,309,1141
75,972,738,1785
416,738,75,1229
669,380,943,1992
111,630,351,1092
423,642,896,1961
440,743,736,1919
434,700,431,1565
131,893,202,1226
816,586,212,1614
573,255,565,1393
559,931,320,1810
848,745,323,1916
401,758,530,1689
387,455,395,1237
164,224,215,603
840,490,571,1901
15,864,701,1580
244,653,966,1863
860,367,96,1323
778,509,359,1646
148,818,14,980
623,557,551,1731
364,758,873,1995
664,342,940,1946
571,926,5,1502
702,483,707,1892
180,494,376,1050
410,240,149,799
703,358,122,1183
691,41,361,1093
141,584,614,1339
306,969,338,1613
84,744,601,1429
1,628,180,809
13,418,971,1402
939,945,54,1938
439,10,121,570
310,920,369,1599
378,741,113,1232
934,128,43,1105
305,82,122,509
217,418,411,1046
88,126,64,278
617,301,221,1139
856,105,62,1023
546,942,226,1714
331,889,884,2104
563,879,36,1478
860,262,478,1600
231,779,986,1996
933,55,152,1140
429,425,963,1817
817,382,28,1227
771,871,198,1840
380,380,379,1139
124,229,761,1114
235,991,155,1381
539,74,418,1031
101,697,309,1107
164,767,803,1734
258,887,89,1234
959,600,470,2029
307,191,219,717
728,339,790,1857
760,378,395,1533
429,361,360,1150
186,736,88,1010
296,427,890,1613
966,588,600,2154
850,993,253,2096
396,457,273,1126
420,163,437,1020
334,30,9,373
569,816,106,1491
582,872,329,1783
952,310,127,1389
896,221,669,1786
150,977,633,1760
571,584,610,1765
996,831,589,2416
688,742,147,1577
898,452,83,1433
933,254,327,1514
391,703,208,1302
842,683,286,1811
832,465,966,2263
246,759,128,1133
354,927,786,2067
458,57,992,1507
540,736,969,2245
23,871,519,1413
87,818,613,1518
420,769,946,2135
65,628,189,882
434,684,496,1614
380,705,410,1495
587,302,617,1506
740,946,425,2111
307,222,899,1428
37,765,731,1533
341,913,13,1267
413,620,676,1709
850,414,85,1349
456,752,861,2069
520,393,774,1687
613,925,599,2137
501,712,501,1714
304,145,678,1127
619,445,640,1704
174,975,280,1429
910,334,398,1642
717,604,625,1946
421,5,945,1371
585,827,82,1494
789,64,150,1003
914,1,428,1343
588,201,625,1414
295,149,976,1420
552,357,422,1331
964,270,769,2003
999,505,967,2471
156,691,20,867
454,176,31,661
551,349,951,1851
131,657,403,1191
960,369,698,2027
411,551,605,1567
821,399,988,2208
211,549,799,1559
652,322,3,977
546,270,467,1283
622,692,393,1707
125,977,574,1676
145,10,871,1026
7,289,517,813
900,895,587,2382
771,217,620,1608
984,552,293,1829
885,227,420,1532
96,224,767,1087
250,955,69,1274
372,249,246,867
350,711,341,1402
407,374,592,1373
147,201,404,752
834,372,520,1726
426,590,187,1203
881,612,487,1980
62,335,189,586
135,933,90,1158
197,178,898,1273
777,948,958,2683
994,973,208,2175
775,589,757,2121
266,625,200,1091
350,88,740,1178
455,944,732,2131
524,395,528,1447
201,595,558,1354
257,559,662,1478
621,320,951,1892
714,453,344,1511
993,631,466,2090
916,260,602,1778
573,100,879,1552
376,332,298,1006
194,675,451,1320
820,650,295,1765
162,859,943,1964
963,813,186,1962
915,275,126,1316
802,593,500,1895
487,531,330,1348
115,949,351,1415
472,313,248,1033
316,362,336,1014
417,309,316,1042
988,247,285,1520
797,679,856,2332
523,759,559,1841
216,407,832,1455
564,274,190,1028
125,112,248,485
777,73,796,1646
537,391,15,943
712,288,79,1079
989,116,789,1894
158,588,438,1184
316,964,436,1716
21,69,445,535
596,797,235,1628
986,765,529,2280
193,472,665,1330
895,844,676,2415
444,599,617,1660
584,766,20,1370
319,472,441,1232
100,714,421,1235
260,809,282,1351
880,445,128,1453
925,117,208,1250
3,167,474,644
373,278,373,1024
828,693,946,2467
992,259,584,1835
341,481,508,1330
493,873,195,1561
369,137,770,1276
133,937,519,1589
537,327,69,933
991,356,974,2321
305,507,397,1209
224,68,43,335
681,922,896,2499
593,95,671,1359
318,147,236,701
763,794,662,2219
145,807,129,1081
343,593,880,1816
558,75,835,1468
323,224,305,852
137,169,240,546
156,733,941,1830
842,457,514,1813
941,531,170,1642
348,229,835,1412
236,591,571,1398
961,487,96,1544
122,377,576,1075
166,698,675,1539
218,329,540,1087
493,509,872,1874
192,285,705,1182
667,586,248,1501
733,466,56,1255
184,471,796,1451
174,545,885,1604
804,568,716,2088
821,932,827,2580
794,499,184,1477
48,8,236,292
269,584,908,1761
0,690,82,772
689,155,646,1490
479,766,218,1463
394,203,513,1110
261,280,669,1210
346,732,843,1921
671,94,598,1363
740,608,197,1545
607,195,682,1484
38,279,422,739
457,270,443,1170
935,767,956,2658
677,556,862,2095
732,29,146,907
469,84,779,1332
334,719,543,1596
977,709,176,1862
107,124,342,573
397,959,625,1981
222,734,881,1837
899,864,642,2405
125,359,876,1360
878,267,25,1170
615,186,498,1299
141,357,149,647
464,301,442,1207
865,158,101,1124
35,367,840,1242
491,867,455,1813
276,610,666,1552
911,228,214,1353
228,189,704,1121
841,520,509,1870
9,228,294,531
955,399,693,2047
220,895,771,1886
389,172,897,1458
148,861,819,1828
279,756,519,1554
204,980,195,1379
326,833,191,1350
296,654,239,1189
510,837,434,1781
361,657,111,1129
907,687,790,2384
977,151,420,1548
717,234,952,1903
687,953,519,2159
139,789,58,986
475,686,202,1363
787,710,26,1523
606,598,883,2087
696,734,248,1678
363,729,48,1140
710,775,498,1983
730,376,756,1862
221,784,300,1305
651,666,4,1321
259,326,546,1131
834,769,32,1635
873,212,176,1261
60,349,654,1063
700,783,630,2113
885,300,325,1510
74,596,484,1154
330,552,768,1650
947,849,210,2006
336,846,541,1723
366,417,300,1083
766,21,810,1597
875,111,770,1756
834,363,908,2105
75,202,926,1203
846,895,844,2585
872,384,833,2089
242,552,549,1343
561,875,48,1484
710,497,319,1526
452,597,469,1518
7,453,65,525
636,311,615,1562
999,534,874,2407
583,795,145,1523
327,215,337,879
320,8,858,1186
140,216,69,425
290,946,310,1546
973,841,273,2087
398,746,154,1298
740,669,621,2030
523,970,14,1507
528,263,156,947
393,245,151,789
593,851,291,1735
242,631,334,1207
881,767,994,2642
332,729,325,1386
233,140,458,831
477,34,288,799
732,349,255,1336
74,654,475,1203
674,290,449,1413
809,552,277,1638
244,140,809,1193
272,585,242,1099
222,637,279,1138
122,857,884,1863
101,610,26,737
769,975,354,2098
883,190,39,1112
523,552,622,1697
957,671,911,2539
199,920,471,1590
606,789,398,1793
95,350,723,1168
213,199,138,550
531,821,458,1810
983,76,852,1911
777,377,838,1992
726,328,905,1959
506,232,595,1333
485,819,435,1739
37,545,971,1553
488,785,306,1579
895,230,109,1234
704,39,355,1098
888,849,119,1856
172,809,65,1046
551,884,16,1451
707,271,836,1814
819,514,351,1684
797,402,987,2186
403,980,636,2019
956,604,132,1692
204,758,384,1346
692,877,773,2342
127,601,638,1366
887,51,335,1273
260,409,334,1003
243,126,425,794
358,375,269,1002
11,408,949,1368
533,784,608,1925
305,352,108,765
663,637,187,1487
368,513,538,1419
955,684,877,2516
189,627,942,1758
153,901,530,1584
642,555,600,1797
466,597,936,1999
671,906,845,2422
432,910,976,2318
239,621,922,1782
485,904,725,2114
665,181,155,1001
866,210,533,1609
795,494,967,2256
497,205,651,1353
462,127,239,828
162,79,286,527
5,583,124,712
867,75,723,1665
433,57,427,917
366,534,753,1653
56,262,897,1215
117,344,679,1140
199,791,362,1352
603,231,724,1558
360,26,88,474
993,107,817,1917
658,926,115,1699
537,666,734,1937
672,884,399,1955
828,529,907,2264
346,265,884,1495
116,800,189,1105
170,674,890,1734
214,74,332,620
811,895,337,2043
957,66,329,1352
126,851,368,1345
408,105,14,527
103,886,677,1666
179,61,663,903
963,582,609,2154
383,391,178,952
436,387,846,1669
207,100,708,1015
226,22,481,729
320,646,340,1306
2,345,54,401
907,673,281,1861
943,604,511,2058
211,453,453,1117
655,29,786,1470
651,248,312,1211
509,976,401,1886
340,741,293,1374
121,462,219,802
183,368,854,1405
157,636,114,907
878,434,639,1951
607,279,653,1539
609,853,55,1517
923,161,900,1984
916,554,744,2214
971,920,785,2676
433,11,521,965
271,620,268,1159
241,749,830,1820
543,108,337,988
62,925,717,1704
78,345,665,1088
241,408,11,660
475,113,591,1179
425,18,656,1099
208,844,902,1954
990,400,212,1602
670,47,226,943
984,605,42,1631
476,807,858,2141
643,248,147,1038
734,867,664,2265
356,753,331,1440
876,619,27,1522
453,395,208,1056
411,122,463,996
79,37,810,926
29,159,9,197
531,634,134,1299
178,494,327,999
695,317,162,1174
90,745,430,1265
303,704,846,1853
733,509,151,1393
622,694,965,2281
95,496,976,1567
77,798,826,1701
906,183,209,1298
973,117,883,1973
855,133,746,1734
951,376,381,1708
434,449,509,1392
78,631,889,1598
529,23,2,554
535,646,128,1309
686,852,742,2280
631,351,282,1264
1,535,876,1412
938,292,510,1740
592,982,979,2553
845,543,791,2179
953,451,498,1902
3,259,709,971
246,997,368,1611
454,255,835,1544
793,961,321,2075
767,658,26,1451
690,485,700,1875
134,551,826,1511
175,304,578,1057
173,388,570,1131
788,797,841,2426
292,963,300,1555
118,881,811,1810
743,307,712,1762
10,849,79,938
905,419,147,1471
593,0,386,979
665,382,791,1838
268,413,42,723
201,268,506,975
651,91,724,1466
953,628,754,2335
223,601,865,1689
433,33,840,1306
692,959,280,1931
204,364,922,1490
740,419,388,1547
551,694,915,2160
558,586,331,1475
381,60,413,854
363,470,533,1366
272,126,743,1141
747,578,481,1806
806,683,383,1872
999,447,619,2065
705,873,425,2003
357,765,360,1482
656,283,99,1038
67,942,902,1911
986,692,312,1990
444,837,493,1774
629,725,945,2299
723,243,338,1304
398,70,609,1077
690,144,554,1388
785,716,280,1781
72,168,496,736
773,757,855,2385
536,719,719,1974
469,378,796,1643
664,477,925,2066
846,680,210,1736
965,352,487,1804
771,2,844,1617
762,890,916,2568
779,397,765,1941
477,612,501,1590
753,365,742,1860
898,951,109,1958
325,377,145,847
879,113,79,1071
48,831,830,1709
776,136,340,1252
640,467,997,2104
560,490,869,1919
818,293,248,1359
895,54,58,1007
962,565,64,1591
833,556,401,1790
33,950,225,1208
629,795,920,2344
617,536,878,2031
390,415,390,1195
942,795,67,1804
457,218,793,1468
374,64,230,668
517,112,42,671
68,254,960,1282
20,658,426,1104
700,546,489,1735
351,70,866,1287
910,436,538,1884
645,566,158,1369
770,341,102,1213
262,446,28,736
476,747,971,2194
651,516,250,1417
519,206,205,930
769,557,15,1341
78,319,565,962
24,362,744,1130
230,692,427,1349
107,733,786,1626
618,889,421,1928
171,432,412,1015
588,905,538,2031
73,24,345,442
711,27,37,775
498,666,290,1454
735,821,995,2551
799,942,421,2162
684,909,307,1900
824,679,61,1564
623,804,279,1706
373,5,346,724
823,498,118,1439
439,868,72,1379
571,93,888,1552
648,371,864,1883
340,493,582,1415
32,2,388,422
492,586,359,1437
23,33,650,706
218,606,606,1430
68,91,775,934
171,199,873,1243
804,354,800,1958
73,277,660,1010
178,402,661,1241
667,407,531,1605
881,501,848,2230
491,580,242,1313
159,791,847,1797
703,645,554,1902
677,648,436,1761
990,115,753,1858
569,535,670,1774
485,434,16,935
799,144,804,1747
770,531,609,1910
748,121,470,1339
746,657,571,1974
51,621,73,745
427,175,700,1302
655,865,886,2406
110,771,383,1264
504,371,400,1275
570,474,234,1278
31,833,95,959
208,387,835,1430
500,434,843,1777
423,442,121,986
780,259,6,1045
109,29,130,268
715,4,494,1213
885,767,233,1885
559,467,39,1065
755,995,57,1807
443,257,610,1310
737,868,972,2577
650,823,444,1917
642,162,455,1259
839,743,957,2539
650,900,743,2293
16,607,720,1343
890,958,30,1878
993,334,96,1423
950,95,469,1514
356,415,648,1419
15,703,517,1235
807,522,870,2199
94,122,286,502
638,459,239,1336
269,126,888,1283
915,477,297,1689
774,841,643,2258
448,510,496,1454
278,107,351,736
16,987,859,1862
775,835,578,2188
366,720,97,1183
271,802,769,1842
367,521,64,952
642,881,173,1696
230,770,746,1746
132,771,523,1426
881,595,572,2048
563,99,523,1185
517,851,660,2028
422,678,26,1126
371,170,259,800
410,703,394,1507
282,609,64,955
921,502,38,1461
545,278,673,1496
938,47,851,1836
731,20,635,1386
807,429,491,1727
545,403,891,1839
628,964,782,2374
622,188,861,1671
123,490,789,1402
813,848,732,2393
709,51,875,1635
92,386,168,646
291,321,21,633
952,820,865,2637
271,134,166,571
426,910,701,2037
956,328,153,1437
888,902,93,1883
250,990,565,1805
292,448,109,849
941,928,166,2035
357,792,191,1340
985,298,879,2162
620,784,566,1970
586,961,427,1974
979,828,634,2441
112,114,495,721
556,223,995,1774
419,854,524,1797
174,353,61,588
129,651,296,1076
934,795,684,2413
416,414,477,1307
843,623,105,1571
644,876,246,1766
610,538,594,1742
328,928,61,1317
482,177,6,665
802,245,165,1212
615,8,763,1386
511,784,120,1415
666,187,367,1220
844,195,845,1884
558,113,329,1000
872,289,937,2098
353,616,518,1487
130,724,60,914
518,811,221,1550
824,310,491,1625
360,393,699,1452
928,8,659,1595
540,281,445,1266
760,186,647,1593
985,980,626,2591
291,920,744,1955
396,652,207,1255
867,704,750,2321
300,204,39,543
742,777,151,1670
490,85,392,967
984,95,966,2045
254,824,52,1130
612,726,221,1559
327,724,560,1611
345,110,834,1289
239,128,668,1035
16,274,767,1057
716,152,629,1497
357,73,34,464
834,687,762,2283
109,652,972,1733
836,176,846,1858
615,304,235,1154
34,850,927,1811
746,322,261,1329
17,741,963,1721
212,16,964,1192
317,352,909,1578
25,175,100,300
567,710,889,2166
924,829,501,2254
570,164,537,1271
802,655,412,1869
826,482,684,1992
190,835,826,1851
918,514,902,2334
848,715,305,1868
771,784,830,2385
694,891,723,2308
903,812,879,2594
404,477,863,1744
157,45,223,425
363,116,949,1428
372,470,603,1445
292,631,900,1823
761,507,754,2022
775,809,867,2451
924,627,80,1631
60,460,682,1202
76,450,672,1198
816,82,807,1705
909,281,62,1252
794,325,476,1595
708,950,769,2427
659,113,28,800
246,865,574,1685
433,416,258,1107
323,161,152,636
852,565,280,1697
269,843,735,1847
890,854,377,2121
191,591,532,1314
267,976,557,1800
227,535,258,1020
769,960,629,2358
982,537,794,2313
524,262,527,1313
892,719,7,1618
838,369,609,1816
217,121,140,478
722,138,378,1238
540,639,359,1538
479,818,147,1444
970,494,785,2249
876,693,392,1961
773,875,841,2489
302,419,922,1643
850,127,279,1256
278,790,404,1472
981,219,831,2031
534,40,993,1567
94,397,249,740
990,422,347,1759
360,558,458,1376
863,84,695,1642
204,226,221,651
853,64,209,1126
172,863,304,1339
752,491,575,1818
780,316,507,1603
971,612,432,2015
978,925,565,2468
765,522,588,1875
943,90,182,1215
133,637,304,1074
713,280,431,1424
755,847,864,2466
161,985,217,1363
985,40,20,1045
531,932,48,1511
944,331,372,1647
581,844,376,1801
634,156,347,1137
354,170,432,956
317,788,291,1396
598,441,422,1461
742,851,47,1640
260,308,717,1285
80,328,50,458
81,440,408,929
750,786,213,1749
935,334,905,2174
429,322,738,1489
371,666,103,1140
504,122,615,1241
932,62,186,1180
830,69,19,918
107,583,303,993
739,566,178,1483
978,753,492,2223
935,924,694,2553
590,965,507,2062
202,780,398,1380
125,289,860,1274
226,483,318,1027
55,236,665,956
846,799,778,2423
111,525,227,863
402,366,984,1752
934,685,394,2013
895,837,766,2498
781,114,815,1710
229,526,91,846
163,402,621,1186
261,887,773,1921
830,129,161,1120
935,234,908,2077
108,748,331,1187
376,798,634,1808
681,274,878,1833
87,491,735,1313
847,924,984,2755
146,337,435,918
627,410,440,1477
428,292,188,908
782,346,762,1890
153,570,256,979
594,192,805,1591
115,581,798,1494
419,837,205,1461
289,610,85,984
632,449,680,1761
874,783,888,2545
721,506,397,1624
303,972,483,1758
663,535,462,1660
383,696,533,1612
21,797,681,1499
926,831,668,2425
705,45,128,878
876,812,932,2620
888,147,975,2010
574,226,876,1676
495,138,493,1126
478,440,68,986
77,16,259,352
934,975,658,2567
768,325,435,1528
728,393,407,1528
336,579,524,1439
209,699,304,1212
929,894,46,1869
214,338,810,1362
645,323,457,1425
398,187,875,1460
692,715,765,2172
374,722,173,1269
760,134,419,1313
666,225,613,1504
459,500,843,1802
313,45,894,1252
521,240,848,1609
871,285,155,1311
232,99,676,1007
885,783,596,2264
212,801,103,1116
16,533,656,1205
722,217,698,1637
472,867,34,1373
774,331,81,1186
934,22,773,1729
54,985,868,1907
947,801,538,2286
295,978,244,1517
755,517,291,1563
323,81,574,978
331,693,972,1996
846,291,537,1674
823,1000,512,2335
5,389,167,561
577,557,67,1201
965,555,829,2349
920,64,43,1027
639,920,621,2180
566,869,944,2379
213,601,821,1635
783,308,713,1804
77,680,213,970
273,449,262,984
533,873,103,1509
14,977,497,1488
103,945,598,1646
756,2,713,1471
502,292,696,1490
809,704,718,2231
787,84,529,1400
478,177,768,1423
650,378,168,1196
919,601,239,1759
863,519,675,2057
323,670,515,1508
228,817,775,1820
391,893,406,1690
813,984,792,2589
292,907,882,2081
725,443,230,1398
920,954,235,2109
61,103,604,768
375,786,685,1846
419,410,140,969
822,152,232,1206
583,161,143,887
151,923,270,1344
652,404,35,1091
143,613,790,1546
940,942,885,2767
805,176,103,1084
825,395,953,2173
971,798,612,2381
730,339,567,1636
878,462,875,2215
212,369,580,1161
503,204,283,990
870,386,104,1360
257,406,248,911
873,874,589,2336
248,102,365,715
183,697,72,952
590,218,973,1781
126,294,457,877
341,365,998,1704
349,413,214,976
353,700,399,1452
72,788,489,1349
280,513,279,1072
400,87,404,891
679,69,973,1721
752,850,493,2095
794,87,867,1748
196,60,582,838
506,164,603,1273
650,619,401,1670
627,934,421,1982
926,131,429,1486
815,61,117,993
734,236,319,1289
802,411,606,1819
43,856,196,1095
360,66,765,1191
444,511,593,1548
167,594,669,1430
425,789,202,1416
945,904,890,2739
496,927,302,1725
797,544,431,1772
254,974,642,1870
749,705,824,2278
35,511,724,1270
381,346,731,1458
975,556,518,2049
938,468,554,1960
216,62,182,460
327,299,462,1088
629,238,410,1277
262,50,879,1191
349,28,277,654
384,187,462,1033
776,817,827,2420
968,207,26,1201
921,219,89,1229
414,294,150,858
752,997,747,2496
769,16,331,1116
764,545,159,1468
642,603,634,1879
398,15,863,1276
643,131,710,1484
844,998,156,1998
999,849,8,1856
764,38,819,1621
752,126,675,1553
775,163,971,1909
938,446,820,2204
244,741,266,1251
653,621,961,2235
762,472,556,1790
394,904,737,2035
229,26,835,1090
828,497,37,1362
374,965,15,1354
882,295,724,1901
132,928,614,1674
202,927,520,1649
268,886,519,1673
538,630,193,1361
713,966,51,1730
306,349,80,735
866,583,383,1832
830,816,495,2141
179,453,670,1302
121,288,862,1271
177,622,621,1420
40,995,465,1500
917,910,127,1954
744,849,312,1905
245,836,793,1874
522,406,457,1385
417,411,428,1256
307,429,440,1176
669,532,404,1605
735,187,758,1680
354,184,171,709
863,103,90,1056
119,151,540,810
563,460,300,1323
919,435,956,2310
28,967,521,1516
402,10,302,714
346,432,209,987
214,732,917,1863
678,47,765,1490
220,391,580,1191
238,299,940,1477
480,255,54,789
145,568,389,1102
717,958,463,2138
875,345,640,1860
939,91,718,1748
297,847,673,1817
800,331,193,1324
806,765,801,2372
598,217,846,1661
310,650,810,1770
925,186,11,1122
965,609,553,2127
986,61,783,1830
612,315,648,1575
972,121,175,1268
285,26,467,778
69,799,26,894
167,703,725,1595
900,191,151,1242
968,627,90,1685
59,317,543,919
704,293,436,1433
466,890,881,2237
29,236,644,909
39,335,624,998
961,758,701,2420
196,435,747,1378
350,249,956,1555
86,973,823,1882
84,961,821,1866
679,683,113,1475
159,471,757,1387
491,429,582,1502
623,748,237,1608
128,583,810,1521
812,358,351,1521
644,54,431,1129
447,530,892,1869
380,950,585,1915
844,32,527,1403
546,769,325,1640
903,67,61,1031
437,580,457,1474
169,859,312,1340
733,312,843,1888
344,224,57,625
348,81,153,582
460,916,31,1407
495,485,475,1455
847,681,748,2276
732,579,455,1766
907,23,708,1638
920,162,948,2030
337,11,229,577
935,554,484,1973
834,569,594,1997
850,414,442,1706
778,812,360,1950
927,634,9,1570
442,294,784,1520
979,694,43,1716
547,144,333,1024
779,368,382,1529
80,170,928,1178
437,180,761,1378
733,17,518,1268
734,601,446,1781
573,681,295,1549
175,582,50,807
199,296,603,1098
167,436,934,1537
54,815,895,1764
170,55,566,791
741,713,250,1704
802,25,454,1281
57,941,257,1255
357,298,778,1433
789,288,874,1951
789,786,284,1859
211,784,195,1190
528,914,703,2145
868,218,685,1771
981,496,465,1942
547,888,791,2226
94,794,333,1221
906,939,759,2604
196,825,901,1922
421,481,422,1324
297,356,343,996
96,525,847,1468
334,328,52,714
4,228,712,944
515,116,383,1014
106,612,108,826
207,757,448,1412
702,937,26,1665
161,944,873,1978
508,212,214,934
987,887,752,2626
808,34,718,1560
250,978,675,1903
497,146,43,686
794,928,266,1988
792,78,460,1330
728,712,27,1467
651,182,977,1810
401,899,807,2107
196,522,167,885
312,506,12,830
832,631,57,1520
724,71,613,1408
516,632,615,1763
920,422,661,2003
830,939,235,2004
644,356,140,1140
500,664,832,1996
56,644,863,1563
608,571,263,1442
766,631,81,1478
889,353,813,2055
724,865,674,2263
759,587,324,1670
852,510,809,2171
979,287,129,1395
548,546,275,1369
784,559,994,2337
324,522,579,1425
657,415,872,1944
957,77,826,1860
196,725,989,1910
164,131,135,430
996,542,581,2119
566,516,611,1693
601,169,541,1311
1,758,671,1430
240,311,95,646
317,610,788,1715
924,617,114,1655
49,986,448,1483
813,953,632,2398
153,365,35,553
482,613,880,1975
341,472,373,1186
32,858,618,1508
620,961,327,1908
328,940,942,2210
805,794,386,1985
856,73,380,1309
18,353,378,749
722,45,877,1644
966,703,226,1895
146,11,28,185
997,697,656,2350
884,14,907,1805
434,384,782,1600
896,339,238,1473
450,171,375,996
241,873,551,1665
36,574,562,1172
570,224,117,911
112,163,943,1218
906,766,189,1861
92,987,746,1825
288,322,847,1457
378,88,294,760
941,965,658,2564
956,840,872,2668
480,754,527,1761
717,340,249,1306
661,576,681,1918
868,246,764,1878
904,725,404,2033
946,665,710,2321
881,815,162,1858
652,772,461,1885
562,455,183,1200
562,175,597,1334
973,203,746,1922
232,308,834,1374
296,503,437,1236
348,899,882,2129
407,294,296,997
914,285,965,2164
564,197,487,1248
450,699,344,1493
347,40,412,799
326,874,631,1831
979,932,17,1928
89,293,956,1338
299,25,943,1267
847,779,987,2613
369,619,931,1919
310,776,286,1372
946,674,95,1715
824,633,766,2223
866,843,873,2582
492,53,948,1493
920,394,49,1363
18,968,710,1696
20,615,178,813
729,261,75,1065
833,7,477,1317
328,293,698,1319
255,165,396,816
81,731,261,1073
586,661,166,1413
165,841,688,1694
805,331,410,1546
916,489,333,1738
97,534,450,1081
409,84,888,1381
106,542,924,1572
232,187,127,546
699,846,286,1831
482,96,268,846
221,553,746,1520
544,197,655,1396
849,333,105,1287
384,709,366,1459
529,942,671,2142
463,883,623,1969
663,559,922,2144
747,245,190,1182
674,785,844,2303
424,591,759,1774
578,804,652,2034
641,761,716,2118
593,580,374,1547
398,699,816,1913
997,348,159,1504
970,957,796,2723
498,732,676,1906
804,392,289,1485
835,386,893,2114
659,528,336,1523
640,55,186,881
371,556,490,1417
324,486,566,1376
366,112,124,602
81,970,11,1062
135,249,918,1302
927,590,804,2321
168,40,196,404
696,575,143,1414
242,396,593,1231
456,181,315,952
1000,656,152,1808
373,37,58,468
935,101,14,1050
42,860,399,1301
963,608,148,1719
2,272,850,1124
150,739,149,1038
330,741,966,2037
961,456,917,2334
624,751,985,2360
860,106,621,1587
585,182,864,1631
857,243,439,1539
278,682,987,1947
777,143,569,1489
608,601,907,2116
176,450,789,1415
529,276,472,1277
985,624,486,2095
834,471,771,2076
890,11,683,1584
953,707,284,1944
767,52,853,1672
280,7,510,797
270,611,363,1244
676,426,524,1626
424,761,911,2096
621,525,52,1198
31,457,333,821
890,396,903,2189
65,476,234,775
464,910,927,2301
204,672,406,1282
738,893,142,1773
478,921,230,1629
747,808,984,2539
132,76,245,453
572,183,324,1079
176,424,694,1294
226,668,288,1182
469,639,728,1836
934,183,486,1603
737,154,246,1137
667,695,174,1536
365,889,230,1484
735,571,293,1599
614,419,168,1201
78,240,150,468
350,382,570,1302
568,394,999,1961
160,968,346,1474
858,910,42,1810
794,605,814,2213
555,176,720,1451
521,285,224,1030
806,412,699,1917
480,301,833,1614
44,190,600,834
24,200,495,719
543,885,686,2114
907,490,950,2347
538,453,817,1808
723,686,786,2195
130,338,931,1399
809,630,858,2297
436,1,646,1083
793,22,198,1013
886,747,387,2020
234,224,468,926
839,223,372,1434
702,780,911,2393
856,35,448,1339
524,363,115,1002
241,478,273,992
599,670,713,1982
904,674,815,2393
256,930,810,1996
738,587,648,1973
836,976,594,2406
52,815,732,1599
360,379,60,799
794,936,152,1882
946,838,709,2493
960,197,544,1701
258,335,104,697
237,577,17,831
670,502,119,1291
294,692,41,1027
793,777,910,2480
227,286,12,525
424,272,165,861
202,976,391,1569
779,481,855,2115
469,303,5,777
419,682,996,2097
593,685,492,1770
801,347,483,1631
486,916,360,1762
74,886,583,1543
669,323,322,1314
721,9,304,1034
396,510,369,1275
334,890,888,2112
299,664,732,1695
340,111,672,1123
126,235,835,1196
487,129,226,842
880,978,945,2803
443,284,701,1428
100,411,307,818
432,11,42,485
936,405,360,1701
480,850,438,1768
338,212,984,1534
188,565,930,1683
904,908,998,2810
10,771,266,1047
507,732,388,1627
595,807,867,2269
252,263,734,1249
564,218,250,1032
776,356,280,1412
226,493,545,1264
802,671,596,2069
447,234,492,1173
72,916,973,1961
300,183,717,1200
790,422,139,1351
793,34,849,1676
642,329,925,1896
127,328,514,969
165,959,306,1430
338,678,984,2000
514,265,97,876
673,89,731,1493
943,221,828,1992
194,955,722,1871
792,487,727,2006
524,686,254,1464
131,430,569,1130
932,862,569,2363
289,716,810,1815
631,729,91,1451
606,714,755,2075
623,834,535,1992
566,154,795,1515
542,385,121,1048
414,600,66,1080
906,599,568,2073
319,989,85,1393
588,3,243,834
883,735,117,1735
160,233,502,895
427,745,531,1703
24,190,415,629
731,41,50,822
954,358,677,1989
507,508,802,1817
208,775,954,1937
485,896,233,1614
44,367,929,1340
68,74,223,365
121,231,295,647
426,653,180,1259
676,847,631,2154
427,475,54,956
124,966,535,1625
232,862,147,1241
594,543,203,1340
619,129,316,1064
906,428,281,1615
371,304,855,1530
435,630,905,1970
117,221,83,421
371,112,907,1390
853,199,374,1426
311,230,158,699
461,804,183,1448
82,830,39,951
408,461,151,1020
516,840,679,2035
4,558,120,682
235,822,10,1067
296,954,951,2201
628,380,9,1017
876,516,311,1703
992,867,863,2722
145,454,396,995
235,251,253,739
580,955,460,1995
12,101,97,210
134,9,156,299
460,388,181,1029
192,59,793,1044
457,162,823,1442
195,878,680,1753
945,553,32,1530
93,830,581,1504
329,989,264,1582
572,410,870,1852
351,336,800,1487
464,355,276,1095
671,335,720,1726
915,651,786,2352
311,3,311,625
180,156,870,1206
160,186,827,1173
82,340,708,1130
910,852,4,1766
899,918,944,2761
620,655,915,2190
259,646,488,1393
869,124,316,1309
634,557,742,1933
174,220,647,1041
278,547,192,1017
612,524,589,1725
951,166,449,1566
875,665,880,2420
89,447,356,892
767,169,820,1756
187,601,760,1548
953,557,495,2005
864,991,266,2121
216,742,998,1956
195,287,101,583
491,333,182,1006
515,470,100,1085
11,440,24,475
487,295,216,998
10,95,723,828
882,556,981,2419
756,682,151,1589
410,361,634,1405
797,213,791,1801
751,154,77,982
887,102,330,1319
567,946,317,1830
26,565,463,1054
449,707,148,1304
233,126,750,1109
475,369,338,1182
82,383,183,648
13,787,482,1282
884,963,581,2428
286,31,243,560
746,217,180,1143
932,366,522,1820
903,851,473,2227
624,420,200,1244
87,901,297,1285
30,141,211,382
318,501,581,1400
188,154,878,1220
730,889,319,1938
991,270,992,2253
77,170,958,1205
758,874,30,1662
390,413,536,1339
89,900,407,1396
568,596,556,1720
88,429,227,744
635,119,905,1659
220,577,81,878
557,85,4,646
696,131,701,1528
351,610,600,1561
852,622,84,1558
791,783,753,2327
481,950,385,1816
18,730,935,1683
710,836,296,1842
82,831,411,1324
881,336,190,1407
314,768,897,1979
489,763,493,1745
488,15,93,596
869,826,163,1858
846,775,852,2473
185,912,382,1479
152,104,670,926
543,488,692,1723
39,490,516,1045
870,733,428,2031
707,440,134,1281
313,56,651,1020
667,166,775,1608
264,253,851,1368
239,450,447,1136
796,808,813,2417
533,865,267,1665
965,22,30,1017
477,517,266,1260
474,784,928,2186
545,397,72,1014
70,750,647,1467
757,693,466,1916
350,899,787,2036
602,587,643,1832
819,653,238,1710
911,788,413,2112
273,275,599,1147
932,606,823,2361
922,575,360,1857
556,552,806,1914
975,781,606,2362
959,751,40,1750
912,959,941,2812
300,868,444,1612
527,853,299,1679
696,358,138,1192
821,427,210,1458
997,360,664,2021
491,349,950,1790
891,9,896,1796
698,478,32,1208
864,93,142,1099
669,960,921,2550
275,150,512,937
570,277,364,1211
930,604,983,2517
721,131,334,1186
930,804,103,1837
187,645,875,1707
101,561,300,962
218,998,239,1455
219,841,414,1474
62,767,963,1792
190,659,39,888
474,25,731,1230
59,592,909,1560
75,437,800,1312
766,44,484,1294
449,155,743,1347
409,266,395,1070
806,808,240,1854
681,196,548,1425
540,109,614,1263
804,182,135,1121
128,605,568,1301
951,255,796,2002
270,706,281,1257
796,56,284,1136
968,872,423,2263
29,337,868,1234
548,286,118,952
733,491,187,1411
985,35,673,1693
78,988,738,1804
167,896,96,1159
846,795,184,1825
893,935,987,2815
242,759,957,1958
65,575,573,1213
926,302,493,1721
692,139,689,1520
543,224,893,1660
329,820,329,1478
34,193,94,321
955,982,109,2046
763,547,674,1984
928,46,573,1547
963,894,779,2636
169,186,752,1107
797,810,616,2223
338,86,558,982
199,668,880,1747
746,355,979,2080
455,585,861,1901
848,91,617,1556
301,578,897,1776
677,208,99,984
179,774,194,1147
379,172,617,1168
2,573,383,958
781,368,436,1585
105,988,215,1308
319,116,417,852
642,901,606,2149
617,695,218,1530
854,888,159,1901
401,448,614,1463
668,495,296,1459
583,905,410,1898
819,201,79,1099
366,128,56,550
854,833,105,1792
555,533,553,1641
307,947,118,1372
289,563,624,1476
355,824,834,2013
776,553,388,1717
375,116,960,1451
456,192,127,775
400,573,562,1535
680,252,35,967
522,424,855,1801
514,236,526,1276
866,929,824,2619
521,173,122,816
368,814,37,1219
866,306,975,2147
641,985,716,2342
198,76,904,1178
40,423,540,1003
418,153,572,1143
761,637,76,1474
706,499,860,2065
951,281,523,1755
934,861,498,2293
94,991,337,1422
101,102,277,480
34,808,365,1207
922,857,13,1792
415,752,228,1395
228,470,332,1030
348,71,87,506
114,140,787,1041
115,602,669,1386
744,643,959,2346
48,437,373,858
58,953,16,1027
933,445,715,2093
432,355,459,1246
15,450,801,1266
52,409,345,806
130,85,330,545
4,710,974,1688
675,47,131,853
919,765,878,2562
631,995,685,2311
499,809,594,1902
207,329,615,1151
331,878,983,2192
539,805,750,2094
303,464,248,1015
510,949,733,2192
347,138,997,1482
987,97,613,1697
666,817,816,2299
931,209,875,2015
630,478,297,1405
5,180,38,223
164,337,264,765
602,628,753,1983
547,224,683,1454
854,274,485,1613
449,358,645,1452
962,354,325,1641
402,860,926,2188
618,762,154,1534
50,823,34,907
319,493,810,1622
39,863,334,1236
850,968,194,2012
518,26,616,1160
881,168,239,1288
181,886,551,1618
470,97,2,569
80,817,867,1764
513,585,278,1376
25,642,107,774
194,289,429,912
334,462,3,799
11,293,574,878
983,799,862,2644
619,373,32,1024
904,900,76,1880
933,566,542,2041
716,538,785,2039
983,984,977,2944
346,953,128,1427
990,591,471,2052
566,460,46,1072
134,65,83,282
602,284,629,1515
242,335,219,796
600,725,202,1527
900,623,538,2061
49,908,611,1568
97,138,684,919
281,339,625,1245
531,603,199,1333
58,755,902,1715
147,691,283,1121
682,210,459,1351
228,869,982,2079
302,602,667,1571
66,612,898,1576
438,82,493,1013
665,324,153,1142
820,739,776,2335
963,791,904,2658
67,573,93,733
643,58,855,1556
449,564,663,1676
626,121,273,1020
785,833,37,1655
546,944,318,1808
683,176,425,1284
908,909,592,2409
342,977,158,1477
829,118,575,1522
31,757,95,883
312,408,467,1187
606,684,880,2170
259,203,476,938
871,876,951,2698
789,913,892,2594
482,496,852,1830
695,990,506,2191
516,906,848,2270
541,149,939,1629
777,678,11,1466
536,847,718,2101
659,620,730,2009
798,54,730,1582
453,267,915,1635
50,560,980,1590
357,842,945,2144
273,315,381,969
284,939,549,1772
823,267,910,2000
547,528,189,1264
510,405,314,1229
779,775,159,1713
274,221,552,1047
190,417,905,1512
270,548,746,1564
507,904,796,2207
175,270,429,874
481,106,438,1025
981,580,257,1818
288,431,759,1478
341,232,943,1516
759,569,486,1814
21,829,403,1253
185,683,880,1748
782,113,478,1373
196,418,399,1013
936,288,403,1627
431,683,42,1156
893,170,314,1377
746,862,42,1650
542,486,281,1309
314,477,787,1578
118,628,738,1484
109,149,709,967
411,25,979,1415
102,265,228,595
880,341,94,1315
192,775,608,1575
702,425,279,1406
986,10,182,1178
144,435,773,1352
82,92,152,326
8,571,573,1152
429,574,191,1194
251,983,248,1482
493,217,160,870
73,195,110,378
429,103,775,1307
750,269,954,1973
289,981,952,2222
671,82,150,903
215,561,118,894
225,289,386,900
353,623,396,1372
923,749,183,1855
484,406,88,978
757,97,215,1069
743,214,524,1481
284,100,863,1247
968,516,943,2427
213,392,223,828
386,127,205,718
589,280,534,1403
881,959,527,2367
933,475,741,2149
707,149,861,1717
452,960,379,1791
850,446,569,1865
57,357,18,432
647,706,948,2301
9,434,547,990
419,181,284,884
295,190,498,983
66,724,909,1699
918,953,207,2078
771,914,247,1932
119,831,698,1648
903,598,884,2385
897,593,636,2126
43,849,222,1114
25,357,101,483
364,423,599,1386
606,843,391,1840
0,167,410,577
411,454,815,1680
500,824,710,2034
879,523,57,1459
860,856,537,2253
850,665,166,1681
96,313,626,1035
452,764,947,2163
630,763,689,2082
764,697,260,1721
760,445,791,1996
466,231,427,1124
83,932,182,1197
678,148,651,1477
771,581,338,1690
937,43,464,1444
311,984,145,1440
329,438,858,1625
615,667,160,1442
339,695,312,1346
176,771,780,1727
696,6,780,1482
915,343,85,1343
448,227,825,1500
395,677,734,1806
638,339,793,1770
224,395,239,858
878,423,171,1472
617,983,918,2518
445,563,608,1616
932,782,502,2216
653,345,621,1619
635,581,911,2127
762,81,626,1469
305,154,549,1008
834,353,541,1728
225,101,703,1029
750,534,117,1401
8,608,406,1022
327,579,285,1191
20,199,721,940
90,737,96,923
22,284,395,701
188,325,483,996
437,153,705,1295
104,317,447,868
489,509,182,1180
486,179,402,1067
938,335,330,1603
533,161,669,1363
504,73,580,1157
988,582,229,1799
42,302,714,1058
76,952,678,1706
633,134,669,1436
987,954,226,2167
481,513,39,1033
834,439,927,2200
895,592,506,1993
618,557,264,1439
69,853,963,1885
703,813,904,2420
50,642,225,917
459,403,230,1092
210,467,134,811
461,264,166,891
915,825,666,2406
112,953,347,1412
921,562,461,1944
235,279,452,966
834,556,245,1635
126,710,651,1487
34,592,295,921
216,887,826,1929
479,559,55,1093
197,931,296,1424
992,703,505,2200
930,913,866,2709
939,684,434,2057
126,184,420,730
233,309,899,1441
363,177,802,1342
257,795,993,2045
921,297,954,2172
783,910,162,1855
184,404,354,942
294,893,486,1673
728,318,534,1580
796,216,155,1167
644,676,270,1590
1000,383,359,1742
416,841,749,2006
633,315,371,1319
832,805,246,1883
402,85,325,812
144,972,86,1202
578,271,316,1165
983,184,573,1740
160,757,283,1200
710,390,81,1181
264,497,911,1672
820,567,635,2022
347,365,195,907
451,607,628,1686
509,897,279,1685
909,392,239,1540
937,860,155,1952
586,647,989,2222
902,808,511,2221
102,468,248,818
171,396,385,952
455,740,333,1528
67,658,201,926
366,185,28,579
709,220,651,1580
209,918,212,1339
959,689,198,1846
42,703,361,1106
828,104,300,1232
441,272,74,787
726,736,463,1925
353,934,256,1543
914,644,400,1958
861,460,512,1833
927,931,985,2843
659,551,851,2061
581,58,421,1060
691,417,392,1500
280,563,555,1398
268,71,428,767
631,74,965,1670
700,877,737,2314
843,45,573,1461
952,759,397,2108
676,608,654,1938
712,738,648,2098
879,463,32,1374
919,403,249,1571
903,158,677,1738
936,157,742,1835
196,995,293,1484
47,137,599,783
465,398,334,1197
438,137,871,1446
40,606,849,1495
392,976,767,2135
795,976,289,2060
186,333,773,1292
955,813,138,1906
281,316,548,1145
977,583,89,1649
804,713,850,2367
820,576,731,2127
395,401,776,1572
721,492,789,2002
258,19,986,1263
33,984,100,1117
906,492,665,2063
431,257,831,1519
345,454,418,1217
856,527,228,1611
205,937,897,2039
862,110,949,1921
178,614,418,1210
725,237,721,1683
948,500,248,1696
872,789,423,2084
510,628,113,1251
103,618,301,1022
169,927,613,1709
726,670,603,1999
392,859,91,1342
529,408,768,1705
192,859,602,1653
605,216,166,987
90,322,931,1343
983,634,318,1935
16,378,278,672
36,566,385,987
473,831,596,1900
125,226,407,758
275,948,704,1927
751,922,839,2512
520,304,251,1075
183,253,344,780
422,218,525,1165
412,694,371,1477
761,986,792,2539
332,898,71,1301
139,736,800,1675
1000,730,938,2668
251,781,472,1504
32,648,735,1415
990,82,187,1259
483,495,258,1236
914,721,619,2254
428,778,498,1704
118,158,649,925
996,605,154,1755
589,685,340,1614
387,858,442,1687
168,45,389,602
678,663,761,2102
976,9,810,1795
829,235,299,1363
112,988,270,1370
896,920,341,2157
109,835,643,1587
773,984,50,1807
535,450,77,1062
214,289,661,1164
197,736,45,978
912,906,851,2669
705,699,29,1433
589,49,803,1441
687,528,272,1487
647,118,82,847
992,387,800,2179
821,235,909,1965
300,501,202,1003
816,320,331,1467
952,209,851,2012
456,214,963,1633
772,494,32,1298
751,42,934,1727
581,733,936,2250
585,997,729,2311
335,816,380,1531
19,899,750,1668
234,653,1,888
590,357,740,1687
151,279,980,1410
23,494,339,856
33,605,142,780
927,485,555,1967
730,156,384,1270
985,408,653,2046
554,355,10,919
397,991,737,2125
226,442,462,1130
806,853,993,2652
463,790,712,1965
76,389,765,1230
923,495,1000,2418
500,223,982,1705
833,269,871,1973
529,847,66,1442
316,432,799,1547
97,660,42,799
474,552,718,1744
276,240,278,794
875,7,128,1010
608,887,266,1761
955,570,649,2174
186,934,454,1574
10,422,649,1081
885,49,247,1181
986,158,904,2048
872,212,830,1914
94,280,959,1333
937,802,501,2240
630,637,617,1884
825,68,970,1863
714,378,832,1924
353,675,337,1365
799,21,49,869
698,689,283,1670
885,130,607,1622
175,812,849,1836
385,950,451,1786
245,720,371,1336
187,785,961,1933
876,50,362,1288
750,824,400,1974
908,829,728,2465
305,93,746,1144
751,442,855,2048
676,311,141,1128
16,839,173,1028
402,65,612,1079
833,106,220,1159
926,717,647,2290
61,715,555,1331
869,436,584,1889
864,18,665,1547
789,478,937,2204
238,187,682,1107
798,846,314,1958
959,861,965,2785
12,849,828,1689
520,93,732,1345
104,960,47,1111
146,37,595,778
580,153,398,1131
353,286,281,920
94,396,163,653
270,937,641,1848
832,813,720,2365
435,252,543,1230
518,225,760,1503
662,533,702,1897
887,995,520,2402
791,5,917,1713
991,708,273,1972
738,10,278,1026
995,827,525,2347
725,948,629,2302
176,923,356,1455
237,708,284,1229
722,940,214,1876
420,32,765,1217
115,314,676,1105
234,319,219,772
372,401,988,1761
735,139,793,1667
381,486,147,1014
39,905,715,1659
22,280,816,1118
353,860,283,1496
267,535,617,1419
510,907,94,1511
7,25,306,338
444,942,886,2272
823,277,118,1218
798,430,703,1931
66,529,483,1078
444,322,783,1549
972,127,438,1537
826,606,411,1843
231,588,34,853
406,897,840,2143
915,854,120,1889
148,698,97,943
372,962,414,1748
811,704,4,1519
922,785,596,2303
314,194,495,1003
503,211,36,750
91,541,370,1002
6,267,141,414
198,961,260,1419
894,475,317,1686
705,574,664,1943
501,127,14,642
150,305,159,614
246,528,542,1316
502,662,27,1191
351,698,424,1473
903,460,68,1431
869,404,862,2135
609,986,942,2537
813,355,832,2000
991,303,841,2135
17,28,210,255
712,418,410,1540
535,200,810,1545
468,136,730,1334
826,490,638,1954
439,788,194,1421
227,332,589,1148
588,408,856,1852
87,301,438,826
135,667,686,1488
741,125,525,1391
77,208,1000,1285
90,589,24,703
616,715,911,2242
28,923,693,1644
325,420,616,1361
986,932,771,2689
359,146,772,1277
148,861,327,1336
392,565,163,1120
139,546,620,1305
657,133,205,995
67,289,173,529
23,470,641,1134
668,827,483,1978
849,705,795,2349
830,727,424,1981
481,64,17,562
238,503,702,1443
909,513,527,1949
974,804,892,2670
316,140,303,759
144,729,607,1480
789,495,266,1550
845,254,508,1607
269,873,40,1182
718,601,432,1751
848,186,334,1368
103,463,30,596
817,243,766,1826
726,346,58,1130
656,826,331,1813
259,555,568,1382
210,178,489,877
845,840,818,2503
566,181,344,1091
731,689,782,2202
949,315,138,1402
344,886,442,1672
837,72,634,1543
870,92,234,1196
955,544,820,2319
453,301,57,811
862,996,985,2843
951,266,355,1572
61,624,346,1031
980,974,696,2650
954,402,135,1491
658,184,858,1700
725,720,935,2380
898,426,853,2177
654,664,380,1698
488,65,987,1540
468,9,988,1465
83,604,703,1390
688,470,17,1175
427,290,293,1010
231,209,407,847
811,116,125,1052
667,491,549,1707
532,593,107,1232
739,720,402,1861
166,35,495,696
816,639,347,1802
434,2,546,982
694,821,279,1794
639,206,846,1691
440,686,631,1757
303,731,413,1447
154,563,267,984
349,802,937,2088
269,936,594,1799
700,498,371,1569
625,798,424,1847
777,76,132,985
357,408,269,1034
885,911,141,1937
954,415,978,2347
588,534,463,1585
545,528,859,1932
643,9,294,946
122,753,24,899
857,941,134,1932
150,262,675,1087
703,810,547,2060
418,343,414,1175
915,763,21,1699
487,794,533,1814
276,490,83,849
429,791,33,1253
687,872,603,2162
796,889,283,1968
316,319,748,1383
269,309,672,1250
570,46,145,761
179,886,792,1857
682,420,322,1424
718,483,891,2092
519,603,157,1279
963,435,132,1530
697,782,206,1685
108,863,250,1221
113,864,89,1066
589,40,147,776
145,981,917,2043
875,181,636,1692
311,819,784,1914
698,364,608,1670
235,95,25,355
314,453,853,1620
90,800,464,1354
671,132,301,1104
477,691,933,2101
857,491,364,1712
217,202,751,1170
611,163,863,1637
456,848,860,2164
692,612,736,2040
279,704,340,1323
609,782,584,1975
118,500,871,1489
236,420,614,1270
327,728,640,1695
445,160,41,646
901,358,921,2180
623,680,170,1473
829,337,266,1432
19,41,773,833
946,30,788,1764
638,146,31,815
318,671,312,1301
938,389,597,1924
225,113,107,445
598,926,455,1979
223,829,367,1419
256,698,844,1798
161,997,211,1369
567,539,863,1969
199,795,833,1827
35,161,761,957
962,198,742,1902
688,389,622,1699
830,647,823,2300
420,146,209,775
873,310,154,1337
600,804,269,1673
239,185,48,472
272,320,859,1451
969,3,692,1664
263,390,948,1601
216,806,588,1610
118,122,372,612
631,15,633,1279
944,44,580,1568
682,52,269,1003
328,841,171,1340
134,523,191,848
992,677,899,2568
216,581,225,1022
2,823,472,1297
761,491,246,1498
273,866,834,1973
114,834,844,1792
510,468,401,1379
41,756,658,1455
549,892,794,2235
920,427,984,2331
720,134,861,1715
32,659,588,1279
928,579,743,2250
559,4,669,1232
511,890,967,2368
279,370,258,907
813,561,94,1468
995,252,363,1610
658,379,708,1745
189,229,145,563
56,407,80,543
573,472,165,1210
26,530,854,1410
788,369,988,2145
806,278,534,1618
456,172,538,1166
110,773,208,1091
846,761,358,1965
861,939,522,2322
350,366,594,1310
879,819,353,2051
441,362,561,1364
123,139,728,990
21,501,971,1493
850,782,515,2147
318,949,286,1553
956,63,667,1686
738,700,939,2377
696,244,196,1136
149,979,571,1699
965,288,771,2024
449,808,709,1966
494,505,484,1483
953,367,999,2319
761,751,380,1892
258,582,860,1700
133,242,922,1297
810,232,774,1816
823,255,309,1387
677,294,639,1610
870,988,302,2160
292,928,986,2206
687,814,696,2197
711,774,241,1726
373,492,949,1814
675,677,753,2105
619,612,807,2038
878,672,239,1789
604,608,771,1983
909,741,289,1939
975,296,13,1284
296,161,104,561
970,926,573,2469
867,588,255,1710
279,976,224,1479
597,717,650,1964
226,30,507,763
547,205,735,1487
751,951,57,1759
695,902,834,2431
841,66,460,1367
322,649,450,1421
384,209,216,809
506,464,770,1740
609,701,14,1324
267,520,650,1437
441,751,643,1835
393,978,647,2018
167,573,137,877
339,862,442,1643
751,131,4,886
449,148,617,1214
370,647,994,2011
529,953,253,1735
223,805,815,1843
585,704,292,1581
330,740,396,1466
872,52,600,1524
72,663,548,1283
731,547,26,1304
70,12,476,558
117,416,346,879
279,144,870,1293
971,269,483,1723
44,705,420,1169
718,27,534,1279
194,438,798,1430
174,398,943,1515
476,513,613,1602
600,74,533,1207
932,373,435,1740
444,48,764,1256
686,722,146,1554
925,277,858,2060
751,341,734,1826
702,439,992,2133
41,801,295,1137
258,83,707,1048
528,916,761,2205
371,904,803,2078
816,209,125,1150
4,53,344,401
646,879,73,1598
548,38,701,1287
857,276,732,1865
659,532,328,1519
847,148,831,1826
507,985,123,1615
774,104,628,1506
622,851,935,2408
333,570,84,987
470,238,645,1353
766,289,149,1204
377,546,135,1058
901,837,767,2505
450,543,385,1378
635,850,75,1560
869,253,205,1327
916,545,285,1746
280,267,129,676
175,690,696,1561
33,486,926,1445
119,541,660,1320
88,68,376,532
276,941,420,1637
822,134,882,1838
793,912,173,1878
131,738,421,1290
308,142,235,685
547,175,876,1598
464,520,591,1575
598,867,160,1625
357,184,829,1370
487,631,867,1985
529,909,272,1710
778,751,939,2468
940,239,109,1288
880,636,40,1556
440,819,283,1542
53,292,512,857
839,985,550,2374
712,24,631,1367
859,763,825,2447
449,918,723,2090
497,711,446,1654
376,566,71,1013
400,210,525,1135
289,601,925,1815
423,734,375,1532
643,978,12,1633
522,379,365,1266
766,478,691,1935
258,547,729,1534
961,499,811,2271
530,517,900,1947
318,264,781,1363
888,919,789,2596
70,772,276,1118
446,372,12,830
740,617,96,1453
276,541,239,1056
908,652,88,1648
48,53,494,595
186,494,974,1654
128,904,352,1384
452,812,99,1363
450,654,642,1746
451,625,437,1513
284,499,393,1176
431,716,743,1890
259,30,243,532
930,369,640,1939
584,767,357,1708
262,456,381,1099
137,586,192,915
461,576,863,1900
424,261,762,1447
437,440,52,929
172,198,382,752
445,384,414,1243
246,554,755,1555
131,970,710,1811
484,355,125,964
860,951,557,2368
105,954,1,1060
932,779,367,2078
19,891,426,1336
137,181,613,931
987,225,263,1475
762,245,373,1380
602,689,998,2289
612,937,711,2260
926,198,44,1168
636,822,135,1593
328,755,61,1144
354,682,92,1128
16,199,93,308
108,418,930,1456
855,576,203,1634
829,558,199,1586
4,250,582,836
111,52,301,464
239,399,752,1390
176,462,872,1510
828,82,741,1651
255,351,433,1039
217,339,824,1380
776,176,707,1659
638,246,73,957
370,35,560,965
242,986,611,1839
274,689,89,1052
830,241,161,1232
740,606,571,1917
343,652,808,1803
631,116,245,992
936,489,855,2280
225,194,94,513
420,778,251,1449
947,453,879,2279
598,771,741,2110
23,256,158,437
495,544,408,1447
223,713,836,1772
604,515,532,1651
920,58,989,1967
36,241,826,1103
250,43,198,491
338,771,43,1152
937,903,242,2082
556,200,878,1634
578,818,563,1959
157,720,769,1646
86,300,83,469
422,379,736,1537
338,185,626,1149
718,415,568,1701
723,90,175,988
958,636,160,1754
834,660,292,1786
308,893,375,1576
869,839,369,2077
284,341,85,710
127,682,44,853
500,781,94,1375
420,682,477,1579
249,762,836,1847
663,593,535,1791
424,540,665,1629
68,299,680,1047
261,312,380,953
473,626,694,1793
317,180,311,808
0,465,415,880
879,461,900,2240
115,392,936,1443
679,956,44,1679
973,998,165,2136
449,881,142,1472
906,696,315,1917
63,74,943,1080
841,17,227,1085
1000,136,141,1277
329,542,947,1818
406,335,595,1336
543,264,707,1514
336,529,563,1428
62,562,25,649
826,800,617,2243
65,536,926,1527
375,217,614,1206
975,950,716,2641
572,852,879,2303
286,140,849,1275
313,724,484,1521
208,556,994,1758
365,165,611,1141
570,249,387,1206
1,540,574,1115
182,505,489,1176
452,183,98,733
205,674,847,1726
292,738,299,1329
719,768,746,2233
395,761,539,1695
527,75,584,1186
116,95,260,471
193,118,19,330
869,390,792,2051
439,817,449,1705
452,651,837,1940
878,860,718,2456
278,621,828,1727
493,936,392,1821
385,16,370,771
30,721,875,1626
358,204,8,570
26,559,773,1358
333,412,596,1341
211,220,774,1205
255,188,612,1055
430,556,100,1086
370,367,137,874
917,147,744,1808
143,558,609,1310
491,489,958,1938
391,449,877,1717
816,67,242,1125
179,352,979,1510
126,739,284,1149
183,968,872,2023
827,103,362,1292
436,72,114,622
214,499,573,1286
256,153,293,702
1000,201,261,1462
964,535,929,2428
885,260,801,1946
510,926,688,2124
31,723,867,1621
783,848,411,2042
952,389,488,1829
658,320,725,1703
731,380,185,1296
96,951,924,1971
716,739,487,1942
979,330,128,1437
779,616,43,1438
889,785,764,2438
193,582,359,1134
808,656,138,1602
592,487,213,1292
951,687,243,1881
36,408,395,839
512,46,333,891
65,2,75,142
148,870,966,1984
114,155,0,269
713,204,571,1488
686,736,879,2301
512,356,556,1424
114,776,707,1597
256,717,280,1253
795,82,352,1229
302,384,155,841
495,728,397,1620
521,661,927,2109
958,998,320,2276
352,863,243,1458
130,703,845,1678
299,494,225,1018
27,182,379,588
495,68,322,885
675,5,45,725
413,137,155,705
300,305,95,700
69,693,206,968
839,205,25,1069
64,470,819,1353
584,640,327,1551
985,739,30,1754
18,221,953,1192
703,525,999,2227
858,731,586,2175
178,782,988,1948
343,222,440,1005
972,536,932,2440
968,477,330,1775
83,13,233,329
131,906,445,1482
706,509,711,1926
217,493,252,962
661,945,185,1791
54,337,333,724
723,494,175,1392
281,342,523,1146
599,196,529,1324
745,660,718,2123
510,797,451,1758
611,336,549,1496
13,991,682,1686
878,904,377,2159
92,845,108,1045
169,891,381,1441
362,620,942,1924
405,57,288,750
564,469,312,1345
15,629,147,791
322,930,131,1383
296,322,106,724
866,703,187,1756
262,779,880,1921
336,636,274,1246
365,345,10,720
745,234,56,1035
112,919,241,1272
759,427,32,1218
96,388,780,1264
901,936,413,2250
731,142,427,1300
507,655,213,1375
22,62,503,587
849,777,906,2532
135,359,902,1396
354,210,735,1299
779,689,641,2109
703,704,875,2282
239,83,727,1049
88,331,258,677
818,726,57,1601
606,50,873,1529
701,995,422,2118
568,886,994,2448
39,845,55,939
71,649,228,948
765,705,284,1754
928,686,533,2147
659,904,885,2448
1000,393,802,2195
458,497,65,1020
187,53,263,503
20,891,737,1648
422,39,365,826
432,594,217,1243
148,17,422,587
794,508,981,2283
612,864,243,1719
50,709,372,1131
110,405,649,1164
190,665,882,1737
615,863,154,1632
808,580,919,2307
9,139,214,362
792,480,443,1715
603,99,720,1422
356,993,475,1824
56,972,786,1814
923,264,13,1200
906,75,843,1824
940,128,857,1925
953,940,594,2487
62,863,281,1206
277,831,166,1274
944,309,870,2123
490,867,659,2016
846,464,393,1703
569,566,42,1177
184,613,743,1540
632,686,363,1681
658,967,243,1868
123,679,951,1753
559,73,268,900
503,341,123,967
125,226,634,985
63,227,527,817
281,978,866,2125
38,376,933,1347
395,520,26,941
443,473,551,1467
807,690,210,1707
203,886,29,1118
118,288,741,1147
991,644,637,2272
484,246,806,1536
213,346,18,577
443,836,900,2179
754,268,466,1488
253,726,654,1633
813,256,773,1842
326,198,319,843
424,798,79,1301
882,365,943,2190
630,294,821,1745
645,509,367,1521
122,255,706,1083
134,805,507,1446
296,352,937,1585
66,534,917,1517
823,545,486,1854
887,727,674,2288
290,629,57,976
959,492,236,1687
798,693,296,1787
378,934,486,1798
679,917,482,2078
384,24,821,1229
203,665,208,1076
250,203,931,1384
345,129,238,712
317,334,525,1176
646,442,169,1257
580,469,247,1296
383,335,170,888
787,950,828,2565
198,926,203,1327
876,718,978,2572
448,764,367,1579
806,731,83,1620
108,363,935,1406
998,413,739,2150
2,913,732,1647
990,677,471,2138
197,772,315,1284
102,76,995,1173
172,591,737,1500
657,340,153,1150
826,993,537,2356
899,208,318,1425
594,16,662,1272
675,974,758,2407
422,163,452,1037
70,539,703,1312
144,988,711,1843
410,575,540,1525
103,861,996,1960
907,720,694,2321
634,367,123,1124
662,22,460,1144
652,271,842,1765
642,441,234,1317
803,405,487,1695
561,689,840,2090
622,282,484,1388
149,360,525,1034
966,595,755,2316
614,21,448,1083
245,261,276,782
426,777,990,2193
209,451,395,1055
840,699,857,2396
960,710,209,1879
475,637,306,1418
21,813,159,993
887,22,609,1518
900,619,226,1745
254,351,443,1048
52,418,639,1109
190,699,152,1041
856,647,793,2296
565,486,763,1814
590,775,384,1749
277,452,985,1714
6,37,796,839
75,54,498,627
908,619,643,2170
960,265,400,1625
187,564,851,1602
182,501,337,1020
392,650,873,1915
36,139,171,346
662,467,876,2005
801,270,170,1241
105,435,945,1485
904,17,232,1153
684,934,231,1849
425,802,550,1777
247,577,645,1469
820,917,889,2626
65,782,34,881
428,318,561,1307
507,764,812,2083
61,526,159,746
689,173,356,1218
359,30,332,721
532,316,459,1307
229,813,401,1443
118,879,938,1935
690,229,72,991
588,354,905,1847
236,892,558,1686
895,884,129,1908
984,679,694,2357
207,798,903,1908
43,197,999,1239
571,171,278,1020
878,414,706,1998
526,208,915,1649
394,410,337,1141
562,639,526,1727
970,756,676,2402
862,128,238,1228
108,79,772,959
620,304,983,1907
375,306,204,885
654,918,185,1757
26,776,604,1406
217,962,814,1993
892,897,702,2491
344,72,345,761
370,366,478,1214
164,487,131,782
244,167,421,832
548,843,470,1861
897,486,707,2090
890,708,297,1895
717,676,988,2381
96,237,113,446
464,504,472,1440
78,766,13,857
182,843,174,1199
876,764,732,2372
805,818,298,1921
548,649,46,1243
768,481,169,1418
175,857,149,1181
668,353,555,1576
16,704,904,1624
954,475,256,1685
784,775,354,1913
472,158,145,775
731,576,654,1961
792,74,206,1072
742,124,660,1526
153,582,901,1636
982,683,982,2647
561,832,506,1899
759,694,752,2205
465,138,709,1312
537,780,971,2288
500,676,436,1612
100,823,289,1212
280,417,436,1133
953,997,388,2338
511,42,781,1334
145,74,960,1179
470,38,272,780
654,705,48,1407
912,461,278,1651
594,510,718,1822
9,578,667,1254
720,289,907,1916
608,798,603,2009
116,529,713,1358
866,716,955,2537
206,277,884,1367
205,514,170,889
276,622,105,1003
995,916,375,2286
995,329,568,1892
805,569,990,2364
621,891,124,1636
221,184,15,420
4,620,829,1453
248,900,710,1858
707,729,810,2246
933,43,428,1404
905,60,984,1949
910,42,863,1815
298,885,177,1360
203,22,293,518
859,810,507,2176
254,293,506,1053
244,649,87,980
172,812,243,1227
577,422,386,1385
287,134,773,1194
818,581,85,1484
344,501,483,1328
560,988,763,2311
410,778,125,1313
306,821,880,2007
808,431,597,1836
520,979,386,1885
598,992,934,2524
547,985,819,2351
263,576,381,1220
680,169,858,1707
146,969,970,2085
548,159,876,1583
699,330,286,1315
559,678,709,1946
987,925,813,2725
301,140,203,644
635,522,929,2086
853,986,683,2522
440,689,442,1571
801,530,778,2109
223,611,749,1583
795,423,460,1678
767,946,792,2505
66,175,323,564
644,887,741,2272
437,763,894,2094
384,455,148,987
570,93,561,1224
985,194,573,1752
270,868,735,1873
15,166,908,1089
895,398,65,1358
498,739,468,1705
729,912,281,1922
316,175,182,673
283,312,566,1161
848,347,88,1283
901,558,695,2154
712,315,252,1279
580,381,143,1104
532,539,495,1566
527,714,679,1920
946,896,264,2106
301,790,817,1908
232,878,588,1698
5,451,627,1083
983,788,416,2187
114,613,937,1664
984,883,932,2799
693,178,417,1288
9,582,600,1191
914,784,172,1870
313,267,558,1138
29,309,747,1085
657,739,366,1762
748,833,435,2016
414,29,778,1221
947,810,259,2016
616,194,115,925
70,592,717,1379
715,586,754,2055
5,163,608,776
925,493,961,2379
552,472,593,1617
962,715,899,2576
639,808,900,2347
442,434,747,1623
202,391,404,997
708,806,375,1889
189,516,326,1031
214,78,872,1164
230,14,399,643
695,818,678,2191
606,429,586,1621
273,820,574,1667
712,543,939,2194
103,726,109,938
899,834,127,1860
3,353,470,826
962,303,826,2091
281,85,101,467
726,589,110,1425
372,110,234,716
809,396,104,1309
647,757,764,2168
666,357,882,1905
120,844,129,1093
662,765,476,1903
318,868,958,2144
3,381,440,824
43,651,809,1503
822,482,333,1637
859,303,700,1862
375,482,51,908
874,156,251,1281
280,232,914,1426
864,847,594,2305
122,142,767,1031
746,685,816,2247
180,395,80,655
814,690,342,1846
307,800,327,1434
663,893,861,2417
270,458,468,1196
402,223,435,1060
59,519,711,1289
236,667,531,1434
446,945,551,1942
364,321,153,838
932,692,944,2568
640,243,210,1093
613,68,791,1472
34,264,938,1236
38,119,260,417
867,934,660,2461
361,753,965,2079
101,177,242,520
70,220,231,521
52,910,618,1580
74,969,761,1804
896,588,843,2327
1,544,991,1536
916,492,154,1562
370,795,666,1831
288,721,834,1843
923,168,381,1472
33,190,454,677
631,475,494,1600
451,445,489,1385
834,367,565,1766
588,858,45,1491
955,566,519,2040
465,817,677,1959
40,174,263,477
949,911,21,1881
880,810,805,2495
136,170,946,1252
612,538,817,1967
159,617,714,1490
274,15,456,745
247,725,372,1344
712,909,579,2200
587,769,778,2134
456,102,59,617
154,750,103,1007
164,350,505,1019
302,284,933,1519
400,679,669,1748
451,324,733,1508
573,242,651,1466
618,556,702,1876
154,806,442,1402
565,851,188,1604
964,811,755,2530
759,979,732,2470
381,171,745,1297
790,66,785,1641
768,888,293,1949
393,992,134,1519
697,573,249,1519
714,912,632,2258
854,728,883,2465
19,946,889,1854
299,140,20,459
977,201,232,1410
42,476,389,907
738,19,360,1117
199,514,840,1553
466,773,380,1619
219,477,376,1072
46,498,89,633
535,148,418,1101
839,22,452,1313
358,871,924,2153
375,241,321,937
943,407,661,2011
13,425,267,705
372,553,134,1059
20,265,518,803
375,166,214,755
239,551,227,1017
327,887,637,1851
794,72,509,1375
655,398,139,1192
567,795,84,1446
853,630,621,2104
68,129,405,602
78,873,985,1936
862,41,341,1244
844,8,469,1321
595,310,174,1079
474,670,634,1778
631,150,364,1145
569,778,662,2009
701,632,913,2246
836,903,696,2435
473,17,986,1476
452,25,803,1280
407,432,581,1420
998,682,883,2563
362,127,381,870
407,300,613,1320
881,350,940,2171
577,531,316,1424
434,858,631,1923
32,18,574,624
906,838,749,2493
954,885,415,2254
483,291,687,1461
361,821,454,1636
396,597,277,1270
18,786,547,1351
170,354,654,1178
469,340,978,1787
73,613,705,1391
501,928,90,1519
593,694,639,1926
763,969,550,2282
707,690,593,1990
340,776,539,1655
884,84,998,1966
246,528,203,977
458,702,66,1226
903,131,787,1821
540,645,83,1268
18,392,317,727
1000,648,658,2306
898,989,601,2488
233,754,779,1766
314,487,587,1388
30,839,501,1370
21,111,376,508
985,226,755,1966
201,303,36,540
818,49,598,1465
445,554,903,1902
659,942,953,2554
663,206,639,1508
950,602,221,1773
96,666,767,1529
146,442,981,1569
266,902,202,1370
23,88,944,1055
823,351,954,2128
74,14,689,777
84,390,17,491
332,25,943,1300
108,356,614,1078
938,58,575,1571
269,598,781,1648
107,517,944,1568
820,227,460,1507
766,849,156,1771
979,214,521,1714
702,268,602,1572
709,69,229,1007
42,950,539,1531
748,308,595,1651
621,968,821,2410
594,472,261,1327
476,862,791,2129
329,745,597,1671
727,204,233,1164
825,921,389,2135
929,992,740,2661
245,422,398,1065
820,870,264,1954
898,54,336,1288
58,770,364,1192
535,278,598,1411
457,77,872,1406
550,488,478,1516
50,161,715,926
58,484,708,1250
445,987,779,2211
241,17,852,1110
675,65,214,954
216,415,127,758
250,228,212,690
736,990,131,1857
327,375,812,1514
406,163,866,1435
360,536,531,1427
959,775,425,2159
647,942,671,2260
203,387,767,1357
158,964,300,1422
329,961,586,1876
711,12,210,933
156,0,256,412
773,773,17,1563
486,960,890,2336
13,235,404,652
73,7,271,351
274,711,407,1392
542,225,973,1740
678,269,426,1373
610,371,851,1832
186,66,336,588
145,437,877,1459
130,972,376,1478
140,289,71,500
239,112,868,1219
232,60,7,299
390,691,177,1258
642,734,51,1427
793,104,782,1679
623,501,935,2059
742,107,503,1352
444,373,858,1675
344,815,168,1327
401,696,689,1786
137,47,513,697
672,856,277,1805
32,115,756,903
211,716,181,1108
340,325,661,1326
111,28,832,971
884,508,37,1429
716,629,810,2155
220,503,81,804
268,437,600,1305
46,929,611,1586
852,989,245,2086
660,691,760,2111
309,95,988,1392
416,680,370,1466
859,645,385,1889
928,784,715,2427
735,590,813,2138
343,798,996,2137
121,521,283,925
993,263,56,1312
737,880,597,2214
253,963,152,1368
295,667,795,1757
824,905,897,2626
229,355,470,1054
119,537,723,1379
76,142,410,628
109,11,628,748
198,139,803,1140
204,543,454,1201
507,588,598,1693
339,754,674,1767
997,252,300,1549
333,201,86,620
654,662,704,2020
318,286,750,1354
651,483,944,2078
819,376,396,1591
632,543,535,1710
890,337,578,1805
696,122,207,1025
814,974,651,2439
619,924,663,2206
329,267,827,1423
787,935,698,2420
525,981,117,1623
445,425,38,908
943,709,650,2302
304,777,975,2056
342,813,989,2144
448,718,908,2074
936,404,128,1468
639,926,54,1619
817,984,123,1924
571,528,209,1308
24,35,921,980
82,920,410,1412
848,336,38,1222
140,798,376,1314
870,65,41,976
328,60,379,767
607,54,594,1255
489,955,465,1909
476,992,529,1997
265,318,198,781
104,955,722,1781
833,793,780,2406
298,14,235,547
355,908,889,2152
549,694,621,1864
82,26,714,822
392,458,624,1474
503,959,459,1921
693,587,922,2202
249,989,171,1409
261,152,393,806
692,361,122,1175
87,124,606,817
956,22,782,1760
707,305,434,1446
115,456,32,603
966,108,335,1409
83,142,35,260
419,527,148,1094
887,597,66,1550
989,722,211,1922
642,186,399,1227
162,777,241,1180
78,935,73,1086
770,126,886,1782
187,42,390,619
722,270,477,1469
814,833,752,2399
142,948,171,1261
96,444,153,693
885,739,197,1821
120,19,452,591
229,988,204,1421
586,386,728,1700
768,929,809,2506
596,56,336,988
646,325,867,1838
596,736,945,2277
253,161,110,524
883,156,792,1831
164,448,506,1118
776,838,814,2428
853,239,980,2072
40,482,632,1154
212,384,982,1578
741,85,489,1315
307,221,868,1396
819,357,432,1608
735,568,239,1542
172,627,755,1554
64,331,681,1076
927,719,130,1776
237,762,867,1866
263,816,818,1897
850,65,328,1243
690,440,228,1358
294,998,454,1746
211,269,259,739
839,402,901,2142
837,817,737,2391
742,897,818,2457
750,411,531,1692
230,585,989,1804
811,624,584,2019
918,726,733,2377
357,980,66,1403
930,263,187,1380
969,629,190,1788
197,588,285,1070
941,249,795,1985
696,417,735,1848
780,244,321,1345
309,187,739,1235
419,898,264,1581
90,334,831,1255
163,962,8,1133
627,499,753,1879
144,756,216,1116
982,351,661,1994
471,659,25,1155
976,256,581,1813
55,388,192,635
970,935,939,2844
59,161,355,575
805,421,597,1823
228,611,19,858
787,598,227,1612
613,536,929,2078
69,660,646,1375
500,807,921,2228
432,204,807,1443
173,759,248,1180
401,889,886,2176
457,326,602,1385
921,774,101,1796
221,442,997,1660
467,218,434,1119
504,642,633,1779
335,740,144,1219
372,518,621,1511
342,404,513,1259
883,294,624,1801
799,437,517,1753
869,967,558,2394
502,967,829,2298
646,368,892,1906
370,29,194,593
699,406,742,1847
578,473,808,1859
698,917,928,2543
880,622,316,1818
886,138,672,1696
268,408,218,894
649,756,79,1484
423,843,520,1786
709,592,668,1969
738,279,194,1211
51,717,530,1298
130,174,356,660
491,732,221,1444
854,358,58,1270
296,506,240,1042
665,431,885,1981
821,413,738,1972
557,443,270,1270
649,591,90,1330
425,642,102,1169
147,256,719,1122
911,270,113,1294
480,309,943,1732
643,970,939,2552
1,268,954,1223
202,77,991,1270
622,419,294,1335
924,902,196,2022
932,345,716,1993
939,321,169,1429
967,61,138,1166
250,151,802,1203
178,475,212,865
449,142,494,1085
309,547,174,1030
618,567,407,1592
890,476,354,1720
520,418,85,1023
616,17,937,1570
404,657,954,2015
891,653,705,2249
700,325,141,1166
242,131,588,961
362,733,5,1100
127,87,280,494
312,156,355,823
204,367,65,636
941,78,580,1599
183,815,454,1452
587,803,924,2314
36,373,980,1389
351,168,336,855
746,786,121,1653
162,89,768,1019
409,226,312,947
547,209,153,909
990,362,957,2309
159,264,120,543
838,821,933,2592
309,554,80,943
454,692,548,1694
19,20,694,733
438,562,173,1173
882,809,606,2297
155,670,578,1403
989,875,855,2719
827,359,247,1433
502,486,729,1717
22,454,775,1251
535,321,902,1758
143,744,818,1705
311,51,374,736
125,695,200,1020
697,791,398,1886
824,240,661,1725
149,30,950,1129
364,178,631,1173
151,519,640,1310
189,744,61,994
528,386,10,924
843,28,596,1467
229,235,181,645
82,593,625,1300
229,656,27,912
135,785,540,1460
904,974,825,2703
285,956,46,1287
794,116,44,954
480,794,230,1504
411,69,112,592
784,52,46,882
412,579,966,1957
383,321,764,1468
384,546,426,1356
166,207,113,486
917,540,518,1975
681,911,549,2141
480,956,160,1596
283,730,666,1679
217,275,494,986
851,413,302,1566
813,922,343,2078
412,808,8,1228
468,103,189,760
733,231,847,1811
957,476,225,1658
375,934,268,1577
791,501,262,1554
471,748,502,1721
950,380,601,1931
475,950,168,1593
897,312,664,1873
156,510,787,1453
319,136,298,753
414,539,536,1489
417,967,425,1809
920,888,683,2491
474,80,243,797
600,967,634,2201
32,770,141,943
897,209,155,1261
602,25,382,1009
175,588,445,1208
800,146,370,1316
227,540,698,1465
614,814,609,2037
20,22,111,153
417,881,856,2154
846,828,520,2194
180,448,749,1377
76,20,885,981
326,774,791,1891
932,67,715,1714
654,466,28,1148
729,66,555,1350
923,769,308,2000
398,452,516,1366
207,445,321,973
826,462,246,1534
980,525,536,2041
743,953,830,2526
396,963,735,2094
188,588,164,940
650,10,445,1105
811,628,692,2131
82,560,10,652
316,221,358,895
998,100,978,2076
348,965,146,1459
948,195,853,1996
529,489,395,1413
189,724,299,1212
724,104,567,1395
746,137,38,921
182,634,914,1730
645,834,804,2283
542,880,593,2015
172,888,521,1581
383,314,61,758
587,818,76,1481
0,222,537,759
47,269,69,385
615,47,946,1608
467,214,85,766
988,813,582,2383
927,288,258,1473
144,362,671,1177
109,574,654,1337
732,378,892,2002
422,901,907,2230
40,801,436,1277
974,860,219,2053
465,952,434,1851
313,347,315,975
29,898,801,1728
534,144,320,998
333,200,504,1037
107,367,774,1248
703,24,35,762
851,175,724,1750
495,876,176,1547
470,512,61,1043
961,809,505,2275
705,0,108,813
231,29,204,464
705,146,903,1754
610,133,151,894
486,485,589,1560
10,649,910,1569
789,920,755,2464
337,188,832,1357
682,961,835,2478
824,173,122,1119
326,877,565,1768
838,670,872,2380
935,350,283,1568
327,564,988,1879
743,45,509,1297
539,315,668,1522
189,358,749,1296
253,767,15,1035
67,603,51,721
348,620,913,1881
273,524,18,815
38,62,881,981
237,309,675,1221
904,682,381,1967
967,187,423,1577
216,271,982,1469
427,386,158,971
599,224,58,881
535,397,397,1329
849,414,83,1346
669,782,586,2037
132,653,922,1707
301,821,661,1783
511,423,242,1176
411,952,268,1631
148,484,277,909
759,798,643,2200
681,295,341,1317
900,470,224,1594
71,668,398,1137
614,280,662,1556
297,615,713,1625
31,340,769,1140
257,247,157,661
947,210,939,2096
998,314,910,2222
88,514,351,953
852,328,730,1910
276,683,318,1277
826,112,202,1140
156,881,543,1580
758,169,264,1191
696,302,758,1756
199,684,543,1426
810,267,386,1463
118,407,208,733
365,280,603,1248
526,416,757,1699
166,428,523,1117
780,788,293,1861
10,963,574,1547
580,535,980,2095
53,127,186,366
63,703,948,1714
539,629,573,1741
788,138,333,1259
190,851,388,1429
475,565,854,1894
34,279,637,950
38,520,918,1476
275,408,945,1628
372,974,515,1861
247,885,383,1515
303,37,108,448
643,547,969,2159
455,555,975,1985
464,512,50,1026
670,281,684,1635
491,169,427,1087
224,572,584,1380
604,283,60,947
513,267,867,1647
732,523,932,2187
623,604,138,1365
873,358,841,2072
340,387,501,1228
246,897,182,1325
243,78,970,1291
237,963,91,1291
628,461,284,1373
344,867,360,1571
262,232,789,1283
950,671,708,2329
33,157,101,291
997,198,561,1756
81,613,705,1399
392,268,447,1107
111,707,211,1029
262,142,594,998
367,405,839,1611
459,703,884,2046
40,658,531,1229
506,475,744,1725
922,877,691,2490
745,742,942,2429
857,11,623,1491
58,913,286,1257
270,457,194,921
537,426,375,1338
22,353,628,1003
708,137,690,1535
396,461,75,932
739,378,12,1129
367,354,131,852
532,641,23,1196
343,859,777,1979
180,510,730,1420
238,873,403,1514
159,42,886,1087
317,124,360,801
955,725,307,1987
658,619,378,1655
733,214,600,1547
738,316,601,1655
567,351,803,1721
986,42,624,1652
493,411,804,1708
825,946,450,2221
999,358,169,1526
41,467,69,577
595,15,747,1357
321,217,106,644
304,503,528,1335
957,800,370,2127
19,414,300,733
674,292,434,1400
434,993,973,2400
227,152,863,1242
970,73,278,1321
694,187,708,1589
339,382,31,752
315,608,276,1199
235,452,56,743
119,407,778,1304
344,164,379,887
943,256,103,1302
100,986,162,1248
369,946,50,1365
551,174,750,1475
609,304,33,946
349,23,2,374
541,930,963,2434
11,388,750,1149
965,326,763,2054
243,705,299,1247
891,631,824,2346
38,547,806,1391
143,223,685,1051
164,384,904,1452
734,1000,324,2058
991,868,971,2830
710,918,619,2247
923,561,543,2027
899,107,539,1545
851,805,191,1847
499,162,614,1275
632,681,92,1405
921,378,685,1984
2,908,775,1685
976,636,811,2423
198,995,74,1267
436,251,333,1020
196,567,638,1401
189,857,781,1827
619,771,853,2243
883,222,861,1966
402,64,153,619
130,547,633,1310
300,456,963,1719
28,944,688,1660
194,382,219,795
983,700,556,2239
399,366,400,1165
523,480,202,1205
258,856,181,1295
501,793,280,1574
139,849,160,1148
961,679,883,2523
933,570,616,2119
705,729,851,2285
980,557,412,1949
158,604,383,1145
506,868,788,2162
518,286,895,1699
373,961,576,1910
182,215,891,1288
218,98,472,788
455,258,751,1464
930,741,902,2573
254,730,336,1320
87,228,990,1305
395,674,843,1912
418,371,25,814
266,907,377,1550
918,170,355,1443
35,352,963,1350
658,561,631,1850
969,560,501,2030
73,641,644,1358
201,407,784,1392
968,193,949,2110
181,156,159,496
460,74,645,1179
852,838,1,1691
346,248,894,1488
279,172,304,755
888,918,115,1921
324,179,478,981
925,567,253,1745
497,67,704,1268
668,144,399,1211
869,242,917,2028
905,960,20,1885
751,897,751,2399
784,612,451,1847
747,869,415,2031
843,439,176,1458
791,6,792,1589
660,800,350,1810
905,59,369,1333
161,925,311,1397
359,135,644,1138
832,815,229,1876
950,627,898,2475
673,322,667,1662
757,282,62,1101
978,487,731,2196
610,194,460,1264
469,218,804,1491
826,133,507,1466
526,816,972,2314
490,699,362,1551
540,701,355,1596
308,303,381,992
467,339,642,1448
538,235,596,1369
278,764,822,1864
870,854,184,1908
813,760,906,2479
497,533,721,1751
934,713,870,2517
358,51,871,1280
161,920,448,1529
472,661,881,2014
243,579,800,1622
943,684,243,1870
585,552,67,1204
367,540,581,1488
279,655,25,959
346,151,453,950
496,476,797,1769
943,374,438,1755
410,23,394,827
669,933,305,1907
653,12,326,991
46,238,178,462
881,1000,364,2245
215,997,411,1623
300,720,749,1769
833,820,774,2427
635,130,76,841
47,844,372,1263
102,636,165,903
712,549,460,1721
591,91,882,1564
650,302,116,1068
522,726,137,1385
836,553,61,1450
18,858,760,1636
554,756,970,2280
863,394,693,1950
851,606,443,1900
267,615,104,986
397,848,636,1881
246,100,547,893
771,922,213,1906
158,489,692,1339
405,625,521,1551
815,196,844,1855
633,850,99,1582
978,997,990,2965
473,344,361,1178
746,353,290,1389
608,552,723,1883
553,802,42,1397
584,518,364,1466
155,542,100,797
849,898,974,2721
237,470,361,1068
813,193,280,1286
619,644,694,1957
226,389,134,749
231,446,514,1191
268,287,858,1413
838,510,164,1512
569,148,77,794
380,195,337,912
223,460,70,753
244,741,314,1299
42,562,215,819
716,190,60,966
976,532,973,2481
696,997,545,2238
456,767,490,1713
388,664,662,1714
432,265,583,1280
836,340,657,1833
318,623,500,1441
620,588,206,1414
692,232,644,1568
243,367,105,715
421,871,685,1977
271,205,396,872
562,66,220,848
478,183,964,1625
62,912,285,1259
611,273,18,902
348,549,781,1678
871,530,401,1802
539,708,389,1636
444,843,439,1726
301,705,352,1358
132,822,740,1694
973,980,116,2069
226,394,425,1045
686,706,351,1743
925,852,288,2065
288,614,498,1400
696,84,38,818
818,116,740,1674
710,559,536,1805
164,247,17,428
77,134,67,278
940,606,732,2278
490,763,456,1709
240,186,911,1337
949,564,400,1913
559,460,757,1776
393,61,331,785
711,631,973,2315
163,450,708,1321
997,838,941,2776
423,593,446,1462
918,548,458,1924
219,568,912,1699
489,936,994,2419
899,998,796,2693
731,425,691,1847
251,270,634,1155
684,212,841,1737
531,655,110,1296
754,407,925,2086
52,431,919,1402
78,401,310,789
510,72,223,805
389,835,702,1926
392,349,106,847
756,902,615,2273
807,805,749,2361
758,892,670,2320
891,999,45,1935
956,929,325,2210
544,315,621,1480
395,408,551,1354
406,628,525,1559
367,108,146,621
934,883,437,2254
732,336,598,1666
24,507,953,1484
789,744,272,1805
573,100,721,1394
920,629,74,1623
825,978,191,1994
211,964,942,2117
450,646,431,1527
74,113,387,574
166,607,753,1526
355,56,45,456
322,751,873,1946
852,305,551,1708
998,527,99,1624
832,172,334,1338
213,548,410,1171
202,245,78,525
273,374,643,1290
959,467,625,2051
532,336,159,1027
302,882,711,1895
555,608,875,2038
354,419,7,780
790,807,544,2141
65,670,939,1674
224,560,582,1366
795,367,580,1742
69,782,29,880
835,738,805,2378
309,398,508,1215
480,711,126,1317
212,731,809,1752
274,351,431,1056
429,600,38,1067
466,222,484,1172
587,519,971,2077
446,575,330,1351
475,134,15,624
15,305,681,1001
634,833,824,2291
791,213,80,1084
630,345,6,981
620,153,878,1651
119,895,595,1609
543,812,258,1613
187,366,236,789
158,352,600,1110
346,27,340,713
96,185,560,841
189,477,100,766
426,935,442,1803
713,469,79,1261
311,369,467,1147
905,260,537,1702
832,267,902,2001
727,771,577,2075
189,756,452,1397
434,935,782,2151
338,214,57,609
756,653,541,1950
858,697,252,1807
487,670,621,1778
604,46,283,933
988,893,996,2877
934,631,280,1845
314,231,97,642
599,668,689,1956
512,69,867,1448
212,268,345,825
458,940,955,2353
34,31,847,912
148,934,912,1994
130,294,643,1067
68,131,420,619
660,568,181,1409
812,850,74,1736
979,31,41,1051
134,175,467,776
22,731,340,1093
97,790,167,1054
662,448,354,1464
383,921,392,1696
35,542,736,1313
809,909,122,1840
492,623,931,2046
304,435,465,1204
171,724,600,1495
525,626,928,2079
234,153,793,1180
144,38,445,627
647,52,546,1245
358,964,42,1364
14,88,700,802
844,161,619,1624
187,224,920,1331
484,182,533,1199
215,63,605,883
651,707,792,2150
64,43,14,121
758,801,753,2312
804,17,822,1643
270,20,460,750
163,640,454,1257
213,912,232,1357
618,706,280,1604
407,103,870,1380
486,716,761,1963
450,626,781,1857
935,15,830,1780
355,98,473,926
429,555,493,1477
74,56,1000,1130
930,854,557,2341
394,535,675,1604
193,383,298,874
42,215,453,710
491,546,312,1349
235,59,554,848
983,587,271,1841
561,631,954,2146
165,694,886,1745
747,992,973,2712
858,653,107,1618
212,435,521,1168
549,17,94,660
810,867,516,2193
265,301,403,969
775,326,790,1891
749,151,126,1026
11,459,275,745
33,29,700,762
9,256,226,491
667,91,471,1229
392,278,117,787
103,187,650,940
280,410,958,1648
950,717,463,2130
871,747,208,1826
457,461,756,1674
477,574,749,1800
314,101,395,810
976,515,946,2437
913,137,835,1885
396,837,682,1915
947,367,191,1505
343,963,164,1470
165,679,572,1416
638,852,839,2329
699,119,795,1613
257,404,935,1596
511,730,152,1393
621,909,248,1778
597,822,1000,2419
434,450,778,1662
495,836,758,2089
872,611,692,2175
412,969,68,1449
998,21,685,1704
538,460,237,1235
915,567,754,2236
611,817,980,2408
312,290,81,683
369,314,978,1661
791,536,734,2061
467,910,781,2158
627,52,857,1536
602,838,323,1763
424,718,477,1619
27,616,192,835
480,983,571,2034
812,150,314,1276
93,385,859,1337
465,209,837,1511
168,624,437,1229
516,362,394,1272
895,131,216,1242
114,235,166,515
265,98,814,1177
272,982,155,1409
245,486,454,1185
670,893,913,2476
823,403,412,1638
493,775,316,1584
478,212,921,1611
190,268,899,1357
800,547,163,1510
533,445,68,1046
822,870,379,2071
690,876,36,1602
335,947,215,1497
152,931,509,1592
229,839,108,1176
426,280,687,1393
940,78,571,1589
862,547,84,1493
281,741,319,1341
251,849,665,1765
441,832,159,1432
268,663,916,1847
186,770,409,1365
506,668,463,1637
84,157,927,1168
170,167,866,1203
671,177,419,1267
500,710,848,2058
204,41,318,563
959,629,130,1718
723,366,651,1740
174,136,644,954
579,918,561,2058
706,167,855,1728
181,202,375,758
899,495,563,1957
967,962,703,2632
780,513,974,2267
373,49,360,782
264,588,106,958
913,590,295,1798
998,863,503,2364
506,300,430,1236
743,347,949,2039
771,813,424,2008
375,679,139,1193
850,76,933,1859
505,25,715,1245
809,169,933,1911
659,127,694,1480
413,825,925,2163
252,720,686,1658
505,868,827,2200
488,774,277,1539
21,948,372,1341
492,386,495,1373
172,934,913,2019
294,505,549,1348
841,767,418,2026
96,796,232,1124
67,427,163,657
786,711,855,2352
629,315,963,1907
262,328,399,989
878,582,747,2207
562,827,738,2127
227,887,106,1220
933,912,896,2741
204,620,614,1438
95,894,636,1625
760,748,214,1722
932,946,681,2559
352,566,412,1330
10,467,971,1448
424,368,861,1653
4,747,743,1494
899,381,391,1671
193,398,1,592
942,324,446,1712
658,109,942,1709
735,621,534,1890
725,875,840,2440
861,796,22,1679
329,490,154,973
921,553,243,1717
866,62,221,1149
616,912,457,1985
616,977,71,1664
383,223,191,797
853,768,737,2358
130,384,944,1458
863,619,594,2076
875,61,66,1002
249,177,916,1342
483,320,228,1031
996,594,832,2422
752,807,145,1704
143,504,631,1278
618,661,472,1751
871,65,8,944
706,739,710,2155
463,122,214,799
207,147,627,981
33,145,877,1055
862,166,942,1970
472,932,286,1690
782,647,784,2213
871,900,542,2313
581,988,914,2483
611,410,260,1281
360,699,838,1897
195,649,307,1151
691,860,330,1881
656,889,482,2027
244,810,777,1831
301,26,721,1048
346,729,496,1571
169,672,14,855
90,383,186,659
896,731,440,2067
356,166,798,1320
589,366,950,1905
522,106,554,1182
601,391,210,1202
465,811,532,1808
136,543,625,1304
91,652,483,1226
55,214,22,291
418,32,485,935
429,51,681,1161
162,225,863,1250
217,301,660,1178
882,284,913,2079
817,832,141,1790
77,75,285,437
410,981,728,2119
208,38,667,913
837,416,899,2152
210,433,406,1049
716,670,208,1594
422,561,583,1566
756,689,548,1993
632,497,880,2009
627,614,736,1977
734,493,911,2138
657,733,800,2190
638,367,60,1065
539,501,431,1471
831,930,988,2749
162,899,734,1795
834,267,848,1949
141,552,862,1555
968,961,239,2168
803,658,545,2006
563,218,795,1576
547,274,234,1055
748,447,230,1425
167,776,973,1916
868,359,146,1373
713,391,703,1807
740,10,439,1189
837,750,215,1802
151,890,130,1171
580,894,226,1700
73,188,16,277
16,560,884,1460
684,932,705,2321
797,138,969,1904
753,610,696,2059
808,646,459,1913
940,98,291,1329
710,421,421,1552
616,375,635,1626
19,723,167,909
427,154,578,1159
653,182,647,1482
976,528,196,1700
371,433,660,1464
885,870,173,1928
948,540,980,2468
992,359,207,1558
784,420,25,1229
705,602,315,1622
667,117,515,1299
342,189,97,628
837,653,152,1642
406,831,146,1383
814,961,367,2142
761,780,165,1706
214,82,920,1216
173,656,220,1049
372,147,694,1213
323,603,968,1894
990,613,981,2584
511,872,566,1949
240,997,604,1841
915,398,300,1613
105,372,147,624
866,901,482,2249
291,461,478,1230
991,820,933,2744
202,334,802,1338
802,432,533,1767
30,456,324,810
438,262,221,921
85,716,260,1061
674,607,67,1348
664,751,780,2195
842,915,905,2662
99,747,704,1550
481,968,600,2049
734,322,384,1440
228,548,154,930
788,514,542,1844
23,548,778,1349
592,464,756,1812
106,580,998,1684
582,511,27,1120
640,252,226,1118
830,800,238,1868
457,793,251,1501
780,410,728,1918
955,460,367,1782
926,651,594,2171
91,605,970,1666
916,879,340,2135
404,352,720,1476
981,102,46,1129
113,951,828,1892
698,424,264,1386
368,50,690,1108
868,878,399,2145
463,714,391,1568
630,360,866,1856
740,713,245,1698
539,346,69,954
459,968,469,1896
152,670,683,1505
397,73,136,606
677,223,882,1782
727,776,28,1531
350,216,808,1374
510,236,464,1210
419,950,32,1401
311,626,261,1198
800,151,421,1372
984,211,280,1475
647,987,609,2243
961,249,628,1838
239,265,211,715
982,539,718,2239
904,948,509,2361
237,806,818,1861
448,557,153,1158
501,378,618,1497
94,424,984,1502
281,143,540,964
818,643,435,1896
783,501,145,1429
729,270,988,1987
605,63,369,1037
826,905,339,2070
619,884,78,1581
185,406,927,1518
48,778,357,1183
106,896,418,1420
294,117,586,997
746,187,266,1199
808,704,102,1614
995,748,971,2714
113,428,411,952
332,789,170,1291
551,980,704,2235
969,459,204,1632
417,889,213,1519
311,483,783,1577
645,866,135,1646
727,15,641,1383
319,549,484,1352
218,821,102,1141
858,685,913,2456
174,355,377,906
940,754,581,2275
165,188,756,1109
991,467,564,2022
709,131,668,1508
946,126,490,1562
7,637,521,1165
289,967,888,2144
428,177,985,1590
557,732,675,1964
552,293,672,1517
632,2,48,682
786,209,618,1613
63,94,561,718
694,687,577,1958
553,864,452,1869
357,854,731,1942
540,399,182,1121
617,204,307,1128
60,684,398,1142
507,425,52,984
241,376,277,894
254,847,354,1455
310,307,225,842
398,507,268,1173
262,958,359,1579
942,973,104,2019
733,234,311,1278
239,202,645,1086
608,295,345,1248
901,185,883,1969
229,243,537,1009
438,157,681,1276
748,637,559,1944
997,649,866,2512
932,805,298,2035
691,739,897,2327
277,664,178,1119
966,654,833,2453
871,362,289,1522
696,530,380,1606
288,107,483,878
19,540,867,1426
230,473,117,820
597,41,226,864
509,942,100,1551
449,292,870,1611
902,154,536,1592
792,800,188,1780
249,621,443,1313
607,736,861,2204
716,521,745,1982
526,339,368,1233
538,537,448,1523
76,854,758,1688
224,956,206,1386
587,255,540,1382
355,156,130,641
936,373,601,1910
258,423,569,1250
477,810,56,1343
401,823,825,2049
20,213,555,788
393,817,807,2017
673,955,283,1911
459,635,831,1925
825,621,899,2345
519,986,736,2241
652,947,495,2094
973,993,413,2379
78,997,847,1922
334,780,408,1522
872,803,856,2531
277,850,326,1453
1000,224,903,2127
96,726,51,873
967,132,685,1784
635,60,931,1626
911,668,305,1884
984,315,976,2275
773,504,510,1787
415,889,525,1829
623,626,473,1722
59,474,425,958
755,694,706,2155
644,402,743,1789
302,447,460,1209
842,59,284,1185
171,304,440,915
912,826,642,2380
600,625,696,1921
472,131,375,978
639,756,729,2124
553,525,585,1663
5,512,925,1442
526,193,418,1137
831,579,595,2005
225,365,847,1437
88,765,132,985
446,697,680,1823
583,631,466,1680
977,970,732,2679
26,236,90,352
225,72,113,410
318,935,905,2158
853,499,62,1414
397,270,487,1154
929,525,880,2334
107,679,243,1029
155,553,438,1146
845,550,116,1511
231,264,810,1305
379,219,667,1265
43,430,232,705
687,949,274,1910
611,539,410,1560
650,718,989,2357
71,213,511,795
347,480,539,1366
38,732,642,1412
968,920,395,2283
526,818,607,1951
202,157,96,455
458,250,32,740
721,665,863,2249
184,861,359,1404
116,83,684,883
945,676,635,2256
769,486,778,2033
823,441,702,1966
598,31,746,1375
296,953,364,1613
181,249,584,1014
240,132,747,1119
229,729,636,1594
973,715,613,2301
99,33,4,136
881,38,119,1038
117,183,472,772
589,272,221,1082
402,492,361,1255
364,279,327,970
335,930,204,1469
967,11,998,1976
527,100,410,1037
258,557,453,1268
802,78,271,1151
432,499,191,1122
757,338,380,1475
965,920,940,2825
389,854,4,1247
604,781,446,1831
770,444,916,2130
159,956,339,1454
108,337,787,1232
478,730,707,1915
642,537,533,1712
488,19,834,1341
940,247,599,1786
837,217,703,1757
192,837,638,1667
857,104,989,1950
929,759,313,2001
174,807,487,1468
448,916,585,1949
578,269,778,1625
148,992,718,1858
174,131,861,1166
14,881,24,919
65,702,725,1492
657,213,362,1232
340,886,926,2152
427,17,745,1189
717,338,575,1630
89,300,450,839
243,372,600,1215
277,465,876,1618
700,240,618,1558
980,612,844,2436
972,600,588,2160
98,477,460,1035
49,393,10,452
15,199,736,950
881,750,763,2394
12,591,903,1506
765,765,860,2390
634,731,166,1531
499,169,941,1609
728,916,255,1899
679,536,368,1583
661,273,417,1351
717,360,385,1462
90,717,36,843
582,802,958,2342
549,828,683,2060
296,602,549,1447
7,592,31,630
281,147,213,641
56,848,700,1604
131,425,268,824
319,805,999,2123
843,561,283,1687
230,713,466,1409
702,984,723,2409
785,146,249,1180
78,74,543,695
340,860,100,1300
735,454,681,1870
508,839,638,1985
703,22,235,960
210,86,828,1124
800,895,744,2439
407,35,178,620
126,869,583,1578
583,944,221,1748
993,848,212,2053
541,299,475,1315
5,56,746,807
420,592,345,1357
997,172,836,2005
23,137,189,349
202,848,557,1607
6,188,280,474
602,221,595,1418
768,95,45,908
778,898,983,2659
648,99,850,1597
51,68,758,877
312,570,315,1197
81,108,328,517
563,534,687,1784
880,687,768,2335
487,281,615,1383
586,813,502,1901
823,935,824,2582
892,442,633,1967
99,910,744,1753
463,410,96,969
927,785,770,2482
773,376,318,1467
946,412,520,1878
39,605,866,1510
677,258,122,1057
973,703,297,1973
890,829,963,2682
725,198,988,1911
602,40,989,1631
85,101,729,915
770,47,693,1510
227,335,513,1075
788,220,606,1614
461,548,183,1192
380,271,665,1316
422,509,776,1707
811,439,909,2159
704,920,578,2202
882,811,213,1906
488,859,590,1937
751,557,444,1752
679,194,218,1091
795,869,910,2574
365,746,156,1267
238,794,284,1316
966,356,590,1912
333,862,870,2065
956,679,962,2597
316,929,430,1675
982,528,944,2454
897,221,252,1370
729,499,454,1682
463,996,186,1645
49,762,839,1650
669,642,428,1739
650,361,486,1497
846,249,851,1946
535,727,968,2230
921,352,937,2210
297,500,399,1196
567,87,305,959
466,576,375,1417
516,777,361,1654
474,121,762,1357
24,483,938,1445
72,907,828,1807
226,485,772,1483
875,7,490,1372
892,694,967,2553
459,497,644,1600
549,875,54,1478
242,542,941,1725
257,743,962,1962
105,16,214,335
760,517,325,1602
56,173,398,627
732,389,328,1449
781,502,235,1518
508,290,128,926
319,401,562,1282
545,714,36,1295
507,745,712,1964
362,470,342,1174
544,884,800,2228
148,361,232,741
303,904,693,1900
903,986,188,2077
644,274,699,1617
855,217,729,1801
144,903,1,1048
539,892,665,2096
985,300,457,1742
985,222,609,1816
657,548,284,1489
238,512,654,1404
344,16,126,486
141,757,317,1215
5,360,591,956
81,594,84,759
553,799,322,1674
765,953,729,2447
820,608,831,2259
782,993,692,2467
148,107,634,889
768,366,284,1418
956,556,225,1737
791,233,253,1277
64,955,785,1804
972,165,445,1582
326,268,48,642
508,1,78,587
2,548,862,1412
734,305,1000,2039
114,518,139,771
200,631,87,918
373,762,982,2117
698,991,363,2052
774,344,32,1150
156,518,730,1404
244,533,528,1305
947,146,7,1100
367,448,811,1626
950,846,892,2688
27,194,837,1058
301,247,230,778
258,781,555,1594
797,798,945,2540
391,2,191,584
222,357,910,1489
239,831,212,1282
814,517,521,1852
485,785,521,1791
662,286,917,1865
581,121,117,819
546,719,567,1832
651,877,238,1766
964,689,251,1904
132,827,28,987
703,292,253,1248
162,937,701,1800
965,813,462,2240
18,881,402,1301
741,827,250,1818
969,966,408,2343
650,352,128,1130
440,404,301,1145
794,722,597,2113
875,345,3,1223
220,763,460,1443
75,888,510,1473
757,658,570,1985
280,323,916,1519
31,396,33,460
801,647,81,1529
288,252,564,1104
389,287,141,817
37,374,294,705
466,47,848,1361
485,66,265,816
92,133,526,751
812,861,390,2063
498,272,853,1623
737,845,825,2407
234,498,116,848
204,345,971,1520
948,381,372,1701
113,843,858,1814
853,537,938,2328
780,849,168,1797
677,700,15,1392
589,296,59,944
62,972,154,1188
776,447,340,1563
949,918,925,2792
506,417,674,1597
809,724,682,2215
452,413,271,1136
764,540,476,1780
375,777,680,1832
614,832,341,1787
738,809,215,1762
242,288,124,654
663,833,803,2299
324,321,1,646
700,951,698,2349
853,446,478,1777
878,544,538,1960
278,359,13,650
299,459,697,1455
627,662,515,1804
874,259,966,2099
188,602,4,794
523,51,994,1568
129,806,88,1023
732,508,65,1305
498,980,18,1496
872,431,702,2005
765,248,880,1893
391,437,264,1092
249,920,846,2015
627,555,56,1238
196,222,759,1177
333,965,396,1694
287,246,484,1017
604,842,618,2064
160,47,988,1195
533,994,651,2178
393,993,601,1987
794,923,766,2483
52,974,748,1774
615,240,386,1241
61,267,590,918
431,542,781,1754
4,569,67,640
587,457,600,1644
976,505,916,2397
169,444,41,654
543,436,809,1788
578,388,451,1417
578,357,112,1047
384,929,4,1317
229,253,506,988
363,412,444,1219
175,635,179,989
545,81,861,1487
419,744,337,1500
219,70,519,808
705,470,708,1883
790,776,349,1915
10,744,891,1645
66,315,692,1073
49,664,919,1632
822,310,469,1601
601,10,305,916
899,625,581,2105
832,464,347,1643
30,912,765,1707
58,918,694,1670
741,721,634,2096
91,232,266,589
276,724,482,1482
18,394,419,831
887,662,899,2448
501,622,174,1297
73,134,637,844
670,338,514,1522
559,501,262,1322
86,527,365,978
428,18,388,834
310,260,756,1326
996,937,937,2870
508,616,862,1986
735,835,111,1681
342,356,854,1552
453,525,698,1676
943,18,948,1909
407,215,244,866
763,278,617,1658
695,754,819,2268
150,159,211,520
674,979,400,2053
639,377,942,1958
588,674,270,1532
320,641,654,1615
809,709,660,2178
381,580,406,1367
963,911,11,1885
953,918,95,1966
70,52,586,708
297,327,854,1478
222,911,440,1573
112,666,389,1167
791,899,878,2568
143,15,223,381
21,862,894,1777
374,120,693,1187
445,484,748,1677
598,36,474,1108
400,63,726,1189
355,603,417,1375
640,50,765,1455
544,269,507,1320
7,767,921,1695
406,243,11,660
905,642,173,1720
789,927,146,1862
189,97,362,648
264,935,379,1578
54,783,53,890
598,468,824,1890
639,939,815,2393
52,930,106,1088
606,859,926,2391
462,675,779,1916
0,41,980,1021
248,797,661,1706
720,315,100,1135
499,172,231,902
25,632,624,1281
689,538,203,1430
431,208,301,940
588,712,93,1393
559,90,782,1431
844,883,490,2217
372,315,188,875
864,263,861,1988
640,967,246,1853
924,48,101,1073
573,7,909,1489
729,16,390,1135
435,102,661,1198
429,399,854,1682
768,517,290,1575
83,74,898,1055
607,936,111,1654
173,464,950,1587
800,754,408,1962
749,9,679,1437
204,507,80,791
954,571,39,1564
754,592,673,2019
771,110,620,1501
980,198,564,1742
795,327,120,1242
574,75,383,1032
197,843,986,2026
70,107,737,914
855,928,631,2414
675,605,552,1832
471,131,85,687
328,684,626,1638
20,72,2,94
940,583,295,1818
942,150,774,1866
64,586,621,1271
398,166,2,566
534,233,493,1260
796,850,244,1890
575,269,691,1535
122,984,734,1840
281,642,821,1744
45,791,748,1584
872,563,631,2066
657,486,828,1971
246,306,893,1445
634,280,505,1419
232,537,98,867
504,247,667,1418
777,692,621,2090
49,636,388,1073
272,846,241,1359
723,232,722,1677
423,417,14,854
350,564,245,1159
909,384,805,2098
817,570,606,1993
713,488,182,1383
103,926,489,1518
336,150,10,496
88,996,442,1526
419,66,450,935
223,406,73,702
938,276,880,2094
618,392,572,1582
18,788,601,1407
39,355,527,921
103,769,984,1856
77,866,165,1108
612,432,396,1440
134,714,756,1604
433,882,861,2176
813,151,712,1676
693,0,871,1564
733,172,757,1662
445,805,369,1619
575,63,482,1120
742,271,140,1153
735,541,61,1337
845,721,406,1972
865,676,924,2465
600,135,139,874
495,989,575,2059
380,33,429,842
985,111,28,1124
904,33,794,1731
39,591,784,1414
350,942,937,2229
693,494,510,1697
833,180,152,1165
280,143,251,674
167,121,945,1233
915,511,440,1866
813,690,281,1784
562,435,824,1821
69,286,154,509
845,328,796,1969
236,649,231,1116
168,187,701,1056
780,923,184,1887
860,926,840,2626
716,328,645,1689
402,743,201,1346
121,545,627,1293
856,718,513,2087
378,34,998,1410
153,983,220,1356
11,734,610,1355
784,549,227,1560
493,115,813,1421
65,921,578,1564
2,168,459,629
534,611,753,1898
762,17,119,898
582,18,599,1199
587,860,640,2087
324,340,816,1480
843,937,828,2608
84,931,70,1085
715,111,407,1233
662,832,310,1804
236,382,609,1227
895,398,273,1566
160,467,802,1429
911,72,750,1733
930,168,82,1180
940,475,941,2356
108,863,678,1649
408,145,544,1097
500,72,430,1002
693,2,814,1509
410,314,623,1347
869,621,563,2053
193,749,430,1372
919,412,565,1896
205,535,430,1170
586,519,753,1858
726,657,192,1575
102,930,105,1137
973,7,279,1259
172,716,122,1010
910,392,622,1924
573,258,6,837
665,359,373,1397
108,11,753,872
296,375,549,1220
861,548,330,1739
841,975,362,2178
30,808,313,1151
300,696,772,1768
400,842,423,1665
767,753,814,2334
17,471,517,1005
252,183,478,913
516,651,655,1822
185,179,544,908
5,791,28,824
797,70,670,1537
98,503,733,1334
80,253,610,943
458,854,398,1710
31,952,984,1967
787,809,289,1885
907,492,125,1524
403,752,392,1547
405,316,857,1578
929,337,410,1676
167,365,233,765
86,479,46,611
301,928,380,1609
155,622,111,888
698,843,812,2353
605,523,231,1359
316,482,714,1512
634,891,375,1900
507,712,732,1951
72,821,588,1481
176,561,833,1570
508,895,166,1569
348,837,436,1621
145,249,878,1272
375,206,23,604
242,645,111,998
788,513,649,1950
773,506,944,2223
552,341,634,1527
514,67,565,1146
935,40,574,1549
771,910,871,2552
545,584,627,1756
618,330,432,1380
434,510,535,1479
280,368,544,1192
908,623,796,2327
139,770,912,1821
345,273,784,1402
825,835,502,2162
659,352,876,1887
922,715,584,2221
530,683,91,1304
743,689,724,2156
897,806,921,2624
122,999,976,2097
266,101,758,1125
587,234,187,1008
424,107,883,1414
162,336,640,1138
618,955,366,1939
354,573,49,976
385,70,577,1032
228,799,151,1178
84,704,201,989
58,774,690,1522
148,130,65,343
964,886,767,2617
597,490,492,1579
286,300,128,714
512,924,700,2136
573,809,516,1898
442,766,216,1424
426,276,691,1393
650,435,763,1848
80,999,607,1686
245,463,724,1432
122,690,740,1552
936,503,574,2013
689,270,320,1279
265,833,857,1955
976,154,482,1612
405,504,17,926
388,675,795,1858
968,896,157,2021
749,40,446,1235
873,896,634,2403
783,633,3,1419
52,289,404,745
776,10,699,1485
9,301,607,917
802,518,609,1929
156,928,798,1882
973,251,493,1717
78,907,613,1598
774,955,409,2138
417,214,888,1519
15,494,883,1392
591,891,300,1782
11,289,864,1164
694,16,462,1172
430,854,179,1463
351,505,920,1776
153,865,223,1241
948,76,182,1206
338,208,788,1334
821,610,757,2188
862,420,615,1897
564,948,227,1739
476,796,381,1653
352,824,326,1502
881,672,612,2165
350,959,168,1477
256,541,376,1173
328,925,11,1264
161,393,510,1064
277,691,665,1633
781,396,765,1942
301,991,443,1735
957,997,77,2031
140,471,439,1050
731,456,636,1823
162,529,543,1234
299,876,202,1377
518,497,490,1505
195,293,702,1190
174,800,836,1810
446,818,664,1928
746,382,110,1238
820,821,825,2466
375,470,264,1109
21,895,915,1831
811,263,976,2050
169,661,531,1361
224,122,85,431
262,576,864,1702
744,61,930,1735
326,148,858,1332
482,893,272,1647
836,888,674,2398
746,747,84,1577
958,311,468,1737
544,914,154,1612
801,189,943,1933
849,323,477,1649
461,46,930,1437
327,452,650,1429
726,1,211,938
630,694,866,2190
81,431,973,1485
534,896,218,1648
74,340,36,450
213,236,51,500
230,132,19,381
230,719,783,1732
935,777,829,2541
921,732,594,2247
539,499,515,1553
796,374,873,2043
160,328,358,846
898,674,317,1889
22,203,930,1155
605,150,437,1192
720,824,915,2459
591,492,350,1433
268,1000,723,1991
737,499,501,1737
54,17,182,253
321,394,122,837
645,18,555,1218
971,739,469,2179
496,952,716,2164
641,59,617,1317
821,301,105,1227
832,831,560,2223
517,848,92,1457
165,78,2,245
431,872,655,1958
136,699,155,990
960,478,572,2010
312,661,948,1921
668,531,274,1473
322,255,23,600
735,721,737,2193
156,371,695,1222
411,13,506,930
570,814,428,1812
864,995,792,2651
720,318,905,1943
131,346,624,1101
86,309,476,871
518,543,321,1382
321,375,706,1402
588,723,126,1437
629,8,767,1404
421,761,603,1785
486,416,517,1419
460,835,123,1418
371,53,458,882
380,285,108,773
631,790,902,2323
510,579,456,1545
738,107,74,919
911,241,929,2081
93,723,355,1171
475,911,450,1836
131,350,691,1172
35,511,197,743
928,157,431,1516
249,401,114,764
988,486,199,1673
222,294,91,607
264,280,803,1347
764,820,426,2010
635,525,279,1439
732,868,521,2121
3,319,48,370
58,554,381,993
507,574,811,1892
604,671,38,1313
798,943,94,1835
280,730,406,1416
726,407,201,1334
571,927,900,2398
916,315,211,1442
897,595,1000,2492
358,326,223,907
490,714,1000,2204
551,805,519,1875
275,958,508,1741
976,685,697,2358
868,258,976,2102
418,679,659,1756
330,937,139,1406
417,238,42,697
399,956,994,2349
865,402,19,1286
764,289,617,1670
640,492,792,1924
954,727,965,2646
347,542,493,1382
647,70,610,1327
205,914,158,1277
998,344,370,1712
462,137,796,1395
675,55,451,1181
647,120,640,1407
619,505,500,1624
903,128,441,1472
649,535,349,1533
215,395,344,954
383,55,112,550
442,503,710,1655
429,697,719,1845
770,532,539,1841
237,909,181,1327
711,457,553,1721
489,939,116,1544
526,620,757,1903
436,274,647,1357
843,173,687,1703
296,274,265,835
74,26,50,150
465,660,139,1264
174,255,833,1262
788,516,117,1421
344,50,611,1005
107,532,585,1224
676,747,816,2239
692,495,466,1653
791,908,945,2644
615,949,345,1909
10,775,591,1376
454,975,397,1826
368,554,961,1883
834,249,849,1932
364,294,913,1571
774,101,142,1017
916,859,147,1922
115,311,869,1295
568,382,75,1025
299,712,878,1889
411,868,202,1481
103,209,796,1108
911,276,443,1630
355,402,664,1421
352,879,457,1688
684,650,371,1705
951,917,220,2088
310,684,991,1985
409,18,421,848
140,952,581,1673
466,93,736,1295
177,660,15,852
465,449,298,1212
988,903,199,2090
589,278,580,1447
381,293,4,678
138,640,128,906
872,192,156,1220
898,295,416,1609
547,570,717,1834
630,150,549,1329
177,670,841,1688
496,615,454,1565
598,410,300,1308
912,249,7,1168
537,925,157,1619
629,540,333,1502
80,256,521,857
934,391,363,1688
710,18,236,964
962,972,26,1960
126,859,765,1750
178,829,63,1070
454,442,898,1794
385,477,347,1209
237,647,522,1406
474,657,937,2068
675,94,378,1147
233,553,386,1172
228,528,84,840
551,321,658,1530
380,38,544,962
93,873,616,1582
138,897,28,1063
225,900,961,2086
892,229,941,2062
164,872,971,2007
421,294,561,1276
128,582,456,1166
661,318,334,1313
817,979,83,1879
260,572,618,1450
782,992,490,2264
586,558,906,2050
212,13,763,988
675,143,112,930
704,251,643,1598
70,556,543,1169
997,691,448,2136
58,656,988,1702
790,633,418,1841
844,984,847,2675
984,192,496,1672
392,280,459,1131
123,170,10,303
863,414,684,1961
683,836,783,2302
244,254,155,653
987,782,422,2191
614,571,379,1564
23,357,770,1150
844,412,626,1882
298,734,358,1390
499,956,724,2179
492,75,337,904
98,299,463,860
263,119,665,1047
228,518,366,1112
217,852,341,1410
544,564,278,1386
252,789,994,2035
440,347,200,987
249,448,1,698
528,593,395,1516
176,304,261,741
680,760,953,2393
907,26,869,1802
367,542,14,923
74,977,615,1666
598,550,441,1589
346,956,867,2169
935,695,933,2563
12,541,23,576
435,618,46,1099
570,153,399,1122
588,945,95,1628
642,965,509,2116
338,128,875,1341
466,687,545,1698
959,754,932,2645
939,196,438,1573
805,745,805,2355
977,65,658,1700
2,797,661,1460
122,19,953,1094
814,96,61,971
575,479,972,2026
58,118,942,1118
690,257,631,1578
5,755,264,1024
557,9,394,960
646,235,153,1034
838,718,647,2203
867,114,524,1505
35,309,155,499
865,174,953,1992
815,276,148,1239
466,608,51,1125
805,884,213,1902
218,964,981,2163
705,933,489,2127
55,870,128,1053
828,355,726,1909
861,190,928,1979
55,332,621,1008
125,833,863,1821
782,147,61,990
399,351,61,811
520,786,569,1875
591,325,40,956
63,294,445,802
478,672,415,1565
97,394,812,1303
455,459,815,1729
195,778,741,1714
223,884,481,1588
213,57,912,1182
744,609,61,1414
489,389,266,1144
960,932,989,2881
319,801,455,1575
5,860,910,1775
172,396,433,1001
851,273,751,1875
484,574,727,1785
822,111,871,1804
13,958,726,1697
135,435,393,963
171,964,849,1984
608,289,741,1638
79,136,786,1001
196,431,496,1123
607,887,948,2442
779,728,961,2468
663,950,123,1736
201,90,461,752
77,37,538,652
36,557,217,810
744,645,98,1487
528,421,558,1507
398,982,109,1489
519,812,794,2125
796,282,369,1447
263,95,640,998
232,579,414,1225
727,421,176,1324
284,976,59,1319
869,584,790,2243
915,481,254,1650
263,416,295,974
731,435,1000,2166
601,995,407,2003
673,639,332,1644
373,617,483,1473
996,857,806,2659
547,804,592,1943
302,251,771,1324
197,339,794,1330
131,807,844,1782
762,657,825,2244
601,432,855,1888
338,593,830,1761
268,487,924,1679
688,106,371,1165
486,934,35,1455
769,826,858,2453
56,698,758,1512
987,212,481,1680
438,55,672,1165
616,924,407,1947
876,778,28,1682
144,996,427,1567
376,496,737,1609
258,659,903,1820
45,769,887,1701
607,60,709,1376
585,988,877,2450
450,594,648,1692
362,585,566,1513
981,932,803,2716
454,741,42,1237
387,634,380,1401
137,638,583,1358
741,190,205,1136
18,747,202,967
760,730,250,1740
617,905,411,1933
627,947,548,2122
25,598,695,1318
342,952,983,2277
353,546,724,1623
803,343,63,1209
785,360,229,1374
340,405,515,1260
760,655,151,1566
586,810,346,1742
149,56,683,888
509,267,200,976
795,672,648,2115
201,161,166,528
170,576,980,1726
710,946,964,2620
788,402,190,1380
954,7,52,1013
71,142,720,933
748,419,256,1423
342,254,528,1124
649,830,241,1720
746,243,602,1591
586,692,322,1600
669,267,524,1460
925,843,95,1863
108,742,508,1358
516,714,134,1364
895,71,535,1501
919,79,37,1035
949,770,832,2551
95,476,971,1542
704,152,972,1828
660,998,941,2599
577,205,402,1184
335,566,200,1101
110,7,688,805
733,675,515,1923
333,907,204,1444
512,978,479,1969
328,845,938,2111
114,379,496,989
10,483,162,655
206,890,251,1347
678,534,622,1834
327,307,386,1020
605,790,731,2126
519,755,366,1640
502,48,196,746
730,294,860,1884
730,659,899,2288
323,25,426,774
471,923,685,2079
504,157,330,991
972,921,967,2860
670,865,343,1878
757,253,131,1141
212,830,801,1843
290,146,675,1111
950,839,212,2001
621,926,330,1877
391,910,267,1568
35,258,52,345
63,807,367,1237
82,398,63,543
158,529,860,1547
283,379,514,1176
749,40,81,870
616,128,466,1210
195,237,81,513
369,130,19,518
429,540,538,1507
628,610,860,2098
208,298,445,951
3,173,61,237
63,268,529,860
96,368,819,1283
632,858,178,1668
400,359,282,1041
382,929,198,1509
115,99,393,607
195,847,161,1203
601,155,65,821
281,571,957,1809
894,267,996,2157
266,937,938,2141
938,380,567,1885
547,290,400,1237
190,183,242,615
659,335,392,1386
873,317,512,1702
439,630,992,2061
672,965,100,1737
288,105,163,556
242,621,732,1595
728,450,246,1424
189,399,418,1006
801,211,354,1366
799,256,843,1898
43,940,388,1371
531,418,559,1508
585,473,429,1487
653,931,729,2313
412,258,806,1476
766,706,304,1776
821,217,485,1523
154,668,120,942
151,845,763,1759
922,9,391,1322
746,400,885,2031
269,684,90,1043
774,142,35,951
590,718,808,2116
343,639,828,1810
49,830,957,1836
389,521,958,1868
135,489,319,943
667,85,84,836
601,379,655,1635
495,585,397,1477
146,581,693,1420
497,257,412,1166
20,216,409,645
766,308,263,1337
778,201,206,1185
296,326,524,1146
297,745,957,1999
72,399,50,521
332,880,432,1644
375,940,311,1626
750,960,707,2417
704,729,960,2393
790,41,967,1798
937,505,59,1501
968,995,799,2762
622,890,850,2362
691,797,245,1733
863,441,550,1854
406,699,867,1972
757,896,464,2117
559,354,653,1566
656,436,775,1867
497,667,465,1629
353,730,335,1418
840,362,264,1466
52,239,555,846
667,53,941,1661
891,312,489,1692
551,652,993,2196
762,927,87,1776
188,143,819,1150
408,297,32,737
713,812,974,2499
913,59,307,1279
87,958,451,1496
693,899,248,1840
202,297,444,943
532,717,632,1881
212,68,10,290
610,302,646,1558
205,986,154,1345
968,281,947,2196
975,456,695,2126
198,578,765,1541
432,159,165,756
785,734,861,2380
271,851,521,1643
139,398,165,702
890,255,937,2082
332,817,210,1359
608,54,604,1266
257,746,854,1857
38,964,631,1633
188,974,384,1546
780,793,208,1781
299,966,213,1478
863,320,844,2027
356,289,22,667
945,744,480,2169
602,101,317,1020
726,492,394,1612
280,167,15,462
317,926,865,2108
597,936,377,1910
586,639,945,2170
838,955,527,2320
146,498,416,1060
324,271,655,1250
946,848,410,2204
669,194,332,1195
939,609,812,2360
139,411,344,894
536,367,250,1153
797,205,307,1309
985,756,789,2530
480,222,745,1447
110,935,523,1568
667,829,325,1821
333,726,698,1757
950,232,585,1767
472,684,602,1758
869,726,737,2332
712,114,121,947
356,18,79,453
167,490,259,916
470,852,731,2053
191,586,400,1177
70,393,584,1047
571,325,356,1252
241,537,840,1618
255,286,615,1156
468,258,93,819
778,950,499,2227
419,22,795,1236
925,401,883,2209
952,140,798,1890
560,915,985,2460
426,852,414,1692
595,114,67,776
592,856,214,1662
190,528,271,989
223,380,217,820
927,545,738,2210
953,340,7,1300
74,594,434,1102
938,340,19,1297
930,870,183,1983
431,308,878,1617
321,117,180,618
216,333,484,1033
853,923,486,2262
799,919,865,2583
905,256,744,1905
61,80,53,194
581,712,251,1544
860,738,547,2145
96,385,880,1361
384,875,626,1885
96,667,429,1192
686,118,495,1299
628,207,24,859
22,76,768,866
911,242,939,2092
391,740,948,2079
818,640,970,2428
355,588,893,1836
630,65,374,1069
730,55,839,1624
390,292,133,815
224,43,315,582
561,379,409,1349
553,417,300,1270
283,600,390,1273
271,142,285,698
504,151,159,814
127,25,291,443
504,919,909,2332
799,681,497,1977
182,822,117,1121
540,866,81,1487
575,612,106,1293
619,113,798,1530
607,896,287,1790
491,782,284,1557
623,16,833,1472
125,360,586,1071
850,457,708,2015
597,629,384,1610
989,172,470,1631
604,319,713,1636
97,812,180,1089
906,200,212,1318
559,198,51,808
47,373,756,1176
103,950,309,1362
686,490,880,2056
564,457,115,1136
660,488,969,2117
720,527,945,2192
391,131,470,992
874,599,413,1886
617,513,649,1779
622,552,233,1407
483,523,189,1195
343,686,416,1445
113,225,871,1209
544,997,265,1806
124,841,696,1661
133,424,218,775
617,993,499,2109
114,686,161,961
70,360,501,931
356,242,983,1581
53,37,274,364
245,452,851,1548
921,931,179,2031
465,570,382,1417
272,808,712,1792
885,891,887,2663
25,583,0,608
553,254,751,1558
744,858,521,2123
635,750,585,1970
580,91,124,795
47,158,883,1088
412,659,954,2025
787,642,342,1771
702,830,975,2507
212,611,584,1407
772,479,401,1652
394,234,123,751
872,961,740,2573
45,418,130,593
764,5,261,1030
528,164,646,1338
265,989,686,1940
713,926,923,2562
305,261,463,1029
265,860,203,1328
563,308,836,1707
618,397,300,1315
549,118,893,1560
861,261,946,2068
45,344,953,1342
40,503,977,1520
151,456,394,1001
436,374,261,1071
615,922,894,2431
475,15,280,770
601,902,487,1990
303,108,692,1103
592,645,130,1367
323,908,580,1811
471,196,779,1446
323,164,476,963
147,553,858,1558
493,409,20,922
205,490,5,700
5,799,68,872
408,779,790,1977
27,140,725,892
199,494,843,1536
865,196,573,1634
493,756,371,1620
242,658,176,1076
35,319,937,1291
6,641,785,1432
81,584,24,689
510,339,428,1277
53,684,679,1416
24,193,66,283
166,969,576,1711
510,4,581,1095
461,929,669,2059
498,521,909,1928
768,443,465,1676
194,343,636,1173
527,466,250,1243
64,467,138,669
436,199,142,777
848,716,269,1833
336,842,883,2061
299,64,926,1289
204,790,291,1285
59,4,644,707
405,829,480,1714
64,688,620,1372
403,294,212,909
579,652,757,1988
434,747,930,2111
886,330,448,1664
705,554,473,1732
958,258,433,1649
56,251,131,438
731,654,300,1685
600,743,676,2019
433,997,518,1948
864,410,827,2101
966,18,176,1160
309,443,337,1089
263,988,269,1520
880,364,93,1337
424,744,126,1294
683,934,600,2217
829,954,720,2503
654,144,145,943
467,692,909,2068
252,861,977,2090
973,178,770,1921
122,974,646,1742
282,843,840,1965
253,231,443,927
756,596,533,1885
900,54,651,1605
144,731,432,1307
874,523,74,1471
834,371,349,1554
409,226,162,797
812,627,507,1946
142,603,122,867
453,602,619,1674
659,535,960,2154
465,760,540,1765
823,477,92,1392
77,433,631,1141
416,641,779,1836
252,197,3,452
433,378,924,1735
454,659,346,1459
336,279,584,1199
30,14,668,712
150,206,165,521
470,439,436,1345
5,540,910,1455
71,696,223,990
191,243,159,593
10,288,570,868
573,698,230,1501
784,95,539,1418
91,210,65,366
7,945,200,1152
883,884,857,2624
907,673,40,1620
647,237,60,944
721,398,121,1240
124,24,969,1117
559,57,963,1579
319,615,87,1021
518,602,170,1290
30,477,10,517
394,472,693,1559
194,165,606,965
803,575,712,2090
28,691,816,1535
28,343,947,1318
90,173,125,388
235,587,626,1448
477,512,802,1791
995,852,275,2122
411,456,677,1544
530,220,797,1547
488,595,595,1678
810,156,484,1450
633,907,261,1801
713,881,514,2108
624,234,735,1593
49,593,242,884
655,842,189,1686
536,797,742,2075
279,588,880,1747
159,478,287,924
878,502,334,1714
105,564,686,1355
906,515,333,1754
16,999,354,1369
493,37,763,1293
393,142,945,1480
659,392,693,1744
885,174,258,1317
295,120,437,852
258,120,702,1080
697,377,99,1173
197,514,172,883
155,23,96,274
372,913,513,1798
785,296,214,1295
965,802,500,2267
18,798,324,1140
141,374,363,878
58,24,976,1058
712,337,251,1300
606,837,643,2086
614,288,175,1077
607,299,351,1257
996,843,371,2210
537,294,713,1544
735,834,631,2200
907,905,905,2717
882,511,63,1456
50,682,306,1038
319,771,845,1935
352,933,119,1404
573,354,394,1321
197,350,353,900
846,74,994,1914
542,889,874,2305
37,346,921,1304
334,39,255,628
20,501,787,1308
126,203,974,1303
508,173,514,1195
732,65,756,1553
738,203,794,1735
835,848,363,2046
227,400,400,1027
464,193,563,1220
717,839,879,2435
596,416,974,1986
381,783,949,2113
458,944,707,2109
210,963,668,1841
544,793,89,1426
163,508,438,1109
830,9,771,1610
789,372,920,2081
834,323,504,1661
149,672,221,1042
456,194,926,1576
401,175,898,1474
751,605,132,1488
588,832,509,1929
611,991,174,1776
266,758,294,1318
988,413,904,2305
146,878,625,1649
86,632,597,1315
207,302,895,1404
57,690,567,1314
610,455,862,1927
413,179,880,1472
574,822,666,2062
388,241,838,1467
741,393,368,1502
322,213,520,1055
965,528,730,2223
530,592,51,1173
853,7,706,1566
794,991,969,2754
864,339,557,1760
120,862,287,1269
307,640,772,1719
270,451,382,1103
732,960,882,2574
824,240,645,1709
577,112,383,1072
553,502,193,1248
872,193,773,1838
94,702,590,1386
342,981,270,1593
220,423,42,685
464,596,263,1323
805,986,529,2320
367,972,593,1932
654,147,638,1439
622,189,454,1265
57,236,429,722
486,852,460,1798
65,925,899,1889
875,543,903,2321
422,663,716,1801
601,709,174,1484
156,378,459,993
251,20,219,490
738,121,794,1653
851,749,64,1664
974,612,99,1685
849,512,556,1917
253,5,877,1135
680,986,149,1815
634,709,607,1950
357,694,659,1710
862,50,578,1490
344,857,285,1486
689,297,423,1409
165,721,66,952
80,152,266,498
455,885,938,2278
178,739,765,1682
195,463,972,1630
231,755,117,1103
295,216,952,1463
928,45,405,1378
260,342,365,967
378,210,660,1248
419,304,329,1052
240,58,58,356
998,130,671,1799
992,737,994,2723
407,950,168,1525
920,756,951,2627
825,477,569,1871
408,544,229,1181
674,943,991,2608
850,737,284,1871
593,516,729,1838
974,692,169,1835
669,78,143,890
236,457,770,1463
235,395,609,1239
639,560,490,1689
189,559,73,821
772,619,37,1428
910,876,741,2527
148,360,818,1326
931,96,600,1627
647,76,801,1524
659,952,213,1824
941,503,660,2104
630,684,0,1314
245,404,673,1322
267,516,166,949
713,99,666,1478
554,364,407,1325
970,930,952,2852
656,55,267,978
173,578,265,1016
180,811,833,1824
896,972,299,2167
274,943,653,1870
987,449,450,1886
47,192,505,744
346,995,346,1687
582,31,943,1556
488,105,735,1328
792,493,196,1481
819,946,732,2497
220,255,637,1112
168,175,683,1026
153,13,860,1026
306,638,167,1111
696,390,239,1325
900,327,35,1262
691,799,392,1882
875,350,537,1762
956,693,621,2270
799,437,763,1999
263,686,539,1488
536,411,142,1089
866,982,884,2732
530,375,899,1804
215,669,64,948
299,755,638,1692
165,149,707,1021
417,1000,168,1585
993,914,164,2071
38,609,696,1343
679,305,675,1659
683,227,816,1726
769,556,742,2067
47,325,681,1053
701,906,737,2344
45,18,464,527
706,675,204,1585
535,433,830,1798
342,966,703,2011
112,626,39,777
337,420,112,869
351,896,462,1709
787,840,705,2332
727,70,280,1077
478,177,855,1510
114,201,228,543
425,735,528,1688
870,842,476,2188
6,459,95,560
206,92,998,1296
475,126,317,918
834,120,851,1805
885,558,842,2285
172,336,183,691
834,166,922,1922
573,329,596,1498
79,570,102,751
600,881,899,2380
47,723,27,797
285,572,941,1798
708,414,160,1282
441,439,636,1516
965,435,154,1554
531,548,395,1474
84,677,389,1150
677,275,164,1116
497,69,113,679
735,9,604,1348
478,101,644,1223
667,69,294,1030
860,885,625,2370
612,923,336,1871
856,942,797,2595
646,818,730,2194
231,888,184,1303
724,163,522,1409
885,828,140,1853
292,869,748,1909
859,870,859,2588
887,456,168,1511
673,349,868,1890
852,69,840,1761
592,895,207,1694
688,120,229,1037
180,365,989,1534
605,703,954,2262
536,308,91,935
385,149,256,790
275,797,525,1597
617,905,893,2415
649,697,521,1867
261,369,854,1484
237,731,685,1653
681,410,670,1761
326,924,894,2144
41,860,558,1459
6,964,316,1286
242,728,765,1735
114,623,380,1117
912,576,585,2073
865,478,587,1930
790,832,995,2617
15,101,538,654
128,180,385,693
16,968,956,1940
907,659,792,2358
981,101,456,1538
41,522,726,1289
689,163,769,1621
767,3,618,1388
642,29,309,980
518,72,161,751
169,67,893,1129
407,785,775,1967
400,584,316,1300
114,604,393,1111
880,452,76,1408
547,337,95,979
302,404,387,1093
504,319,565,1388
781,546,914,2241
950,310,217,1477
317,410,205,932
797,914,878,2589
881,647,855,2383
822,971,623,2416
947,938,113,1998
853,163,447,1463
575,915,766,2256
20,790,734,1544
628,962,194,1784
587,927,377,1891
344,855,809,2008
160,568,488,1216
279,136,224,639
729,291,137,1157
589,4,167,760
839,609,279,1727
827,570,613,2010
239,993,498,1730
951,321,998,2270
532,986,831,2349
515,912,276,1703
35,83,645,763
404,632,458,1494
924,520,759,2203
942,823,667,2432
950,357,392,1699
905,552,415,1872
56,850,995,1901
995,152,611,1758
445,942,989,2376
236,281,25,542
444,616,346,1406
586,973,177,1736
565,252,175,992
184,282,464,930
628,716,172,1516
262,885,651,1798
964,90,691,1745
311,523,882,1716
109,642,964,1715
866,594,719,2179
89,877,375,1341
453,427,414,1294
61,401,409,871
446,989,491,1926
874,101,396,1371
327,547,816,1690
988,748,269,2005
496,580,632,1708
429,120,636,1185
484,324,456,1264
472,718,223,1413
336,326,499,1161
350,382,293,1025
381,373,516,1270
566,910,313,1789
403,181,680,1264
884,968,378,2230
207,382,94,683
529,723,785,2037
368,843,333,1544
881,812,454,2147
850,539,609,1998
602,612,85,1299
508,861,389,1758
464,160,847,1471
139,879,78,1096
473,383,429,1285
881,625,122,1628
220,157,696,1073
3,22,136,161
877,792,825,2494
568,574,716,1858
879,548,169,1596
986,96,877,1959
66,620,335,1021
742,282,484,1508
928,84,453,1465
330,476,133,939
47,122,831,1000
617,717,331,1665
653,609,581,1843
229,593,537,1359
342,70,734,1146
662,531,374,1567
120,864,196,1180
703,430,592,1725
993,326,341,1660
438,877,816,2131
331,991,688,2010
382,674,21,1077
720,951,119,1790
719,883,81,1683
552,329,0,881
198,704,928,1830
819,18,346,1183
27,342,29,398
902,949,227,2078
898,81,698,1677
224,853,461,1538
813,696,140,1649
998,486,576,2060
792,971,749,2512
588,588,926,2102
4,849,669,1522
271,642,338,1251
669,233,442,1344
788,351,721,1860
489,287,958,1734
805,31,574,1410
223,993,676,1892
163,900,589,1652
280,35,681,996
14,311,384,709
405,536,167,1108
399,695,93,1187
474,113,647,1234
14,7,400,421
707,987,729,2423
773,649,673,2095
760,861,797,2418
200,681,969,1850
131,29,347,507
968,352,483,1803
447,197,104,748
414,202,894,1510
21,763,733,1517
275,869,470,1614
186,83,363,632
253,14,737,1004
265,252,366,883
979,809,991,2779
292,349,343,984
907,732,460,2099
803,360,800,1963
840,568,938,2346
223,363,895,1481
549,188,564,1301
513,402,266,1181
930,894,698,2522
348,249,615,1212
379,330,295,1004
474,110,281,865
946,637,760,2343
672,718,740,2130
156,840,434,1430
213,578,945,1736
137,612,861,1610
719,993,357,2069
477,586,114,1177
711,931,699,2341
102,233,651,986
381,191,747,1319
368,467,240,1075
76,814,818,1708
38,950,103,1091
362,580,117,1059
199,437,22,658
11,25,40,76
331,322,325,978
500,625,862,1987
254,482,847,1583
503,820,451,1774
88,215,792,1095
646,834,367,1847
178,239,991,1408
670,490,497,1657
31,206,650,887
86,435,61,582
485,179,563,1227
31,600,142,773
326,681,670,1677
879,797,520,2196
725,252,562,1539
653,313,479,1445
192,894,674,1760
581,122,808,1511
75,938,369,1382
832,901,230,1963
410,811,435,1656
180,56,380,616
896,341,105,1342
168,725,920,1813
415,363,541,1319
354,669,846,1869
956,985,265,2206
393,6,350,749
194,702,232,1128
128,231,883,1242
647,969,433,2049
244,321,174,739
606,333,417,1356
812,887,463,2162
654,47,281,982
766,74,475,1315
348,854,922,2124
959,508,440,1907
875,419,910,2204
74,811,335,1220
542,378,299,1219
162,229,259,650
515,892,947,2354
273,899,755,1927
241,96,204,541
736,556,291,1583
476,297,464,1237
423,268,926,1617
719,710,595,2024
738,296,906,1940
900,956,732,2588
765,676,222,1663
828,294,23,1145
956,217,529,1702
238,927,419,1584
898,212,912,2022
411,756,465,1632
113,785,788,1686
645,711,195,1551
181,24,101,306
850,896,531,2277
132,606,317,1055
846,416,818,2080
277,811,34,1122
371,798,465,1634
321,517,566,1404
265,158,453,876
566,722,900,2188
945,412,420,1777
74,753,164,991
960,592,594,2146
785,689,504,1978
752,714,988,2454
571,14,197,782
439,929,619,1987
706,353,397,1456
755,594,223,1572
302,201,972,1475
992,424,879,2295
300,97,214,611
751,55,793,1599
251,141,366,758
351,269,479,1099
35,244,719,998
615,493,974,2082
392,534,275,1201
841,787,397,2025
444,172,991,1607
385,448,540,1373
761,669,665,2095
238,217,260,715
420,997,337,1754
162,395,389,946
363,797,863,2023
652,7,53,712
382,836,491,1709
106,969,600,1675
872,303,937,2112
603,710,521,1834
245,448,33,726
405,431,182,1018
234,228,642,1104
403,965,84,1452
896,905,765,2566
682,205,874,1761
316,130,25,471
777,293,645,1715
591,795,144,1530
292,751,115,1158
196,219,67,482
461,921,993,2375
571,113,234,918
964,439,765,2168
734,535,760,2029
648,511,803,1962
450,506,589,1545
374,691,277,1342
995,507,822,2324
254,59,319,632
733,464,58,1255
127,135,297,559
340,23,134,497
90,469,643,1202
328,969,992,2289
745,623,39,1407
903,748,809,2460
191,756,23,970
784,852,435,2071
947,903,204,2054
653,406,5,1064
947,986,473,2406
214,329,497,1040
316,330,444,1090
862,886,72,1820
834,291,910,2035
722,264,5,991
843,63,852,1758
208,289,870,1367
868,355,1000,2223
977,707,52,1736
401,529,710,1640
750,129,990,1869
609,845,406,1860
529,290,804,1623
662,868,342,1872
829,816,995,2640
273,881,572,1726
17,282,959,1258
953,68,559,1580
222,911,262,1395
857,55,714,1626
200,354,875,1429
607,169,912,1688
931,884,419,2234
937,240,595,1772
557,371,178,1106
191,256,962,1409
629,710,214,1553
828,175,224,1227
769,184,121,1074
373,169,512,1054
149,39,367,555
769,994,370,2133
848,743,123,1714
106,844,284,1234
481,728,761,1970
804,56,293,1153
556,229,592,1377
895,248,271,1414
110,232,706,1048
273,302,803,1378
123,743,406,1272
597,854,238,1689
440,996,199,1635
614,204,155,973
683,323,631,1637
751,153,124,1028
99,711,268,1078
191,97,882,1170
125,602,508,1235
969,548,250,1767
950,565,855,2370
296,436,424,1156
926,756,128,1810
497,681,157,1335
84,569,269,922
445,480,481,1406
3,275,660,938
849,503,977,2329
910,333,151,1394
414,675,19,1108
583,396,177,1156
522,761,691,1974
236,277,307,820
294,28,49,371
922,887,191,2000
764,91,725,1580
415,589,851,1855
559,1,940,1500
297,381,79,757
43,949,464,1456
3,208,250,461
49,497,993,1539
81,760,546,1387
898,942,53,1893
686,235,962,1883
386,478,239,1103
490,968,593,2051
929,348,360,1637
754,640,798,2192
974,563,176,1713
3,562,254,819
325,166,450,941
205,471,658,1334
594,277,446,1317
525,747,791,2063
742,491,489,1722
366,899,924,2189
251,430,543,1224
899,238,234,1371
913,493,465,1871
153,439,140,732
961,74,804,1839
162,728,182,1072
830,895,885,2610
361,463,99,923
840,208,913,1961
348,196,907,1451
238,404,251,893
853,514,395,1762
315,26,702,1043
746,478,585,1809
405,899,43,1347
508,362,77,947
880,603,478,1961
678,320,64,1062
411,679,292,1382
459,800,406,1665
460,446,343,1249
769,297,788,1854
643,352,996,1991
104,461,635,1200
808,562,868,2238
778,819,184,1781
876,601,441,1918
165,9,385,559
680,973,389,2042
874,123,68,1065
41,291,196,528
345,470,153,968
505,159,433,1097
593,222,368,1183
624,386,267,1277
893,147,550,1590
229,51,638,918
767,498,564,1829
956,520,897,2373
437,257,635,1329
976,308,870,2154
755,320,878,1953
513,859,644,2016
512,392,634,1538
811,110,710,1631
791,201,74,1066
688,621,610,1919
959,192,248,1399
609,497,22,1128
270,617,212,1099
858,357,927,2142
977,221,618,1816
188,179,747,1114
759,874,688,2321
394,340,961,1695
767,735,401,1903
592,119,925,1636
539,408,340,1287
907,840,907,2654
74,933,885,1892
491,536,96,1123
2,95,448,545
736,549,98,1383
229,574,66,869
929,306,380,1615
444,765,916,2125
387,477,435,1299
824,28,890,1742
164,468,982,1614
254,989,576,1819
673,684,373,1730
616,689,192,1497
518,244,766,1528
463,215,695,1373
330,689,446,1465
235,500,977,1712
276,43,331,650
946,58,486,1490
476,806,978,2260
283,803,127,1213
490,173,191,854
550,944,720,2214
398,153,622,1173
82,548,53,683
304,85,967,1356
366,105,570,1041
62,410,534,1006
298,938,845,2081
752,935,375,2062
328,643,230,1201
435,37,475,947
676,417,931,2024
450,716,30,1196
285,84,535,904
595,19,343,957
989,772,435,2196
926,168,389,1483
400,567,59,1026
41,81,734,856
896,725,242,1863
216,26,911,1153
761,709,286,1756
102,616,971,1689
109,40,3,152
527,717,857,2101
477,482,672,1631
90,416,941,1447
632,285,55,972
564,958,168,1690
153,30,617,800
266,526,555,1347
484,481,786,1751
997,96,817,1910
412,344,532,1288
744,61,580,1385
347,0,359,706
418,130,256,804
645,604,720,1969
722,489,272,1483
604,772,332,1708
341,76,347,764
153,532,550,1235
821,764,974,2559
252,773,618,1643
474,553,776,1803
113,819,754,1686
624,72,876,1572
470,438,969,1877
758,990,412,2160
376,95,104,575
829,654,388,1871
713,311,784,1808
810,333,440,1583
247,720,99,1066
986,34,386,1406
448,357,381,1186
727,302,387,1416
113,132,717,962
206,776,933,1915
777,239,89,1105
627,806,784,2217
913,275,335,1523
631,224,860,1715
982,169,208,1359
317,715,933,1965
521,505,247,1273
759,476,432,1667
472,679,498,1649
142,918,544,1604
562,168,130,860
972,258,959,2189
591,599,174,1364
354,974,382,1710
955,32,875,1862
780,129,709,1618
824,178,412,1414
810,512,500,1822
829,435,186,1450
314,906,63,1283
33,132,484,649
209,681,97,987
143,638,179,960
900,263,519,1682
965,844,12,1821
950,188,655,1793
381,65,756,1202
367,132,180,679
537,311,363,1211
812,906,211,1929
104,967,567,1638
487,927,698,2112
230,937,815,1982
632,348,777,1757
930,257,149,1336
335,329,646,1310
203,534,472,1209
5,562,633,1200
186,310,490,986
36,292,776,1104
472,593,150,1215
418,781,357,1556
320,286,172,778
324,561,918,1803
370,866,843,2079
421,362,360,1143
406,775,48,1229
667,148,37,852
651,421,255,1327
904,124,923,1951
927,440,858,2225
942,962,747,2651
260,286,122,668
790,664,167,1621
822,9,68,899
839,284,406,1529
512,15,833,1360
813,158,541,1512
583,775,84,1442
669,883,431,1983
275,266,751,1292
541,644,285,1470
996,339,665,2000
867,4,929,1800
508,828,755,2091
626,243,141,1010
726,467,364,1557
549,864,38,1451
857,467,693,2017
254,751,902,1907
637,297,165,1099
460,512,761,1733
902,374,701,1977
655,328,607,1590
721,785,145,1651
146,889,565,1600
666,499,629,1794
741,9,77,827
780,571,846,2197
865,781,725,2371
784,728,928,2440
690,771,132,1593
617,309,817,1743
97,778,301,1176
32,707,99,838
995,583,515,2093
706,558,230,1494
335,749,976,2060
475,101,870,1446
592,985,973,2550
805,783,579,2167
939,170,120,1229
532,199,194,925
92,563,313,968
58,476,636,1170
964,740,132,1836
553,329,835,1717
879,491,887,2257
948,263,291,1502
350,80,210,640
433,241,530,1204
933,642,387,1962
637,199,209,1045
604,860,914,2378
95,383,891,1369
811,656,748,2215
666,329,251,1246
782,405,481,1668
714,649,480,1843
636,401,191,1228
968,512,692,2172
402,745,848,1995
698,741,165,1604
795,337,274,1406
410,997,257,1664
850,229,186,1265
351,907,518,1776
646,307,714,1667
179,171,752,1102
522,552,221,1295
289,355,963,1607
517,732,269,1518
516,660,335,1511
246,693,946,1885
978,434,256,1668
839,374,382,1595
735,445,576,1756
569,562,416,1547
877,179,381,1437
444,239,730,1413
3,704,110,817
372,680,533,1585
566,361,499,1426
685,381,459,1525
577,231,180,988
596,583,26,1205
892,232,796,1920
467,712,351,1530
275,837,975,2087
446,543,824,1813
345,632,819,1796
2,968,690,1660
87,11,592,690
556,570,134,1260
61,212,962,1235
308,285,650,1243
882,185,767,1834
236,388,75,699
664,253,876,1793
106,530,486,1122
232,218,695,1145
126,477,122,725
903,464,193,1560
45,15,827,887
903,439,775,2117
150,388,500,1038
535,914,413,1862
843,162,952,1957
878,967,950,2795
539,484,175,1198
134,117,901,1152
557,510,411,1478
660,450,670,1780
531,740,254,1525
751,131,683,1565
845,917,413,2175
732,97,413,1242
406,565,857,1828
912,998,214,2124
252,188,839,1279
804,106,637,1547
351,168,755,1274
107,271,515,893
209,781,549,1539
343,38,88,469
139,6,399,544
771,117,665,1553
866,162,593,1621
31,249,815,1095
357,760,987,2104
840,401,900,2141
118,461,355,934
996,599,665,2260
311,142,802,1255
902,379,11,1292
218,65,591,874
164,492,176,832
682,791,448,1921
34,914,194,1142
865,104,661,1630
705,545,874,2124
304,602,231,1137
208,534,682,1424
980,332,533,1845
878,480,487,1845
572,125,486,1183
338,348,275,961
227,993,320,1540
457,329,215,1001
295,394,627,1316
337,512,345,1194
921,780,9,1710
37,970,86,1093
175,61,407,643
618,607,906,2131
61,589,447,1097
661,935,164,1760
413,170,364,947
753,844,222,1819
812,527,723,2062
371,422,630,1423
760,553,349,1662
478,468,392,1338
595,742,91,1428
630,483,34,1147
944,813,899,2656
681,975,402,2058
255,148,565,968
49,495,721,1265
581,992,389,1962
655,125,136,916
514,404,916,1834
441,60,206,707
663,902,118,1683
42,106,414,562
670,917,880,2467
727,842,785,2354
940,55,879,1874
24,901,133,1058
389,304,67,760
790,129,608,1527
765,874,815,2454
852,27,342,1221
923,626,268,1817
311,592,150,1053
723,956,597,2276
201,68,902,1171
966,881,723,2570
459,50,401,910
576,78,802,1456
11,653,217,881
692,419,371,1482
12,895,17,924
153,16,814,983
323,349,462,1134
151,51,13,215
903,945,634,2482
280,951,502,1733
283,541,588,1412
753,506,168,1427
304,726,284,1314
828,102,23,953
314,197,587,1098
254,417,578,1249
217,24,511,752
315,648,156,1119
965,165,104,1234
515,513,511,1539
841,263,992,2096
90,526,747,1363
870,551,438,1859
7,557,961,1525
841,5,957,1803
469,735,109,1313
59,361,332,752
362,895,590,1847
928,261,329,1518
453,456,203,1112
937,487,139,1563
562,579,133,1274
197,836,180,1213
951,216,947,2114
449,320,612,1381
674,809,709,2192
86,890,156,1132
928,361,36,1325
224,762,92,1078
377,229,734,1340
853,634,973,2460
999,22,22,1043
214,655,337,1206
460,636,824,1920
833,808,578,2219
239,345,484,1068
292,426,267,985
594,375,497,1466
70,468,617,1155
591,137,318,1046
270,807,299,1376
610,633,907,2150
187,106,881,1174
510,831,889,2230
462,871,753,2086
894,930,394,2218
366,714,53,1133
80,942,387,1409
882,631,389,1902
637,291,429,1357
840,483,319,1642
738,505,239,1482
332,116,48,496
336,836,303,1475
630,848,608,2086
213,107,790,1110
204,374,536,1114
380,297,594,1271
172,137,420,729
218,373,446,1037
737,676,653,2066
399,576,298,1273
689,48,641,1378
813,425,804,2042
646,724,863,2233
866,884,479,2229
736,483,839,2058
777,681,252,1710
340,399,197,936
28,145,247,420
895,183,789,1867
846,194,421,1461
813,555,358,1726
950,211,181,1342
644,626,92,1362
281,189,13,483
712,656,939,2307
606,965,884,2455
689,953,662,2304
345,730,127,1202
823,410,176,1409
580,349,746,1675
335,546,27,908
174,798,610,1582
234,462,146,842
171,542,747,1460
740,377,764,1881
399,481,538,1418
756,617,834,2207
448,540,59,1047
807,295,662,1764
973,7,458,1438
168,144,71,383
398,93,294,785
358,256,272,886
220,18,211,449
556,752,545,1853
772,863,329,1964
804,725,613,2142
875,764,650,2289
266,269,494,1029
789,10,362,1161
215,197,132,544
454,909,984,2347
821,889,830,2540
642,591,227,1460
779,191,350,1320
801,146,847,1794
178,989,989,2156
314,520,46,880
4,88,840,932
242,233,446,921
822,936,213,1971
3,556,39,598
552,351,37,940
583,956,438,1977
756,912,216,1884
4,250,498,752
126,127,935,1188
26,86,780,892
600,208,154,962
269,419,774,1462
98,118,260,476
454,492,522,1468
72,223,731,1026
399,771,674,1844
458,309,812,1579
856,356,793,2005
97,305,531,933
478,755,770,2003
552,861,554,1967
232,185,431,848
345,366,161,872
621,95,760,1476
912,593,407,1912
175,625,233,1033
411,6,287,704
527,999,33,1559
280,775,794,1849
471,711,284,1466
115,357,615,1087
173,469,462,1104
300,997,27,1324
609,199,493,1301
864,993,300,2157
791,165,19,975
326,436,965,1727
749,592,731,2072
578,211,71,860
699,337,949,1985
638,523,367,1528
279,29,568,876
510,284,660,1454
845,755,927,2527
612,8,395,1015
477,552,58,1087
380,753,959,2092
885,834,778,2497
865,419,413,1697
728,753,452,1933
540,481,210,1231
121,737,724,1582
887,657,800,2344
870,374,260,1504
165,870,830,1865
567,186,90,843
353,380,222,955
593,974,770,2337
422,156,954,1532
551,807,508,1866
530,644,102,1276
182,201,132,515
5,622,705,1332
144,635,270,1049
620,84,869,1573
31,139,316,486
871,408,734,2013
296,181,995,1472
226,260,637,1123
222,722,686,1630
531,851,33,1415
184,817,383,1384
619,979,755,2353
490,375,427,1292
101,136,836,1073
807,346,707,1860
152,840,720,1712
232,38,991,1261
983,810,100,1893
105,66,437,608
991,126,282,1399
47,920,744,1711
708,270,274,1252
875,228,131,1234
981,17,506,1504
642,80,699,1421
255,326,482,1063
384,654,504,1542
173,280,784,1237
841,498,587,1926
91,918,391,1400
970,984,91,2045
201,721,319,1241
849,262,994,2105
762,548,132,1442
614,741,197,1552
0,283,729,1012
638,180,251,1069
343,277,634,1254
102,382,778,1262
683,130,745,1558
56,911,206,1173
306,256,198,760
696,906,201,1803
168,75,671,914
329,283,358,970
182,73,156,411
931,59,637,1627
582,892,713,2187
438,687,933,2058
484,737,872,2093
861,427,195,1483
340,985,977,2302
216,911,470,1597
206,634,974,1814
840,323,915,2078
359,329,853,1541
361,15,312,688
643,279,755,1677
142,674,87,903
37,150,57,244
473,725,619,1817
821,521,166,1508
773,928,109,1810
853,681,446,1980
269,81,889,1239
808,330,795,1933
132,695,880,1707
597,335,315,1247
894,921,515,2330
820,681,159,1660
114,879,139,1132
69,715,906,1690
385,98,73,556
523,540,946,2009
341,651,861,1853
943,342,198,1483
610,48,649,1307
536,332,255,1123
886,298,611,1795
506,737,477,1720
69,452,619,1140
423,268,868,1559
874,368,905,2147
162,748,13,923
539,435,985,1959
785,782,789,2356
728,970,985,2683
600,959,29,1588
508,64,604,1176
47,376,12,435
783,619,72,1474
232,725,658,1615
986,299,132,1417
539,346,430,1315
600,6,231,837
933,243,879,2055
22,879,140,1041
688,65,767,1520
127,849,214,1190
415,981,451,1847
155,780,456,1391
50,848,228,1126
886,10,703,1599
751,955,317,2023
139,797,403,1339
592,283,299,1174
334,526,440,1300
186,453,643,1282
776,44,123,943
183,265,170,618
674,762,557,1993
717,240,284,1241
641,766,313,1720
89,32,461,582
414,642,172,1228
111,153,254,518
341,680,537,1558
747,738,623,2108
300,925,570,1795
300,350,170,820
60,783,235,1078
950,389,220,1559
881,553,899,2333
333,730,251,1314
518,732,500,1750
768,353,470,1591
786,976,415,2177
132,232,312,676
233,509,755,1497
380,727,95,1202
651,87,664,1402
383,490,327,1200
65,458,16,539
639,230,431,1300
668,349,378,1395
833,529,462,1824
325,968,191,1484
749,592,561,1902
450,888,830,2168
79,611,460,1150
980,583,35,1598
841,426,211,1478
144,229,683,1056
665,105,399,1169
28,545,25,598
597,938,559,2094
546,68,969,1583
454,470,135,1059
936,415,25,1376
968,229,695,1892
99,202,351,652
142,799,389,1330
611,990,733,2334
557,946,595,2098
89,850,442,1381
534,146,618,1298
744,866,979,2589
681,97,349,1127
276,400,691,1367
604,197,166,967
477,884,270,1631
497,306,862,1665
177,574,426,1177
409,141,129,679
466,848,958,2272
969,23,990,1982
234,49,418,701
957,180,210,1347
178,464,438,1080
23,463,148,634
247,536,19,802
659,291,102,1052
180,181,138,499
408,751,236,1395
479,358,714,1551
774,431,333,1538
506,766,681,1953
2,114,248,364
719,498,522,1739
729,293,655,1677
905,217,868,1990
956,643,812,2411
245,727,725,1697
865,401,173,1439
559,401,341,1301
440,125,257,822
123,751,493,1367
894,845,939,2678
894,843,126,1863
17,235,825,1077
200,432,96,728
421,436,483,1340
284,378,160,822
231,712,255,1198
331,268,418,1017
697,92,366,1155
300,940,457,1697
329,106,797,1232
580,765,115,1460
623,821,592,2036
822,622,128,1572
896,727,346,1969
652,580,909,2141
724,589,40,1353
707,171,346,1224
955,314,281,1550
337,64,107,508
47,75,11,133
317,21,180,518
513,847,998,2358
12,710,960,1682
372,954,370,1696
688,448,45,1181
849,794,89,1732
656,347,647,1650
142,61,389,592
358,21,635,1014
284,975,905,2164
452,926,177,1555
549,93,328,970
228,621,985,1834
293,25,689,1007
43,143,328,514
395,526,196,1117
972,937,131,2040
105,703,447,1255
551,389,836,1776
508,484,80,1072
522,64,132,718
981,42,303,1326
205,548,324,1077
75,641,144,860
115,939,831,1885
26,104,417,547
773,251,268,1292
322,809,505,1636
726,162,135,1023
282,150,769,1201
770,369,399,1538
403,724,72,1199
917,478,139,1534
696,754,33,1483
312,831,213,1356
201,128,946,1275
155,742,178,1075
528,211,607,1346
522,642,898,2062
157,85,583,825
509,400,886,1795
892,626,0,1518
83,152,173,408
673,911,811,2395
149,339,639,1127
896,445,806,2147
350,365,964,1679
497,627,511,1635
781,829,110,1720
485,861,609,1955
727,347,303,1377
948,794,185,1927
624,942,437,2003
408,315,620,1343
626,41,90,757
98,638,854,1590
411,96,655,1162
917,839,945,2701
365,973,825,2163
226,421,236,883
600,4,602,1206
275,400,305,980
595,14,54,663
654,995,722,2371
668,737,224,1629
536,525,223,1284
852,115,508,1475
543,553,26,1122
657,252,132,1041
248,934,628,1810
288,475,221,984
96,581,964,1641
671,262,602,1535
616,917,432,1965
546,76,917,1539
848,37,362,1247
780,150,949,1879
665,409,71,1145
785,964,745,2494
956,363,416,1735
897,688,525,2110
471,7,607,1085
469,979,411,1859
679,130,462,1271
756,340,339,1435
965,424,151,1540
967,226,578,1771
802,409,305,1516
140,723,274,1137
626,356,35,1017
197,888,89,1174
969,34,202,1205
547,549,598,1694
111,698,422,1231
957,668,679,2304
873,677,127,1677
275,3,550,828
741,583,351,1675
966,610,368,1944
519,763,419,1701
281,382,723,1386
700,761,107,1568
157,360,330,847
58,350,750,1158
87,838,368,1293
537,154,604,1295
402,83,923,1408
394,119,131,644
185,100,801,1086
901,10,727,1638
81,112,222,415
42,904,129,1075
303,430,165,898
566,87,458,1111
492,57,576,1125
767,449,740,1956
518,162,842,1522
860,292,752,1904
42,164,246,452
510,162,692,1364
71,962,236,1269
886,206,721,1813
894,56,822,1772
232,507,172,911
240,644,43,927
53,700,989,1742
574,306,335,1215
909,834,59,1802
723,394,436,1553
433,752,849,2034
648,620,430,1698
642,1000,385,2027
453,697,725,1875
757,278,917,1952
580,603,197,1380
80,368,562,1010
998,479,75,1552
366,850,333,1549
957,928,450,2335
952,71,678,1701
216,407,293,916
784,581,283,1648
85,491,304,880
57,338,406,801
600,437,512,1549
71,360,650,1081
438,333,679,1450
775,578,656,2009
973,521,644,2138
977,509,958,2444
87,149,67,303
461,180,490,1131
601,270,180,1051
410,12,759,1181
87,24,436,547
701,774,243,1718
847,300,923,2070
760,292,203,1255
793,968,230,1991
755,944,729,2428
768,507,550,1825
403,923,717,2043
717,416,480,1613
856,987,890,2733
989,651,472,2112
663,171,504,1338
714,515,252,1481
220,554,548,1322
340,635,420,1395
764,845,724,2333
349,612,185,1146
72,306,842,1220
35,385,750,1170
143,671,204,1018
681,361,38,1080
486,689,604,1779
479,510,96,1085
834,207,921,1962
282,530,174,986
747,274,102,1123
740,511,152,1403
298,874,913,2085
311,197,728,1236
377,48,911,1336
692,226,353,1271
331,638,164,1133
555,343,798,1696
85,232,139,456
298,300,621,1219
479,750,55,1284
284,15,567,866
164,248,458,870
150,270,31,451
443,881,710,2034
543,719,873,2135
845,290,796,1931
513,55,111,679
817,458,549,1824
624,498,959,2081
591,967,70,1628
822,858,132,1812
820,407,508,1735
364,232,668,1264
614,278,288,1180
40,660,688,1388
108,862,333,1303
580,869,563,2012
922,554,210,1686
564,650,691,1905
661,562,551,1774
72,241,331,644
703,519,967,2189
985,105,907,1997
906,98,203,1207
329,894,989,2212
507,449,259,1215
523,858,159,1540
313,836,211,1360
950,162,697,1809
916,944,64,1924
124,476,408,1008
332,418,718,1468
430,790,476,1696
963,602,424,1989
644,904,278,1826
688,780,898,2366
895,880,399,2174
883,400,435,1718
624,633,852,2109
979,5,56,1040
908,548,255,1711
75,206,939,1220
553,828,851,2232
876,508,830,2214
254,580,742,1576
626,821,194,1641
528,353,973,1854
493,745,194,1432
459,149,45,653
580,259,652,1491
89,722,572,1383
975,561,536,2072
548,994,159,1701
644,837,283,1764
930,104,463,1497
1,221,469,691
470,935,403,1808
517,440,92,1049
128,23,933,1084
444,991,126,1561
48,724,685,1457
83,223,918,1224
737,98,786,1621
374,630,896,1900
915,682,427,2024
407,607,445,1459
198,295,415,908
706,833,401,1940
557,526,950,2033
961,514,58,1533
822,360,247,1429
857,981,503,2341
493,690,631,1814
824,532,958,2314
467,740,993,2200
579,992,86,1657
985,589,491,2065
616,407,937,1960
481,675,53,1209
700,701,618,2019
821,699,864,2384
5,520,402,927
14,988,384,1386
937,0,389,1326
786,191,520,1497
962,691,345,1998
69,818,571,1458
116,595,889,1600
471,710,512,1693
862,2,901,1765
542,881,699,2122
457,560,145,1162
483,149,844,1476
893,797,905,2595
637,741,312,1690
543,137,610,1290
352,247,34,633
104,599,261,964
559,942,915,2416
631,392,331,1354
536,141,247,924
152,970,835,1957
134,757,7,898
892,699,585,2176
262,627,243,1132
354,332,862,1548
116,268,110,494
443,837,228,1508
759,475,125,1359
677,5,300,982
235,829,606,1670
898,168,960,2026
21,965,703,1689
857,788,578,2223
837,340,630,1807
352,921,548,1821
75,243,794,1112
736,953,321,2010
45,158,461,664
383,651,756,1790
368,54,993,1415
236,219,241,696
22,296,785,1103
986,411,766,2163
299,528,557,1384
469,943,415,1827
656,627,726,2009
78,811,187,1076
50,964,524,1538
949,773,266,1988
642,66,849,1557
566,978,278,1822
843,606,69,1518
568,710,229,1507
852,320,592,1764
551,614,94,1259
857,195,578,1630
66,352,676,1094
467,16,472,955
342,598,758,1698
736,708,543,1987
503,12,988,1503
50,751,117,918
497,146,646,1289
935,621,61,1617
322,519,96,937
863,663,77,1603
784,779,675,2238
704,269,403,1376
976,162,161,1299
176,358,78,612
91,256,856,1203
858,315,173,1346
848,47,413,1308
851,316,259,1426
820,672,122,1614
305,422,866,1593
536,287,466,1289
237,524,165,926
120,866,477,1463
55,668,981,1704
726,116,434,1276
194,619,359,1172
544,837,204,1585
586,333,88,1007
529,905,368,1802
203,728,307,1238
109,772,239,1120
335,579,883,1797
611,750,36,1397
736,6,994,1736
31,223,741,995
478,146,100,724
979,197,462,1638
262,71,352,685
484,197,698,1379
209,495,341,1045
604,297,445,1346
325,78,317,720
579,822,251,1652
326,896,225,1447
670,188,680,1538
585,546,145,1276
331,263,895,1489
612,115,749,1476
446,40,187,673
575,123,546,1244
612,205,876,1693
807,973,289,2069
415,96,311,822
77,947,710,1734
918,727,907,2552
787,27,589,1403
53,828,560,1441
248,613,202,1063
376,897,140,1413
770,856,159,1785
677,241,480,1398
450,792,543,1785
816,590,802,2208
922,831,151,1904
680,619,749,2048
564,162,743,1469
968,69,225,1262
876,558,381,1815
303,251,513,1067
360,208,53,621
141,877,869,1887
305,768,599,1672
542,124,231,897
999,726,908,2633
663,950,172,1785
201,39,699,939
392,906,67,1365
870,670,620,2160
124,585,576,1285
259,132,703,1094
33,50,517,600
213,595,759,1567
79,554,337,970
612,290,341,1243
886,32,358,1276
770,446,979,2195
698,823,722,2243
450,225,39,714
339,492,64,895
763,678,134,1575
46,632,736,1414
797,905,15,1717
558,960,886,2404
819,398,802,2019
763,318,248,1329
10,959,16,985
860,115,931,1906
817,272,807,1896
775,196,182,1153
229,220,431,880
228,786,462,1476
176,608,662,1446
97,621,342,1060
740,328,672,1740
61,287,319,667
54,603,267,924
823,824,703,2350
863,831,38,1732
65,187,423,675
97,379,818,1294
776,79,930,1785
455,710,481,1646
843,658,753,2254
314,15,699,1028
847,686,979,2512
731,727,18,1476
962,425,837,2224
110,734,327,1171
817,850,270,1937
141,87,413,641
30,695,886,1611
945,715,191,1851
288,367,482,1137
277,911,481,1669
166,240,717,1123
503,789,744,2036
19,394,286,699
496,231,1,728
559,18,89,666
645,379,450,1474
243,165,759,1167
916,595,892,2403
289,368,253,910
4,399,746,1149
437,434,130,1001
573,409,332,1314
293,654,212,1159
529,262,216,1007
363,128,763,1254
601,383,329,1313
669,319,880,1868
225,187,99,511
839,523,432,1794
79,245,48,372
575,148,341,1064
341,630,961,1932
137,100,693,930
117,244,992,1353
978,992,727,2697
707,484,83,1274
133,158,532,823
172,232,598,1002
476,912,408,1796
639,798,684,2121
220,512,298,1030
291,763,661,1715
470,120,966,1556
497,924,245,1666
302,60,898,1260
719,690,421,1830
162,973,410,1545
239,343,775,1357
325,210,189,724
375,926,435,1736
506,139,832,1477
612,362,622,1596
90,492,72,654
971,923,656,2550
962,19,37,1018
740,882,237,1859
255,790,633,1678
626,56,909,1591
678,755,715,2148
207,387,529,1123
651,416,137,1204
663,907,580,2150
245,360,190,795
990,604,398,1992
942,330,352,1624
9,210,50,269
692,435,995,2122
198,93,721,1012
769,508,681,1958
881,570,560,2011
609,295,797,1701
563,312,565,1440
459,960,308,1727
293,119,201,613
785,531,568,1884
111,183,739,1033
991,422,298,1711
692,855,517,2064
530,582,985,2097
791,717,762,2270
187,927,883,1997
492,268,648,1408
92,937,753,1782
426,120,705,1251
640,38,660,1338
914,314,300,1528
967,145,225,1337
166,684,447,1297
277,651,312,1240
154,48,501,703
892,11,778,1681
93,0,306,399
402,558,602,1562
885,813,720,2418
371,51,981,1403
518,922,237,1677
510,459,730,1699
54,411,232,697
382,103,494,979
46,759,730,1535
815,706,711,2232
791,326,576,1693
287,134,665,1086
46,261,245,552
941,121,570,1632
906,387,936,2229
365,946,677,1988
704,876,5,1585
992,541,423,1956
857,16,824,1697
894,379,701,1974
247,75,713,1035
107,486,699,1292
75,523,719,1317
331,541,28,900
654,127,739,1520
676,858,298,1832
899,0,643,1542
241,977,216,1434
805,312,665,1782
552,717,174,1443
675,930,549,2154
944,287,931,2162
560,32,748,1340
144,987,344,1475
383,25,647,1055
497,978,80,1555
418,758,731,1907
300,729,145,1174
354,405,456,1215
294,430,341,1065
732,886,655,2273
875,339,906,2120
206,348,367,921
703,162,9,874
850,343,327,1520
247,754,131,1132
752,300,621,1673
5,937,654,1596
347,205,561,1113
252,606,473,1331
480,880,592,1952
244,505,383,1132
976,833,786,2595
500,536,949,1985
591,753,236,1580
806,709,183,1698
626,458,339,1423
28,142,477,647
926,426,130,1482
90,268,710,1068
267,92,30,389
223,320,854,1397
343,643,185,1171
338,449,352,1139
478,418,469,1365
629,842,626,2097
208,64,344,616
416,60,59,535
113,840,106,1059
386,235,642,1263
289,506,640,1435
308,278,213,799
934,194,569,1697
708,838,383,1929
178,329,222,729
96,103,540,739
254,849,688,1791
411,801,17,1229
961,423,559,1943
696,794,20,1510
29,344,660,1033
566,190,341,1097
234,560,743,1537
180,846,153,1179
149,164,206,519
937,49,854,1840
17,501,202,720
999,789,463,2251
262,876,737,1875
929,79,423,1431
7,814,648,1469
281,536,457,1274
310,906,95,1311
95,130,421,646
301,123,845,1269
71,535,886,1492
240,816,154,1210
463,562,28,1053
918,189,693,1800
469,565,339,1373
76,48,94,218
92,849,339,1280
741,208,660,1609
736,305,122,1163
289,245,604,1138
944,765,838,2547
635,530,763,1928
205,827,930,1962
572,65,782,1419
113,574,847,1534
189,14,59,262
172,68,23,263
987,244,343,1574
827,129,761,1717
65,363,326,754
397,545,207,1149
991,439,168,1598
743,732,353,1828
389,761,36,1186
632,35,882,1549
901,227,376,1504
875,446,94,1415
710,714,486,1910
26,67,821,914
517,73,438,1028
788,519,183,1490
590,967,215,1772
604,233,229,1066
926,688,949,2563
972,906,386,2264
390,762,389,1541
543,613,538,1694
311,610,838,1759
534,229,3,766
524,322,357,1203
62,906,749,1717
348,250,698,1296
625,299,598,1522
520,404,698,1622
905,341,527,1773
611,592,738,1941
19,92,297,408
839,977,464,2280
615,554,884,2053
447,557,998,2002
49,892,626,1567
310,356,411,1077
27,839,412,1278
464,253,631,1348
850,280,0,1130
980,650,947,2577
771,182,958,1911
162,431,988,1581
612,908,740,2260
144,415,209,768
462,68,222,752
252,207,837,1296
88,506,370,964
683,546,694,1923
520,516,874,1910
41,364,739,1144
737,50,392,1179
973,764,680,2417
834,162,793,1789
896,144,505,1545
937,84,685,1706
618,33,117,768
416,572,20,1008
501,22,242,765
706,183,143,1032
225,242,498,965
68,446,587,1101
390,317,201,908
910,672,98,1680
625,624,455,1704
283,391,919,1593
668,506,201,1375
150,81,352,583
700,612,910,2222
930,400,711,2041
612,865,307,1784
15,502,351,868
938,173,873,1984
337,733,572,1642
556,489,362,1407
282,469,310,1061
955,55,899,1909
227,898,469,1594
39,938,39,1016
567,832,670,2069
562,288,644,1494
663,57,651,1371
302,726,568,1596
440,820,153,1413
811,21,979,1811
257,824,692,1773
757,268,88,1113
153,908,768,1829
245,109,955,1309
98,125,147,370
531,764,865,2160
712,570,300,1582
604,142,86,832
26,873,516,1415
782,321,729,1832
841,822,524,2187
352,222,414,988
773,991,108,1872
7,315,855,1177
851,555,175,1581
605,383,392,1380
992,227,238,1457
635,165,125,925
396,654,72,1122
492,250,477,1219
539,555,327,1421
547,152,749,1448
794,796,868,2458
411,68,380,859
40,999,362,1401
528,372,19,919
335,743,238,1316
939,317,449,1705
780,831,173,1784
962,195,171,1328
624,702,725,2051
264,686,255,1205
526,306,205,1037
379,594,849,1822
624,24,809,1457
249,840,875,1964
459,375,724,1558
38,99,7,144
258,431,150,839
598,70,900,1568
185,741,572,1498
152,634,476,1262
429,800,855,2084
878,911,564,2353
781,275,971,2027
803,262,746,1811
519,874,65,1458
125,11,282,418
1,625,701,1327
731,934,249,1914
676,325,169,1170
571,520,766,1857
873,894,433,2200
163,670,186,1019
219,224,790,1233
432,59,68,559
644,329,193,1166
370,372,815,1557
460,181,267,908
168,420,384,972
290,276,521,1087
163,21,861,1045
759,955,82,1796
887,125,743,1755
404,91,272,767
403,323,215,941
858,940,2,1800
53,615,690,1358
375,202,5,582
414,713,174,1301
379,240,842,1461
251,790,722,1763
350,108,887,1345
922,940,528,2390
295,647,993,1935
25,196,518,739
943,423,943,2309
708,461,675,1844
847,401,816,2064
393,870,419,1682
261,240,607,1108
333,909,49,1291
562,661,538,1761
802,51,545,1398
280,317,570,1167
799,447,697,1943
797,990,100,1887
973,207,68,1248
941,450,446,1837
9,709,993,1711
725,585,559,1869
101,479,865,1445
1000,121,833,1954
851,850,321,2022
364,202,832,1398
191,23,524,738
555,983,682,2220
702,138,360,1200
442,572,769,1783
5,226,811,1042
690,854,537,2081
605,180,579,1364
613,910,372,1895
263,32,93,388
606,136,79,821
114,553,987,1654
178,25,528,731
83,508,350,941
429,652,399,1480
873,64,490,1427
10,117,322,449
43,485,627,1155
704,709,218,1631
32,949,389,1370
42,920,648,1610
284,238,20,542
372,23,262,657
961,680,475,2116
11,989,219,1219
949,357,64,1370
584,802,260,1646
886,158,246,1290
140,993,593,1726
207,398,406,1011
652,747,12,1411
367,30,466,863
680,649,389,1718
699,864,784,2347
894,732,431,2057
916,954,378,2248
272,703,606,1581
466,677,254,1397
433,338,835,1606
891,713,567,2171
206,805,617,1628
886,106,17,1009
557,61,733,1351
728,732,534,1994
257,421,916,1594
345,180,81,606
801,319,125,1245
166,906,728,1800
164,40,866,1070
290,913,714,1917
118,31,846,995
629,479,384,1492
738,614,638,1990
427,524,615,1566
449,563,81,1093
895,489,255,1639
275,412,240,927
924,255,487,1666
865,857,903,2625
133,485,274,892
62,147,99,308
391,163,66,620
544,633,44,1221
565,396,991,1952
203,516,71,790
852,802,601,2255
217,889,278,1384
82,94,672,848
525,806,931,2262
620,484,1000,2104
255,270,119,644
792,267,439,1498
712,115,656,1483
753,580,105,1438
374,857,422,1653
23,548,600,1171
571,961,313,1845
854,57,903,1814
69,815,155,1039
756,632,27,1415
953,733,388,2074
620,789,72,1481
35,545,132,712
322,863,369,1554
967,825,765,2557
48,979,840,1867
617,179,445,1241
548,989,375,1912
636,829,979,2444
763,593,769,2125
8,976,673,1657
953,846,566,2365
474,614,552,1640
91,293,969,1353
771,205,559,1535
147,654,520,1321
833,211,601,1645
268,437,476,1181
179,278,901,1358
540,419,157,1116
575,115,596,1286
280,183,890,1353
262,809,840,1911
705,396,758,1859
864,379,246,1489
469,326,755,1550
522,130,982,1634
306,182,971,1459
281,474,333,1088
243,892,127,1262
868,319,5,1192
735,739,725,2199
419,987,916,2322
438,272,555,1265
889,333,728,1950
782,557,482,1821
202,344,936,1482
873,632,525,2030
86,531,904,1521
106,408,618,1132
149,404,46,599
874,528,845,2247
188,560,920,1668
59,963,396,1418
137,279,10,426
861,766,933,2560
375,753,878,2006
61,804,929,1794
243,73,132,448
775,228,350,1353
564,243,899,1706
182,356,770,1308
575,813,817,2205
411,379,489,1279
73,60,267,400
177,943,551,1671
556,386,11,953
296,461,503,1260
473,543,173,1189
487,986,240,1713
508,669,781,1958
926,506,903,2335
174,606,307,1087
132,776,748,1656
892,743,734,2369
549,85,574,1208
75,668,889,1632
724,240,74,1038
65,974,526,1565
53,665,570,1288
39,612,700,1351
769,127,502,1398
135,163,812,1110
623,616,567,1806
276,673,767,1716
542,834,194,1570
267,636,98,1001
82,765,533,1380
323,54,632,1009
429,142,549,1120
713,968,48,1729
117,576,481,1174
362,177,32,571
236,903,496,1635
77,13,670,760
964,968,697,2629
83,826,138,1047
894,311,359,1564
248,92,396,736
717,52,300,1069
232,483,550,1265
585,975,324,1884
144,731,607,1482
468,320,794,1582
173,166,647,986
485,974,771,2230
162,441,592,1195
579,693,559,1831
705,619,391,1715
936,164,565,1665
285,976,249,1510
677,742,778,2197
141,104,526,771
54,902,952,1908
993,682,565,2240
373,574,162,1109
517,640,424,1581
597,997,378,1972
533,457,454,1444
827,490,388,1705
63,101,277,441
630,566,820,2016
912,960,512,2384
379,111,988,1478
229,221,24,474
31,456,416,903
601,347,336,1284
47,359,534,940
699,681,419,1799
671,572,799,2042
395,687,535,1617
868,886,696,2450
105,163,779,1047
425,190,688,1303
5,847,248,1100
255,551,402,1208
233,31,627,891
847,309,999,2155
581,718,90,1389
217,595,258,1070
132,766,342,1240
815,945,517,2277
695,644,985,2324
139,178,777,1094
10,37,608,655
908,984,764,2656
385,752,133,1270
824,307,171,1302
449,941,303,1693
836,80,844,1760
434,927,856,2217
591,347,35,973
832,108,162,1102
125,711,766,1602
421,495,704,1620
730,785,894,2409
945,78,800,1823
769,90,714,1573
18,60,630,708
117,739,553,1409
604,594,458,1656
391,354,739,1484
184,69,208,461
421,126,789,1336
619,235,477,1331
147,437,270,854
834,758,195,1787
438,539,76,1053
714,102,91,907
499,259,97,855
631,954,540,2125
16,681,56,753
318,186,543,1047
98,532,498,1128
816,216,727,1759
806,368,719,1893
561,889,151,1601
511,67,751,1329
853,191,31,1075
752,145,287,1184
263,641,666,1570
927,176,807,1910
80,687,604,1371
485,258,658,1401
794,244,807,1845
896,281,491,1668
652,955,947,2554
720,705,628,2053
886,175,265,1326
305,673,830,1808
222,349,440,1011
315,433,272,1020
86,215,990,1291
555,301,834,1690
420,780,821,2021
437,602,825,1864
882,56,0,938
799,350,425,1574
892,393,632,1917
755,505,855,2115
92,507,2,601
376,722,660,1758
971,614,819,2404
44,536,502,1082
535,714,0,1249
247,478,101,826
208,278,128,614
280,336,466,1082
349,692,921,1962
56,394,478,928
371,933,470,1774
651,226,709,1586
51,775,245,1071
367,285,115,767
854,833,318,2005
55,381,647,1083
496,812,537,1845
648,430,245,1323
125,592,682,1399
63,172,693,928
101,886,361,1348
274,695,711,1680
409,753,744,1906
215,292,127,634
328,565,228,1121
529,322,568,1419
115,68,338,521
181,217,868,1266
151,272,981,1404
655,232,240,1127
439,954,226,1619
63,54,142,259
514,998,219,1731
614,705,243,1562
315,650,67,1032
771,867,626,2264
548,992,557,2097
480,351,123,954
864,468,189,1521
71,505,708,1284
179,814,443,1436
196,856,240,1292
655,615,709,1979
767,281,590,1638
746,745,849,2340
177,938,3,1118
269,520,223,1012
481,101,543,1125
764,999,605,2368
741,219,564,1524
719,972,866,2557
439,218,324,981
420,521,962,1903
952,858,166,1976
211,306,41,558
605,488,446,1539
263,373,545,1181
609,95,568,1272
108,516,331,955
123,291,227,641
317,943,6,1266
935,504,430,1869
533,457,237,1227
145,326,751,1222
544,924,989,2457
301,494,253,1048
312,263,466,1041
234,164,88,486
471,565,937,1973
619,338,587,1544
385,798,538,1721
425,264,278,967
734,762,292,1788
17,749,397,1163
671,429,606,1706
485,443,317,1245
838,667,832,2337
257,168,718,1143
294,794,338,1426
269,92,519,880
564,176,151,891
394,342,821,1557
637,821,815,2273
93,929,991,2013
5,869,485,1359
499,649,110,1258
309,449,183,941
269,380,609,1258
223,73,316,612
402,619,507,1528
958,365,273,1596
573,639,69,1281
63,712,709,1484
283,436,571,1290
970,7,277,1254
30,386,777,1193
397,689,374,1460
379,60,63,502
209,386,615,1210
605,719,451,1775
19,695,151,865
349,925,181,1455
686,820,365,1871
246,815,23,1084
721,371,246,1338
820,214,305,1339
703,736,500,1939
754,292,185,1231
27,365,204,596
84,304,869,1257
321,804,972,2097
18,589,281,888
674,921,135,1730
376,222,354,952
656,101,763,1520
98,103,326,527
461,35,33,529
570,445,958,1973
652,770,777,2199
54,119,3,176
370,397,669,1436
429,474,739,1642
974,995,303,2272
315,617,775,1707
453,253,225,931
51,879,278,1208
362,651,417,1430
939,825,669,2433
532,326,365,1223
201,343,519,1063
943,74,301,1318
948,171,918,2037
863,938,624,2425
580,480,751,1811
724,966,408,2098
293,299,881,1473
393,303,845,1541
209,486,889,1584
114,69,128,311
801,387,59,1247
296,145,821,1262
944,911,832,2687
720,854,232,1806
987,275,689,1951
474,279,548,1301
961,182,664,1807
572,593,586,1751
745,722,400,1867
14,253,601,868
374,364,278,1016
36,353,88,477
944,105,711,1760
898,75,66,1039
849,296,751,1896
359,514,203,1076
628,912,389,1929
676,585,644,1905
567,845,21,1433
285,733,925,1943
607,507,652,1766
340,543,701,1584
68,654,646,1368
67,58,82,207
749,363,342,1454
410,674,802,1886
622,320,800,1742
88,953,138,1179
609,328,971,1908
58,273,285,616
404,61,455,920
76,309,1,386
289,154,645,1088
975,981,565,2521
818,991,634,2443
681,110,991,1782
659,803,633,2095
938,841,663,2442
46,723,363,1132
868,327,290,1485
510,714,66,1290
604,952,452,2008
881,306,630,1817
803,909,402,2114
840,7,724,1571
986,777,947,2710
914,346,711,1971
967,565,931,2463
997,266,161,1424
673,433,212,1318
400,167,618,1185
173,329,672,1174
213,269,335,817
587,737,47,1371
587,494,598,1679
180,441,550,1171
745,47,247,1039
901,163,379,1443
925,201,555,1681
94,413,832,1339
624,319,708,1651
40,599,264,903
345,870,461,1676
898,277,601,1776
932,516,133,1581
393,496,320,1209
624,767,155,1546
699,398,217,1314
311,528,894,1733
325,313,923,1561
87,195,522,804
897,519,731,2147
739,737,259,1735
95,731,385,1211
731,608,670,2009
627,684,991,2302
778,19,985,1782
391,357,379,1127
613,730,621,1964
4,842,726,1572
430,962,381,1773
590,442,155,1187
878,761,829,2468
291,729,221,1241
768,554,863,2185
206,696,12,914
229,266,261,756
481,531,450,1462
881,561,372,1814
781,465,950,2196
615,460,686,1761
201,488,635,1324
741,527,158,1426
875,581,896,2352
940,963,79,1982
648,800,917,2365
268,793,317,1378
512,740,93,1345
586,359,69,1014
59,837,453,1349
297,295,219,811
222,982,315,1519
672,990,949,2611
660,187,319,1166
821,837,403,2061
38,95,401,534
548,273,518,1339
31,587,220,838
559,798,907,2264
101,12,181,294
668,239,344,1251
216,67,348,631
506,578,702,1786
985,863,987,2835
528,478,779,1785
136,984,925,2045
562,32,151,745
672,828,536,2036
435,543,260,1238
479,97,771,1347
982,216,940,2138
97,408,48,553
940,685,276,1901
974,910,875,2759
23,969,621,1613
352,973,647,1972
857,357,252,1466
126,571,964,1661
719,448,856,2023
189,698,267,1154
997,844,193,2034
261,373,729,1363
585,1000,119,1704
761,607,459,1827
328,174,449,951
717,798,891,2406
719,528,614,1861
670,623,951,2244
779,804,462,2045
662,84,999,1745
620,641,798,2059
226,486,694,1406
968,58,279,1305
762,671,875,2308
307,529,683,1519
762,914,264,1940
803,298,634,1735
719,959,600,2278
399,555,68,1022
551,551,147,1249
92,188,6,286
956,172,454,1582
980,620,226,1826
232,245,898,1375
228,70,887,1185
613,695,484,1792
518,273,826,1617
43,634,995,1672
203,123,978,1304
915,652,56,1623
81,838,457,1376
798,515,385,1698
674,817,455,1946
426,235,492,1153
727,608,820,2155
355,356,914,1625
736,758,437,1931
403,263,12,678
213,737,433,1383
607,800,857,2264
144,959,472,1575
715,850,414,1979
873,25,9,907
102,177,275,554
524,813,968,2305
600,141,332,1073
716,913,283,1912
775,878,540,2193
257,970,458,1685
782,96,296,1174
734,637,646,2017
463,548,960,1971
56,804,962,1822
792,274,193,1259
798,477,367,1642
430,732,693,1855
875,97,442,1414
123,454,545,1122
896,278,57,1231
478,44,304,826
540,384,175,1099
17,50,408,475
19,632,726,1377
264,658,404,1326
0,177,600,777
417,200,315,932
820,310,921,2051
293,552,139,984
260,476,237,973
501,144,711,1356
216,430,572,1218
892,664,179,1735
282,564,153,999
51,360,823,1234
786,674,348,1808
138,612,573,1323
732,107,823,1662
508,76,373,957
618,87,658,1363
686,393,512,1591
135,5,521,661
934,835,125,1894
768,606,679,2053
973,578,707,2258
597,559,602,1758
184,88,457,729
2,906,114,1022
141,1,710,852
668,1,889,1558
81,906,169,1156
216,931,701,1848
510,622,504,1636
282,742,885,1909
846,343,961,2150
870,870,372,2112
130,917,974,2021
69,940,224,1233
644,556,380,1580
973,51,529,1553
126,22,693,841
419,802,849,2070
685,78,361,1124
35,232,36,303
137,368,883,1388
699,596,654,1949
101,352,183,636
221,735,409,1365
518,484,608,1610
618,395,494,1507
471,99,471,1041
323,79,835,1237
368,719,457,1544
38,903,213,1154
29,335,789,1153
775,84,277,1136
75,432,92,599
524,737,287,1548
636,612,480,1728
733,570,997,2300
485,291,477,1253
747,833,261,1841
298,253,276,827
305,874,533,1712
244,194,271,709
18,352,298,668
990,987,206,2183
457,876,223,1556
618,688,60,1366
601,84,987,1672
777,499,99,1375
462,958,922,2342
889,280,452,1621
266,716,941,1923
1000,39,486,1525
900,326,773,1999
380,747,402,1529
560,750,730,2040
509,348,603,1460
91,158,465,714
210,624,611,1445
195,898,27,1120
315,70,333,718
533,95,709,1337
149,993,887,2029
123,780,164,1067
436,896,465,1797
786,757,51,1594
618,136,157,911
822,877,330,2029
449,930,6,1385
91,716,326,1133
495,487,586,1568
953,606,8,1567
107,824,505,1436
290,526,774,1590
692,564,64,1320
492,186,466,1144
194,244,449,887
404,675,857,1936
856,459,754,2069
897,746,195,1838
668,466,364,1498
43,181,931,1155
849,927,1,1777
398,290,57,745
667,190,898,1755
999,469,918,2386
743,931,549,2223
472,918,617,2007
1000,108,876,1984
20,1,802,823
137,646,49,832
828,114,134,1076
132,77,777,986
8,879,357,1244
476,683,331,1490
336,774,613,1723
550,86,546,1182
146,955,340,1441
588,774,299,1661
943,223,792,1958
597,521,402,1520
250,568,55,873
219,269,358,846
260,784,547,1591
103,757,337,1197
920,414,585,1919
676,877,612,2165
706,789,483,1978
610,131,893,1634
228,865,494,1587
393,121,385,899
287,507,871,1665
637,769,582,1988
614,973,535,2122
271,520,53,844
64,926,327,1317
446,434,754,1634
366,955,913,2234
216,857,447,1520
191,420,806,1417
562,127,226,915
736,767,667,2170
513,704,137,1354
452,915,398,1765
282,781,619,1682
163,544,261,968
876,934,907,2717
334,281,428,1043
80,637,525,1242
815,799,726,2340
977,363,236,1576
514,144,807,1465
388,229,746,1363
78,677,708,1463
615,525,388,1528
266,63,634,963
204,903,545,1652
848,669,110,1627
337,716,970,2023
803,291,728,1822
24,473,633,1130
216,95,580,891
780,880,674,2334
348,457,252,1057
806,254,825,1885
629,47,879,1555
681,445,282,1408
118,258,884,1260
251,797,286,1334
691,342,563,1596
828,869,115,1812
577,945,385,1907
117,49,107,273
288,792,567,1647
167,758,2,927
988,531,994,2513
463,254,933,1650
962,50,975,1987
342,359,89,790
307,426,5,738
606,752,965,2323
266,573,506,1345
409,732,200,1341
779,784,389,1952
422,164,241,827
675,623,857,2155
923,198,164,1285
63,8,533,604
44,470,299,813
363,153,637,1153
17,539,208,764
375,817,346,1538
718,119,211,1048
630,515,709,1854
117,386,257,760
530,455,78,1063
200,54,392,646
285,579,109,973
287,644,292,1223
243,934,512,1689
426,617,539,1582
585,448,866,1899
365,253,36,654
656,867,120,1643
264,875,479,1618
41,329,186,556
811,401,427,1639
516,843,648,2007
813,288,834,1935
991,90,211,1292
679,382,576,1637
563,409,390,1362
222,391,839,1452
10,602,662,1274
222,24,893,1139
386,931,8,1325
810,254,287,1351
710,234,217,1161
139,645,828,1612
875,623,559,2057
9,726,878,1613
47,649,641,1337
370,241,383,994
360,742,499,1601
367,852,255,1474
718,786,650,2154
908,579,187,1674
623,463,118,1204
807,15,842,1664
415,519,172,1106
165,18,558,741
609,10,430,1049
332,783,219,1334
298,484,505,1287
319,477,396,1192
387,751,694,1832
830,646,501,1977
921,978,694,2593
968,526,56,1550
234,307,80,621
828,382,748,1958
778,55,362,1195
655,589,40,1284
88,437,545,1070
695,546,301,1542
519,490,900,1909
78,545,499,1122
983,943,349,2275
255,280,499,1034
546,725,611,1882
639,622,956,2217
878,501,844,2223
661,681,372,1714
233,268,325,826
606,106,664,1376
545,235,20,800
855,995,861,2711
722,968,580,2270
466,755,110,1331
301,626,204,1131
186,375,276,837
402,789,368,1559
696,285,990,1971
764,869,891,2524
464,271,632,1367
826,457,639,1922
78,820,122,1020
129,742,392,1263
829,50,614,1493
993,20,767,1780
651,965,147,1763
902,697,434,2033
442,770,785,1997
707,966,834,2507
868,305,331,1504
704,546,872,2122
289,552,572,1413
85,543,392,1020
17,799,949,1765
270,872,842,1984
378,135,546,1059
918,540,382,1840
677,326,679,1682
885,894,897,2676
204,31,882,1117
939,603,773,2315
89,125,239,453
819,762,976,2557
410,108,15,533
614,337,143,1094
170,925,266,1361
982,110,838,1930
907,242,324,1473
42,199,961,1202
703,159,38,900
441,786,574,1801
76,937,209,1222
714,324,889,1927
725,708,729,2162
817,338,765,1920
472,426,111,1009
202,308,355,865
364,450,116,930
128,148,519,795
131,293,387,811
808,762,944,2514
182,499,833,1514
43,345,868,1256
785,837,589,2211
685,403,709,1797
342,69,410,821
974,611,342,1927
665,495,591,1751
761,352,302,1415
384,59,470,913
363,613,257,1233
715,396,13,1124
253,917,961,2131
409,598,763,1770
148,955,906,2009
627,659,512,1798
632,877,488,1997
684,483,380,1547
566,408,627,1601
644,840,376,1860
188,857,997,2042
501,96,364,961
898,151,280,1329
866,195,631,1692
538,916,17,1471
679,256,330,1265
685,150,634,1469
557,178,44,779
567,400,563,1530
571,278,21,870
154,198,914,1266
244,183,274,701
625,183,917,1725
856,727,955,2538
157,569,74,800
597,970,995,2562
805,689,777,2271
527,662,111,1300
194,156,175,525
701,603,554,1858
430,840,363,1633
358,834,901,2093
238,580,658,1476
481,346,686,1513
1000,107,931,2038
847,410,632,1889
35,143,469,647
314,593,450,1357
684,119,675,1478
510,846,349,1705
691,345,40,1076
229,514,556,1299
65,516,438,1019
273,473,249,995
809,344,211,1364
157,708,771,1636
157,416,751,1324
341,659,855,1855
160,382,585,1127
934,847,694,2475
689,309,919,1917
561,39,306,906
912,830,429,2171
700,396,529,1625
178,660,449,1287
507,652,680,1839
174,398,784,1356
64,122,947,1133
968,775,733,2476
122,290,824,1236
580,949,762,2291
372,110,379,861
60,78,971,1109
210,710,440,1360
586,760,230,1576
616,139,597,1352
993,906,706,2605
141,384,467,992
253,681,802,1736
968,182,234,1384
278,180,914,1372
90,969,377,1436
813,607,223,1643
736,500,431,1667
290,115,114,519
73,82,529,684
965,950,719,2634
760,55,644,1459
651,412,27,1090
723,522,747,1992
539,841,140,1520
159,521,281,961
657,778,835,2270
350,123,140,613
394,833,67,1294
443,912,590,1945
437,44,507,988
407,614,470,1491
948,749,573,2270
6,60,336,402
687,799,396,1882
740,857,124,1721
563,64,445,1072
889,759,754,2402
522,735,855,2112
948,1000,78,2026
536,41,370,947
955,288,963,2206
899,634,412,1945
293,427,70,790
135,160,702,997
330,248,520,1098
117,961,712,1790
606,877,714,2197
362,297,786,1445
731,817,31,1579
122,844,108,1074
217,152,910,1279
863,682,549,2094
711,729,846,2286
191,591,992,1774
289,708,539,1536
907,296,668,1871
713,742,89,1544
449,558,60,1067
95,183,930,1208
35,219,458,712
151,49,402,602
632,500,195,1327
828,761,322,1911
396,939,576,1911
767,114,256,1137
729,252,587,1568
593,501,231,1325
7,417,178,602
322,41,508,871
170,860,515,1545
727,24,672,1423
24,404,409,837
431,503,720,1654
723,98,505,1326
839,916,811,2566
308,452,954,1714
175,589,857,1621
633,983,621,2237
931,590,476,1997
194,957,251,1402
780,53,272,1105
243,449,522,1214
759,312,404,1475
945,100,668,1713
450,654,202,1306
750,621,75,1446
846,406,671,1923
39,167,193,399
785,569,852,2206
56,189,231,476
679,884,50,1613
288,184,448,920
129,855,762,1746
935,866,551,2352
41,820,261,1122
998,200,140,1338
162,216,240,618
849,851,190,1890
533,295,685,1513
314,51,86,451
721,248,137,1106
188,115,884,1187
68,405,842,1315
855,398,239,1492
846,417,45,1308
919,367,689,1975
63,473,861,1397
954,959,905,2818
35,902,394,1331
369,370,329,1068
233,971,825,2029
459,802,741,2002
70,483,515,1068
557,20,553,1130
733,75,858,1666
814,802,206,1822
825,93,271,1189
725,323,323,1371
680,769,583,2032
967,395,21,1383
487,553,376,1416
70,457,237,764
728,352,948,2028
621,410,36,1067
823,251,255,1329
857,572,50,1479
197,887,911,1995
708,339,316,1363
445,862,161,1468
285,790,597,1672
231,41,39,311
170,273,340,783
702,869,988,2559
294,664,769,1727
921,164,832,1917
379,579,600,1558
137,622,778,1537
945,700,925,2570
940,936,446,2322
729,139,660,1528
589,484,372,1445
309,336,303,948
721,633,858,2212
392,17,835,1244
127,413,36,576
949,734,920,2603
389,499,252,1140
279,816,411,1506
167,553,668,1388
265,106,791,1162
451,414,141,1006
568,558,104,1230
868,916,827,2611
192,582,652,1426
867,6,850,1723
242,451,469,1162
170,851,46,1067
525,70,217,812
501,733,665,1899
741,110,545,1396
928,882,94,1904
287,772,423,1482
11,601,248,860
864,194,843,1901
986,947,598,2531
751,927,625,2303
8,618,278,904
785,521,598,1904
102,812,946,1860
33,166,539,738
760,412,273,1445
743,420,997,2160
731,610,230,1571
195,235,11,441
306,954,609,1869
259,191,132,582
407,432,65,904
665,408,469,1542
842,500,599,1941
836,924,23,1783
78,543,401,1022
398,345,103,846
487,743,181,1411
440,799,787,2026
655,530,105,1290
189,999,713,1901
812,481,478,1771
395,160,127,682
100,701,967,1768
812,365,300,1477
746,67,566,1379
192,837,383,1412
766,887,212,1865
200,546,185,931
240,982,364,1586
202,499,416,1117
905,256,309,1470
187,693,793,1673
93,428,847,1368
860,23,226,1109
858,65,198,1121
253,169,564,986
403,865,51,1319
42,230,881,1153
404,707,583,1694
392,340,401,1133
840,463,896,2199
557,126,536,1219
613,437,859,1909
384,568,644,1596
627,93,146,866
392,232,663,1287
407,497,6,910
725,862,482,2069
543,85,771,1399
698,759,136,1593
225,3,203,431
626,167,555,1348
176,580,309,1065
910,337,180,1427
509,299,792,1600
366,301,69,736
538,547,292,1377
738,670,954,2362
76,225,815,1116
868,985,800,2653
435,939,743,2117
676,948,247,1871
716,393,362,1471
455,749,400,1604
111,344,441,896
504,351,1,856
928,462,349,1739
720,29,671,1420
47,318,506,871
149,542,291,982
670,115,362,1147
806,23,18,847
757,976,500,2233
151,598,404,1153
299,477,893,1669
193,725,908,1826
138,831,992,1961
549,952,574,2075
773,325,839,1937
534,206,73,813
26,590,737,1353
620,308,540,1468
158,584,15,757
227,777,401,1405
365,2,52,419
742,734,7,1483
78,628,667,1373
114,514,554,1182
160,247,152,559
456,649,530,1635
437,910,141,1488
147,331,634,1112
237,503,786,1526
712,943,873,2528
697,178,447,1322
546,757,386,1689
786,680,967,2433
2,455,853,1310
192,3,683,878
803,973,662,2438
461,317,177,955
831,48,316,1195
957,178,290,1425
178,834,82,1094
472,735,966,2173
773,297,615,1685
417,645,276,1338
962,596,537,2095
763,842,4,1609
403,371,730,1504
767,333,184,1284
48,779,313,1140
613,197,967,1777
656,670,366,1692
546,826,49,1421
751,418,513,1682
209,997,77,1283
235,891,864,1990
823,521,108,1452
7,646,388,1041
12,304,650,966
290,127,143,560
176,770,1000,1946
671,20,475,1166
119,8,92,219
161,84,116,361
957,906,782,2645
977,599,425,2001
94,683,997,1774
600,957,599,2156
387,358,353,1098
284,278,648,1210
4,859,489,1352
116,515,414,1045
430,241,941,1612
624,191,237,1052
721,97,851,1669
482,83,197,762
636,758,987,2381
317,755,309,1381
946,882,796,2624
19,624,202,845
372,780,196,1348
673,233,103,1009
509,647,285,1441
341,533,364,1238
330,344,244,918
523,479,101,1103
687,109,135,931
629,354,631,1614
783,672,983,2438
224,434,139,797
872,802,188,1862
490,745,389,1624
596,436,567,1599
393,781,895,2069
838,75,708,1621
156,501,82,739
288,151,688,1127
466,467,327,1260
565,429,43,1037
318,509,392,1219
296,845,848,1989
556,851,502,1909
829,824,725,2378
681,252,640,1573
375,507,617,1499
123,849,82,1054
864,608,59,1531
497,312,170,979
774,627,232,1633
846,704,519,2069
331,142,108,581
404,201,646,1251
522,676,968,2166
131,838,912,1881
701,806,970,2477
61,661,243,965
743,221,299,1263
202,44,842,1088
27,875,909,1811
775,177,845,1797
734,697,86,1517
361,813,678,1852
363,840,288,1491
481,556,398,1435
191,461,589,1241
857,465,493,1815
392,228,856,1476
66,363,955,1384
866,626,125,1617
127,120,183,430
167,995,26,1188
196,284,913,1393
653,185,844,1682
466,876,168,1510
817,159,658,1634
536,756,242,1534
503,601,121,1225
254,625,325,1204
711,505,506,1722
225,33,332,590
283,896,824,2003
532,679,48,1259
698,94,295,1087
37,883,999,1919
186,845,556,1587
515,56,473,1044
88,67,643,798
993,6,450,1449
247,156,745,1148
968,781,912,2661
697,279,593,1569
684,524,248,1456
915,641,358,1914
462,407,253,1122
660,259,453,1372
585,214,585,1384
546,280,432,1258
594,265,904,1763
897,581,62,1540
930,588,562,2080
238,504,658,1400
448,506,984,1938
475,794,901,2170
690,316,791,1797
880,633,820,2333
740,60,1000,1800
524,847,562,1933
842,320,316,1478
65,978,656,1699
594,950,270,1814
642,444,534,1620
425,425,535,1385
626,502,366,1494
72,159,92,323
203,939,469,1611
864,463,252,1579
795,465,527,1787
211,182,293,686
64,425,958,1447
982,566,133,1681
520,934,258,1712
687,821,797,2305
718,23,535,1276
924,871,848,2643
454,665,15,1134
548,902,258,1708
70,115,97,282
614,217,142,973
935,283,594,1812
832,254,984,2070
392,150,795,1337
5,102,7,114
299,929,821,2049
341,313,899,1553
244,341,316,901
343,896,762,2001
772,336,920,2028
648,579,198,1425
45,303,29,377
774,581,993,2348
134,655,0,789
948,484,252,1684
16,219,319,554
806,236,112,1154
34,387,735,1156
365,272,773,1410
808,758,387,1953
720,534,241,1495
601,750,980,2331
965,767,798,2530
648,665,216,1529
39,386,233,658
822,263,846,1931
18,405,865,1288
345,247,519,1111
273,148,747,1168
174,318,57,549
334,74,475,883
172,792,226,1190
186,814,896,1896
219,157,581,957
142,299,106,547
280,253,427,960
92,46,5,143
506,201,262,969
890,613,144,1647
834,624,104,1562
471,271,632,1374
331,853,784,1968
652,304,385,1341
128,706,9,843
919,733,173,1825
22,727,875,1624
594,882,620,2096
564,586,206,1356
513,434,326,1273
656,324,539,1519
687,359,676,1722
492,142,868,1502
846,559,651,2056
640,85,592,1317
353,913,95,1361
333,437,118,888
506,955,714,2175
797,622,129,1548
364,133,625,1122
323,725,970,2018
523,147,674,1344
301,151,275,727
749,873,605,2227
177,889,823,1889
397,657,926,1980
689,286,541,1516
84,88,593,765
532,796,710,2038
516,757,863,2136
79,291,384,754
266,106,218,590
408,740,288,1436
577,432,680,1689
8,130,301,439
60,306,33,399
361,931,484,1776
850,101,875,1826
274,462,323,1059
879,418,685,1982
832,149,102,1083
461,126,652,1239
153,760,885,1798
857,544,172,1573
696,844,438,1978
29,493,233,755
143,345,993,1481
367,591,707,1665
107,94,600,801
633,823,957,2413
488,151,911,1550
972,536,392,1900
436,294,455,1185
199,686,432,1317
154,536,626,1316
763,409,545,1717
350,809,869,2028
480,168,992,1640
943,110,771,1824
16,839,681,1536
703,699,431,1833
609,13,765,1387
309,70,376,755
66,988,739,1793
543,907,669,2119
955,865,83,1903
441,357,550,1348
867,938,945,2750
888,967,797,2652
514,498,130,1142
55,753,550,1358
546,439,769,1754
624,139,376,1139
326,322,410,1058
169,245,479,893
17,72,85,174
816,296,70,1182
438,549,821,1808
249,982,869,2100
825,343,18,1186
941,573,21,1535
760,927,165,1852
796,292,573,1661
935,922,41,1898
463,34,111,608
181,185,218,584
444,776,680,1900
97,641,539,1277
42,401,656,1099
952,645,795,2392
392,133,12,537
824,366,99,1289
391,208,703,1302
667,744,136,1547
264,426,99,789
251,653,23,927
892,664,787,2343
247,664,938,1849
617,661,878,2156
85,703,900,1688
55,85,721,861
344,517,14,875
747,177,608,1532
405,618,252,1275
21,256,234,511
84,40,712,836
333,11,586,930
680,779,864,2323
160,924,22,1106
413,750,346,1509
199,907,503,1609
525,206,140,871
950,117,137,1204
847,614,774,2235
86,497,614,1197
958,128,641,1727
246,715,508,1469
955,267,511,1733
170,716,38,924
435,839,106,1380
89,451,698,1238
535,204,477,1216
932,207,42,1181
198,407,876,1481
694,675,981,2350
364,223,685,1272
258,948,314,1520
3,981,830,1814
723,701,131,1555
268,724,102,1094
288,973,569,1830
725,114,44,883
257,571,789,1617
556,432,851,1839
447,850,300,1597
8,285,870,1163
705,187,497,1389
269,225,202,696
322,479,659,1460
886,112,513,1511
875,986,588,2449
913,858,841,2612
234,379,821,1434
53,372,96,521
719,140,932,1791
334,251,862,1447
815,421,999,2235
177,292,13,482
554,682,703,1939
366,986,0,1352
953,143,322,1418
262,343,490,1095
711,580,186,1477
358,996,337,1691
282,455,602,1339
722,960,834,2516
833,636,375,1844
284,919,561,1764
445,818,233,1496
631,517,866,2014
987,616,143,1746
779,749,999,2527
2,223,378,603
875,820,486,2181
542,137,290,969
580,693,983,2256
965,775,469,2209
945,227,309,1481
133,253,719,1105
867,901,883,2651
965,440,20,1425
15,798,977,1790
488,406,539,1433
964,625,869,2458
63,224,121,408
0,772,367,1139
255,922,221,1398
722,694,626,2042
230,227,514,971
841,118,498,1457
718,686,689,2093
900,613,626,2139
633,493,530,1656
301,353,314,968
830,445,810,2085
316,968,435,1719
991,646,854,2491
874,468,492,1834
29,110,699,838
439,894,387,1720
507,350,453,1310
348,205,506,1059
816,653,316,1785
210,962,777,1949
635,958,457,2050
675,752,362,1789
848,761,5,1614
736,186,570,1492
459,196,894,1549
709,523,86,1318
704,12,969,1685
583,571,955,2109
707,133,807,1647
174,534,31,739
100,630,52,782
408,233,848,1489
654,708,978,2340
418,477,736,1631
994,851,312,2157
875,483,633,1991
942,689,188,1819
392,323,252,967
929,777,125,1831
615,804,843,2262
391,21,656,1068
590,234,852,1676
97,919,458,1474
72,852,644,1568
479,329,941,1749
914,492,647,2053
681,817,462,1960
432,201,670,1303
342,675,837,1854
324,249,940,1513
924,646,243,1813
304,218,581,1103
782,33,562,1377
613,987,346,1946
614,93,376,1083
479,478,668,1625
960,935,978,2873
23,88,71,182
455,482,154,1091
502,924,885,2311
831,192,438,1461
942,569,837,2348
5,670,32,707
44,851,882,1777
619,923,413,1955
269,613,880,1762
711,299,574,1584
611,428,747,1786
321,87,863,1271
402,387,900,1689
398,529,677,1604
73,470,147,690
110,55,193,358
22,22,165,209
954,29,689,1672
173,282,990,1445
364,672,224,1260
758,777,904,2439
940,26,125,1091
338,682,180,1200
372,176,842,1390
207,686,148,1041
602,732,524,1858
586,59,679,1324
516,613,547,1676
61,698,439,1198
329,643,94,1066
26,692,347,1065
114,70,794,978
863,436,509,1808
440,525,851,1816
175,163,819,1157
194,951,929,2074
698,902,493,2093
918,662,508,2088
271,880,427,1578
400,573,478,1451
271,652,126,1049
313,550,623,1486
465,970,103,1538
659,264,918,1841
717,195,312,1224
140,166,543,849
999,630,361,1990
547,739,317,1603
740,712,157,1609
783,291,355,1429
233,95,964,1292
26,835,553,1414
41,775,32,848
361,865,174,1400
816,808,217,1841
190,37,890,1117
736,583,38,1357
56,13,761,830
87,407,304,798
612,994,789,2395
520,336,779,1635
427,956,271,1654
148,346,453,947
183,856,41,1080
857,338,858,2053
956,584,266,1806
369,492,834,1695
729,654,1000,2383
214,989,211,1414
175,254,6,435
298,280,732,1310
877,244,141,1262
607,827,45,1479
315,129,590,1034
673,205,328,1206
946,353,439,1738
809,480,960,2249
353,708,525,1586
595,753,69,1417
597,690,404,1691
719,803,813,2335
699,537,635,1871
423,233,156,812
490,891,347,1728
431,970,936,2337
989,679,547,2215
928,206,123,1257
148,641,589,1378
681,791,429,1901
584,618,7,1209
855,251,501,1607
80,623,305,1008
28,284,604,916
549,202,264,1015
901,355,177,1433
60,352,605,1017
390,833,439,1662
430,657,224,1311
361,175,114,650
375,657,115,1147
557,142,205,904
42,860,385,1287
570,268,106,944
302,459,437,1198
841,259,857,1957
179,162,447,788
393,901,222,1516
142,309,623,1074
570,635,938,2143
345,810,14,1169
800,18,361,1179
230,625,481,1336
966,175,190,1331
419,652,158,1229
820,40,447,1307
875,717,709,2301
245,0,285,530
980,483,375,1838
282,933,281,1496
334,281,908,1523
141,689,481,1311
590,977,869,2436
537,483,923,1943
963,131,212,1306
986,930,18,1934
148,25,389,562
79,888,515,1482
698,103,206,1007
332,739,826,1897
331,952,693,1976
415,537,927,1879
711,409,657,1777
928,975,386,2289
793,496,690,1979
768,335,743,1846
751,901,456,2108
372,36,816,1224
758,779,27,1564
462,978,837,2277
106,671,195,972
967,309,44,1320
408,914,324,1646
569,94,608,1271
463,528,283,1274
217,621,61,899
494,393,360,1247
424,286,181,891
28,962,434,1424
416,487,136,1039
989,762,374,2125
60,608,264,932
106,255,929,1290
197,690,572,1459
416,390,349,1155
385,777,593,1755
705,494,801,2000
878,917,905,2700
233,90,295,618
358,679,169,1206
443,805,460,1708
392,364,917,1673
522,426,615,1563
346,976,514,1836
324,336,887,1547
641,60,720,1421
662,745,268,1675
711,407,891,2009
244,741,43,1028
883,402,375,1660
976,588,849,2413
940,770,337,2047
908,168,416,1492
586,659,207,1452
28,455,654,1137
48,37,105,190
956,363,603,1922
330,201,605,1136
66,338,548,952
223,613,535,1371
151,791,788,1730
147,872,360,1379
42,296,972,1310
228,50,611,889
10,521,243,774
530,467,544,1541
927,325,783,2035
250,779,336,1365
591,336,893,1820
881,616,989,2486
825,586,826,2237
537,46,326,909
244,648,412,1304
736,494,643,1873
104,198,954,1256
984,506,505,1995
897,262,765,1924
621,406,782,1809
577,971,833,2381
842,999,157,1998
251,700,677,1628
322,335,482,1139
138,400,819,1357
905,112,811,1828
368,479,550,1397
79,547,773,1399
20,460,932,1412
560,753,813,2126
801,538,236,1575
763,831,826,2420
707,198,21,926
487,117,176,780
159,544,431,1134
172,265,55,492
735,209,316,1260
532,319,190,1041
508,877,946,2331
265,189,377,831
749,69,6,824
824,213,297,1334
293,707,894,1894
685,516,538,1739
330,841,114,1285
646,425,609,1680
346,867,789,2002
526,722,337,1585
43,426,442,911
83,699,72,854
608,397,562,1567
850,753,103,1706
355,682,425,1462
297,260,301,858
356,44,481,881
905,277,627,1809
17,85,764,866
297,590,634,1521
239,688,995,1922
690,21,979,1690
834,457,284,1575
193,540,113,846
958,773,258,1989
352,238,636,1226
125,488,616,1229
455,68,284,807
478,51,777,1306
73,18,704,795
388,202,588,1178
498,976,301,1775
840,630,43,1513
616,185,904,1705
15,873,509,1397
620,387,591,1598
720,750,431,1901
675,952,975,2602
708,365,957,2030
530,852,528,1910
813,846,4,1663
644,957,371,1972
640,138,371,1149
522,621,660,1803
370,970,154,1494
513,765,248,1526
700,309,914,1923
546,565,230,1341
870,824,506,2200
797,442,518,1757
383,226,26,635
169,886,176,1231
397,392,652,1441
128,556,688,1372
352,357,800,1509
229,969,269,1467
106,486,698,1290
656,715,489,1860
186,90,845,1121
578,516,770,1864
119,447,503,1069
723,919,1000,2642
51,996,414,1461
294,618,195,1107
2,970,477,1449
37,877,165,1079
658,520,934,2112
363,708,148,1219
130,976,778,1884
983,674,575,2232
117,407,517,1041
470,501,516,1487
909,912,902,2723
524,85,461,1070
345,610,672,1627
721,33,592,1346
801,696,945,2442
223,538,150,911
600,781,595,1976
119,103,202,424
869,127,227,1223
13,170,33,216
656,978,844,2478
46,170,832,1048
896,979,691,2566
865,310,867,2042
150,564,60,774
265,726,457,1448
771,116,683,1570
158,196,625,979
294,512,838,1644
939,529,753,2221
59,534,360,953
975,372,930,2277
141,399,94,634
161,431,69,661
913,148,603,1664
834,271,485,1590
508,610,22,1140
598,53,706,1357
991,903,32,1926
179,685,981,1845
492,693,585,1770
710,35,576,1321
387,558,254,1199
20,365,674,1059
254,518,564,1336
739,508,649,1896
885,406,853,2144
648,49,197,894
525,863,829,2217
773,650,955,2378
443,959,804,2206
479,545,23,1047
25,983,251,1259
353,387,545,1285
550,76,665,1291
329,200,548,1077
666,242,549,1457
568,805,861,2234
573,411,123,1107
34,900,767,1701
594,816,780,2190
965,446,17,1428
769,205,77,1051
239,645,91,975
767,228,124,1119
492,986,562,2040
680,179,715,1574
359,468,379,1206
970,379,173,1522
540,311,622,1473
498,107,126,731
943,386,882,2211
140,391,458,989
605,825,227,1657
375,852,281,1508
510,555,334,1399
796,913,1000,2709
559,300,52,911
66,123,932,1121
44,740,297,1081
954,771,740,2465
980,780,516,2276
17,388,652,1057
216,483,728,1427
843,823,337,2003
838,835,21,1694
503,799,320,1622
709,213,130,1052
403,133,817,1353
159,834,905,1898
812,143,333,1288
899,842,651,2392
993,700,702,2395
358,798,160,1316
391,533,811,1735
635,911,151,1697
242,466,279,987
25,346,213,584
57,960,243,1260
89,299,597,985
207,479,428,1114
649,71,27,747
805,644,31,1480
134,829,887,1850
624,991,27,1642
197,537,740,1474
4,976,565,1545
391,164,215,770
876,761,442,2079
285,710,317,1312
111,743,491,1345
240,940,349,1529
908,740,53,1701
278,892,389,1559
504,422,1,927
1000,614,441,2055
910,871,961,2742
531,469,55,1055
202,194,446,842
307,821,197,1325
274,124,18,416
362,0,236,598
989,928,66,1983
942,223,5,1170
401,269,163,833
402,864,126,1392
406,254,200,860
688,245,132,1065
574,396,443,1413
335,211,818,1364
350,688,591,1629
431,95,931,1457
708,645,108,1461
921,635,562,2118
582,376,948,1906
879,232,884,1995
725,299,818,1842
11,842,136,989
320,508,106,934
680,172,965,1817
21,257,69,347
469,478,785,1732
25,704,680,1409
859,251,991,2101
153,973,388,1514
155,137,65,357
393,6,390,789
652,555,407,1614
729,261,381,1371
68,524,758,1350
812,625,626,2063
606,991,698,2295
889,400,514,1803
914,570,586,2070
888,243,994,2125
58,721,819,1598
984,875,266,2125
261,420,995,1676
19,115,359,493
131,439,675,1245
45,985,54,1084
527,262,938,1727
13,678,130,821
188,335,572,1095
429,893,491,1813
789,78,228,1095
257,754,188,1199
103,883,383,1369
809,199,12,1020
213,108,495,816
534,324,304,1162
880,965,383,2228
602,574,167,1343
799,173,54,1026
998,164,273,1435
630,602,39,1271
381,520,475,1376
752,639,425,1816
708,664,123,1495
619,285,129,1033
479,237,655,1371
897,421,922,2240
557,556,36,1149
281,538,832,1651
960,784,159,1903
920,764,941,2625
400,725,400,1525
553,623,528,1704
927,437,722,2086
838,820,994,2652
88,857,27,972
74,221,405,700
709,301,789,1799
611,773,556,1940
295,769,309,1373
548,811,86,1445
522,734,404,1660
849,731,346,1926
249,437,486,1172
160,333,294,787
100,348,896,1344
504,788,120,1412
512,467,367,1346
124,190,398,712
246,643,148,1037
612,516,249,1377
693,141,301,1135
659,552,537,1748
109,892,285,1286
344,732,2,1078
246,737,851,1834
392,955,841,2188
818,995,941,2754
354,231,596,1181
375,987,396,1758
559,983,837,2379
570,990,288,1848
109,974,344,1427
89,41,770,900
941,478,928,2347
718,321,38,1077
575,603,380,1558
307,160,787,1254
478,75,732,1285
425,192,15,632
37,592,43,672
427,887,859,2173
752,633,726,2111
896,376,486,1758
575,901,452,1928
85,683,296,1064
190,119,322,631
900,973,328,2201
946,249,452,1647
593,741,708,2042
326,75,827,1228
394,435,364,1193
669,108,794,1571
668,673,356,1697
114,493,621,1228
849,73,264,1186
502,613,499,1614
46,798,311,1155
597,640,414,1651
367,960,206,1533
100,40,998,1138
822,923,368,2113
358,202,777,1337
556,869,436,1861
914,34,441,1389
1000,349,402,1751
6,811,242,1059
275,423,554,1252
225,496,319,1040
816,76,48,940
351,158,977,1486
998,77,176,1251
444,111,431,986
700,108,280,1088
772,543,636,1951
848,952,688,2488
554,813,477,1844
171,555,339,1065
764,969,82,1815
434,412,613,1459
17,181,727,925
499,162,272,933
934,554,765,2253
124,28,61,213
40,972,494,1506
990,372,852,2214
329,855,657,1841
961,626,172,1759
631,366,644,1641
704,234,805,1743
89,180,123,392
221,320,507,1048
638,357,30,1025
815,250,281,1346
21,278,280,579
318,766,851,1935
108,870,336,1314
640,746,263,1649
707,100,254,1061
357,583,415,1355
342,653,630,1625
715,690,831,2236
356,759,451,1566
71,903,329,1303
963,368,626,1957
663,615,83,1361
167,755,442,1364
588,874,700,2162
504,755,964,2223
208,231,194,633
842,478,944,2264
615,57,403,1075
347,771,262,1380
627,797,388,1812
260,790,937,1987
64,134,422,620
685,735,168,1588
836,307,180,1323
441,927,517,1885
415,791,862,2068
135,95,34,264
303,87,978,1368
392,492,949,1833
30,683,550,1263
368,588,387,1343
327,558,133,1018
482,842,607,1931
256,676,457,1389
278,613,421,1312
523,889,207,1619
181,13,155,349
876,742,245,1863
676,224,248,1148
724,581,483,1788
247,946,714,1907
210,480,670,1360
13,126,1000,1139
589,97,377,1063
804,153,915,1872
757,603,286,1646
219,670,593,1482
431,566,764,1761
792,955,554,2301
490,741,167,1398
615,419,15,1049
421,231,909,1561
474,568,709,1751
240,937,887,2064
224,250,102,576
495,717,544,1756
520,898,657,2075
247,435,371,1053
303,671,299,1273
102,195,315,612
993,528,610,2131
703,527,266,1496
465,54,470,989
742,927,727,2396
370,401,883,1654
985,696,344,2025
587,820,12,1419
551,667,219,1437
415,220,145,780
129,518,339,986
394,927,89,1410
629,976,745,2350
242,158,142,542
777,542,350,1669
59,864,324,1247
430,734,830,1994
231,665,88,984
296,725,411,1432
435,214,521,1170
256,201,354,811
661,576,446,1683
115,134,388,637
96,984,377,1457
664,242,347,1253
117,668,463,1248
203,924,677,1804
471,951,975,2397
187,39,604,830
298,217,620,1135
317,802,368,1487
940,59,668,1667
184,167,874,1225
648,733,716,2097
256,360,425,1041
403,899,541,1843
97,447,843,1387
440,985,434,1859
158,197,686,1041
678,755,177,1610
531,38,36,605
204,238,515,957
125,753,232,1110
460,914,949,2323
970,505,422,1897
117,791,394,1302
157,872,294,1323
728,861,903,2492
540,809,502,1851
19,671,451,1141
787,589,19,1395
670,959,359,1988
674,735,172,1581
137,521,907,1565
522,91,402,1015
703,90,505,1298
628,641,592,1861
53,469,644,1166
551,872,67,1490
88,987,472,1547
192,514,385,1091
153,557,326,1036
198,892,334,1424
938,605,214,1757
11,868,997,1876
223,895,169,1287
26,433,824,1283
667,963,319,1949
799,834,571,2204
677,260,419,1356
733,626,183,1542
879,727,331,1937
210,757,687,1654
193,271,837,1301
301,260,315,876
783,951,569,2303
806,429,22,1257
794,743,13,1550
694,700,256,1650
320,905,532,1757
128,190,93,411
160,605,145,910
328,745,152,1225
955,119,544,1618
711,708,780,2199
248,858,184,1290
226,337,141,704
919,512,168,1599
435,825,847,2107
106,203,481,790
700,749,478,1927
710,996,537,2243
252,689,893,1834
487,585,302,1374
946,613,702,2261
863,231,878,1972
666,875,411,1952
175,284,451,910
661,186,863,1710
586,408,314,1308
172,494,831,1497
779,485,317,1581
226,648,3,877
106,243,59,408
625,254,542,1421
19,183,67,269
865,387,635,1887
669,588,378,1635
385,778,956,2119
636,33,499,1168
568,875,980,2423
725,809,772,2306
617,498,475,1590
892,529,334,1755
216,436,581,1233
418,894,324,1636
912,978,780,2670
354,730,16,1100
585,124,160,869
406,543,210,1159
27,650,621,1298
170,197,114,481
983,463,915,2361
208,27,345,580
503,518,14,1035
856,995,182,2033
845,951,851,2647
9,795,167,971
428,740,961,2129
573,724,961,2258
162,165,642,969
779,87,128,994
261,757,287,1305
89,244,779,1112
311,158,978,1447
25,67,76,168
291,703,284,1278
242,379,145,766
702,830,88,1620
885,171,716,1772
419,135,319,873
820,752,60,1632
398,942,379,1719
920,423,53,1396
281,661,601,1543
984,6,696,1686
384,628,320,1332
163,168,661,992
37,16,157,210
431,836,33,1300
241,433,49,723
75,753,726,1554
816,309,37,1162
586,354,588,1528
31,612,446,1089
708,338,499,1545
410,608,118,1136
846,556,679,2081
199,834,3,1036
616,793,589,1998
729,108,460,1297
301,48,339,688
194,165,379,738
860,985,93,1938
332,26,693,1051
810,422,251,1483
43,133,54,230
123,762,75,960
661,335,964,1960
431,445,426,1302
844,754,778,2376
656,221,202,1079
100,78,442,620
228,19,279,526
348,508,130,986
632,658,500,1790
278,819,992,2089
474,104,184,762
60,811,190,1061
730,361,380,1471
263,797,315,1375
713,989,522,2224
406,987,517,1910
371,807,231,1409
868,57,414,1339
863,498,851,2212
632,942,523,2097
308,670,793,1771
517,449,173,1139
513,182,260,955
228,280,55,563
881,508,656,2045
943,970,208,2121
661,683,152,1496
826,7,246,1079
473,876,133,1482
499,89,170,758
318,345,698,1361
193,23,989,1205
186,601,41,828
783,763,808,2354
425,136,792,1353
542,698,812,2052
379,87,253,719
361,788,73,1222
204,891,52,1147
89,765,138,992
478,841,399,1718
230,15,676,921
229,668,955,1852
255,70,767,1092
793,621,376,1790
366,494,914,1774
953,389,962,2304
198,718,839,1755
776,413,240,1429
599,792,368,1759
323,114,932,1369
861,524,230,1615
257,52,188,497
555,480,643,1678
296,781,166,1243
888,968,793,2649
48,228,365,641
103,902,524,1529
752,52,148,952
60,591,650,1301
633,779,608,2020
767,607,365,1739
324,37,336,697
851,596,407,1854
169,262,0,431
438,157,215,810
503,238,213,954
734,771,10,1515
254,740,23,1017
675,100,933,1708
116,352,122,590
202,289,680,1171
241,673,525,1439
481,541,830,1852
486,676,338,1500
372,514,396,1282
617,993,411,2021
511,10,381,902
35,682,201,918
296,490,449,1235
435,379,898,1712
827,98,994,1919
287,886,61,1234
289,289,388,966
214,884,757,1855
101,954,710,1765
97,585,208,890
985,56,973,2014
631,539,917,2087
421,205,798,1424
990,212,891,2093
506,110,977,1593
397,557,281,1235
617,588,405,1610
793,396,254,1443
242,574,481,1297
129,458,14,601
598,754,986,2338
510,445,420,1375
194,982,4,1180
409,237,372,1018
880,756,194,1830
346,268,410,1024
269,814,827,1910
22,67,605,694
290,452,411,1153
625,294,770,1689
464,874,300,1638
491,768,363,1622
757,843,91,1691
783,176,603,1562
938,559,650,2147
60,796,402,1258
237,5,413,655
51,275,615,941
754,284,34,1072
636,910,176,1722
557,459,680,1696
393,984,701,2078
245,297,6,548
979,400,201,1580
346,190,354,890
270,548,652,1470
438,903,780,2121
815,927,407,2149
172,880,414,1466
867,121,646,1634
682,707,104,1493
236,907,880,2023
102,948,729,1779
348,839,384,1571
172,864,741,1777
881,540,709,2130
595,460,296,1351
989,570,791,2350
614,557,788,1959
368,691,326,1385
267,215,442,924
323,615,65,1003
751,926,323,2000
214,955,29,1198
81,109,57,247
452,304,181,937
300,771,228,1299
844,361,353,1558
106,533,770,1409
728,673,635,2036
175,241,465,881
96,441,434,971
915,530,382,1827
93,877,953,1923
274,878,83,1235
707,968,214,1889
814,239,493,1546
898,221,379,1498
987,371,984,2342
495,794,376,1665
290,499,843,1632
866,464,649,1979
208,315,980,1503
28,365,280,673
660,897,448,2005
358,202,773,1333
661,504,599,1764
161,986,813,1960
201,744,253,1198
627,845,479,1951
228,561,807,1596
525,730,919,2174
2,85,246,333
507,991,78,1576
515,307,874,1696
823,828,734,2385
376,435,846,1657
44,23,434,501
803,74,266,1143
793,833,548,2174
117,237,114,468
408,867,379,1654
341,772,276,1389
835,125,816,1776
146,90,603,839
197,215,316,728
977,289,129,1395
457,786,246,1489
231,515,948,1694
173,686,997,1856
489,861,830,2180
460,623,25,1108
469,421,277,1167
748,196,40,984
584,665,483,1732
781,493,823,2097
541,612,633,1786
379,589,122,1090
183,396,91,670
737,602,306,1645
941,111,716,1768
293,273,149,715
672,384,591,1647
936,848,513,2297
805,28,89,922
963,592,11,1566
598,412,214,1224
76,1000,826,1902
995,61,280,1336
798,702,544,2044
383,240,737,1360
989,964,863,2816
894,293,54,1241
808,633,774,2215
798,189,416,1403
115,736,498,1349
825,366,107,1298
886,211,996,2093
390,168,668,1226
839,726,894,2459
496,579,270,1345
641,749,844,2234
797,807,368,1972
861,7,619,1487
738,220,829,1787
963,202,560,1725
330,659,232,1221
77,769,663,1509
988,762,465,2215
260,513,865,1638
848,890,137,1875
161,171,938,1270
726,975,966,2667
636,324,159,1119
251,190,1000,1441
539,868,60,1467
970,48,265,1283
794,690,667,2151
263,797,688,1748
271,76,374,721
612,98,534,1244
535,367,233,1135
885,919,602,2406
252,510,936,1698
520,707,896,2123
185,440,400,1025
55,543,528,1126
373,366,442,1181
538,29,818,1385
990,636,76,1702
667,668,849,2184
39,13,85,137
972,599,42,1613
674,171,583,1428
453,590,189,1232
448,792,751,1991
825,822,830,2477
791,776,593,2160
464,151,913,1528
906,1,608,1515
153,395,135,683
332,518,949,1799
169,958,258,1385
388,3,787,1178
898,515,388,1801
962,251,127,1340
565,819,288,1672
825,774,797,2396
356,622,898,1876
227,366,600,1193
18,440,382,840
864,72,240,1176
588,235,136,959
174,776,176,1126
961,692,637,2290
465,794,623,1882
656,969,633,2258
189,734,638,1561
68,178,488,734
992,143,24,1159
824,422,480,1726
271,935,262,1468
364,810,196,1370
635,402,868,1905
750,707,534,1991
868,173,962,2003
766,602,131,1499
234,727,370,1331
79,828,303,1210
67,207,63,337
726,326,785,1837
913,427,599,1939
942,894,102,1938
791,703,695,2189
983,282,276,1541
606,866,714,2186
516,37,871,1424
474,281,511,1266
966,677,802,2445
889,422,388,1699
682,449,393,1524
901,426,756,2083
291,426,359,1076
821,5,81,907
813,518,430,1761
295,0,19,314
751,525,251,1527
210,195,200,605
889,13,258,1160
505,416,284,1205
772,719,382,1873
837,356,622,1815
651,283,986,1920
987,550,13,1550
793,287,166,1246
566,195,442,1203
956,520,360,1836
336,363,994,1693
371,132,906,1409
838,537,600,1975
957,731,832,2520
855,964,61,1880
392,195,775,1362
706,211,45,962
134,532,800,1466
434,939,506,1879
271,968,273,1512
806,873,429,2108
428,578,550,1556
405,887,297,1589
649,717,413,1779
967,429,75,1471
753,749,535,2037
601,893,784,2278
571,554,116,1241
300,846,363,1509
787,264,664,1715
971,776,614,2361
774,291,879,1944
878,531,518,1927
612,749,327,1688
17,680,738,1435
57,780,472,1309
351,427,694,1472
732,558,966,2256
2,53,499,554
938,774,844,2556
159,392,395,946
644,406,647,1697
821,116,193,1130
690,505,932,2127
641,97,102,840
708,266,505,1479
999,310,929,2238
517,770,235,1522
90,435,157,682
290,418,96,804
407,590,378,1375
368,872,199,1439
968,20,138,1126
5,370,427,802
492,908,744,2144
21,922,246,1189
134,720,894,1748
581,839,489,1909
272,943,618,1833
910,242,633,1785
77,270,691,1038
199,969,978,2146
819,229,360,1408
442,838,67,1347
278,497,788,1563
412,339,719,1470
326,242,794,1362
546,97,383,1026
514,910,605,2029
960,648,586,2194
498,994,940,2432
574,454,221,1249
431,54,232,717
105,611,275,991
324,765,61,1150
982,475,506,1963
339,557,733,1629
306,699,916,1921
824,89,597,1510
963,552,615,2130
875,664,871,2410
689,229,597,1515
845,203,682,1730
1,242,402,645
945,16,143,1104
712,864,805,2381
423,68,669,1160
483,459,513,1455
641,524,275,1440
525,275,596,1396
367,657,144,1168
780,188,859,1827
617,546,679,1842
473,711,207,1391
374,347,614,1335
846,230,4,1080
240,781,506,1527
570,256,390,1216
445,639,381,1465
398,466,846,1710
210,978,889,2077
585,49,815,1449
233,165,609,1007
596,590,909,2095
4,466,841,1311
525,541,67,1133
469,907,227,1603
922,649,301,1872
34,385,380,799
756,602,777,2135
598,590,283,1471
420,74,474,968
376,582,268,1226
437,307,738,1482
187,965,236,1388
633,630,799,2062
42,538,611,1191
222,709,338,1269
720,769,623,2112
761,810,866,2437
101,588,767,1456
776,908,919,2603
320,632,851,1803
662,80,112,854
895,491,718,2104
465,36,119,620
172,373,945,1490
22,621,904,1547
538,316,186,1040
431,333,597,1361
70,569,804,1443
200,153,312,665
775,15,562,1352
42,276,201,519
164,555,881,1600
521,284,363,1168
481,357,841,1679
948,585,329,1862
869,936,313,2118
227,248,448,923
575,717,149,1441
204,424,534,1162
617,185,237,1039
808,832,440,2080
82,454,986,1522
951,754,141,1846
762,162,532,1456
466,164,835,1465
281,120,76,477
358,568,32,958
90,295,132,517
451,860,681,1992
126,763,136,1025
171,527,76,774
974,389,327,1690
749,849,728,2326
141,509,824,1474
279,2,182,463
32,367,982,1381
91,476,351,918
87,933,920,1940
720,507,163,1390
773,856,426,2055
373,939,72,1384
384,391,896,1671
522,305,229,1056
720,928,574,2222
148,234,1,383
313,776,167,1256
977,218,767,1962
242,99,198,539
990,163,511,1664
953,765,371,2089
927,95,254,1276
747,669,153,1569
307,664,752,1723
451,918,328,1697
460,115,457,1032
899,479,524,1902
927,460,953,2340
109,524,291,924
151,39,508,698
876,946,356,2178
852,478,304,1634
158,361,588,1107
463,954,238,1655
0,465,973,1438
316,833,277,1426
284,866,219,1369
778,11,444,1233
959,198,100,1257
708,514,316,1538
919,727,147,1793
624,815,595,2034
248,552,804,1604
743,162,838,1743
681,11,501,1193
616,453,651,1720
387,72,945,1404
713,720,792,2225
884,277,739,1900
571,256,932,1759
600,526,767,1893
634,628,951,2213
779,874,361,2014
572,317,132,1021
294,946,148,1388
798,913,132,1843
180,57,2,239
132,975,820,1927
25,737,230,992
667,608,58,1333
348,943,175,1466
241,947,222,1410
392,681,814,1887
797,631,922,2350
757,935,508,2200
898,406,410,1714
539,612,780,1931
488,811,670,1969
548,451,495,1494
748,881,284,1913
339,219,696,1254
195,769,786,1750
871,532,382,1785
113,461,498,1072
679,40,511,1230
837,973,434,2244
361,783,509,1653
753,348,722,1823
733,785,279,1797
947,864,882,2693
610,692,395,1697
365,676,600,1641
852,512,628,1992
994,835,456,2285
673,865,953,2491
30,358,103,491
40,598,499,1137
458,157,829,1444
35,486,187,708
65,355,465,885
143,812,483,1438
641,66,600,1307
41,434,515,990
118,909,675,1702
373,144,376,893
122,403,283,808
117,220,260,597
298,710,273,1281
867,385,915,2167
347,451,420,1218
444,720,67,1231
550,934,56,1540
992,796,120,1908
798,898,240,1936
828,740,954,2522
936,254,573,1763
827,604,306,1737
194,191,855,1240
937,781,751,2469
507,308,863,1678
719,37,566,1322
235,921,168,1324
997,134,974,2105
541,196,617,1354
88,581,470,1139
823,257,915,1995
364,260,201,825
863,90,340,1293
117,963,666,1746
34,650,409,1093
255,670,616,1541
316,815,765,1896
798,700,103,1601
325,583,249,1157
864,825,80,1769
646,219,649,1514
289,804,499,1592
595,762,917,2274
255,365,924,1544
432,527,104,1063
770,656,819,2245
866,841,839,2546
353,716,783,1852
736,849,115,1700
375,912,131,1418
230,946,211,1387
73,153,243,469
553,545,10,1108
373,315,995,1683
2,883,124,1009
388,63,102,553
877,481,233,1591
546,216,503,1265
941,23,300,1264
73,563,750,1386
836,466,708,2010
211,839,387,1437
490,399,279,1168
979,584,200,1763
567,113,864,1544
211,47,598,856
56,181,169,406
923,985,450,2358
880,820,237,1937
649,730,867,2246
50,247,354,651
973,712,22,1707
579,532,824,1935
363,310,225,898
50,992,681,1723
611,810,724,2145
330,407,355,1092
324,188,139,651
600,846,536,1982
400,75,982,1457
203,298,551,1052
138,553,603,1294
18,848,33,899
226,724,378,1328
584,185,215,984
40,16,968,1024
434,398,976,1808
893,371,639,1903
57,553,678,1288
113,9,964,1086
691,226,624,1541
499,23,648,1170
388,746,863,1997
232,636,675,1543
130,438,9,577
241,893,670,1804
114,432,223,769
34,421,827,1282
268,807,959,2034
339,796,642,1777
838,809,376,2023
361,911,60,1332
718,513,925,2156
780,501,894,2175
679,503,244,1426
995,537,571,2103
517,979,980,2476
344,622,503,1469
781,721,449,1951
375,745,282,1402
511,425,702,1638
606,765,806,2177
278,540,464,1282
156,595,810,1561
671,686,790,2147
831,444,785,2060
547,569,622,1738
384,343,569,1296
802,0,57,859
59,231,488,778
419,791,484,1694
781,208,995,1984
222,686,316,1224
730,940,647,2317
765,323,294,1382
942,392,682,2016
106,556,496,1158
480,548,290,1318
687,28,847,1562
103,969,309,1381
95,293,278,666
917,254,279,1450
407,770,845,2022
763,468,168,1399
772,308,520,1600
218,240,120,578
339,704,559,1602
947,751,217,1915
13,362,744,1119
403,541,830,1774
817,675,758,2250
129,37,781,947
106,242,610,958
782,939,518,2239
437,5,283,725
876,333,757,1966
282,981,915,2178
705,836,814,2355
236,374,893,1503
107,951,313,1371
193,657,108,958
602,58,408,1068
917,853,592,2362
308,40,469,817
390,883,606,1879
167,65,619,851
883,606,754,2243
87,118,286,491
872,77,884,1833
440,245,584,1269
831,399,587,1817
568,109,960,1637
329,679,804,1812
742,462,624,1828
569,332,413,1314
86,781,538,1405
329,136,917,1382
966,574,692,2232
815,77,371,1263
72,346,795,1213
526,881,420,1827
197,509,586,1292
900,711,812,2423
707,651,450,1808
249,803,854,1906
95,912,446,1453
529,86,690,1305
40,384,251,675
846,398,420,1664
492,729,728,1949
8,803,942,1753
781,357,257,1395
451,932,712,2095
224,22,884,1130
497,787,747,2031
861,705,500,2066
27,846,649,1522
498,861,35,1394
992,768,452,2212
702,635,369,1706
411,896,833,2140
790,982,364,2136
821,972,498,2291
52,578,529,1159
694,62,69,825
462,219,523,1204
119,289,569,977
470,37,1000,1507
823,951,300,2074
982,254,576,1812
291,310,443,1044
777,678,919,2374
576,492,654,1722
250,204,9,463
220,460,152,832
24,235,699,958
876,936,164,1976
822,570,690,2082
974,68,513,1555
83,268,863,1214
348,417,594,1359
136,557,741,1434
768,531,730,2029
999,264,959,2222
783,38,318,1139
144,752,498,1394
714,66,418,1198
241,977,999,2217
294,678,52,1024
609,533,739,1881
881,949,929,2759
660,868,425,1953
389,899,344,1632
282,588,759,1629
461,662,850,1973
241,470,497,1208
534,690,950,2174
706,640,676,2022
733,996,911,2640
486,45,627,1158
22,326,126,474
460,36,976,1472
800,212,181,1193
734,661,251,1646
328,725,735,1788
98,968,600,1666
777,475,311,1563
240,143,57,440
349,985,119,1453
528,55,913,1496
290,56,141,487
638,189,121,948
249,512,311,1072
132,547,130,809
838,132,76,1046
839,320,376,1535
84,260,175,519
870,441,749,2060
701,85,160,946
494,37,697,1228
568,460,435,1463
353,610,230,1193
753,721,960,2434
562,635,958,2155
946,212,912,2070
538,931,487,1956
554,532,878,1964
957,27,122,1106
388,841,591,1820
859,54,831,1744
295,838,441,1574
560,124,564,1248
807,822,125,1754
462,28,273,763
462,276,104,842
421,942,259,1622
206,384,404,994
152,933,678,1763
58,137,620,815
599,412,988,1999
99,302,110,511
988,640,517,2145
179,497,587,1263
819,809,879,2507
587,86,181,854
394,567,935,1896
27,140,319,486
730,26,469,1225
285,103,557,945
10,269,164,443
317,302,737,1356
605,613,842,2060
229,158,207,594
535,785,518,1838
86,223,478,787
463,935,552,1950
275,809,248,1332
875,898,392,2165
463,164,175,802
258,437,82,777
999,36,777,1812
670,191,28,889
328,226,141,695
550,913,933,2396
762,808,837,2407
345,604,924,1873
507,162,141,810
24,502,252,778
385,57,714,1156
139,788,899,1826
920,708,980,2608
401,733,470,1604
616,751,647,2014
733,748,682,2163
186,714,442,1342
957,447,91,1495
11,600,235,846
1,63,248,312
935,597,135,1667
950,891,571,2412
269,804,881,1954
59,397,861,1317
481,266,377,1124
191,32,212,435
267,529,587,1383
48,612,978,1638
133,890,170,1193
580,301,230,1111
378,55,82,515
448,367,220,1035
248,450,696,1394
421,673,796,1890
683,812,10,1505
516,534,376,1426
104,803,547,1454
878,64,132,1074
815,941,556,2312
931,782,382,2095
8,837,527,1372
247,280,767,1294
147,871,734,1752
585,970,382,1937
669,181,758,1608
940,468,596,2004
674,875,85,1634
119,339,992,1450
442,922,263,1627
866,119,28,1013
866,955,546,2367
205,71,143,419
57,383,628,1068
652,19,849,1520
956,468,683,2107
122,582,700,1404
525,265,136,926
237,170,745,1152
958,108,106,1172
460,934,112,1506
992,645,750,2387
642,44,247,933
585,615,525,1725
228,574,168,970
980,559,359,1898
937,976,124,2037
407,937,380,1724
848,331,707,1886
220,6,343,569
513,379,322,1214
210,331,573,1114
678,257,593,1528
259,363,798,1420
507,197,728,1432
110,503,316,929
128,915,70,1113
382,839,658,1879
301,169,196,666
610,686,989,2285
592,523,470,1585
398,91,691,1180
165,411,55,631
925,983,618,2526
225,821,753,1799
643,264,351,1258
676,922,775,2373
936,462,935,2333
335,302,78,715
965,193,322,1480
952,536,976,2464
241,106,309,656
258,549,141,948
559,957,23,1539
795,919,775,2489
818,356,654,1828
387,79,261,727
945,911,462,2318
785,653,478,1916
513,542,905,1960
461,819,570,1850
102,653,136,891
550,333,883,1766
640,634,544,1818
980,64,554,1598
486,412,134,1032
479,339,801,1619
122,229,737,1088
679,545,747,1971
277,509,734,1520
610,871,105,1586
53,800,708,1561
53,921,896,1870
527,116,639,1282
742,694,878,2314
385,987,677,2049
948,336,950,2234
267,239,131,637
952,238,756,1946
386,598,402,1386
603,270,94,967
355,5,380,740
478,314,415,1207
536,426,83,1045
990,474,966,2430
170,253,64,487
808,931,823,2562
153,589,383,1125
570,650,990,2210
883,950,678,2511
400,761,558,1719
764,716,290,1770
590,97,753,1440
887,592,189,1668
4,579,311,894
357,739,394,1490
126,328,674,1128
506,18,236,760
353,913,614,1880
3,401,354,758
549,224,488,1261
841,161,907,1909
832,454,842,2128
993,821,553,2367
779,808,195,1782
395,416,872,1683
480,917,980,2377
675,139,189,1003
875,905,357,2137
749,117,525,1391
258,377,965,1600
197,158,875,1230
624,586,202,1412
241,919,340,1500
927,916,209,2052
828,591,588,2007
966,759,421,2146
216,153,326,695
266,798,494,1558
563,306,350,1219
587,524,202,1313
858,193,217,1268
234,628,788,1650
899,311,382,1592
329,605,746,1680
881,231,45,1157
145,511,327,983
532,867,375,1774
50,232,259,541
552,117,515,1184
596,697,794,2087
834,263,431,1528
687,363,660,1710
154,345,543,1042
487,560,18,1065
783,22,470,1275
935,239,202,1376
613,178,392,1183
733,476,130,1339
434,731,958,2123
39,366,109,514
914,914,336,2164
247,229,482,958
115,750,469,1334
315,999,535,1849
563,981,905,2449
535,813,165,1513
608,363,495,1466
706,552,261,1519
128,64,720,912
235,79,142,456
874,242,320,1436
91,995,358,1444
294,601,777,1672
206,921,804,1931
743,597,565,1905
650,887,825,2362
827,669,853,2349
977,539,533,2049
135,348,895,1378
23,247,519,789
508,302,957,1767
227,844,415,1486
430,776,348,1554
180,310,652,1142
691,172,830,1693
812,311,557,1680
983,289,788,2060
821,773,210,1804
497,922,278,1697
651,220,461,1332
404,380,318,1102
212,849,196,1257
309,925,353,1587
847,121,288,1256
469,523,406,1398
637,394,750,1781
634,224,291,1149
417,12,40,469
205,329,695,1229
198,113,912,1223
247,754,950,1951
901,518,56,1475
536,885,411,1832
80,683,814,1577
505,66,749,1320
907,593,335,1835
223,804,96,1123
496,905,705,2106
119,379,212,710
973,855,298,2126
571,902,92,1565
20,632,523,1175
919,338,618,1875
850,535,56,1441
798,787,12,1597
710,933,373,2016
226,536,165,927
553,784,71,1408
436,823,180,1439
687,29,155,871
570,329,953,1852
705,916,158,1779
491,571,819,1881
574,632,160,1366
362,846,494,1702
245,61,892,1198
349,729,184,1262
108,162,953,1223
658,974,777,2409
996,137,433,1566
929,556,471,1956
433,352,542,1327
704,490,15,1209
959,488,67,1514
142,388,265,795
828,852,809,2489
429,773,43,1245
855,941,780,2576
347,352,532,1231
717,88,709,1514
244,821,39,1104
46,282,825,1153
692,428,658,1778
400,40,992,1432
874,192,866,1932
382,303,952,1637
682,203,90,975
209,344,839,1392
266,871,91,1228
563,812,663,2038
487,458,649,1594
762,850,298,1910
945,754,18,1717
15,418,144,577
507,728,626,1861
962,293,621,1876
230,310,890,1430
167,567,866,1600
412,806,79,1297
183,426,529,1138
975,601,361,1937
216,85,476,777
261,519,148,928
777,424,6,1207
524,644,440,1608
661,798,421,1880
272,984,149,1405
898,915,529,2342
125,811,463,1399
892,619,377,1888
629,26,547,1202
754,805,86,1645
407,105,829,1341
415,421,984,1820
140,495,618,1253
260,581,52,893
432,762,160,1354
363,387,423,1173
563,868,197,1628
337,33,250,620
690,874,698,2262
693,598,281,1572
76,876,841,1793
126,413,916,1455
850,303,882,2035
112,843,308,1263
848,703,714,2265
169,72,247,488
370,42,234,646
261,294,678,1233
651,849,188,1688
836,826,94,1756
170,200,828,1198
690,281,457,1428
201,363,625,1189
518,266,495,1279
805,363,504,1672
172,402,670,1244
91,386,790,1267
157,483,805,1445
303,637,749,1689
51,177,480,708
205,908,922,2035
800,168,223,1191
44,648,329,1021
183,294,198,675
1,591,817,1409
804,889,633,2326
126,208,741,1075
281,251,531,1063
679,410,688,1777
879,120,869,1868
651,919,193,1763
740,572,685,1997
257,389,697,1343
436,182,828,1446
201,837,166,1204
507,13,423,943
83,245,371,699
714,725,721,2160
687,265,727,1679
327,628,328,1283
289,544,472,1305
356,575,690,1621
649,898,462,2009
191,176,26,393
52,849,224,1125
352,121,20,493
759,957,741,2457
539,815,22,1376
962,174,770,1906
975,955,86,2016
761,101,208,1070
174,599,497,1270
53,791,0,844
611,819,750,2180
757,828,959,2544
365,414,716,1495
751,864,14,1629
561,829,287,1677
141,566,377,1084
740,601,244,1585
133,410,194,737
421,656,87,1164
834,815,746,2395
251,255,539,1045
706,309,874,1889
448,722,994,2164
239,969,662,1870
868,2,666,1536
41,223,120,384
252,793,584,1629
457,481,240,1178
432,93,243,768
474,935,233,1642
162,973,888,2023
143,492,11,646
644,216,185,1045
67,925,674,1666
528,675,634,1837
231,648,56,935
237,930,902,2069
676,493,548,1717
287,605,938,1830
769,270,498,1537
22,429,794,1245
678,563,703,1944
933,437,744,2114
768,490,650,1908
68,65,553,686
562,854,501,1917
247,107,904,1258
21,635,151,807
24,160,686,870
362,645,897,1904
970,252,403,1625
844,109,278,1231
656,36,566,1258
313,536,872,1721
360,14,993,1367
6,58,247,311
233,653,317,1203
40,55,767,862
121,397,606,1124
128,512,530,1170
994,881,795,2670
99,787,152,1038
146,582,538,1266
691,801,878,2370
768,177,479,1424
280,603,994,1877
784,584,875,2243
1,259,110,370
395,717,156,1268
850,165,272,1287
996,181,47,1224
511,767,812,2090
679,446,825,1950
610,373,338,1321
568,215,559,1342
309,843,333,1485
926,391,688,2005
351,887,415,1653
750,696,220,1666
404,785,121,1310
62,430,61,553
364,703,459,1526
147,435,205,787
297,417,263,977
300,416,346,1062
358,606,813,1777
477,62,680,1219
876,993,958,2827
525,495,896,1916
425,557,880,1862
755,71,863,1689
455,868,379,1702
993,8,329,1330
461,832,351,1644
660,698,710,2068
183,218,185,586
229,107,448,784
19,259,341,619
920,142,169,1231
697,234,494,1425
476,74,329,879
642,114,190,946
121,12,574,707
497,154,454,1105
873,538,359,1770
877,846,364,2087
727,418,593,1738
985,426,43,1454
237,805,170,1212
867,982,657,2506
146,497,838,1481
423,799,288,1510
597,807,461,1865
313,760,223,1296
622,7,882,1511
154,572,816,1542
835,617,132,1584
415,400,872,1687
745,29,420,1194
420,912,128,1460
892,598,325,1815
885,204,479,1568
642,171,609,1422
874,620,772,2266
247,416,657,1320
202,304,298,804
13,909,726,1648
525,132,818,1475
214,272,375,861
753,134,927,1814
873,234,760,1867
1,94,642,737
363,945,128,1436
365,269,431,1065
129,17,937,1083
513,941,834,2288
709,368,33,1110
852,675,346,1873
223,393,110,726
153,594,429,1176
910,238,687,1835
40,374,910,1324
882,293,114,1289
704,517,968,2189
753,73,859,1685
295,839,815,1949
872,440,160,1472
399,991,552,1942
279,109,788,1176
979,584,626,2189
604,962,125,1691
260,922,457,1639
807,773,101,1681
486,852,321,1659
701,819,125,1645
186,192,190,568
214,830,973,2017
587,640,716,1943
537,600,213,1350
530,465,198,1193
834,910,151,1895
608,154,524,1286
482,137,715,1334
383,874,297,1554
877,591,948,2416
902,734,582,2218
807,9,543,1359
234,100,317,651
166,973,179,1318
460,257,498,1215
856,591,454,1901
567,862,991,2420
227,816,540,1583
889,756,820,2465
523,596,428,1547
923,345,785,2053
542,766,607,1915
346,390,314,1050
634,768,96,1498
23,233,1,257
481,679,905,2065
125,838,856,1819
661,23,869,1553
400,52,136,588
49,598,34,681
730,246,137,1113
410,976,928,2314
79,825,556,1460
311,607,53,971
528,539,873,1940
484,998,299,1781
334,147,275,756
448,418,453,1319
553,245,344,1142
753,686,106,1545
805,13,11,829
110,872,146,1128
289,576,28,893
210,134,878,1222
775,608,727,2110
172,191,887,1250
717,702,629,2048
56,979,952,1987
996,426,963,2385
68,639,875,1582
726,230,248,1204
961,668,632,2261
32,573,226,831
278,460,119,857
829,722,217,1768
962,686,244,1892
909,904,574,2387
855,190,520,1565
479,384,758,1621
114,229,1000,1343
943,216,778,1937
788,600,20,1408
406,658,650,1714
357,890,881,2128
881,130,480,1491
657,995,871,2523
658,560,864,2082
132,491,569,1192
538,872,45,1455
64,240,158,462
883,750,503,2136
281,10,993,1284
455,405,931,1791
303,998,590,1891
703,166,497,1366
456,306,960,1722
689,698,845,2232
109,847,864,1820
46,16,86,148
585,890,374,1849
454,329,433,1216
541,336,277,1154
596,96,146,838
33,526,404,963
786,565,325,1676
362,364,539,1265
726,355,840,1921
92,857,936,1885
443,182,531,1156
852,372,377,1601
162,219,987,1368
348,556,4,908
611,289,608,1508
819,577,450,1846
692,370,100,1162
158,472,958,1588
340,414,563,1317
666,770,706,2142
75,440,469,984
101,454,383,938
22,930,801,1753
403,217,770,1390
930,114,901,1945
311,768,349,1428
229,669,697,1595
712,810,867,2389
844,78,746,1668
200,600,654,1454
831,71,106,1008
439,462,935,1836
516,321,382,1219
380,701,515,1596
554,350,831,1735
471,188,152,811
737,296,972,2005
610,45,112,767
683,112,913,1708
305,679,497,1481
148,594,744,1486
739,44,581,1364
404,222,20,646
248,215,215,678
446,639,713,1798
898,572,713,2183
714,242,85,1041
803,126,736,1665
473,856,640,1969
461,467,42,970
368,82,363,813
694,111,925,1730
226,462,365,1053
856,606,245,1707
11,443,636,1090
176,610,652,1438
489,222,416,1127
680,97,125,902
665,731,227,1623
404,759,864,2027
144,562,899,1605
649,189,47,885
974,304,739,2017
128,772,907,1807
306,641,700,1647
647,14,519,1180
170,520,437,1127
54,691,129,874
6,904,805,1715
747,660,87,1494
317,747,413,1477
755,266,214,1235
217,176,954,1347
414,131,54,599
198,425,686,1309
664,230,916,1810
830,270,191,1291
590,595,762,1947
639,401,63,1103
727,83,484,1294
576,976,818,2370
136,397,29,562
699,449,591,1739
195,991,371,1557
507,786,289,1582
718,617,816,2151
316,292,379,987
961,40,865,1866
34,504,874,1412
126,380,798,1304
651,796,996,2443
150,789,78,1017
182,977,776,1935
807,295,311,1413
451,404,361,1216
698,730,124,1552
812,985,490,2287
33,920,318,1271
616,416,386,1418
488,560,214,1262
519,885,135,1539
669,88,210,967
841,999,438,2278
72,840,327,1239
696,752,327,1775
862,871,5,1738
611,232,765,1608
383,469,151,1003
298,846,686,1830
844,543,43,1430
355,919,197,1471
434,51,120,605
398,506,405,1309
604,326,857,1787
712,520,613,1845
442,828,507,1777
406,330,139,875
642,396,735,1773
234,981,714,1929
55,273,780,1108
866,188,849,1903
898,400,382,1680
642,139,165,946
530,76,533,1139
572,61,944,1577
671,296,735,1702
190,189,223,602
88,641,73,802
802,570,314,1686
675,671,488,1834
644,479,598,1721
571,723,948,2242
379,736,451,1566
450,960,799,2209
340,286,989,1615
154,33,411,598
631,14,471,1116
629,109,423,1161
660,631,536,1827
426,700,892,2018
978,41,394,1413
919,776,205,1900
470,96,957,1523
451,119,455,1025
735,655,682,2072
114,612,590,1316
504,396,682,1582
535,456,253,1244
417,407,453,1277
759,436,974,2169
283,774,283,1340
241,645,825,1711
661,514,175,1350
623,317,685,1625
907,419,312,1638
198,974,866,2038
896,412,633,1941
517,618,632,1767
685,972,228,1885
939,578,829,2346
182,577,351,1110
908,274,409,1591
690,935,266,1891
892,319,15,1226
815,695,674,2184
779,23,985,1787
508,364,436,1308
186,998,80,1264
800,103,688,1591
941,812,741,2494
186,648,348,1182
813,12,61,886
473,453,725,1651
561,257,28,846
609,179,852,1640
880,781,56,1717
844,169,777,1790
28,204,286,518
465,836,103,1404
970,115,966,2051
355,666,117,1138
292,620,473,1385
611,700,60,1371
601,411,384,1396
492,477,733,1702
593,757,521,1871
883,767,122,1772
368,151,306,825
533,488,951,1972
685,743,504,1932
632,950,385,1967
986,148,614,1748
80,748,612,1440
732,599,270,1601
640,519,17,1176
371,703,481,1555
377,594,497,1468
309,568,4,881
852,427,327,1606
896,58,716,1670
953,443,920,2316
687,480,290,1457
504,494,827,1825
71,247,68,386
637,568,209,1414
113,449,933,1495
321,329,526,1176
209,808,249,1266
421,931,576,1928
532,441,606,1579
679,103,785,1567
693,529,901,2123
587,597,540,1724
699,938,54,1691
813,807,175,1795
183,10,179,372
870,380,738,1988
378,360,227,965
307,457,166,930
621,373,255,1249
473,537,767,1777
669,375,177,1221
601,618,96,1315
72,434,716,1222
991,722,686,2399
278,652,783,1713
293,182,828,1303
898,747,916,2561
237,408,753,1398
104,391,627,1122
638,417,140,1195
219,650,613,1482
889,155,56,1100
253,201,87,541
17,874,824,1715
12,525,238,775
909,364,133,1406
286,914,800,2000
728,2,49,779
225,81,302,608
393,761,337,1491
448,217,536,1201
231,776,867,1874
841,993,175,2009
387,374,924,1685
153,559,76,788
143,952,589,1684
556,893,44,1493
192,311,196,699
611,845,8,1464
963,757,506,2226
697,96,177,970
965,551,440,1956
424,431,289,1144
730,908,857,2495
83,839,444,1366
124,259,131,514
287,598,516,1401
843,812,176,1831
106,422,939,1467
457,210,757,1424
437,843,200,1480
1000,264,681,1945
200,550,505,1255
537,661,491,1689
776,463,140,1379
415,996,925,2336
270,537,769,1576
207,842,144,1193
42,766,332,1140
847,607,226,1680
590,594,519,1703
269,668,966,1903
851,531,948,2330
282,971,314,1567
928,185,346,1459
417,580,556,1553
611,323,892,1826
147,209,759,1115
13,670,148,831
700,538,95,1333
694,455,650,1799
227,148,933,1308
240,979,486,1705
537,59,986,1582
833,297,468,1598
844,917,53,1814
679,624,187,1490
221,382,190,793
83,722,639,1444
92,169,144,405
239,106,925,1270
652,992,604,2248
708,727,369,1804
647,968,775,2390
861,859,43,1763
395,681,806,1882
878,887,877,2642
25,648,588,1261
689,96,401,1186
28,61,469,558
901,804,772,2477
623,85,56,764
658,227,326,1211
679,876,627,2182
459,743,747,1949
910,809,76,1795
187,364,478,1029
85,939,177,1201
110,584,142,836
573,986,373,1932
954,141,345,1440
629,196,740,1565
221,385,127,733
473,84,347,904
353,607,279,1239
223,853,291,1367
269,244,987,1500
529,19,366,914
925,708,409,2042
913,627,915,2455
89,858,987,1934
835,277,191,1303
649,320,915,1884
742,6,540,1288
138,24,180,342
318,414,620,1352
502,205,843,1550
846,181,392,1419
944,932,901,2777
0,734,331,1065
993,639,808,2440
397,168,199,764
478,51,723,1252
937,369,661,1967
298,624,980,1902
463,748,66,1277
257,401,59,717
526,882,942,2350
641,236,77,954
739,85,670,1494
848,244,373,1465
81,966,156,1203
38,441,978,1457
245,991,427,1663
441,690,980,2111
121,308,608,1037
188,714,787,1689
507,897,678,2082
853,25,513,1391
850,91,337,1278
191,238,276,705
133,682,272,1087
382,577,269,1228
47,956,324,1327
606,692,460,1758
268,33,798,1099
55,532,200,787
560,150,267,977
801,769,951,2521
405,155,440,1000
415,438,893,1746
18,923,382,1323
733,815,975,2523
971,722,562,2255
50,408,732,1190
62,277,864,1203
412,717,227,1356
812,233,675,1720
211,771,252,1234
388,752,46,1186
538,757,258,1553
970,411,801,2182
870,155,72,1097
691,332,180,1203
843,904,583,2330
762,970,874,2606
699,630,701,2030
262,778,623,1663
299,309,61,669
586,451,675,1712
245,748,593,1586
576,795,800,2171
675,920,121,1716
183,962,979,2124
755,833,151,1739
720,931,379,2030
732,486,88,1306
563,408,116,1087
208,72,549,829
876,768,209,1853
13,215,601,829
204,381,54,639
307,226,674,1207
450,522,25,997
236,727,905,1868
571,119,886,1576
197,584,5,786
149,91,98,338
5,791,416,1212
555,303,964,1822
190,543,525,1258
775,921,543,2239
626,260,342,1228
16,8,581,605
928,982,71,1981
635,998,446,2079
132,976,246,1354
717,327,96,1140
928,478,825,2231
117,901,374,1392
502,798,91,1391
685,458,839,1982
394,264,338,996
618,311,193,1122
435,194,337,966
403,407,493,1303
876,467,959,2302
659,653,392,1704
3,292,632,927
358,731,383,1472
467,206,457,1130
3,51,627,681
928,697,874,2499
614,845,51,1510
290,268,954,1512
122,353,177,652
212,318,510,1040
26,754,928,1708
454,728,943,2125
680,268,511,1459
792,803,190,1785
857,717,177,1751
420,212,954,1586
150,514,292,956
830,180,53,1063
147,319,839,1305
504,907,414,1825
279,653,752,1684
131,627,280,1038
673,897,930,2500
302,65,159,526
314,82,30,426
533,151,970,1654
378,857,89,1324
777,728,333,1838
999,304,253,1556
140,357,947,1444
874,703,306,1883
956,293,633,1882
131,222,288,641
927,781,914,2622
585,871,120,1576
412,343,176,931
414,973,935,2322
855,693,225,1773
392,577,815,1784
306,265,549,1120
693,326,117,1136
539,673,625,1837
216,222,20,458
77,393,598,1068
794,944,1,1739
475,601,576,1652
316,413,264,993
157,319,780,1256
146,876,614,1636
564,537,108,1209
909,897,649,2455
385,707,630,1722
643,613,500,1756
190,65,78,333
280,222,779,1281
681,347,497,1525
297,677,946,1920
25,297,66,388
30,456,429,915
736,776,780,2292
407,555,65,1027
246,300,120,666
38,429,700,1167
468,732,50,1250
497,520,337,1354
831,887,515,2233
309,848,602,1759
754,641,952,2347
949,111,512,1572
952,184,660,1796
134,727,720,1581
255,32,310,597
461,359,376,1196
742,598,363,1703
151,344,553,1048
831,541,403,1775
416,207,385,1008
873,757,283,1913
557,915,747,2219
303,712,999,2014
854,494,964,2312
166,416,253,835
91,23,842,956
346,861,321,1528
831,725,912,2468
288,859,928,2075
475,124,182,781
905,541,579,2025
471,677,607,1755
107,456,803,1366
125,326,779,1230
765,104,438,1307
132,425,890,1447
513,499,405,1417
269,757,868,1894
629,662,396,1687
922,714,571,2207
528,823,824,2175
369,256,174,799
181,474,238,893
911,322,890,2123
665,1000,946,2611
365,932,593,1890
541,5,57,603
253,662,393,1308
112,420,158,690
754,263,764,1781
190,582,300,1072
961,338,527,1826
558,749,673,1980
234,936,186,1356
733,929,930,2592
134,157,560,851
881,535,334,1750
431,532,236,1199
891,859,538,2288
84,635,370,1089
277,584,627,1488
218,91,671,980
890,547,704,2141
682,158,970,1810
846,648,905,2399
270,171,374,815
441,431,908,1780
464,708,27,1199
862,356,809,2027
348,369,555,1272
89,229,164,482
965,774,852,2591
379,235,738,1352
57,681,678,1416
70,675,19,764
491,825,619,1935
70,968,178,1216
800,701,55,1556
963,860,668,2491
725,328,554,1607
912,971,600,2483
778,397,789,1964
54,260,830,1144
26,208,418,652
306,247,416,969
40,514,390,944
46,159,640,845
697,600,236,1533
166,495,955,1616
163,975,321,1459
106,916,641,1663
770,392,465,1627
928,606,58,1592
50,604,526,1180
189,329,309,827
769,894,473,2136
589,41,17,647
719,780,474,1973
582,154,437,1173
909,2,886,1797
656,86,81,823
970,731,865,2566
951,263,335,1549
687,885,484,2056
105,236,197,538
497,252,838,1587
476,874,957,2307
666,56,383,1105
29,653,429,1111
397,934,171,1502
750,587,483,1820
616,107,532,1255
57,665,445,1167
728,955,276,1959
681,370,301,1352
144,991,20,1155
359,486,821,1666
968,151,793,1912
652,888,61,1601
44,283,7,334
553,532,385,1470
198,641,279,1118
809,142,875,1826
153,189,302,644
670,667,313,1650
530,446,228,1204
242,285,726,1253
917,304,51,1272
429,224,910,1563
409,984,921,2314
428,681,859,1968
519,682,793,1994
81,656,668,1405
654,478,767,1899
3,670,162,835
86,32,49,167
561,181,386,1128
765,883,815,2463
127,679,285,1091
86,173,375,634
962,898,465,2325
131,154,614,899
852,712,242,1806
391,534,102,1027
49,97,475,621
351,399,622,1372
681,410,121,1212
759,284,15,1058
73,430,630,1133
904,88,453,1445
971,934,927,2832
590,637,765,1992
671,284,145,1100
833,946,595,2374
806,809,951,2566
349,246,835,1430
553,35,636,1224
364,399,895,1658
481,214,450,1145
32,354,708,1094
743,121,319,1183
125,459,830,1414
769,280,536,1585
336,577,277,1190
852,101,57,1010
113,219,644,976
485,685,525,1695
915,956,951,2822
724,698,659,2081
588,877,761,2226
979,506,791,2276
864,590,4,1458
817,663,414,1894
510,974,289,1773
772,563,997,2332
378,506,731,1615
658,853,745,2256
688,328,391,1407
684,182,334,1200
389,367,867,1623
310,339,37,686
407,460,660,1527
521,66,180,767
446,964,354,1764
610,434,857,1901
454,218,288,960
293,668,202,1163
246,677,207,1130
478,948,302,1728
837,585,693,2115
534,897,994,2425
805,904,748,2457
864,229,598,1691
680,200,39,919
35,302,4,341
687,113,12,812
578,357,255,1190
54,744,442,1240
220,954,407,1581
456,79,923,1458
731,628,511,1870
739,839,240,1818
151,38,576,765
413,796,440,1649
821,109,527,1457
787,334,130,1251
118,153,624,895
440,39,312,791
529,728,327,1584
460,80,818,1358
582,207,29,818
857,359,156,1372
295,432,758,1485
120,806,304,1230
547,890,163,1600
434,388,202,1024
296,8,393,697
30,706,101,837
351,773,841,1965
819,815,863,2497
263,816,888,1967
774,884,498,2156
346,911,327,1584
67,12,744,823
939,230,853,2022
370,645,858,1873
691,785,117,1593
823,965,10,1798
294,735,106,1135
709,261,359,1329
848,806,112,1766
324,576,788,1688
887,500,848,2235
139,752,556,1447
607,252,483,1342
276,315,57,648
711,648,858,2217
136,543,670,1349
936,774,585,2295
742,210,784,1736
552,522,847,1921
687,957,876,2520
567,348,852,1767
967,426,261,1654
35,146,565,746
834,109,473,1416
902,612,531,2045
280,818,124,1222
351,130,70,551
579,554,138,1271
600,46,765,1411
612,798,164,1574
368,254,328,950
862,157,88,1107
464,63,113,640
287,648,253,1188
712,833,90,1635
246,89,565,900
914,603,851,2368
392,149,941,1482
90,54,324,468
350,453,880,1683
67,720,854,1641
387,202,343,932
244,714,754,1712
328,457,360,1145
791,0,263,1054
144,505,516,1165
211,864,771,1846
553,66,841,1460
914,614,693,2221
408,653,538,1599
87,57,730,874
177,957,520,1654
955,254,436,1645
180,899,294,1373
387,473,349,1209
902,80,635,1617
887,861,366,2114
93,437,493,1023
523,589,547,1659
751,740,403,1894
944,677,612,2233
41,860,278,1179
157,354,641,1152
668,732,960,2360
857,694,454,2005
325,38,345,708
449,305,518,1272
501,78,135,714
745,394,193,1332
22,876,132,1030
4,754,463,1221
239,748,243,1230
350,694,149,1193
870,757,148,1775
783,695,703,2181
429,886,262,1577
533,866,45,1444
64,719,813,1596
631,308,910,1849
658,948,527,2133
484,611,881,1976
637,112,84,833
107,615,600,1322
378,258,920,1556
263,776,820,1859
993,951,739,2683
304,696,419,1419
20,874,597,1491
756,910,645,2311
944,355,120,1419
51,319,84,454
36,198,412,646
581,152,285,1018
122,752,723,1597
736,525,194,1455
285,315,902,1502
897,288,460,1645
970,89,217,1276
746,977,587,2310
268,56,569,893
989,275,632,1896
735,477,347,1559
611,727,598,1936
340,587,112,1039
872,105,390,1367
591,99,429,1119
164,443,608,1215
676,408,287,1371
741,898,940,2579
104,720,598,1422
601,218,599,1418
294,91,894,1279
361,306,546,1213
45,144,435,624
225,382,714,1321
339,340,569,1248
91,96,226,413
235,982,358,1575
62,449,814,1325
202,225,732,1159
343,212,33,588
408,940,27,1375
999,61,909,1969
126,227,598,951
262,908,492,1662
132,832,128,1092
19,424,729,1172
841,208,663,1712
335,192,81,608
674,8,123,805
515,792,90,1397
16,689,103,808
243,925,909,2077
637,616,748,2001
304,942,545,1791
786,969,488,2243
602,121,428,1151
496,201,723,1420
590,555,22,1167
99,881,741,1721
144,673,682,1499
179,284,891,1354
553,596,618,1767
436,524,374,1334
329,597,688,1614
831,783,987,2601
79,145,419,643
671,456,647,1774
163,477,295,935
177,190,728,1095
154,55,589,798
769,145,471,1385
88,495,717,1300
923,792,463,2178
804,39,997,1840
184,110,143,437
104,474,678,1256
581,370,717,1668
93,506,254,853
50,314,957,1321
973,659,936,2568
252,75,201,528
402,652,132,1186
345,389,1,735
881,464,895,2240
661,329,267,1257
917,572,522,2011
591,405,44,1040
991,603,145,1739
342,355,722,1419
936,239,379,1554
532,800,304,1636
732,698,10,1440
609,869,663,2141
860,825,65,1750
592,519,771,1882
501,991,719,2211
587,881,590,2058
649,365,304,1318
741,468,794,2003
863,776,697,2336
639,651,403,1693
790,645,447,1882
433,519,318,1270
457,551,789,1797
686,282,917,1885
762,266,657,1685
636,863,319,1818
735,319,339,1393
803,841,232,1876
358,618,513,1489
311,306,236,853
324,278,974,1576
9,112,515,636
987,397,595,1979
184,105,543,832
936,392,859,2187
477,71,985,1533
54,766,477,1297
672,176,319,1167
726,590,412,1728
538,333,836,1707
16,342,295,653
680,130,147,957
355,136,330,821
411,515,718,1644
156,850,410,1416
515,926,521,1962
226,267,988,1481
798,198,703,1699
220,487,759,1466
734,425,604,1763
416,336,21,773
167,605,927,1699
266,693,745,1704
453,739,623,1815
495,924,862,2281
100,276,715,1091
549,12,60,621
652,10,502,1164
726,398,401,1525
63,730,18,811
753,378,429,1560
72,82,105,259
502,719,939,2160
35,68,177,280
193,586,846,1625
114,967,293,1374
253,748,521,1522
559,609,710,1878
182,709,901,1792
659,491,797,1947
38,746,301,1085
517,318,18,853
979,705,206,1890
986,989,166,2141
716,466,311,1493
129,641,887,1657
572,333,140,1045
28,966,739,1733
203,492,432,1127
688,513,779,1980
281,674,85,1040
676,615,823,2114
656,786,509,1951
676,178,608,1462
149,684,298,1131
380,938,423,1741
84,820,452,1356
314,842,537,1693
900,57,113,1070
776,456,918,2150
72,422,657,1151
861,886,935,2682
301,378,552,1231
758,291,278,1327
150,315,950,1415
59,779,55,893
509,145,330,984
827,307,747,1881
99,965,84,1148
819,142,375,1336
367,758,618,1743
880,132,990,2002
352,416,913,1681
544,573,431,1548
885,798,960,2643
623,534,991,2148
342,645,788,1775
930,550,389,1869
144,318,607,1069
63,876,379,1318
718,666,748,2132
992,830,833,2655
480,403,353,1236
566,87,787,1440
547,975,448,1970
148,68,191,407
976,519,456,1951
685,212,95,992
915,909,658,2482
174,561,425,1160
508,155,993,1656
763,11,881,1655
592,48,373,1013
348,415,696,1459
696,627,20,1343
194,682,729,1605
191,222,704,1117
304,598,2,904
542,61,265,868
981,787,118,1886
766,977,620,2363
987,288,954,2229
137,617,236,990
41,629,954,1624
563,459,681,1703
563,565,774,1902
372,445,188,1005
544,746,122,1412
310,52,53,415
873,652,475,2000
702,886,80,1668
500,908,946,2354
57,517,466,1040
841,927,617,2385
265,919,110,1294
928,652,692,2272
189,589,959,1737
858,26,862,1746
408,37,453,898
467,659,842,1968
288,868,62,1218
632,386,583,1601
529,554,56,1139
413,895,352,1660
237,488,804,1529
897,229,252,1378
16,967,846,1829
178,862,956,1996
732,991,191,1914
235,660,331,1226
290,141,146,577
67,1,863,931
525,930,711,2166
884,466,815,2165
778,503,356,1637
821,928,136,1885
469,950,132,1551
447,33,90,570
596,581,193,1370
448,757,428,1633
270,204,804,1278
980,468,479,1927
941,801,85,1827
331,371,791,1493
509,849,809,2167
333,456,195,984
342,799,705,1846
6,416,920,1342
663,860,929,2452
459,63,698,1220
297,373,911,1581
493,72,936,1501
95,10,953,1058
699,104,34,837
756,778,972,2506
345,667,188,1200
431,109,992,1532
332,366,699,1397
473,962,266,1701
391,242,452,1085
911,718,835,2464
502,322,987,1811
95,922,992,2009
289,557,780,1626
339,891,605,1835
8,518,118,644
544,859,717,2120
657,980,87,1724
991,774,754,2519
431,472,813,1716
586,342,14,942
774,439,519,1732
535,629,288,1452
784,58,356,1198
187,34,992,1213
734,482,573,1789
486,496,586,1568
21,514,26,561
850,599,703,2152
944,197,923,2064
697,276,126,1099
535,686,696,1917
811,26,599,1436
359,372,352,1083
425,53,516,994
320,971,8,1299
270,403,795,1468
859,824,89,1772
122,385,333,840
134,827,410,1371
461,969,29,1459
744,208,939,1891
17,614,862,1493
310,322,659,1291
130,929,533,1592
318,20,399,737
526,598,317,1441
391,532,954,1877
258,216,228,702
193,548,635,1376
310,888,566,1764
430,467,68,965
56,24,309,389
853,152,606,1611
500,393,231,1124
684,454,665,1803
43,250,788,1081
327,239,654,1220
28,800,264,1092
335,727,512,1574
895,556,639,2090
236,404,451,1091
12,856,753,1621
456,322,938,1716
329,154,593,1076
219,414,991,1624
786,591,925,2302
337,35,467,839
541,412,866,1819
316,251,162,729
869,423,939,2231
783,653,677,2113
289,58,889,1236
494,219,82,795
73,56,523,652
352,211,789,1352
998,820,3,1821
627,289,467,1383
271,209,944,1424
325,497,726,1548
415,701,136,1252
508,901,323,1732
113,687,506,1306
93,56,232,381
883,548,115,1546
569,140,560,1269
719,109,246,1074
432,69,342,843
40,737,465,1242
116,162,270,548
612,916,906,2434
979,840,443,2262
660,133,955,1748
952,874,240,2066
519,286,136,941
526,110,948,1584
365,610,241,1216
512,269,589,1370
206,293,31,530
478,741,114,1333
653,736,963,2352
570,451,600,1621
390,961,746,2097
5,513,683,1201
791,545,327,1663
437,611,895,1943
784,458,969,2211
817,562,807,2186
618,457,287,1362
208,143,309,660
557,342,3,902
595,20,930,1545
893,623,381,1897
477,878,308,1663
642,161,731,1534
27,79,272,378
721,866,95,1682
800,552,131,1483
240,324,710,1274
752,375,365,1492
693,419,307,1419
874,130,669,1673
106,153,237,496
424,218,579,1221
676,585,619,1880
14,512,797,1323
293,590,733,1616
922,70,960,1952
707,162,936,1805
883,905,242,2030
783,595,397,1775
816,531,699,2046
598,371,206,1175
851,488,125,1464
261,734,277,1272
17,683,831,1531
456,316,89,861
102,398,92,592
75,347,812,1234
813,666,355,1834
258,136,712,1106
38,848,517,1403
655,650,993,2298
452,203,490,1145
145,161,26,332
133,367,90,590
455,379,109,943
976,408,881,2265
890,389,215,1494
833,516,134,1483
321,834,942,2097
937,712,676,2325
234,600,135,969
801,375,206,1382
823,387,50,1260
441,486,459,1386
73,467,702,1242
478,875,744,2097
981,132,716,1829
63,383,847,1293
7,145,410,562
750,184,61,995
4,812,976,1792
531,459,505,1495
997,175,20,1192
453,78,243,774
954,718,637,2309
180,681,141,1002
278,176,483,937
976,524,676,2176
993,922,346,2261
928,332,643,1903
198,167,605,970
431,739,794,1964
870,462,143,1475
236,228,1,465
27,437,600,1064
190,521,517,1228
953,3,261,1217
807,925,799,2531
984,446,909,2339
422,713,841,1976
628,315,819,1762
335,11,753,1099
780,333,736,1849
86,488,373,947
549,196,747,1492
831,560,874,2265
350,519,541,1410
209,940,342,1491
359,306,46,711
571,999,514,2084
586,974,578,2138
954,670,42,1666
251,570,727,1548
695,754,255,1704
967,832,909,2708
57,64,952,1073
917,106,830,1853
871,372,560,1803
854,456,430,1740
184,905,123,1212
294,276,62,632
202,582,26,810
353,173,943,1469
667,649,272,1588
412,741,577,1730
261,274,331,866
146,872,815,1833
817,864,509,2190
942,821,193,1956
504,293,301,1098
407,737,707,1851
786,945,943,2674
940,846,266,2052
311,493,841,1645
622,981,297,1900
21,824,200,1045
662,919,385,1966
197,226,868,1291
367,731,405,1503
618,495,896,2009
777,87,608,1472
831,6,599,1436
413,291,465,1169
247,727,155,1129
362,456,637,1455
209,804,958,1971
735,525,266,1526
957,917,83,1957
794,320,679,1793
688,844,646,2178
64,321,186,571
301,284,749,1334
926,365,893,2184
354,297,674,1325
596,221,839,1656
650,610,40,1300
626,779,79,1484
236,714,169,1119
71,701,323,1095
687,882,117,1686
367,524,41,932
399,702,163,1264
963,2,651,1616
668,175,244,1087
120,678,180,978
717,817,301,1835
381,724,81,1186
735,410,233,1378
823,27,644,1494
778,42,497,1317
448,397,491,1336
399,825,573,1797
48,947,854,1849
344,349,800,1493
146,375,934,1455
269,505,563,1337
45,946,933,1924
630,472,735,1837
696,409,126,1231
663,839,992,2494
246,293,883,1422
866,310,464,1640
678,14,301,993
23,282,530,835
860,169,322,1351
602,786,141,1529
529,685,327,1541
250,121,201,572
941,477,748,2166
582,596,848,2026
605,887,429,1921
428,704,121,1253
680,926,140,1746
532,495,870,1897
471,684,198,1353
397,229,20,646
621,80,108,809
379,916,736,2031
900,146,434,1480
260,408,703,1371
299,818,859,1976
368,645,395,1408
401,279,943,1623
700,376,913,1989
204,3,39,246
451,183,800,1434
603,546,898,2047
219,882,822,1923
908,275,450,1633
136,241,218,595
557,717,339,1613
454,10,730,1194
156,915,531,1602
307,634,27,968
615,588,96,1299
12,846,90,948
181,409,543,1133
287,714,109,1110
366,674,293,1333
795,463,401,1659
42,863,298,1203
999,482,88,1569
772,138,424,1334
71,799,456,1326
808,925,29,1762
539,236,432,1207
537,504,366,1407
873,231,518,1622
296,258,832,1386
342,976,213,1531
640,700,329,1669
529,219,992,1740
443,426,767,1636
5,482,192,679
928,622,281,1831
784,273,53,1110
766,518,670,1954
397,563,992,1952
15,323,789,1127
338,750,197,1285
666,991,453,2110
193,584,933,1710
957,607,582,2146
411,815,549,1775
394,262,756,1412
415,516,981,1912
359,949,589,1897
191,864,749,1804
56,502,721,1279
450,162,556,1168
389,146,347,882
202,363,728,1293
284,481,65,830
128,350,384,862
454,665,507,1626
107,652,789,1548
976,993,313,2282
570,721,320,1611
695,598,731,2024
3,8,699,710
217,434,904,1555
859,509,285,1653
495,552,763,1810
913,592,220,1725
632,813,192,1637
978,701,694,2373
438,700,427,1565
162,171,706,1039
439,281,685,1405
587,655,470,1712
477,677,817,1971
102,370,159,631
49,256,14,319
269,953,611,1833
76,172,142,390
109,677,562,1348
907,703,785,2395
482,63,381,926
275,845,916,2036
48,757,938,1743
703,311,983,1997
127,827,432,1386
929,391,360,1680
917,177,652,1746
402,940,367,1709
92,949,11,1052
286,742,567,1595
810,262,893,1965
100,467,227,794
2,744,992,1738
777,444,923,2144
926,273,694,1893
184,148,37,369
912,165,95,1172
669,239,47,955
39,365,422,826
601,159,809,1569
97,140,9,246
261,418,934,1613
751,580,465,1796
973,573,43,1589
601,722,63,1386
696,475,96,1267
518,444,823,1785
948,242,295,1485
560,625,84,1269
252,235,199,686
273,122,361,756
446,487,652,1585
204,746,843,1793
930,118,277,1325
188,635,92,915
954,829,190,1973
374,541,52,967
343,90,42,475
63,543,669,1275
189,939,562,1690
107,448,817,1372
38,679,453,1170
357,588,827,1772
3,374,949,1326
25,888,972,1885
862,839,252,1953
846,838,191,1875
387,721,733,1841
522,776,341,1639
49,231,357,637
128,590,976,1694
354,883,61,1298
79,404,170,653
236,282,307,825
180,83,471,734
822,240,316,1378
253,238,481,972
70,508,442,1020
334,99,895,1328
55,539,457,1051
136,277,281,694
486,584,797,1867
207,570,414,1191
822,915,615,2352
602,307,512,1421
93,689,425,1207
111,467,473,1051
495,103,152,750
490,368,96,954
0,945,621,1566
719,872,891,2482
918,951,547,2416
744,205,982,1931
236,176,853,1265
213,247,357,817
87,488,712,1287
842,775,6,1623
946,440,285,1671
655,333,171,1159
184,898,292,1374
71,165,460,696
637,558,746,1941
292,303,198,793
102,844,832,1778
429,136,43,608
49,790,450,1289
250,216,785,1251
198,192,772,1162
603,746,917,2266
796,422,811,2029
267,90,628,985
414,210,478,1102
392,715,518,1625
312,452,766,1530
124,306,510,940
433,801,449,1683
892,393,846,2131
712,47,386,1145
875,85,295,1255
375,916,476,1767
493,674,18,1185
290,0,9,299
353,235,653,1241
493,958,330,1781
169,885,674,1728
477,329,95,901
647,399,979,2025
861,145,722,1728
879,224,100,1203
37,265,552,854
155,51,70,276
415,616,821,1852
553,94,77,724
171,913,208,1292
157,368,297,822
672,962,883,2517
977,183,122,1282
54,899,299,1252
999,976,121,2096
753,655,621,2029
741,459,555,1755
765,274,309,1348
472,867,680,2019
404,417,926,1747
350,760,589,1699
448,366,517,1331
845,299,122,1266
522,740,116,1378
147,662,179,988
224,825,718,1767
696,852,277,1825
461,757,828,2046
565,356,74,995
442,961,192,1595
301,127,113,541
477,734,787,1998
231,56,329,616
373,553,240,1166
555,506,644,1705
530,627,286,1443
480,811,898,2189
706,597,586,1889
363,960,318,1641
573,784,448,1805
346,945,981,2272
725,44,210,979
412,145,283,840
764,13,721,1498
301,966,590,1857
606,487,634,1727
947,791,22,1760
857,66,507,1430
305,947,40,1292
61,541,667,1269
154,360,372,886
523,936,221,1680
878,762,217,1857
141,319,818,1278
379,249,239,867
839,735,961,2535
981,86,352,1419
581,823,195,1599
973,227,120,1320
518,913,317,1748
267,710,252,1229
477,690,672,1839
567,280,430,1277
412,504,653,1569
290,639,625,1554
607,660,571,1838
777,442,616,1835
780,384,582,1746
670,4,276,950
519,942,925,2386
835,1,401,1237
356,399,586,1341
387,718,158,1263
126,704,36,866
748,213,601,1562
780,527,105,1412
94,891,525,1510
600,832,792,2224
585,314,771,1670
534,853,387,1774
690,105,998,1793
457,638,571,1666
909,99,475,1483
823,685,369,1877
74,887,722,1683
695,0,719,1414
952,583,795,2330
313,532,920,1765
539,118,964,1621
853,240,749,1842
748,300,138,1186
778,444,639,1861
13,149,692,854
980,858,536,2374
760,637,378,1775
725,473,286,1484
636,698,416,1750
895,966,61,1922
584,523,162,1269
667,762,584,2013
150,278,819,1247
10,485,330,825
963,415,752,2130
435,14,940,1389
818,651,554,2023
414,414,931,1759
975,64,658,1697
483,904,658,2045
312,456,357,1125
390,431,765,1586
694,331,971,1996
617,38,526,1181
603,915,477,1995
393,10,637,1040
459,614,0,1073
209,450,242,901
495,370,650,1515
86,816,692,1594
973,38,701,1712
791,566,561,1918
345,138,57,540
688,766,337,1791
119,991,611,1721
925,78,81,1084
561,181,305,1047
855,512,494,1861
503,93,613,1209
667,765,1000,2432
890,20,866,1776
400,843,27,1270
537,161,936,1634
488,568,109,1165
729,398,603,1730
123,878,116,1117
10,619,47,676
95,909,980,1984
172,102,967,1241
788,729,200,1717
764,797,545,2106
716,792,274,1782
293,455,710,1458
986,223,492,1701
113,504,80,697
385,427,282,1094
76,587,339,1002
645,548,211,1404
810,268,578,1656
217,167,266,650
979,896,485,2360
349,302,170,821
467,24,715,1206
246,114,128,488
659,15,97,771
279,910,371,1560
807,673,501,1981
548,436,800,1784
584,392,44,1020
620,6,208,834
979,193,877,2049
420,729,633,1782
34,804,860,1698
906,107,881,1894
355,384,674,1413
221,947,912,2080
965,90,390,1445
64,189,543,796
281,492,25,798
225,106,787,1118
370,874,134,1378
74,354,242,670
609,329,162,1100
457,536,107,1100
390,567,174,1131
893,146,727,1766
105,28,976,1109
504,67,909,1480
588,297,697,1582
70,715,983,1768
892,745,914,2551
3,145,549,697
322,341,227,890
955,574,620,2149
919,390,79,1388
462,74,299,835
875,21,468,1364
212,771,20,1003
538,69,83,690
698,537,179,1414
518,303,475,1296
11,400,272,683
502,625,908,2035
257,156,406,819
896,634,460,1990
398,179,107,684
425,896,688,2009
126,270,0,396
366,953,847,2166
720,395,91,1206
22,36,48,106
687,270,50,1007
64,49,591,704
896,270,151,1317
120,910,189,1219
107,924,655,1686
629,474,34,1137
171,353,685,1209
472,320,897,1689
757,340,119,1216
528,729,223,1480
962,2,633,1597
183,582,566,1331
595,40,360,995
651,638,84,1373
486,711,414,1611
209,147,303,659
685,562,6,1253
292,193,95,580
305,108,259,672
497,941,543,1981
511,339,637,1487
780,215,204,1199
702,656,492,1850
641,261,744,1646
246,262,914,1422
394,140,375,909
498,507,790,1795
545,992,81,1618
7,943,99,1049
119,96,993,1208
631,168,890,1689
415,863,735,2013
754,166,511,1431
346,797,421,1564
31,74,611,716
488,177,804,1469
184,760,471,1415
81,830,422,1333
982,930,348,2260
382,875,393,1650
73,244,510,827
744,863,714,2321
181,336,535,1052
544,953,821,2318
911,16,322,1249
741,636,281,1658
547,975,967,2489
640,794,493,1927
210,173,122,505
469,916,893,2278
905,298,636,1839
484,841,529,1854
542,68,468,1078
32,8,460,500
612,194,465,1271
228,237,660,1125
837,607,508,1952
716,414,272,1402
207,501,943,1651
624,413,807,1844
230,692,296,1218
964,240,17,1221
893,754,713,2360
416,575,349,1340
788,270,386,1444
761,305,906,1972
730,849,89,1668
23,402,425,850
573,391,82,1046
518,778,665,1961
368,542,456,1366
251,604,653,1508
19,558,485,1062
797,148,41,986
604,418,737,1759
512,745,623,1880
618,659,759,2036
888,51,249,1188
101,763,898,1762
877,982,900,2759
528,837,449,1814
756,979,598,2333
55,23,901,979
226,637,903,1766
547,188,629,1364
87,904,206,1197
42,831,571,1444
680,714,656,2050
26,275,399,700
752,720,68,1540
236,846,295,1377
129,846,411,1386
996,470,29,1495
152,681,308,1141
290,726,271,1287
874,876,561,2311
425,416,220,1061
338,928,284,1550
658,988,743,2389
972,262,573,1807
25,914,672,1611
563,153,866,1582
778,543,129,1450
825,985,593,2403
66,62,457,585
970,601,876,2447
489,462,399,1350
172,856,194,1222
554,54,706,1314
871,456,314,1641
269,67,277,613
336,29,877,1242
731,210,390,1331
761,475,98,1334
303,631,695,1629
859,404,877,2140
661,673,537,1871
695,914,426,2035
598,453,868,1919
587,171,321,1079
979,703,275,1957
871,638,248,1757
652,192,801,1645
673,359,488,1520
970,605,745,2320
921,421,417,1759
863,735,999,2597
497,258,374,1129
1000,218,877,2095
486,670,586,1742
273,600,450,1323
284,191,645,1120
20,133,154,307
39,596,858,1493
966,521,119,1606
217,105,141,463
443,669,130,1242
50,955,792,1797
381,172,341,894
390,806,650,1846
771,425,767,1963
645,34,991,1670
514,515,603,1632
328,921,259,1508
585,383,375,1343
333,866,765,1964
932,37,35,1004
644,946,756,2346
536,895,551,1982
858,207,407,1472
581,934,83,1598
774,632,620,2026
833,256,830,1919
453,725,330,1508
347,792,677,1816
347,642,576,1565
481,122,829,1432
258,612,570,1440
444,585,433,1462
833,31,998,1862
319,249,226,794
386,281,151,818
387,606,305,1298
709,322,763,1794
127,488,796,1411
34,600,247,881
502,28,833,1363
509,790,431,1730
985,567,452,2004
413,842,210,1465
521,960,235,1716
577,728,898,2203
192,970,131,1293
685,751,52,1488
30,108,754,892
724,49,72,845
166,469,409,1044
721,147,167,1035
159,533,652,1344
337,776,846,1959
657,411,367,1435
174,744,444,1362
869,894,262,2025
614,517,572,1703
41,81,245,367
610,664,147,1421
185,856,798,1839
52,43,301,396
496,132,0,628
314,636,739,1689
319,452,559,1330
766,277,961,2004
770,463,847,2080
69,485,295,849
200,856,701,1757
219,927,326,1472
553,904,405,1862
234,357,594,1185
268,169,483,920
940,136,11,1087
404,57,868,1329
728,67,525,1320
639,495,497,1631
800,837,233,1870
95,293,511,899
383,731,359,1473
168,92,347,607
760,913,196,1869
722,101,993,1816
921,712,458,2091
446,777,243,1466
668,646,660,1974
735,640,546,1921
980,543,559,2082
139,797,921,1857
609,29,699,1337
197,550,55,802
836,511,557,1904
514,247,107,868
806,693,211,1710
682,365,27,1074
725,383,372,1480
887,824,501,2212
928,251,43,1222
906,794,584,2284
609,195,787,1591
109,141,789,1039
500,730,391,1621
82,955,802,1839
191,872,860,1923
50,749,724,1523
663,296,945,1904
946,590,391,1927
646,460,440,1546
579,164,962,1705
411,995,140,1546
95,780,944,1819
440,427,681,1548
389,299,747,1435
761,69,541,1371
678,691,946,2315
984,323,284,1591
88,225,318,631
7,737,27,771
461,769,897,2127
132,426,170,728
907,317,844,2068
491,72,612,1175
758,410,301,1469
220,923,634,1777
207,289,240,736
977,464,2,1443
4,381,756,1141
137,111,275,523
959,52,270,1281
804,688,212,1704
170,621,115,906
639,359,198,1196
106,403,335,844
219,187,727,1133
737,737,762,2236
966,400,149,1515
669,690,478,1837
520,585,517,1622
979,294,259,1532
167,4,618,789
675,909,890,2474
115,820,239,1174
348,877,88,1313
233,450,457,1140
988,625,28,1641
95,241,178,514
666,303,358,1327
60,531,469,1060
190,156,241,587
99,627,765,1491
737,549,100,1386
555,15,309,879
416,419,997,1832
375,824,303,1502
501,958,693,2152
660,883,874,2417
867,671,111,1649
933,475,800,2208
123,503,914,1540
92,138,835,1065
288,722,436,1446
606,773,738,2117
544,26,473,1043
590,425,474,1489
560,461,414,1435
704,539,563,1806
628,795,737,2160
726,854,434,2014
469,60,538,1067
889,870,260,2019
863,765,797,2425
312,800,467,1579
40,197,320,557
718,282,930,1930
779,774,815,2368
672,12,648,1332
430,374,305,1109
853,470,877,2200
990,723,858,2571
948,941,677,2566
629,496,14,1139
63,855,98,1016
662,80,295,1037
30,51,597,678
545,849,789,2183
907,884,818,2609
827,436,151,1414
979,101,783,1863
755,715,144,1614
180,137,395,712
239,74,553,866
101,523,45,669
23,680,153,856
721,383,108,1212
659,725,236,1620
454,131,782,1367
862,408,204,1474
745,747,16,1508
414,605,686,1705
537,947,213,1697
987,359,211,1557
77,413,651,1141
293,298,400,991
457,861,791,2109
700,489,543,1732
710,120,259,1089
975,949,696,2620
344,601,522,1467
228,170,169,567
557,762,213,1532
824,766,417,2007
557,960,768,2285
608,242,740,1590
210,543,894,1647
210,43,287,540
500,396,38,934
59,350,970,1379
622,242,573,1437
127,426,692,1245
869,134,112,1115
126,710,84,920
308,29,884,1221
889,339,994,2222
422,977,997,2396
439,201,479,1119
920,345,243,1508
23,404,18,445
911,62,372,1345
300,788,808,1896
601,428,480,1509
611,26,380,1017
80,18,53,151
265,32,696,993
738,678,353,1769
659,323,66,1048
531,496,360,1387
447,111,210,768
189,106,805,1100
712,134,710,1556
573,65,662,1300
390,249,285,924
819,274,114,1207
280,924,88,1292
215,432,388,1035
499,337,36,872
607,303,701,1611
299,764,405,1468
500,488,558,1546
959,196,895,2050
657,757,609,2023
650,674,154,1478
124,46,795,965
788,562,70,1420
341,235,642,1218
558,237,339,1134
460,745,571,1776
403,45,892,1340
614,663,422,1699
471,82,286,839
178,118,186,482
90,233,147,470
935,732,988,2655
506,949,304,1759
224,323,597,1144
386,898,35,1319
459,833,389,1681
468,780,472,1720
224,263,562,1049
445,50,967,1462
685,683,922,2290
513,976,45,1534
185,793,214,1192
795,462,783,2040
646,93,153,892
838,955,954,2747
870,444,525,1839
718,817,502,2037
901,34,309,1244
892,928,432,2252
292,586,834,1712
353,110,730,1193
294,220,781,1295
983,774,532,2289
476,769,445,1690
113,740,246,1099
493,355,888,1736
919,262,745,1926
789,24,661,1474
270,661,750,1681
950,89,5,1044
594,686,11,1291
324,739,502,1565
971,728,442,2141
960,441,67,1468
229,227,818,1274
306,154,783,1243
653,492,864,2009
666,629,905,2200
941,797,462,2200
875,851,430,2156
919,688,916,2523
151,77,906,1134
88,555,736,1379
650,465,712,1827
12,248,979,1239
526,158,613,1297
168,940,188,1296
783,982,551,2316
289,302,709,1300
5,848,86,939
279,149,460,888
513,5,185,703
497,241,539,1277
746,361,361,1468
103,153,11,267
78,922,792,1792
833,527,998,2358
48,880,711,1639
637,34,386,1057
944,411,475,1830
819,410,235,1464
348,803,601,1752
718,94,596,1408
646,250,411,1307
817,330,110,1257
615,333,295,1243
95,811,482,1388
661,395,361,1417
142,811,359,1312
947,976,317,2240
436,79,170,685
472,20,256,748
354,49,660,1063
566,455,160,1181
134,230,118,482
662,125,878,1665
511,670,371,1552
243,548,939,1730
229,886,780,1895
495,637,922,2054
770,642,437,1849
265,889,808,1962
557,520,425,1502
236,79,67,382
447,197,264,908
97,10,739,846
569,613,690,1872
132,927,786,1845
412,62,27,501
204,922,698,1824
105,923,194,1222
349,985,89,1423
705,670,371,1746
346,780,581,1707
856,628,923,2407
603,756,404,1763
871,297,238,1406
769,36,813,1618
241,63,831,1135
678,213,796,1687
623,841,316,1780
260,131,414,805
646,704,468,1818
811,514,69,1394
510,599,336,1445
942,404,605,1951
272,4,870,1146
614,484,259,1357
98,12,597,707
929,714,551,2194
392,206,497,1095
684,280,478,1442
651,747,281,1679
206,314,881,1401
427,455,176,1058
791,435,707,1933
80,252,23,355
416,857,866,2139
509,192,881,1582
267,535,508,1310
232,789,750,1771
330,313,599,1242
858,791,793,2442
289,433,869,1591
382,331,682,1395
457,269,774,1500
453,552,165,1170
520,697,807,2024
341,998,286,1625
323,977,261,1561
733,999,840,2572
211,290,73,574
388,676,891,1955
464,394,83,941
460,888,327,1675
543,879,506,1928
436,310,859,1605
271,353,76,700
842,410,447,1699
324,493,218,1035
119,440,199,758
522,371,464,1357
650,969,72,1691
96,983,882,1961
678,410,174,1262
278,824,746,1848
16,189,732,937
970,185,631,1786
44,667,588,1299
937,603,384,1924
593,944,358,1895
963,107,920,1990
123,478,710,1311
874,580,384,1838
333,896,254,1483
298,365,336,999
600,652,844,2096
667,284,870,1821
29,267,641,937
655,878,492,2025
704,234,161,1099
687,802,534,2023
976,977,282,2235
913,606,888,2407
83,409,509,1001
380,840,238,1458
123,473,792,1388
25,393,331,749
678,513,973,2164
237,798,188,1223
486,740,197,1423
240,945,42,1227
476,90,643,1209
978,250,87,1315
72,384,494,950
939,444,588,1971
828,632,283,1743
384,969,556,1909
385,108,987,1480
651,749,44,1444
410,422,452,1284
86,90,32,208
714,823,799,2336
556,951,23,1530
305,22,367,694
581,422,973,1976
190,750,108,1048
984,798,584,2366
889,144,566,1599
976,121,178,1275
773,460,220,1453
898,885,164,1947
313,377,949,1639
308,389,378,1075
936,630,670,2236
95,746,238,1079
456,699,252,1407
930,534,686,2150
952,98,12,1062
944,164,715,1823
567,788,124,1479
265,843,574,1682
780,421,782,1983
856,394,584,1834
403,15,804,1222
582,741,435,1758
410,248,684,1342
217,905,652,1774
262,609,164,1035
481,605,970,2056
83,480,758,1321
882,779,221,1882
187,273,803,1263
132,16,436,584
260,519,372,1151
704,923,334,1961
664,823,330,1817
577,579,535,1691
217,188,662,1067
269,347,187,803
235,894,525,1654
207,789,492,1488
477,79,447,1003
828,968,880,2676
326,702,536,1564
565,141,806,1512
924,150,741,1815
73,376,244,693
760,235,527,1522
380,670,451,1501
189,179,519,887
126,422,510,1058
272,284,468,1024
476,933,962,2371
855,396,892,2143
542,644,164,1350
123,101,32,256
74,879,177,1130
241,936,965,2142
28,706,449,1183
977,626,104,1707
337,632,750,1719
11,142,962,1115
390,587,566,1543
179,268,897,1344
116,847,62,1025
344,3,137,484
827,620,27,1474
514,113,465,1092
663,179,671,1513
231,945,793,1969
566,82,668,1316
14,73,96,183
86,269,708,1063
775,12,56,843
401,992,901,2294
880,115,242,1237
13,557,778,1348
338,821,220,1379
908,718,401,2027
566,85,788,1439
627,895,220,1742
846,887,391,2124
253,513,659,1425
522,504,34,1060
549,542,686,1777
774,551,244,1569
782,1000,690,2472
343,544,725,1612
45,452,264,761
450,287,934,1671
219,42,470,731
195,675,371,1241
187,526,162,875
518,730,750,1998
902,219,947,2068
780,62,297,1139
46,413,614,1073
219,56,275,550
921,555,422,1898
474,371,13,858
435,335,245,1015
820,961,629,2410
73,919,247,1239
403,478,396,1277
431,579,993,2003
911,548,182,1641
91,979,79,1149
218,952,471,1641
746,763,394,1903
707,328,256,1291
978,633,858,2469
225,232,217,674
67,728,704,1499
970,335,301,1606
638,110,228,976
918,979,328,2225
299,123,249,671
26,11,571,608
375,934,122,1431
113,499,713,1325
229,954,43,1226
275,740,158,1173
273,848,480,1601
368,741,468,1577
802,547,130,1479
317,313,697,1327
528,1000,573,2101
278,120,1,399
616,718,412,1746
190,99,35,324
477,607,252,1336
621,401,649,1671
250,160,568,978
242,629,610,1481
580,211,684,1475
486,930,416,1832
451,995,29,1475
551,617,370,1538
724,47,274,1045
284,436,388,1108
628,877,708,2213
936,58,401,1395
416,98,589,1103
710,42,232,984
645,273,165,1083
832,442,287,1561
788,167,94,1049
809,207,655,1671
168,779,521,1468
434,729,61,1224
939,754,577,2270
591,532,227,1350
118,286,735,1139
663,144,654,1461
245,965,154,1364
810,108,832,1750
124,559,982,1665
234,956,461,1651
241,770,943,1954
186,249,985,1420
411,57,698,1166
348,37,629,1014
799,679,502,1980
715,897,511,2123
989,936,288,2213
535,289,116,940
987,997,902,2886
724,701,84,1509
882,589,927,2398
390,927,90,1407
278,747,875,1900
278,149,735,1162
775,985,971,2731
96,539,263,898
849,709,295,1853
481,437,465,1383
267,692,214,1173
712,301,217,1230
910,165,12,1087
78,624,460,1162
391,270,688,1349
4,927,173,1104
682,68,640,1390
797,46,988,1831
920,402,679,2001
942,847,69,1858
946,196,597,1739
743,560,187,1490
143,278,258,679
995,186,109,1290
231,404,562,1197
682,205,780,1667
462,211,536,1209
606,408,326,1340
423,433,352,1208
266,683,265,1214
525,171,915,1611
93,681,527,1301
307,458,963,1728
663,365,871,1899
867,630,519,2016
540,947,161,1648
776,991,408,2175
454,372,487,1313
783,935,888,2606
28,61,330,419
712,704,599,2015
703,278,810,1791
547,356,817,1720
473,885,469,1827
698,480,96,1274
121,449,519,1089
572,888,419,1879
987,281,397,1665
251,5,106,362
436,724,576,1736
471,540,352,1363
25,493,160,678
634,825,230,1689
7,245,741,993
237,729,829,1795
108,0,735,843
99,818,270,1187
131,773,363,1267
494,881,394,1769
626,922,274,1822
802,447,532,1781
718,889,882,2489
699,708,143,1550
866,215,7,1088
93,987,32,1112
953,708,776,2437
183,969,472,1624
475,292,928,1695
570,715,339,1624
760,729,496,1985
555,19,375,949
710,568,528,1806
233,323,925,1481
350,137,956,1443
96,22,414,532
973,814,36,1823
482,791,518,1791
79,537,774,1390
847,244,108,1199
455,489,32,976
71,536,78,685
95,516,769,1380
313,137,128,578
144,407,388,939
802,546,285,1633
96,605,37,738
725,443,261,1429
437,454,718,1609
654,197,283,1134
119,970,689,1778
366,634,649,1649
148,479,211,838
968,832,315,2115
465,329,661,1455
906,141,41,1088
236,770,323,1329
598,355,674,1627
430,400,325,1155
279,886,93,1258
438,448,485,1371
203,346,866,1415
3,949,354,1306
238,618,84,940
622,179,909,1710
877,544,113,1534
19,951,461,1431
219,568,128,915
878,455,904,2237
624,938,305,1867
569,499,457,1525
464,148,851,1463
200,476,141,817
208,814,311,1333
903,579,943,2425
389,772,280,1441
517,542,878,1937
898,141,408,1447
424,659,882,1965
125,819,44,988
334,181,53,568
204,445,615,1264
186,311,523,1020
708,378,878,1964
238,763,327,1328
323,581,174,1078
972,979,506,2457
832,652,3,1487
118,954,655,1727
40,803,733,1576
941,901,60,1902
429,777,189,1395
839,363,931,2133
486,45,346,877
496,376,67,939
4,196,602,802
612,500,29,1141
747,477,767,1991
200,822,913,1935
786,433,483,1702
184,867,792,1843
865,684,81,1630
563,720,25,1308
135,89,237,461
472,26,172,670
818,673,133,1624
1000,190,137,1327
676,264,253,1193
951,613,858,2422
165,623,174,962
439,443,767,1649
378,234,68,680
638,101,259,998
156,655,772,1583
221,648,990,1859
358,343,561,1262
448,552,140,1140
853,431,149,1433
318,295,849,1462
337,124,841,1302
246,50,31,327
681,432,10,1123
271,301,954,1526
497,684,958,2139
9,549,891,1449
359,948,42,1349
38,200,249,487
116,870,7,993
860,298,156,1314
594,351,341,1286
240,939,616,1795
689,449,208,1346
597,417,813,1827
8,855,111,974
225,501,562,1288
252,161,418,831
485,753,389,1627
48,755,964,1767
555,718,842,2115
617,809,245,1671
804,335,252,1391
317,793,30,1140
75,470,661,1206
434,540,457,1431
970,531,837,2338
2,938,529,1469
410,276,779,1465
833,443,815,2091
143,353,814,1310
649,511,507,1667
521,43,133,697
134,298,315,747
657,611,420,1688
486,525,173,1184
355,744,233,1332
836,919,854,2609
706,183,44,933
631,480,476,1587
921,219,189,1329
130,222,14,366
152,303,185,640
993,407,677,2077
465,736,108,1309
179,985,553,1717
321,979,485,1785
424,649,370,1443
263,274,844,1381
308,413,749,1470
290,864,769,1923
904,838,467,2209
51,201,794,1046
62,242,387,691
371,394,463,1228
523,141,193,857
568,264,750,1582
327,680,659,1666
298,452,651,1401
283,961,735,1979
671,690,828,2189
317,433,148,898
815,403,639,1857
861,303,704,1868
53,535,409,997
407,310,631,1348
833,143,827,1803
688,181,135,1004
145,892,474,1511
892,68,611,1571
705,111,193,1009
982,671,964,2617
976,134,177,1287
119,520,141,780
328,603,836,1767
444,896,421,1761
210,293,895,1398
947,976,82,2005
249,14,901,1164
369,267,692,1328
132,642,268,1042
932,204,326,1462
514,824,415,1753
716,569,685,1970
738,638,925,2301
591,942,954,2487
513,188,206,907
446,713,96,1255
256,10,561,827
43,487,377,907
115,489,879,1483
948,953,122,2023
161,734,377,1272
712,846,598,2156
326,117,11,454
333,522,78,933
164,359,362,885
301,401,634,1336
781,593,658,2032
648,867,815,2330
531,522,804,1857
561,239,699,1499
367,670,534,1571
940,756,881,2577
743,962,529,2234
710,6,254,970
736,293,497,1526
501,917,485,1903
986,922,785,2693
538,66,190,794
533,35,299,867
420,213,49,682
309,773,815,1897
98,485,467,1050
16,614,199,829
565,920,460,1945
495,533,312,1340
411,873,633,1917
256,683,593,1532
806,627,35,1468
114,223,865,1202
37,809,212,1058
657,975,238,1870
943,852,585,2380
750,682,123,1555
985,461,526,1972
32,948,224,1204
632,744,770,2146
303,912,387,1602
374,808,572,1754
412,677,967,2056
930,78,109,1117
118,409,390,917
101,728,448,1277
498,345,717,1560
412,254,527,1193
86,381,720,1187
523,413,315,1251
161,436,693,1290
898,10,967,1875
470,929,102,1501
301,954,927,2182
526,917,518,1961
291,203,35,529
87,199,37,323
131,628,491,1250
648,930,528,2106
41,421,916,1378
634,433,72,1139
567,567,720,1854
5,976,637,1618
638,969,781,2388
761,499,825,2085
399,24,692,1115
540,20,480,1040
859,917,890,2666
422,61,400,883
570,280,89,939
337,865,610,1812
647,629,68,1344
139,470,509,1118
308,869,777,1954
194,800,397,1391
347,722,49,1118
602,974,776,2352
136,456,55,647
552,591,665,1808
383,758,531,1672
510,98,364,972
824,96,508,1428
750,835,547,2132
99,855,501,1455
814,694,347,1855
732,816,457,2005
967,278,124,1369
274,217,547,1038
405,392,247,1044
167,80,418,665
77,727,982,1786
795,809,645,2249
224,230,66,520
735,806,543,2084
6,46,47,99
136,167,294,597
714,933,39,1686
985,650,85,1720
817,492,286,1595
104,928,657,1689
520,22,696,1238
368,1000,326,1694
957,517,558,2032
862,277,964,2103
852,35,687,1574
475,496,142,1113
584,370,155,1109
158,410,948,1516
131,113,271,515
815,891,73,1779
131,119,919,1169
455,240,487,1182
733,8,347,1088
308,866,329,1503
483,871,172,1526
480,149,72,701
410,928,296,1634
190,954,594,1738
641,242,203,1086
692,310,13,1015
893,417,423,1733
173,977,837,1987
639,905,257,1801
61,912,295,1268
767,533,978,2278
929,687,694,2310
108,716,489,1313
73,939,852,1864
952,493,663,2108
991,617,485,2093
285,286,906,1477
951,563,635,2149
651,230,505,1386
708,849,622,2179
968,424,587,1979
667,625,402,1694
961,225,179,1365
418,615,9,1042
109,233,228,570
596,702,606,1904
435,653,911,1999
624,963,64,1651
457,726,196,1379
892,785,263,1940
307,163,401,871
928,936,950,2814
856,911,688,2455
666,481,867,2014
765,821,933,2519
150,863,465,1478
920,455,255,1630
480,734,625,1839
375,961,801,2137
992,512,935,2439
322,387,526,1235
36,61,812,909
184,647,711,1542
48,54,117,219
926,497,418,1841
456,389,716,1561
958,399,25,1382
289,713,899,1901
35,525,654,1214
223,371,518,1112
773,730,509,2012
620,792,580,1992
444,455,817,1716
499,975,892,2366
957,308,660,1925
129,963,449,1541
342,457,317,1116
177,16,870,1063
961,847,31,1839
233,250,959,1442
716,123,412,1251
509,107,433,1049
830,879,80,1789
221,436,907,1564
567,213,803,1583
528,819,955,2302
427,802,613,1842
638,849,908,2395
483,596,731,1810
821,103,491,1415
976,938,996,2910
919,561,671,2151
511,87,112,710
483,952,748,2183
757,541,850,2148
184,845,699,1728
415,666,401,1482
536,513,948,1997
792,196,718,1706
586,800,411,1797
620,231,466,1317
440,891,320,1651
861,412,173,1446
717,353,693,1763
66,475,139,680
150,267,264,681
548,24,498,1070
498,906,758,2162
578,855,403,1836
892,540,206,1638
224,93,220,537
327,676,336,1339
425,482,657,1564
382,639,88,1109
657,367,551,1575
276,172,112,560
51,297,968,1316
217,325,824,1366
902,712,943,2557
429,524,661,1614
428,160,274,862
271,159,256,686
552,183,988,1723
676,910,644,2230
24,583,671,1278
885,990,395,2270
583,561,5,1149
150,772,550,1472
998,842,444,2284
151,827,267,1245
68,864,928,1860
820,993,925,2738
413,571,711,1695
984,182,251,1417
99,412,755,1266
626,225,722,1573
722,268,747,1737
571,254,71,896
842,311,198,1351
786,827,493,2106
395,45,108,548
729,955,230,1914
691,618,134,1443
140,628,590,1358
920,21,877,1818
515,955,990,2460
687,462,615,1764
996,25,212,1233
624,576,214,1414
587,859,46,1492
528,327,654,1509
699,255,498,1452
976,329,262,1567
206,115,345,666
100,783,932,1815
84,704,315,1103
474,963,448,1885
787,268,399,1454
151,415,645,1211
909,735,561,2205
458,700,277,1435
379,815,466,1660
139,321,468,928
777,638,833,2248
587,823,748,2158
244,324,868,1436
100,371,102,573
306,551,946,1803
76,293,189,558
286,236,500,1022
163,593,933,1689
930,635,747,2312
999,28,696,1723
785,123,862,1770
577,260,840,1677
628,974,798,2400
538,642,173,1353
787,1,536,1324
626,725,371,1722
976,621,547,2144
673,515,589,1777
128,506,956,1590
690,452,813,1955
830,704,67,1601
541,893,516,1950
958,281,627,1866
692,426,772,1890
509,336,525,1370
979,575,846,2400
931,122,206,1259
33,215,334,582
999,276,964,2239
306,398,586,1290
162,270,169,601
664,113,890,1667
718,808,52,1578
401,725,478,1604
516,52,275,843
465,131,365,961
307,47,695,1049
387,813,756,1956
991,246,719,1956
572,21,68,661
174,208,473,855
740,797,437,1974
659,675,28,1362
387,421,630,1438
807,204,546,1557
367,193,939,1499
144,397,660,1201
589,839,605,2033
600,852,757,2209
758,692,617,2067
370,329,826,1525
575,675,233,1483
702,173,894,1769
247,487,692,1426
100,559,501,1160
992,616,121,1729
949,132,103,1184
563,658,997,2218
140,144,776,1060
43,799,932,1774
592,434,223,1249
800,787,599,2186
972,530,771,2273
632,861,495,1988
49,226,336,611
516,585,886,1987
633,846,966,2445
376,122,775,1273
991,152,535,1678
674,563,383,1620
667,51,809,1527
211,570,138,919
670,487,743,1900
708,723,703,2134
891,920,1,1812
290,155,99,544
142,365,425,932
120,738,764,1622
46,720,671,1437
975,337,826,2138
178,736,628,1542
693,225,435,1353
442,567,112,1121
27,856,260,1143
285,300,733,1318
299,928,627,1854
297,488,307,1092
66,142,653,861
890,165,803,1858
675,928,246,1849
595,585,191,1371
949,750,557,2256
74,669,162,905
91,760,899,1750
445,85,651,1181
348,456,632,1436
442,613,765,1820
215,121,643,979
691,637,140,1468
217,802,519,1538
541,761,44,1346
281,893,536,1710
356,656,743,1755
929,853,95,1877
971,837,282,2090
482,966,692,2140
478,76,945,1499
313,367,159,839
285,727,102,1114
491,104,126,721
528,513,188,1229
341,504,718,1563
882,442,982,2306
303,531,23,857
919,296,22,1237
904,796,948,2648
988,227,779,1994
639,133,904,1676
529,716,911,2156
491,127,355,973
736,948,753,2437
718,489,656,1863
457,564,274,1295
176,593,971,1740
452,572,919,1943
63,241,236,540
262,274,832,1368
323,871,388,1582
635,474,330,1439
940,712,489,2141
778,891,847,2516
246,826,584,1656
544,531,439,1514
240,26,273,539
929,59,81,1069
161,344,397,902
838,952,261,2051
763,411,396,1570
698,937,421,2056
768,961,434,2163
652,879,274,1805
700,461,119,1280
869,649,977,2495
498,862,571,1931
847,970,228,2045
418,46,246,710
67,818,996,1881
240,378,534,1152
717,276,646,1639
60,975,213,1248
627,500,239,1366
150,354,236,740
596,749,496,1841
783,593,231,1607
383,112,227,722
98,667,146,911
368,790,712,1870
8,915,142,1065
472,903,890,2265
420,142,19,581
546,389,654,1589
363,316,488,1167
499,514,772,1785
479,171,836,1486
382,493,832,1707
933,589,862,2384
33,591,798,1422
404,775,39,1218
574,700,840,2114
619,671,982,2272
171,736,34,941
362,44,267,673
880,529,762,2171
778,68,849,1695
45,196,439,680
312,259,644,1215
854,234,32,1120
848,481,162,1491
844,778,207,1829
607,20,552,1179
885,618,308,1811
698,462,453,1613
943,633,478,2054
922,522,404,1848
379,638,963,1980
553,205,0,758
420,68,0,488
206,559,286,1051
164,780,275,1219
654,710,77,1441
867,872,704,2443
803,452,791,2046
253,18,175,446
940,581,159,1680
256,11,982,1249
330,38,142,510
532,556,48,1136
116,533,559,1208
973,940,728,2641
51,75,970,1096
38,238,166,442
358,27,267,652
770,696,933,2399
827,796,65,1688
504,771,980,2255
750,972,6,1728
809,391,493,1693
457,576,502,1535
336,658,330,1324
656,406,672,1734
466,966,638,2070
523,514,934,1971
308,161,327,796
507,655,506,1668
236,999,856,2091
657,314,570,1541
84,171,854,1109
669,489,599,1757
85,682,325,1092
567,14,843,1424
669,452,493,1614
948,229,780,1957
565,334,209,1108
350,682,641,1673
732,386,730,1848
113,140,556,809
492,584,1,1077
204,379,336,919
212,557,871,1640
766,530,835,2131
929,199,434,1562
474,182,684,1340
68,198,75,341
610,555,747,1912
914,542,311,1767
826,431,183,1440
771,612,137,1520
580,292,720,1592
310,303,523,1136
583,809,57,1449
66,290,199,555
219,863,367,1449
774,981,211,1966
923,484,559,1966
519,596,845,1960
509,827,674,2010
613,342,506,1461
951,316,353,1620
763,372,398,1533
62,648,940,1650
281,182,815,1278
899,476,499,1874
374,714,27,1115
727,11,760,1498
450,780,684,1914
875,346,117,1338
163,961,37,1161
874,651,829,2354
159,675,511,1345
35,356,255,646
405,643,290,1338
152,296,578,1026
168,987,811,1966
226,540,64,830
866,607,790,2263
541,539,349,1429
3,429,101,533
515,218,437,1170
501,333,559,1393
639,100,824,1563
780,422,465,1667
648,339,799,1786
957,343,299,1599
459,625,92,1176
282,899,368,1549
889,653,773,2315
979,634,14,1627
838,650,582,2070
286,459,798,1543
696,683,374,1753
283,880,50,1213
331,741,852,1924
9,642,811,1462
881,979,556,2416
64,935,712,1711
583,763,328,1674
303,30,942,1275
324,745,279,1348
354,332,652,1338
619,945,264,1828
63,93,668,824
123,80,975,1178
604,143,879,1626
463,705,947,2115
353,684,758,1795
605,506,692,1803
456,768,559,1783
296,943,673,1912
78,125,294,497
298,811,269,1378
490,284,127,901
478,437,904,1819
694,897,593,2184
389,731,437,1557
152,372,506,1030
909,830,497,2236
57,830,78,965
706,217,613,1536
582,654,108,1344
989,850,794,2633
911,681,188,1780
484,654,42,1180
1000,475,235,1710
145,604,505,1254
210,186,824,1220
372,423,817,1612
716,608,934,2258
853,893,82,1828
517,738,741,1996
17,770,335,1122
65,342,992,1399
119,362,294,775
341,638,525,1504
972,67,366,1405
25,941,2,968
441,144,834,1419
160,299,166,625
994,40,701,1735
137,819,789,1745
715,921,421,2057
38,377,705,1120
433,103,411,947
961,7,249,1217
986,153,980,2119
689,96,203,988
844,409,437,1690
151,647,638,1436
813,851,429,2093
610,480,420,1510
175,226,104,505
422,101,103,626
594,399,818,1811
100,591,452,1143
205,230,549,984
515,451,528,1494
937,594,721,2252
646,566,914,2126
689,387,48,1124
171,476,286,933
581,308,657,1546
285,692,792,1769
394,670,902,1966
365,567,75,1007
148,292,825,1265
561,639,854,2054
891,190,616,1697
679,49,124,852
104,705,77,886
648,181,807,1636
69,832,637,1538
619,990,33,1642
377,965,519,1861
639,481,144,1264
71,402,184,657
800,71,379,1250
558,737,855,2150
842,95,60,997
830,422,788,2040
166,835,789,1790
749,745,505,1999
668,175,30,873
282,258,22,562
139,868,862,1869
499,891,742,2132
195,55,635,885
105,736,371,1212
628,20,548,1196
769,481,9,1259
494,171,923,1588
821,501,940,2262
980,670,441,2091
910,708,819,2437
902,441,546,1889
203,688,322,1213
180,646,569,1395
210,351,843,1404
48,798,173,1019
983,484,913,2380
216,822,327,1365
188,57,255,500
89,8,429,526
199,163,716,1078
226,826,157,1209
127,534,664,1325
78,757,141,976
831,255,77,1163
13,811,882,1706
418,629,900,1947
929,612,513,2054
228,371,5,604
766,564,835,2165
376,310,762,1448
117,199,825,1141
676,116,341,1133
242,964,1000,2206
377,221,865,1463
291,13,861,1165
479,697,945,2121
470,490,734,1694
961,13,587,1561
497,446,461,1404
994,305,737,2036
409,833,777,2019
209,378,386,973
435,262,649,1346
333,650,512,1495
629,62,732,1423
731,406,215,1352
294,147,869,1310
674,845,927,2446
931,718,196,1845
584,887,175,1646
124,730,212,1066
844,385,95,1324
414,604,851,1869
42,161,622,825
170,74,865,1109
347,691,53,1091
633,337,520,1490
297,438,658,1393
694,352,494,1540
494,180,371,1045
199,454,727,1380
609,678,818,2105
531,332,957,1820
1,395,916,1312
811,261,185,1257
270,911,874,2055
834,93,370,1297
34,37,444,515
638,168,618,1424
434,296,72,802
33,804,741,1578
631,750,416,1797
673,925,157,1755
559,976,928,2463
573,647,584,1804
415,474,763,1652
638,982,345,1965
478,787,485,1750
646,518,706,1870
842,414,288,1544
62,380,977,1419
270,444,79,793
582,144,983,1709
629,881,595,2105
740,979,520,2239
59,376,1000,1435
303,314,741,1358
133,182,703,1018
146,841,612,1599
38,839,446,1323
868,373,112,1353
405,561,404,1370
854,774,153,1781
290,154,627,1071
150,128,389,667
969,67,139,1175
348,186,615,1149
528,19,822,1369
204,493,345,1042
408,35,444,887
741,33,898,1672
285,500,447,1232
814,918,781,2513
168,976,238,1382
9,450,347,806
573,701,606,1880
664,656,664,1984
400,413,594,1407
657,245,210,1112
286,81,192,559
906,918,433,2257
228,624,796,1648
30,523,801,1354
478,662,710,1850
833,832,81,1746
545,337,489,1371
781,781,979,2541
665,965,282,1912
40,341,195,576
655,324,732,1711
500,667,872,2039
203,986,777,1966
63,905,669,1637
51,361,725,1137
721,970,589,2280
794,866,355,2015
596,559,441,1596
533,26,785,1344
965,733,73,1771
976,783,619,2378
65,227,659,951
175,613,724,1512
729,950,933,2612
706,19,172,897
242,818,430,1490
450,251,393,1094
599,75,957,1631
196,499,401,1096
824,416,751,1991
516,130,597,1243
836,981,29,1846
842,482,732,2056
833,208,682,1723
171,973,907,2051
938,828,214,1980
733,406,641,1780
408,704,604,1716
173,514,430,1117
149,930,243,1322
148,924,134,1206
390,395,363,1148
776,991,790,2557
417,462,936,1815
422,676,272,1370
577,215,339,1131
405,719,570,1694
21,343,51,415
934,129,156,1219
749,956,27,1732
381,453,875,1709
668,669,196,1533
314,477,745,1536
662,584,839,2085
860,207,10,1077
914,343,759,2016
828,929,259,2016
223,249,681,1153
248,922,984,2154
556,396,583,1535
632,709,563,1904
345,141,919,1405
847,372,251,1470
756,625,558,1939
285,445,215,945
939,565,671,2175
917,377,284,1578
833,742,496,2071
436,88,911,1435
338,206,149,693
194,195,955,1344
213,432,427,1072
16,925,920,1861
978,84,363,1425
299,998,659,1956
80,634,765,1479
826,791,791,2408
754,12,144,910
207,932,905,2044
28,604,641,1273
650,780,50,1480
157,20,616,793
588,974,131,1693
191,99,932,1222
515,43,749,1307
443,454,602,1499
727,13,5,745
977,18,945,1940
381,231,332,944
466,628,736,1830
636,543,867,2046
484,957,692,2133
964,548,283,1795
268,843,645,1756
254,505,854,1613
952,987,815,2754
591,893,406,1890
284,554,745,1583
223,528,783,1534
80,580,218,878
743,6,651,1400
620,439,102,1161
272,948,37,1257
530,176,172,878
133,53,241,427
881,654,158,1693
229,179,402,810
213,797,719,1729
369,351,817,1537
371,159,305,835
376,0,877,1253
20,602,279,901
92,823,15,930
251,490,321,1062
217,489,361,1067
466,581,883,1930
212,71,498,781
523,293,426,1242
176,30,837,1043
107,385,152,644
428,148,365,941
341,996,419,1756
674,689,806,2169
817,467,353,1637
393,938,204,1535
517,901,420,1838
647,454,344,1445
364,812,680,1856
274,511,765,1550
477,54,811,1342
739,705,56,1500
880,720,460,2060
488,396,941,1825
534,157,782,1473
148,564,948,1660
591,777,307,1675
616,1,354,971
861,736,203,1800
906,331,142,1379
571,532,720,1823
540,193,688,1421
74,706,32,812
95,308,578,981
452,888,62,1402
272,963,488,1723
839,44,403,1286
158,316,553,1027
6,856,254,1116
453,430,428,1311
566,348,386,1300
783,108,422,1313
918,631,226,1775
420,586,577,1583
676,198,785,1659
818,295,76,1189
435,27,131,593
648,8,700,1356
881,736,541,2158
826,102,162,1090
783,168,585,1536
197,923,756,1876
351,817,687,1855
579,469,890,1938
371,720,43,1134
95,789,970,1854
38,315,215,568
50,625,83,758
865,724,968,2557
670,500,503,1673
465,761,770,1996
196,571,631,1398
779,160,678,1617
383,947,906,2236
821,875,435,2131
306,771,622,1699
641,371,40,1052
132,295,65,492
273,22,367,662
896,994,139,2029
251,603,438,1292
783,495,949,2227
498,197,205,900
957,853,758,2568
146,565,580,1291
395,467,620,1482
750,74,198,1022
685,439,174,1298
651,357,202,1210
261,652,607,1520
936,335,763,2034
690,944,494,2128
814,239,402,1455
472,302,775,1549
823,144,804,1771
89,338,232,659
304,476,527,1307
337,524,310,1171
832,367,949,2148
0,701,738,1439
128,725,185,1038
926,895,68,1889
937,826,175,1938
281,427,649,1357
199,561,178,938
126,511,784,1421
781,333,940,2054
795,711,351,1857
177,461,475,1113
899,946,937,2782
159,351,227,737
629,45,461,1135
422,444,804,1670
423,155,430,1008
949,213,690,1852
800,761,722,2283
692,195,332,1219
870,575,214,1659
609,951,30,1590
142,186,932,1260
977,346,946,2269
999,757,501,2257
493,604,139,1236
789,840,933,2562
379,525,701,1605
514,834,623,1971
542,390,75,1007
760,430,996,2186
882,469,761,2112
27,829,584,1440
790,231,595,1616
464,135,756,1355
576,832,603,2011
663,361,272,1296
55,570,974,1599
356,359,684,1399
408,920,893,2221
576,48,222,846
425,399,782,1606
368,276,828,1472
732,774,209,1715
976,469,884,2329
918,121,263,1302
799,644,607,2050
942,27,921,1890
954,828,991,2773
179,821,211,1211
540,542,601,1683
204,509,537,1250
594,479,226,1299
212,426,474,1112
502,498,854,1854
249,876,866,1991
931,134,179,1244
664,625,618,1907
68,21,895,984
478,446,958,1882
597,239,799,1635
712,364,751,1827
9,654,423,1086
364,803,712,1879
750,899,850,2499
487,133,472,1092
399,346,687,1432
476,519,612,1607
611,615,184,1410
22,677,542,1241
182,126,227,535
241,194,602,1037
744,81,108,933
400,503,846,1749
636,110,46,792
645,167,126,938
978,203,609,1790
514,776,721,2011
696,45,726,1467
872,160,535,1567
269,490,475,1234
349,89,371,809
70,328,846,1244
494,252,947,1693
561,219,517,1297
58,186,284,528
512,517,831,1860
839,813,833,2485
800,820,210,1830
229,286,48,563
644,263,883,1790
976,153,917,2046
889,361,615,1865
679,940,938,2557
770,648,27,1445
65,375,96,536
182,496,875,1553
111,661,655,1427
909,284,319,1512
639,96,49,784
784,355,15,1154
527,12,816,1355
899,472,150,1521
608,953,267,1828
663,504,577,1744
687,538,876,2101
502,503,865,1870
721,205,941,1867
688,273,836,1797
450,432,326,1208
900,993,284,2177
152,356,726,1234
315,362,744,1421
661,846,897,2404
531,230,373,1134
968,724,139,1831
850,183,589,1622
439,9,937,1385
803,664,904,2371
909,398,686,1993
607,219,887,1713
705,554,723,1982
194,548,170,912
452,847,443,1742
187,401,730,1318
216,469,683,1368
629,846,152,1627
140,210,532,882
894,512,680,2086
592,287,978,1857
432,312,972,1716
884,213,498,1595
140,841,53,1034
364,896,762,2022
143,318,449,910
817,985,831,2633
78,617,509,1204
912,390,829,2131
140,645,509,1294
314,943,949,2206
112,329,434,875
178,929,397,1504
618,437,281,1336
650,634,820,2104
385,980,574,1939
369,814,602,1785
835,280,183,1298
231,700,882,1813
609,720,362,1691
279,763,87,1129
17,773,316,1106
687,260,888,1835
651,905,262,1818
391,569,809,1769
737,398,654,1789
422,844,43,1309
835,251,519,1605
945,624,661,2230
486,259,144,889
624,382,681,1687
822,754,772,2348
688,824,268,1780
738,777,640,2155
356,265,15,636
899,956,4,1859
376,833,608,1817
481,247,463,1191
339,142,974,1455
843,115,584,1542
962,189,637,1788
545,147,931,1623
432,472,677,1581
654,501,694,1849
890,30,137,1057
677,846,330,1853
397,280,143,820
58,154,226,438
359,129,867,1355
421,289,832,1542
411,204,423,1038
184,920,410,1514
599,914,588,2101
73,394,249,716
368,142,637,1147
274,31,145,450
53,270,746,1069
619,317,853,1789
264,669,980,1913
249,135,11,395
308,203,110,621
663,806,696,2165
909,477,369,1755
458,968,765,2191
423,453,214,1090
121,851,443,1415
425,300,938,1663
862,725,52,1639
625,514,862,2001
377,49,41,467
53,119,450,622
536,879,808,2223
85,787,12,884
534,492,797,1823
841,148,668,1657
61,886,263,1210
548,470,383,1401
524,198,68,790
684,837,153,1674
89,125,218,432
559,440,243,1242
452,146,578,1176
980,373,499,1852
666,787,152,1605
212,97,542,851
554,19,17,590
459,624,135,1218
422,530,96,1048
745,697,820,2262
777,357,729,1863
305,520,685,1510
249,23,655,927
75,370,540,985
770,332,161,1263
93,859,396,1348
511,962,480,1953
259,7,585,851
667,462,844,1973
235,516,134,885
214,245,304,763
98,913,950,1961
909,327,849,2085
202,745,117,1064
959,522,639,2120
517,69,409,995
660,595,641,1896
247,547,167,961
606,13,518,1137
156,44,337,537
128,805,375,1308
351,733,198,1282
15,664,239,918
733,676,455,1864
122,180,841,1143
634,155,375,1164
714,588,845,2147
202,71,1000,1273
107,663,296,1066
549,533,296,1378
898,190,14,1102
103,931,599,1633
664,153,454,1271
537,201,973,1711
968,12,71,1051
11,249,531,791
553,264,987,1804
307,446,322,1075
20,499,671,1190
757,802,910,2469
446,16,356,818
606,331,128,1065
764,283,581,1628
768,948,125,1841
273,900,551,1724
185,449,585,1219
485,319,305,1109
24,47,954,1025
639,798,410,1847
937,817,928,2682
525,747,48,1320
921,71,129,1121
662,903,897,2462
424,923,635,1982
400,235,689,1324
543,283,472,1298
422,616,769,1807
274,650,723,1647
371,390,250,1011
138,713,337,1188
749,163,153,1065
462,524,951,1937
858,123,392,1373
665,22,261,948
597,744,877,2218
874,458,134,1466
139,141,208,488
532,112,636,1280
794,885,440,2119
420,890,328,1638
614,602,752,1968
403,396,796,1595
258,206,228,692
243,330,766,1339
539,323,501,1363
287,185,60,532
808,257,974,2039
968,865,25,1858
497,393,435,1325
104,554,392,1050
997,260,60,1317
234,904,122,1260
852,767,156,1775
926,246,283,1455
970,332,191,1493
476,913,360,1749
295,334,254,883
914,254,543,1711
930,385,270,1585
545,124,448,1117
266,962,271,1499
596,431,459,1486
593,847,209,1649
44,56,538,638
618,952,599,2169
422,51,9,482
630,339,304,1273
706,817,212,1735
539,685,484,1708
623,110,205,938
614,894,303,1811
600,815,239,1654
566,202,700,1468
558,642,599,1799
434,818,602,1854
662,856,682,2200
702,778,719,2199
18,555,75,648
289,416,497,1202
270,428,880,1578
898,722,312,1932
612,592,877,2081
573,516,624,1713
865,109,932,1906
364,394,568,1326
409,580,401,1390
293,473,196,962
708,620,877,2205
811,68,667,1546
173,12,152,337
15,607,961,1583
622,122,282,1026
955,883,954,2792
148,444,349,941
35,224,100,359
112,602,328,1042
214,18,411,643
183,190,150,523
273,658,547,1478
715,317,545,1577
798,49,748,1595
253,169,258,680
779,319,234,1332
990,527,700,2217
782,529,160,1471
559,507,132,1198
63,375,775,1213
909,520,906,2335
308,617,548,1473
549,598,278,1425
15,657,712,1384
382,41,154,577
883,808,496,2187
464,528,210,1202
683,436,680,1799
678,900,937,2515
693,824,24,1541
198,457,409,1064
52,137,296,485
747,124,384,1255
505,8,325,838
849,448,16,1313
614,328,219,1161
221,154,556,931
432,686,848,1966
871,32,988,1891
489,729,533,1751
620,67,994,1681
717,12,815,1544
559,467,937,1963
162,948,63,1173
240,39,611,890
345,805,625,1775
951,211,951,2113
699,193,314,1206
497,580,33,1110
488,980,349,1817
372,686,626,1684
4,594,500,1098
858,869,543,2270
466,858,827,2151
298,415,400,1113
639,951,819,2409
262,474,537,1273
836,515,745,2096
192,314,383,889
127,825,624,1576
158,917,155,1230
843,814,364,2021
60,647,671,1378
436,471,64,971
855,997,230,2082
282,588,551,1421
844,534,312,1690
1000,564,191,1755
701,768,342,1811
91,399,812,1302
333,501,885,1719
459,3,394,856
460,584,341,1385
163,836,17,1016
926,523,822,2271
934,862,187,1983
435,678,690,1803
834,478,600,1912
593,390,965,1948
978,215,131,1324
762,374,30,1166
345,708,315,1368
130,509,48,687
138,47,329,514
652,277,526,1455
840,512,250,1602
666,35,839,1540
459,200,464,1123
850,413,704,1967
805,437,128,1370
57,920,455,1432
514,42,265,821
973,266,110,1349
524,203,553,1280
381,93,626,1100
336,525,291,1152
480,804,46,1330
439,611,521,1571
596,114,461,1171
574,216,686,1476
512,105,855,1472
718,10,749,1477
523,969,646,2138
250,360,662,1272
609,603,667,1879
402,190,947,1539
4,212,107,323
169,416,911,1496
269,546,457,1272
102,785,994,1881
344,138,604,1086
816,620,125,1561
722,247,387,1356
427,168,141,736
159,551,677,1387
684,935,169,1788
974,334,664,1972
303,74,339,716
117,991,566,1674
782,117,219,1118
529,884,309,1722
178,812,44,1034
562,57,951,1570
625,988,77,1690
865,90,521,1476
355,534,297,1186
205,229,973,1407
443,325,617,1385
682,559,894,2135
530,536,695,1761
434,46,125,605
982,595,276,1853
89,64,108,261
575,383,130,1088
759,288,380,1427
754,259,542,1555
410,452,156,1018
935,83,834,1852
827,946,439,2212
559,582,673,1814
477,302,521,1300
124,450,123,697
866,650,591,2107
525,247,839,1611
353,275,221,849
476,295,587,1358
156,18,495,669
108,36,639,783
627,552,862,2041
540,215,618,1373
685,637,682,2004
791,42,227,1060
907,950,720,2577
869,10,66,945
177,233,639,1049
463,123,216,802
769,869,93,1731
869,849,18,1736
337,964,782,2083
222,745,502,1469
69,545,647,1261
945,54,446,1445
521,37,94,652
630,884,600,2114
910,413,874,2197
690,41,33,764
482,300,995,1777
962,960,473,2395
205,862,431,1498
766,829,165,1760
778,173,438,1389
367,835,890,2092
987,644,657,2288
273,932,355,1560
755,281,715,1751
2,243,466,711
699,301,521,1521
844,834,319,1997
116,912,752,1780
917,262,186,1365
379,86,303,768
578,199,627,1404
374,932,710,2016
410,132,263,805
47,282,544,873
333,732,673,1738
873,863,667,2403
437,764,97,1298
593,920,174,1687
642,450,483,1575
464,700,404,1568
794,215,554,1563
648,533,843,2024
910,443,438,1791
504,577,858,1939
636,528,447,1611
592,806,740,2138
125,159,92,376
625,58,872,1555
417,627,559,1603
70,718,998,1786
494,477,509,1480
883,42,386,1311
335,544,328,1207
863,372,339,1574
874,779,275,1928
473,286,759,1518
306,427,560,1293
918,657,551,2126
285,412,129,826
454,161,957,1572
258,469,297,1024
893,894,309,2096
846,819,256,1921
923,941,949,2813
430,551,179,1160
602,35,775,1412
831,55,715,1601
176,588,529,1293
737,947,784,2468
674,182,814,1670
175,341,286,802
846,424,945,2215
672,600,501,1773
823,692,31,1546
100,868,328,1296
807,828,338,1973
74,377,464,915
437,486,480,1403
730,638,209,1577
627,525,566,1718
565,573,79,1217
83,900,309,1292
111,487,60,658
506,698,225,1429
438,789,490,1717
670,448,808,1926
211,552,829,1592
408,127,668,1203
541,439,859,1839
579,438,668,1685
111,921,114,1146
588,518,502,1608
945,470,310,1725
587,520,145,1252
521,903,3,1427
270,133,723,1126
821,88,835,1744
399,175,696,1270
927,147,189,1263
396,222,75,693
700,438,1,1139
56,621,275,952
165,204,448,817
962,376,640,1978
620,708,578,1906
960,974,475,2409
706,561,185,1452
46,863,107,1016
278,32,755,1065
939,229,721,1889
151,729,49,929
2,195,501,698
321,307,40,668
278,882,552,1712
788,694,116,1598
99,641,894,1634
974,211,397,1582
810,918,594,2322
947,518,222,1687
22,979,628,1629
631,403,183,1217
969,264,996,2229
876,145,345,1366
512,582,972,2066
452,738,205,1395
887,844,760,2491
372,749,639,1760
159,563,513,1235
723,5,998,1726
871,329,52,1252
694,381,425,1500
612,213,311,1136
791,946,451,2188
452,371,873,1696
186,99,445,730
460,14,58,532
229,928,10,1167
940,204,713,1857
904,931,841,2676
105,866,629,1600
745,603,205,1553
950,532,451,1933
216,713,518,1447
797,683,323,1803
992,42,735,1769
54,69,165,288
954,110,226,1290
396,806,641,1843
385,82,204,671
256,714,583,1553
472,238,358,1068
390,219,185,794
961,362,216,1539
589,740,60,1389
208,183,496,887
313,220,85,618
459,936,704,2099
335,675,90,1100
62,714,724,1500
127,103,960,1190
539,557,862,1958
729,756,197,1682
322,462,293,1077
847,188,626,1661
719,257,938,1914
211,633,913,1757
287,101,570,958
681,78,421,1180
404,760,404,1568
125,326,455,906
194,979,884,2057
23,776,345,1144
378,612,749,1739
195,780,640,1615
386,298,272,956
59,802,626,1487
426,673,366,1465
740,233,126,1099
411,180,140,731
308,953,55,1316
577,429,815,1821
90,404,339,833
576,821,543,1940
656,584,431,1671
6,707,556,1269
157,819,625,1601
414,775,868,2057
416,722,903,2041
259,611,700,1570
476,890,750,2116
471,691,946,2108
756,494,565,1815
433,966,682,2081
711,612,299,1622
849,544,250,1643
399,757,181,1337
68,409,90,567
889,802,218,1909
727,770,385,1882
414,307,370,1091
255,372,15,642
594,349,325,1268
478,996,759,2233
334,183,664,1181
600,786,102,1488
440,114,596,1150
757,725,914,2396
567,226,369,1162
862,112,291,1265
711,865,258,1834
169,471,802,1442
540,805,704,2049
117,900,935,1952
775,719,48,1542
80,873,145,1098
822,546,600,1968
624,754,251,1629
876,509,972,2357
491,434,426,1351
883,378,698,1959
950,918,161,2029
723,514,141,1378
739,10,815,1564
81,71,989,1141
989,816,893,2698
974,927,237,2138
643,988,674,2305
479,101,151,731
529,218,11,758
126,929,717,1772
460,758,435,1653
824,365,610,1799
178,161,322,661
984,565,742,2291
227,541,286,1054
255,379,166,800
433,443,251,1127
679,169,705,1553
79,193,241,513
677,430,321,1428
43,832,715,1590
18,451,940,1409
787,77,58,922
214,70,281,565
465,336,976,1777
391,488,663,1542
921,266,557,1744
113,241,820,1174
509,607,142,1258
792,646,816,2254
882,318,388,1588
957,541,180,1678
160,117,608,885
541,417,0,958
858,456,153,1467
657,686,797,2140
679,877,165,1721
573,110,531,1214
263,0,164,427
524,540,228,1292
526,767,543,1836
938,883,306,2127
518,377,192,1087
799,155,517,1471
468,965,952,2385
214,408,800,1422
822,116,562,1500
544,6,763,1313
703,135,952,1790
969,279,105,1353
468,78,455,1001
122,742,666,1530
446,826,234,1506
409,756,238,1403
362,111,148,621
816,742,179,1737
967,977,934,2878
15,511,750,1276
86,435,290,811
422,356,118,896
665,720,634,2019
694,650,922,2266
488,251,325,1064
895,509,826,2230
109,933,864,1906
144,579,150,873
297,345,738,1380
987,487,647,2121
420,226,318,964
954,262,975,2191
370,590,141,1101
339,668,679,1686
485,329,77,891
445,489,548,1482
456,693,413,1562
695,886,351,1932
827,958,9,1794
480,139,929,1548
893,93,988,1974
342,595,111,1048
553,674,541,1768
691,446,153,1290
193,664,965,1822
765,224,242,1231
700,291,29,1020
662,818,308,1788
922,446,645,2013
644,810,130,1584
992,505,159,1656
280,893,128,1301
230,235,186,651
779,651,696,2126
563,846,28,1437
11,886,900,1797
707,308,668,1683
725,28,522,1275
765,602,905,2272
120,456,515,1091
667,366,883,1916
54,670,840,1564
835,163,69,1067
471,232,615,1318
735,220,901,1856
659,198,131,988
908,434,424,1766
10,985,326,1321
864,545,796,2205
926,664,640,2230
613,783,338,1734
507,669,9,1185
411,847,752,2010
659,978,554,2191
345,166,609,1120
244,769,599,1612
664,839,320,1823
684,77,884,1645
222,525,104,851
11,112,115,238
593,449,568,1610
977,952,759,2688
2,49,243,294
590,915,678,2183
43,776,35,854
568,804,138,1510
801,714,817,2332
282,417,993,1692
277,420,690,1387
793,47,822,1662
13,266,383,662
303,512,931,1746
217,963,638,1818
568,154,122,844
617,688,675,1980
637,474,753,1864
590,171,544,1305
435,318,972,1725
61,622,320,1003
832,820,227,1879
363,121,241,725
41,479,304,824
144,415,133,692
952,242,306,1500
303,999,656,1958
714,53,41,808
170,289,330,789
672,949,125,1746
812,507,995,2314
249,227,295,771
404,712,832,1948
720,476,773,1969
664,816,79,1559
922,969,705,2596
904,743,176,1823
161,827,48,1036
337,727,319,1383
524,379,622,1525
856,898,877,2631
976,785,78,1839
257,865,195,1317
494,959,490,1943
764,112,1,877
398,908,221,1527
734,623,870,2227
145,382,207,734
746,364,204,1314
866,221,872,1959
867,165,21,1053
17,340,159,516
13,838,504,1355
958,446,37,1441
478,915,361,1754
87,218,950,1255
818,762,504,2084
718,846,540,2104
218,118,993,1329
113,578,201,892
115,943,478,1536
589,624,928,2141
238,311,525,1074
454,917,864,2235
942,82,706,1730
307,364,119,790
502,210,36,748
672,733,151,1556
768,337,3,1108
451,126,576,1153
253,425,366,1044
781,424,232,1437
183,464,489,1136
785,600,810,2195
859,873,581,2313
356,411,54,821
416,310,241,967
601,684,853,2138
124,24,388,536
557,640,435,1632
629,39,625,1293
34,233,745,1012
884,497,386,1767
536,940,537,2013
809,871,875,2555
971,308,810,2089
980,793,506,2279
285,79,874,1238
872,551,535,1958
828,741,166,1735
634,839,240,1713
339,919,309,1567
38,972,195,1205
7,234,53,294
521,525,680,1726
699,515,511,1725
530,781,471,1782
83,939,461,1483
954,208,60,1222
468,887,304,1659
740,319,718,1777
173,958,732,1863
787,998,363,2148
202,416,367,985
456,399,851,1706
177,322,861,1360
871,668,503,2042
106,174,492,772
476,542,472,1490
632,832,375,1839
237,380,213,830
268,660,117,1045
906,540,373,1819
439,275,859,1573
919,638,141,1698
359,684,783,1826
459,141,919,1519
894,547,66,1507
781,218,418,1417
746,527,600,1873
640,339,45,1024
390,155,884,1429
564,672,282,1518
43,729,77,849
969,783,447,2199
377,453,894,1724
443,474,89,1006
233,192,763,1188
472,299,559,1330
930,275,292,1497
780,439,734,1953
795,631,16,1442
703,977,134,1814
656,567,56,1279
580,872,679,2131
155,203,678,1036
459,175,390,1024
441,26,704,1171
380,68,510,958
816,437,943,2196
305,365,420,1090
114,35,880,1029
411,847,952,2210
607,127,340,1074
710,759,577,2046
561,200,282,1043
813,106,264,1183
117,63,847,1027
724,483,30,1237
322,267,126,715
794,491,754,2039
655,996,686,2337
608,423,724,1755
693,236,863,1792
387,985,752,2124
262,752,166,1180
24,759,474,1257
144,986,588,1718
15,294,894,1203
951,761,922,2634
510,599,240,1349
15,375,738,1128
442,288,97,827
933,947,51,1931
640,740,647,2027
328,471,668,1467
889,764,632,2285
707,519,921,2147
699,351,923,1973
310,701,342,1353
119,578,923,1620
944,63,937,1944
477,97,749,1323
337,634,377,1348
791,386,655,1832
244,484,32,760
740,389,88,1217
461,389,737,1587
115,821,612,1548
254,992,413,1659
967,29,301,1297
682,643,217,1542
689,991,782,2462
201,435,156,792
813,405,411,1629
41,892,519,1452
791,446,451,1688
205,524,347,1076
524,127,61,712
919,191,708,1818
272,443,449,1164
637,147,195,979
147,634,283,1064
175,327,668,1170
520,699,887,2106
202,745,445,1392
379,440,271,1090
359,627,290,1276
154,790,122,1066
816,442,585,1843
750,416,698,1864
939,619,172,1730
493,240,438,1171
959,173,961,2093
93,30,566,689
356,90,683,1129
345,83,465,893
780,41,588,1409
533,776,454,1763
283,872,757,1912
333,909,384,1626
716,847,51,1614
20,205,291,516
322,960,432,1714
353,667,813,1833
128,185,615,928
371,959,158,1488
428,644,299,1371
428,618,810,1856
767,561,922,2250
800,912,330,2042
426,458,314,1198
518,584,483,1585
851,207,342,1400
881,730,116,1727
84,105,700,889
765,661,677,2103
967,938,643,2548
999,951,85,2035
218,842,285,1345
818,960,854,2632
928,856,337,2121
792,25,199,1016
83,479,575,1137
948,359,145,1452
749,198,38,985
351,299,156,806
493,556,291,1340
709,155,532,1396
924,494,182,1600
866,32,540,1438
35,47,591,673
142,301,718,1161
708,477,54,1239
7,74,922,1003
598,651,129,1378
319,135,965,1419
172,497,168,837
726,121,739,1586
698,238,52,988
65,508,341,914
672,666,659,1997
189,347,261,797
822,341,835,1998
856,428,175,1459
806,13,34,853
327,220,22,569
579,942,226,1747
191,860,221,1272
913,620,376,1909
512,475,665,1652
600,505,955,2060
177,916,569,1662
286,226,925,1437
754,941,793,2488
193,996,25,1214
743,882,807,2432
815,90,763,1668
182,814,994,1990
323,181,482,986
947,276,91,1314
298,363,287,948
147,996,314,1457
324,866,584,1774
462,671,59,1192
13,278,566,857
908,594,660,2162
240,85,726,1051
964,340,32,1336
418,653,377,1448
449,149,321,919
13,992,127,1132
942,579,903,2424
313,673,498,1484
801,26,720,1547
722,485,744,1951
554,189,14,757
237,399,593,1229
90,280,439,809
164,893,18,1075
452,988,169,1609
911,558,760,2229
336,492,566,1394
73,747,892,1712
428,350,371,1149
932,530,375,1837
322,908,823,2053
996,71,986,2053
449,747,318,1514
815,275,679,1769
38,388,91,517
120,911,564,1595
618,694,739,2051
136,912,497,1545
734,4,347,1085
279,75,729,1083
301,716,747,1764
636,703,409,1748
981,593,204,1778
64,550,125,739
87,202,58,347
43,519,909,1471
597,38,22,657
215,305,703,1223
284,719,863,1866
303,443,283,1029
124,667,242,1033
202,699,950,1851
312,328,661,1301
159,876,695,1730
576,99,67,742
557,817,9,1383
129,777,289,1195
328,573,263,1164
212,730,561,1503
43,383,655,1081
862,493,633,1988
604,537,749,1890
153,853,307,1313
119,438,166,723
320,617,734,1671
476,600,203,1279
293,984,991,2268
282,508,738,1528
803,368,263,1434
47,371,746,1164
792,875,530,2197
326,634,530,1490
800,611,738,2149
701,743,235,1679
273,108,975,1356
170,111,502,783
934,398,473,1805
842,914,265,2021
618,51,82,751
867,237,561,1665
541,449,571,1561
141,463,627,1231
870,27,98,995
930,221,398,1549
628,725,805,2158
776,890,779,2445
339,394,878,1611
202,667,817,1686
343,350,466,1159
996,896,412,2304
895,608,855,2358
273,928,531,1732
199,275,666,1140
802,734,780,2316
880,943,896,2719
930,567,577,2074
746,265,890,1901
799,86,123,1008
313,693,897,1903
233,938,168,1339
988,816,609,2413
292,293,149,734
423,215,374,1012
45,891,712,1648
823,190,385,1398
908,794,60,1762
769,497,183,1449
145,161,385,691
39,331,955,1325
955,840,163,1958
184,797,62,1043
383,227,787,1397
129,467,783,1379
512,529,986,2027
601,482,193,1276
580,324,511,1415
11,782,111,904
692,189,74,955
390,45,53,488
231,576,308,1115
265,906,544,1715
232,821,665,1718
308,745,848,1901
167,847,259,1273
665,191,746,1602
718,858,2,1578
985,118,380,1483
710,969,204,1883
533,49,113,695
588,117,113,818
865,873,560,2298
286,445,799,1530
100,396,546,1042
65,953,544,1562
393,283,910,1586
295,359,552,1206
810,157,652,1619
908,983,372,2263
843,776,343,1962
452,349,531,1332
782,333,159,1274
226,645,440,1311
766,458,790,2014
138,309,795,1242
674,623,175,1472
900,172,849,1921
182,305,422,909
435,691,293,1419
203,381,80,664
758,632,357,1747
821,374,478,1673
542,95,782,1419
66,181,838,1085
591,895,396,1882
550,507,295,1352
799,840,976,2615
108,860,931,1899
674,332,13,1019
953,416,602,1971
493,640,583,1716
295,685,485,1465
218,735,451,1404
55,338,200,593
158,351,6,515
319,221,322,862
861,771,248,1880
252,348,239,839
812,560,917,2289
591,880,636,2107
995,925,920,2840
127,314,422,863
229,428,302,959
525,77,755,1357
649,942,395,1986
436,738,488,1662
69,980,989,2038
612,265,103,980
849,366,128,1343
17,832,515,1364
268,336,84,688
873,909,203,1985
728,539,437,1704
759,162,994,1915
438,383,834,1655
866,533,786,2185
821,695,244,1760
158,868,605,1631
846,309,238,1393
406,973,456,1835
562,894,39,1495
181,611,257,1049
529,978,663,2170
947,874,502,2323
725,842,249,1816
223,984,379,1586
37,569,860,1466
154,681,460,1295
554,22,916,1492
582,705,73,1360
225,577,463,1265
100,274,992,1366
981,84,960,2025
894,112,68,1074
851,909,603,2363
811,149,303,1263
64,978,647,1689
105,756,242,1103
547,539,869,1955
37,6,651,694
227,167,573,967
675,431,672,1778
585,617,119,1321
525,368,518,1411
298,709,231,1238
993,126,496,1615
480,586,395,1461
123,629,60,812
663,775,771,2209
677,25,463,1165
316,852,713,1881
231,882,424,1537
101,48,882,1031
288,225,760,1273
690,511,524,1725
699,664,631,1994
816,48,421,1285
363,355,596,1314
432,173,591,1196
475,532,636,1643
473,519,779,1771
603,732,925,2260
33,342,552,927
463,207,205,875
35,746,795,1576
576,622,724,1922
634,773,985,2392
846,750,337,1933
585,525,937,2047
400,884,110,1394
908,477,289,1674
348,79,716,1143
292,319,910,1521
462,317,54,833
285,620,452,1357
167,399,427,993
812,580,230,1622
927,527,605,2059
575,106,98,779
41,559,242,842
687,532,43,1262
560,630,113,1303
425,735,53,1213
915,838,962,2715
603,463,241,1307
169,312,698,1179
31,197,205,433
704,556,805,2065
203,734,669,1606
927,519,422,1868
65,758,535,1358
644,304,366,1314
246,643,196,1085
189,639,743,1571
563,753,523,1839
397,275,433,1105
535,778,757,2070
984,721,720,2425
187,693,475,1355
226,559,110,895
476,68,330,874
874,336,818,2028
293,840,752,1885
844,945,42,1831
721,762,468,1951
244,269,882,1395
106,707,192,1005
74,870,11,955
799,218,222,1239
868,728,66,1662
432,444,795,1671
517,415,25,957
576,683,156,1415
397,816,509,1722
451,478,8,937
192,796,669,1657
509,656,328,1493
676,408,667,1751
256,658,427,1341
587,57,726,1370
716,868,327,1911
628,60,425,1113
852,898,311,2061
740,637,653,2030
372,523,456,1351
55,24,392,471
883,385,939,2207
504,201,335,1040
131,157,265,553
660,370,768,1798
272,10,819,1101
185,421,702,1308
356,156,387,899
782,492,225,1499
239,632,239,1110
468,823,678,1969
828,853,331,2012
386,638,1,1025
150,709,82,941
259,510,920,1689
660,169,304,1133
931,298,964,2193
741,388,301,1430
644,745,586,1975
459,402,206,1067
567,373,412,1352
220,36,835,1091
936,264,604,1804
933,9,795,1737
204,29,708,941
230,521,415,1166
473,781,846,2100
208,492,139,839
939,878,869,2686
507,395,829,1731
886,719,586,2191
652,970,390,2012
115,516,462,1093
107,956,839,1902
33,720,214,967
35,182,904,1121
860,661,652,2173
596,569,744,1909
874,377,698,1949
819,248,234,1301
276,422,150,848
281,775,970,2026
532,212,59,803
562,460,198,1220
156,381,386,923
946,347,394,1687
371,56,48,475
834,633,204,1671
180,486,872,1538
624,378,251,1253
253,386,537,1176
224,180,973,1377
921,931,677,2529
855,830,202,1887
386,168,954,1508
620,93,730,1443
945,578,392,1915
477,354,78,909
892,987,769,2648
888,842,664,2394
665,712,620,1997
999,580,238,1817
441,313,794,1548
371,760,527,1658
170,342,56,568
870,680,514,2064
887,39,583,1509
686,222,776,1684
805,329,670,1804
939,44,852,1835
96,577,516,1189
203,782,132,1117
583,815,579,1977
191,616,392,1199
150,317,810,1277
603,760,496,1859
262,993,721,1976
559,183,775,1517
221,200,963,1384
360,598,717,1675
870,678,155,1703
543,454,862,1859
833,284,498,1615
573,304,915,1792
142,749,195,1086
920,351,262,1533
141,903,198,1242
469,928,827,2224
107,403,785,1295
57,38,263,358
208,113,704,1025
409,312,370,1091
86,660,795,1541
840,215,226,1281
854,821,616,2291
159,290,149,598
93,488,744,1325
298,849,74,1221
683,207,456,1346
169,778,511,1458
853,634,166,1653
209,329,149,687
337,858,790,1985
479,38,299,816
921,964,526,2411
254,392,642,1288
596,680,491,1767
677,27,450,1154
359,304,345,1008
633,695,102,1430
42,134,686,862
0,86,68,154
260,730,761,1751
187,573,480,1240
443,319,896,1658
95,713,506,1314
339,433,859,1631
725,77,288,1090
330,635,202,1167
270,486,698,1454
694,491,142,1327
587,487,317,1391
108,890,964,1962
332,250,351,933
342,310,547,1199
194,485,394,1073
565,817,992,2374
258,247,982,1487
350,360,706,1416
896,979,297,2172
441,164,191,796
392,396,716,1504
956,108,433,1497
836,568,451,1855
901,40,320,1261
221,562,294,1077
718,708,711,2137
318,945,547,1810
583,7,946,1536
639,957,294,1890
947,397,176,1520
922,20,825,1767
286,700,685,1671
32,892,730,1654
500,84,335,919
324,567,94,985
859,337,279,1475
853,400,858,2111
876,474,489,1839
843,267,559,1669
317,521,526,1364
45,791,199,1035
355,24,987,1366
903,594,843,2340
806,337,829,1972
181,954,983,2118
324,222,92,638
509,166,22,697
563,952,430,1945
285,656,246,1187
226,790,984,2000
656,518,280,1454
854,203,715,1772
876,27,686,1589
753,463,761,1977
917,388,267,1572
972,767,274,2013
605,509,93,1207
335,810,335,1480
170,471,964,1605
575,539,822,1936
809,477,934,2220
179,603,164,946
966,553,637,2156
464,801,590,1855
252,521,108,881
597,485,547,1629
522,159,509,1190
648,769,374,1791
394,399,413,1206
302,251,23,576
983,806,87,1876
317,993,53,1363
896,103,247,1246
192,971,804,1967
375,574,791,1740
565,100,278,943
896,467,631,1994
496,936,666,2098
799,382,316,1497
443,583,483,1509
301,560,226,1087
568,218,10,796
178,911,494,1583
641,334,726,1701
423,910,435,1768
321,922,852,2095
332,91,686,1109
63,640,895,1598
931,479,839,2249
175,450,613,1238
611,822,683,2116
727,268,948,1943
437,69,230,736
942,401,223,1566
424,835,705,1964
278,827,802,1907
202,704,85,991
888,477,314,1679
344,872,263,1479
858,250,24,1132
742,189,186,1117
956,162,837,1955
403,747,258,1408
795,697,641,2133
256,488,60,804
894,108,87,1089
438,768,778,1984
150,590,327,1067
27,725,477,1229
694,705,164,1563
429,289,797,1515
517,518,23,1058
901,3,222,1126
415,172,864,1451
172,999,900,2071
23,527,791,1341
636,644,966,2246
147,551,528,1226
259,794,265,1318
106,913,273,1292
78,384,101,563
892,760,870,2522
899,854,678,2431
274,122,689,1085
463,324,638,1425
476,563,258,1297
611,343,174,1128
843,812,32,1687
715,150,142,1007
320,784,94,1198
94,546,207,847
862,87,917,1866
285,446,295,1026
573,955,517,2045
534,874,847,2255
464,331,352,1147
194,82,869,1145
512,580,663,1755
355,667,717,1739
298,312,851,1461
145,58,54,257
186,41,371,598
666,583,428,1677
934,2,239,1175
868,498,595,1961
979,522,902,2403
518,593,326,1437
526,735,939,2200
582,85,402,1069
197,221,781,1199
631,920,221,1772
91,694,742,1527
741,15,222,978
581,647,855,2083
957,671,205,1833
613,212,497,1322
735,457,439,1631
543,443,248,1234
878,321,809,2008
915,585,584,2084
703,975,717,2395
226,596,377,1199
345,457,391,1193
129,940,859,1928
880,58,395,1333
523,259,632,1414
629,232,900,1761
105,637,868,1610
926,811,819,2556
991,796,954,2741
883,373,400,1656
204,628,663,1495
924,57,115,1096
418,497,646,1561
904,765,91,1760
954,247,504,1705
944,375,764,2083
167,449,968,1584
78,889,123,1090
203,862,417,1482
616,998,970,2584
464,818,680,1962
767,88,475,1330
392,20,11,423
451,148,733,1332
66,77,344,487
28,646,156,830
959,417,163,1539
234,555,583,1372
252,403,325,980
464,927,797,2188
543,938,553,2034
802,750,888,2440
294,220,831,1345
619,714,698,2031
662,676,194,1532
151,717,650,1518
876,333,942,2151
863,779,972,2614
460,427,892,1779
54,224,902,1180
11,60,824,895
637,488,807,1932
503,838,710,2051
921,409,128,1458
450,819,701,1970
837,429,91,1357
596,149,753,1498
879,298,310,1487
133,67,881,1081
589,468,364,1421
554,560,954,2068
477,26,115,618
176,613,592,1381
841,308,689,1838
918,522,23,1463
314,594,93,1001
907,50,900,1857
285,124,284,693
340,381,70,791
361,627,236,1224
251,765,814,1830
400,56,773,1229
862,456,486,1804
738,753,417,1908
538,331,882,1751
761,507,266,1534
585,219,500,1304
526,90,972,1588
459,969,927,2355
296,771,653,1720
269,611,517,1397
193,334,348,875
292,191,323,806
975,576,233,1784
387,356,898,1641
624,649,708,1981
9,631,698,1338
296,637,148,1081
592,929,708,2229
412,689,866,1967
220,454,586,1260
942,439,510,1891
954,208,54,1216
563,250,626,1439
873,135,637,1645
244,848,74,1166
321,592,143,1056
630,620,429,1679
67,879,659,1605
292,818,656,1766
511,659,490,1660
382,335,581,1298
978,225,156,1359
390,423,980,1793
533,972,933,2438
511,793,230,1534
951,716,658,2325
23,674,691,1388
613,912,431,1956
966,504,60,1530
26,677,886,1589
33,237,94,364
242,711,455,1408
590,588,206,1384
438,252,287,977
808,896,666,2370
673,280,542,1495
239,383,507,1129
633,822,637,2092
238,55,810,1103
986,133,194,1313
259,341,881,1481
404,166,727,1297
253,912,227,1392
777,2,309,1088
740,360,559,1659
950,592,441,1983
840,240,812,1892
249,671,353,1273
184,777,908,1869
183,142,83,408
563,337,123,1023
549,38,713,1300
347,591,964,1902
498,830,141,1469
908,13,793,1714
787,724,725,2236
407,68,40,515
708,771,640,2119
151,657,476,1284
16,323,211,550
529,488,223,1240
57,174,680,911
474,792,880,2146
764,320,531,1615
30,251,670,951
883,217,374,1474
898,432,703,2033
987,559,341,1887
837,457,162,1456
501,832,452,1785
970,398,763,2131
535,498,275,1308
815,607,736,2158
723,114,485,1322
296,692,698,1686
971,817,339,2127
957,621,128,1706
964,525,514,2003
166,913,348,1427
840,806,501,2147
895,409,834,2138
545,732,918,2195
741,272,449,1462
364,591,672,1627
828,352,416,1596
765,530,208,1503
338,618,126,1082
223,660,849,1732
748,373,943,2064
19,675,532,1226
151,359,211,721
39,447,847,1333
158,484,360,1002
918,920,874,2712
197,709,431,1337
442,959,659,2060
519,448,392,1359
274,41,858,1173
588,322,435,1345
601,881,711,2193
801,966,939,2706
647,243,15,905
831,451,678,1960
817,206,267,1290
60,121,965,1146
838,816,864,2518
152,697,243,1092
806,786,715,2307
144,54,5,203
479,91,730,1300
461,504,845,1810
403,257,201,861
741,920,573,2234
414,760,858,2032
771,681,506,1958
421,318,631,1370
240,972,127,1339
728,602,594,1924
61,796,720,1577
324,472,146,942
493,995,712,2200
998,50,402,1450
285,160,224,669
522,739,511,1772
840,563,730,2133
716,856,145,1717
593,353,793,1739
613,942,632,2187
826,788,802,2416
806,201,844,1851
498,303,698,1499
608,167,799,1574
613,598,205,1416
102,979,239,1320
190,476,516,1182
402,592,30,1024
758,937,451,2146
702,213,960,1875
419,137,577,1133
493,327,238,1058
897,767,933,2597
638,213,143,994
3,155,118,276
733,282,200,1215
536,179,193,908
758,828,518,2104
857,525,91,1473
524,553,185,1262
759,886,837,2482
292,201,496,989
854,284,864,2002
409,121,661,1191
586,603,626,1815
906,661,919,2486
133,77,655,865
930,90,462,1482
951,828,503,2282
721,517,862,2100
862,939,982,2783
741,369,538,1648
796,939,684,2419
302,58,664,1024
402,119,329,850
161,783,561,1505
691,656,405,1752
426,892,479,1797
84,796,260,1140
311,97,833,1241
659,591,980,2230
48,823,293,1164
147,770,927,1844
232,712,207,1151
465,716,338,1519
897,997,659,2553
125,276,265,666
264,865,367,1496
578,84,637,1299
98,511,383,992
137,688,295,1120
417,992,721,2130
364,305,427,1096
750,832,12,1594
510,181,377,1068
826,539,386,1751
598,402,72,1072
863,397,256,1516
239,393,884,1516
481,287,41,809
778,150,307,1235
94,262,189,545
378,565,649,1592
711,798,575,2084
439,145,396,980
884,808,745,2437
141,778,891,1810
862,61,516,1439
683,786,543,2012
885,881,111,1877
623,790,382,1795
159,908,998,2065
1000,226,138,1364
925,581,527,2033
33,177,139,349
257,118,485,860
251,526,756,1533
275,832,104,1211
631,753,211,1595
653,586,236,1475
627,584,150,1361
996,257,498,1751
144,254,889,1287
338,446,249,1033
943,819,959,2721
396,617,409,1422
717,404,91,1212
289,902,667,1858
464,548,685,1697
328,200,775,1303
597,30,761,1388
682,42,221,945
263,656,307,1226
706,940,684,2330
975,732,719,2426
990,756,669,2415
151,437,961,1549
369,102,716,1187
296,261,213,770
250,563,624,1437
725,971,28,1724
488,226,577,1291
417,797,508,1722
333,226,28,587
422,465,971,1858
883,834,9,1726
32,942,726,1700
824,513,373,1710
529,464,447,1440
236,984,190,1410
840,257,131,1228
751,902,399,2052
246,939,401,1586
593,322,215,1130
263,225,269,757
815,828,59,1702
112,413,311,836
358,617,933,1908
885,269,44,1198
105,171,535,811
866,913,999,2778
586,977,115,1678
43,352,292,687
540,925,466,1931
674,333,533,1540
46,333,608,987
768,200,145,1113
599,960,598,2157
551,468,358,1377
521,613,152,1286
948,303,108,1359
426,500,907,1833
236,169,130,535
133,988,672,1793
276,260,490,1026
42,47,312,401
317,311,379,1007
588,434,661,1683
410,529,66,1005
860,981,594,2435
949,132,992,2073
717,910,233,1860
873,723,539,2135
381,773,232,1386
980,378,464,1822
737,737,836,2310
409,226,920,1555
249,527,435,1211
700,683,930,2313
778,861,835,2474
756,60,853,1669
999,511,698,2208
429,837,600,1866
785,139,851,1775
216,55,651,922
649,513,509,1671
878,787,971,2636
803,301,48,1152
392,125,122,639
399,980,818,2197
629,191,594,1414
187,765,696,1648
209,893,206,1308
111,293,74,478
169,440,743,1352
881,410,920,2211
621,154,157,932
444,864,613,1921
388,238,756,1382
257,65,225,547
427,908,340,1675
858,67,937,1862
925,347,170,1442
646,133,112,891
224,602,137,963
654,190,277,1121
793,560,186,1539
568,9,928,1505
607,911,775,2293
621,217,601,1439
407,864,611,1882
49,398,727,1174
961,746,457,2164
502,701,675,1878
747,9,370,1126
488,222,380,1090
544,570,407,1521
89,61,442,592
609,319,447,1375
279,906,366,1551
48,129,517,694
232,389,816,1437
29,763,512,1304
228,357,480,1065
658,540,521,1719
469,61,766,1296
465,868,548,1881
356,225,583,1164
586,986,449,2021
361,225,249,835
541,976,614,2131
173,794,668,1635
283,392,316,991
352,248,14,614
214,964,317,1495
641,566,301,1508
928,592,420,1940
357,464,741,1562
760,95,276,1131
411,499,597,1507
658,114,110,882
91,850,919,1860
426,447,714,1587
959,972,437,2368
497,151,826,1474
697,474,655,1826
285,419,765,1469
645,598,849,2092
167,632,280,1079
390,163,647,1200
527,959,997,2483
115,95,939,1149
348,460,504,1312
964,941,357,2262
887,359,569,1815
951,509,537,1997
450,32,0,482
406,975,114,1495
943,990,407,2340
454,618,736,1808
497,5,985,1487
341,401,226,968
525,564,436,1525
265,523,364,1152
793,644,802,2239
196,885,950,2031
637,349,1000,1986
611,687,41,1339
867,42,218,1127
315,475,939,1729
903,328,267,1498
858,872,746,2476
102,638,80,820
681,11,483,1175
526,175,990,1691
831,328,750,1909
956,768,963,2687
633,852,952,2437
132,421,880,1433
994,88,363,1445
664,379,767,1810
743,246,274,1263
623,514,58,1195
821,162,102,1085
603,409,47,1059
257,232,628,1117
727,809,69,1605
440,60,471,971
184,27,637,848
993,589,787,2369
887,801,892,2580
885,131,508,1524
565,389,905,1859
806,129,276,1211
411,425,315,1151
501,321,38,860
623,190,489,1302
305,587,993,1885
740,447,436,1623
304,397,882,1583
15,258,492,765
619,815,923,2357
670,580,90,1340
37,188,674,899
290,801,604,1695
853,703,768,2324
561,735,568,1864
551,804,548,1903
915,438,321,1674
425,875,299,1599
651,4,826,1481
686,40,838,1564
988,507,498,1993
879,43,597,1519
476,332,392,1200
805,989,916,2710
757,326,750,1833
632,322,966,1920
187,461,953,1601
411,968,917,2296
220,430,856,1506
69,607,380,1056
223,310,501,1034
241,596,753,1590
628,133,77,838
658,242,882,1782
518,815,900,2233
326,895,10,1231
756,185,532,1473
203,460,151,814
865,617,615,2097
218,754,800,1772
86,174,546,806
596,637,55,1288
442,34,469,945
737,390,358,1485
896,506,903,2305
685,129,490,1304
732,130,614,1476
91,750,840,1681
641,860,584,2085
520,603,644,1767
95,583,617,1295
908,832,53,1793
718,485,950,2153
418,840,748,2006
915,509,968,2392
322,44,296,662
415,672,968,2055
626,907,536,2069
618,938,297,1853
563,349,697,1609
914,852,422,2188
441,513,90,1044
445,443,703,1591
208,852,107,1167
848,67,706,1621
880,232,118,1230
751,668,88,1507
940,154,363,1457
415,625,330,1370
383,501,128,1012
240,818,396,1454
5,742,97,844
980,115,242,1337
40,808,957,1805
28,762,270,1060
141,58,610,809
557,918,476,1951
290,885,497,1672
112,789,457,1358
441,865,941,2247
288,173,803,1264
551,185,786,1522
188,732,856,1776
132,593,976,1701
972,975,514,2461
93,511,219,823
122,641,401,1164
952,282,551,1785
249,77,811,1137
872,87,812,1771
101,152,830,1083
760,439,550,1749
625,728,329,1682
912,274,105,1291
363,302,600,1265
37,871,798,1706
123,119,663,905
497,787,508,1792
180,42,789,1011
538,95,433,1066
354,476,369,1199
954,783,198,1935
24,9,752,785
795,884,634,2313
785,537,586,1908
295,631,117,1043
825,795,107,1727
731,536,520,1787
782,656,495,1933
126,967,789,1882
476,100,211,787
459,702,382,1543
776,475,569,1820
7,378,316,701
559,260,361,1180
846,381,980,2207
115,834,246,1195
889,243,878,2010
725,799,952,2476
187,389,293,869
11,651,416,1078
729,712,862,2303
134,329,952,1415
670,558,249,1477
501,274,941,1716
46,569,676,1291
431,90,110,631
854,815,597,2266
932,273,789,1994
599,173,998,1770
218,215,104,537
355,402,469,1226
293,69,272,634
562,687,238,1487
924,95,632,1651
476,881,551,1908
993,155,403,1551
19,438,995,1452
545,266,266,1077
728,287,766,1781
915,732,586,2233
92,203,862,1157
537,379,117,1033
695,846,68,1609
441,872,508,1821
247,725,840,1812
801,71,730,1602
294,64,650,1008
159,9,951,1119
588,226,550,1364
243,359,714,1316
396,873,905,2174
214,641,71,926
987,37,691,1715
193,885,423,1501
116,711,134,961
759,396,204,1359
336,533,485,1354
195,698,418,1311
962,69,397,1428
619,479,843,1941
944,890,501,2335
570,418,291,1279
268,649,19,936
969,958,706,2633
176,771,490,1437
144,512,944,1600
404,621,213,1238
96,943,350,1389
53,550,913,1516
482,605,497,1584
406,4,438,848
147,392,600,1139
801,305,534,1640
137,888,462,1487
728,518,310,1556
472,429,91,992
259,16,565,840
454,462,402,1318
743,467,523,1733
725,930,613,2268
880,521,792,2193
788,912,522,2222
742,351,749,1842
361,700,681,1742
444,847,742,2033
861,962,839,2662
727,821,69,1617
956,841,711,2508
913,859,622,2394
943,841,685,2469
923,812,362,2097
904,758,114,1776
228,340,766,1334
919,947,848,2714
922,951,723,2596
424,753,111,1288
784,271,51,1106
365,457,472,1294
372,886,346,1604
155,672,888,1715
447,96,88,631
194,882,960,2036
686,767,838,2291
126,963,868,1957
300,873,793,1966
124,146,911,1181
907,777,333,2017
777,413,644,1834
987,711,20,1718
660,460,569,1689
144,284,723,1151
679,486,605,1770
770,688,226,1684
503,739,599,1841
271,171,20,462
104,517,560,1181
633,796,983,2412
889,851,35,1775
835,269,31,1135
755,253,274,1282
859,537,403,1799
556,852,517,1925
962,533,810,2305
154,717,549,1420
184,562,872,1618
69,426,27,522
304,807,265,1376
712,833,729,2274
860,313,785,1958
377,127,573,1077
502,867,168,1537
778,657,891,2326
697,176,894,1767
976,900,863,2739
580,95,518,1193
271,454,136,861
531,628,872,2031
240,876,647,1763
347,701,407,1455
709,489,871,2069
934,318,779,2031
587,403,778,1768
733,292,660,1685
516,962,187,1665
411,216,328,955
825,335,171,1331
832,70,313,1215
216,282,368,866
962,646,645,2253
224,601,88,913
277,125,382,784
744,746,24,1514
853,669,257,1779
104,156,222,482
266,391,768,1425
334,707,747,1788
884,621,847,2352
191,190,728,1109
364,180,50,594
428,764,641,1833
484,3,643,1130
689,649,905,2243
522,348,596,1466
268,382,392,1042
899,895,377,2171
862,172,547,1581
251,337,807,1395
928,860,563,2351
37,891,718,1646
620,722,475,1817
580,402,411,1393
671,774,913,2358
166,943,349,1458
313,607,697,1617
182,658,566,1406
180,663,263,1106
162,336,726,1224
126,347,531,1004
832,954,429,2215
314,131,262,707
444,957,703,2104
284,626,842,1752
751,723,861,2335
177,737,251,1165
125,788,957,1870
312,766,865,1943
501,322,813,1636
52,437,344,833
759,104,940,1803
505,937,123,1565
205,720,526,1451
777,983,863,2623
642,967,908,2517
248,83,526,857
865,857,458,2180
156,368,461,985
47,632,270,949
541,286,390,1217
924,628,358,1910
825,191,651,1667
434,32,309,775
936,826,546,2308
634,385,606,1625
47,750,511,1308
731,753,137,1621
224,878,455,1557
310,945,10,1265
467,931,814,2212
866,177,235,1278
43,286,753,1082
601,675,233,1509
335,954,885,2174
224,553,355,1132
545,471,822,1838
146,474,909,1529
298,195,246,739
263,684,678,1625
835,12,520,1367
568,993,33,1594
395,547,517,1459
922,631,818,2371
221,920,253,1394
127,885,802,1814
767,717,593,2077
834,782,439,2055
683,999,60,1742
655,162,910,1727
937,317,171,1425
958,451,56,1465
131,751,240,1122
910,852,640,2402
762,294,91,1147
766,845,129,1740
187,209,441,837
980,516,719,2215
95,28,572,695
864,11,538,1413
854,300,135,1289
462,163,718,1343
20,428,498,946
293,445,549,1287
776,722,686,2184
776,899,451,2126
680,853,919,2452
534,779,972,2285
101,485,647,1233
658,363,760,1781
632,744,168,1544
303,472,893,1668
139,33,45,217
706,399,894,1999
276,510,19,805
243,962,697,1902
999,826,762,2587
985,502,537,2024
837,174,201,1212
426,995,720,2141
375,25,905,1305
126,956,26,1108
186,649,521,1356
380,147,280,807
150,408,956,1514
518,149,633,1300
6,571,320,897
515,845,192,1552
889,358,912,2159
225,532,796,1553
21,1,454,476
965,366,533,1864
438,266,405,1109
745,664,466,1875
51,845,341,1237
67,63,516,646
205,346,356,907
811,17,518,1346
406,561,194,1161
232,215,687,1134
857,509,6,1372
581,973,930,2484
949,345,806,2100
910,799,430,2139
637,558,778,1973
516,778,174,1468
654,134,891,1679
905,763,640,2308
698,65,948,1711
152,352,242,746
727,199,76,1002
240,86,783,1109
553,183,265,1001
523,225,169,917
72,819,626,1517
516,604,476,1596
473,783,973,2229
75,497,360,932
188,974,71,1233
195,28,375,598
361,824,944,2129
193,263,554,1010
384,128,758,1270
268,489,31,788
650,563,490,1703
253,852,630,1735
100,7,134,241
999,331,701,2031
499,537,584,1620
189,544,812,1545
91,982,133,1206
834,336,663,1833
330,986,664,1980
362,744,157,1263
693,688,934,2315
574,211,198,983
806,867,737,2410
103,340,341,784
241,442,483,1166
361,376,475,1212
233,962,777,1972
543,215,384,1142
41,957,964,1962
104,626,235,965
13,727,86,826
861,623,599,2083
606,888,75,1569
222,895,498,1615
474,952,976,2402
402,902,949,2253
292,617,346,1255
509,264,877,1650
757,561,922,2240
27,334,396,757
370,107,798,1275
616,633,254,1503
428,954,315,1697
548,720,961,2229
253,176,364,793
358,713,626,1697
772,371,49,1192
103,502,760,1365
822,660,375,1857
619,126,827,1572
970,747,194,1911
866,173,885,1924
581,141,189,911
284,923,711,1918
223,843,993,2059
318,798,358,1474
118,179,98,395
11,155,557,723
405,582,718,1705
281,180,333,794
946,875,747,2568
682,64,776,1522
264,965,668,1897
853,292,22,1167
691,172,932,1795
100,819,24,943
343,954,109,1406
904,163,676,1743
630,143,33,806
444,116,500,1060
984,308,585,1877
824,346,868,2038
967,361,231,1559
459,250,954,1663
204,570,834,1608
306,128,660,1094
166,970,684,1820
254,566,610,1430
692,875,568,2135
13,891,951,1855
371,166,978,1515
467,971,820,2258
616,735,153,1504
421,868,796,2085
270,569,670,1509
318,249,442,1009
534,550,109,1193
689,675,0,1364
966,986,264,2216
915,601,789,2305
881,409,568,1858
890,574,518,1982
566,122,512,1200
765,477,726,1968
494,442,339,1275
721,219,627,1567
673,880,510,2063
519,826,998,2343
647,349,365,1361
299,338,656,1293
186,384,60,630
681,591,654,1926
895,287,327,1509
583,579,983,2145
871,371,749,1991
123,218,403,744
453,525,317,1295
368,42,570,980
988,618,739,2345
902,587,565,2054
508,35,238,781
727,77,173,977
106,771,557,1434
774,79,832,1685
700,256,268,1224
80,747,193,1020
197,191,294,682
312,633,840,1785
811,150,927,1888
461,718,104,1283
139,364,741,1244
575,756,555,1886
734,996,293,2023
456,740,153,1349
991,463,4,1458
593,696,403,1692
466,305,458,1229
394,951,931,2276
935,956,868,2759
48,781,780,1609
251,725,901,1877
529,583,509,1621
286,101,987,1374
741,957,585,2283
832,520,279,1631
98,625,766,1489
990,594,224,1808
545,361,822,1728
570,219,264,1053
428,178,12,618
409,870,618,1897
867,853,655,2375
295,626,502,1423
539,608,495,1642
897,183,397,1477
923,853,577,2353
428,266,537,1231
624,987,674,2285
572,890,626,2088
50,562,58,670
522,964,49,1535
246,371,508,1125
313,806,695,1814
445,943,495,1883
679,539,626,1844
419,945,313,1677
526,39,378,943
828,635,160,1623
285,469,306,1060
358,792,465,1615
53,284,840,1177
128,401,971,1500
97,141,627,865
449,838,922,2209
656,965,219,1840
699,969,775,2443
567,133,987,1687
999,499,862,2360
4,435,473,912
299,978,714,1991
218,579,657,1454
144,880,538,1562
788,847,38,1673
265,304,644,1213
669,738,735,2142
78,829,574,1481
500,253,267,1020
260,459,980,1699
816,653,851,2320
893,171,914,1978
32,105,46,183
718,692,512,1922
247,158,937,1342
569,115,285,969
953,998,360,2311
384,212,25,621
190,655,110,955
390,968,148,1506
655,183,858,1696
285,59,830,1174
486,608,946,2040
393,998,29,1420
571,661,350,1582
667,567,69,1303
395,532,818,1745
246,694,635,1575
565,650,508,1723
479,451,427,1357
338,634,548,1520
200,540,648,1388
434,932,530,1896
312,407,541,1260
157,939,493,1589
601,652,313,1566
212,498,497,1207
616,383,583,1582
960,142,216,1318
358,130,715,1203
245,793,764,1802
589,170,788,1547
422,646,305,1373
323,820,360,1503
590,310,603,1503
215,511,355,1081
29,535,209,773
624,916,640,2180
521,885,500,1906
162,747,800,1709
285,215,21,521
238,391,142,771
814,807,653,2274
261,333,266,860
911,329,140,1380
130,663,2,795
878,163,981,2022
755,419,363,1537
500,310,992,1802
759,754,461,1974
83,471,463,1017
326,610,726,1662
788,67,491,1346
326,305,2,633
984,235,613,1832
588,719,777,2084
584,845,140,1569
398,475,844,1717
645,570,922,2137
647,174,931,1752
853,406,514,1773
974,322,97,1393
869,929,83,1881
73,169,80,322
944,377,20,1341
846,410,262,1518
818,647,922,2387
218,564,938,1720
956,854,286,2096
448,576,362,1386
624,544,57,1225
612,125,696,1433
530,843,90,1463
306,252,99,657
772,665,541,1978
343,377,136,856
238,21,322,581
554,196,209,959
595,642,807,2044
178,623,849,1650
721,721,186,1628
520,847,444,1811
125,88,247,460
777,22,489,1288
15,141,221,377
652,701,832,2185
333,394,809,1536
315,857,406,1578
661,567,806,2034
165,94,277,536
218,3,882,1103
537,152,902,1591
431,740,845,2016
761,879,755,2395
479,580,453,1512
45,849,887,1781
161,307,754,1222
986,620,8,1614
260,177,562,999
542,77,158,777
370,930,266,1566
576,663,204,1443
656,818,428,1902
709,245,384,1338
388,867,482,1737
563,91,328,982
725,50,344,1119
643,371,845,1859
361,923,477,1761
982,824,470,2276
740,247,836,1823
277,250,443,970
225,536,765,1526
995,539,394,1928
193,485,559,1237
865,315,462,1642
972,934,677,2583
713,459,552,1724
224,992,302,1518
210,476,383,1069
410,130,561,1101
354,111,217,682
421,532,287,1240
184,945,229,1358
908,785,94,1787
160,177,257,594
302,465,78,845
37,863,545,1445
247,61,331,639
290,366,612,1268
832,526,773,2131
487,394,416,1297
581,503,218,1302
959,807,872,2638
983,191,990,2164
2,147,44,193
424,557,50,1031
42,367,79,488
779,442,54,1275
196,589,313,1098
579,851,760,2190
132,923,714,1769
452,383,754,1589
109,109,264,482
576,145,908,1629
303,803,703,1809
572,816,287,1675
463,320,453,1236
874,494,573,1941
11,744,312,1067
480,903,995,2378
779,443,940,2162
804,899,940,2643
563,343,648,1554
386,323,629,1338
911,460,37,1408
825,187,165,1177
750,796,525,2071
593,810,632,2035
1000,183,119,1302
300,814,85,1199
219,947,183,1349
857,245,809,1911
253,329,624,1206
790,203,369,1362
388,590,423,1401
909,218,567,1694
531,969,437,1937
443,997,569,2009
546,382,567,1495
855,301,40,1196
678,625,694,1997
871,365,242,1478
60,516,869,1445
475,35,629,1139
492,746,289,1527
964,914,480,2358
457,728,182,1367
35,62,588,685
531,478,683,1692
928,464,590,1982
648,38,248,934
715,100,596,1411
34,764,317,1115
156,304,187,647
471,692,578,1741
382,587,38,1007
504,346,774,1624
666,883,960,2509
668,185,890,1743
9,679,78,766
777,839,261,1877
317,591,995,1903
496,738,155,1389
279,460,452,1191
631,545,542,1718
0,127,757,884
588,360,279,1227
585,694,17,1296
381,631,348,1360
702,926,109,1737
362,745,887,1994
373,723,281,1377
893,825,947,2665
337,90,115,542
482,638,425,1545
414,120,178,712
555,278,532,1365
445,229,489,1163
115,492,758,1365
255,257,646,1158
530,21,92,643
738,281,736,1755
939,569,723,2231
547,22,449,1018
828,610,719,2157
839,538,812,2189
261,639,83,983
579,876,453,1908
256,581,516,1353
189,531,39,759
69,803,464,1336
24,7,835,866
995,461,898,2354
623,429,984,2036
573,430,215,1218
705,176,75,956
706,843,142,1691
570,278,120,968
993,722,905,2620
1000,700,77,1777
316,358,793,1467
625,896,251,1772
577,183,925,1685
952,852,543,2347
608,846,472,1926
528,252,859,1639
160,359,613,1132
520,328,851,1699
322,528,734,1584
59,228,302,589
321,763,217,1301
141,775,437,1353
476,142,908,1526
353,300,759,1412
222,151,407,780
222,278,821,1321
497,668,129,1294
663,803,808,2274
197,15,455,667
172,145,150,467
683,210,325,1218
838,670,711,2219
450,468,538,1456
337,739,709,1785
753,888,263,1904
204,935,390,1529
522,38,741,1301
997,606,904,2507
96,256,532,884
308,842,691,1841
550,274,586,1410
722,960,783,2465
901,800,551,2252
89,256,145,490
158,986,358,1502
684,800,777,2261
945,703,175,1823
727,571,103,1401
775,129,77,981
406,547,838,1791
314,170,22,506
143,129,551,823
544,45,94,683
984,478,204,1666
346,820,824,1990
606,850,855,2311
676,839,870,2385
977,831,272,2080
646,169,245,1060
937,215,927,2079
98,277,154,529
790,610,350,1750
110,47,98,255
81,173,184,438
64,564,935,1563
779,561,839,2179
432,576,697,1705
770,81,354,1205
5,602,901,1508
216,173,81,470
330,789,394,1513
284,429,23,736
227,789,209,1225
674,555,802,2031
705,482,387,1574
189,647,30,866
333,321,735,1389
843,303,878,2024
985,124,599,1708
111,722,510,1343
606,791,373,1770
831,576,825,2232
186,744,862,1792
492,55,965,1512
226,432,531,1189
486,789,225,1500
721,474,148,1343
133,459,573,1165
201,968,282,1451
356,899,987,2242
734,968,634,2336
803,912,211,1926
480,493,499,1472
238,998,236,1472
870,111,572,1553
184,654,220,1058
855,766,173,1794
162,298,933,1393
498,655,10,1163
741,925,546,2212
255,814,453,1522
421,142,735,1298
735,623,951,2309
113,621,910,1644
50,26,643,719
566,822,542,1930
566,638,558,1762
782,546,499,1827
393,157,585,1135
785,646,42,1473
70,893,326,1289
784,161,956,1901
451,553,720,1724
356,860,622,1838
3,366,403,772
505,935,538,1978
89,320,271,680
936,747,272,1955
377,736,328,1441
591,359,399,1349
128,726,99,953
168,553,882,1603
106,950,936,1992
505,485,512,1502
447,690,366,1503
889,484,530,1903
10,872,410,1292
629,122,147,898
326,105,864,1295
56,189,480,725
428,935,602,1965
889,494,362,1745
916,160,288,1364
871,845,498,2214
901,841,150,1892
367,388,986,1741
933,597,429,1959
690,233,110,1033
981,438,829,2248
768,793,877,2438
890,659,32,1581
17,411,550,978
108,767,22,897
891,425,444,1760
424,163,212,799
963,560,217,1740
920,223,611,1754
36,606,833,1475
97,800,261,1158
223,708,66,997
319,347,890,1556
828,143,284,1255
590,22,764,1376
996,10,441,1447
806,543,568,1917
657,795,435,1887
208,255,868,1331
0,827,428,1255
721,365,14,1100
969,620,379,1968
347,847,762,1956
618,111,725,1454
568,665,209,1442
125,805,547,1477
524,730,66,1320
813,662,318,1793
281,625,648,1554
842,614,376,1832
61,667,124,852
344,626,176,1146
346,141,724,1211
555,488,940,1983
71,657,735,1463
982,400,963,2345
549,192,695,1436
674,639,144,1457
234,359,421,1014
162,20,595,777
382,857,432,1671
803,514,92,1409
477,852,102,1431
208,228,952,1388
664,430,17,1111
730,176,294,1200
902,813,719,2434
2,263,604,869
443,956,559,1958
418,598,165,1181
337,400,872,1609
121,594,543,1258
539,584,397,1520
596,410,171,1177
957,269,683,1909
953,76,519,1548
850,220,579,1649
517,584,60,1161
996,328,282,1606
310,157,631,1098
661,149,411,1221
847,190,144,1181
727,198,594,1519
336,928,400,1664
530,713,147,1390
415,547,326,1288
817,361,450,1628
628,835,866,2329
896,626,676,2198
471,151,595,1217
823,282,565,1670
952,228,74,1254
620,584,926,2130
711,620,745,2076
386,907,205,1498
22,205,221,448
943,359,133,1435
807,150,64,1021
876,994,582,2452
205,793,272,1270
487,502,2,991
74,672,3,749
669,246,78,993
598,875,206,1679
133,587,683,1403
696,566,602,1864
720,738,398,1856
597,973,612,2182
509,95,55,659
999,811,545,2355
427,827,865,2119
107,401,750,1258
536,807,794,2137
88,644,588,1320
807,857,363,2027
811,346,377,1534
555,623,178,1356
45,564,628,1237
324,959,183,1466
658,214,662,1534
389,115,317,821
98,135,610,843
944,893,914,2751
93,570,364,1027
584,605,185,1374
776,698,430,1904
176,596,94,866
247,233,849,1329
392,81,474,947
851,935,38,1824
334,369,770,1473
179,665,437,1281
569,605,984,2158
540,477,228,1245
916,102,487,1505
768,650,105,1523
129,693,956,1778
333,703,987,2023
754,675,95,1524
301,144,617,1062
2,55,857,914
189,557,433,1179
119,710,19,848
692,397,283,1372
563,179,188,930
539,470,857,1866
940,995,361,2296
222,605,486,1313
394,185,185,764
139,227,694,1060
999,442,412,1853
301,759,73,1133
553,59,863,1475
154,135,341,630
222,644,229,1095
949,907,729,2585
598,558,665,1821
869,177,800,1846
19,98,184,301
725,98,216,1039
276,190,460,926
837,208,196,1241
406,55,97,558
662,486,412,1560
919,695,119,1733
110,634,23,767
9,907,805,1721
802,424,818,2044
389,801,561,1751
261,823,361,1445
207,925,28,1160
81,918,932,1931
650,132,506,1288
785,844,278,1907
345,359,540,1244
945,50,258,1253
104,779,805,1688
413,491,383,1287
122,835,617,1574
968,490,728,2186
958,835,730,2523
433,93,535,1061
117,291,899,1307
337,110,193,640
196,725,548,1469
736,74,68,878
148,170,376,694
365,314,782,1461
752,345,946,2043
794,788,176,1758
206,336,569,1111
218,663,520,1401
832,493,828,2153
894,427,852,2173
663,965,175,1803
963,740,581,2284
236,481,413,1130
847,453,32,1332
923,454,224,1601
655,680,834,2169
115,484,152,751
626,430,121,1177
805,459,980,2244
733,12,920,1665
433,464,816,1713
35,950,6,991
925,837,828,2590
664,339,405,1408
457,934,310,1701
570,609,923,2102
765,805,585,2155
332,17,796,1145
790,133,519,1442
863,690,511,2064
818,40,537,1395
276,802,433,1511
660,866,752,2278
581,954,663,2198
28,27,157,212
903,980,445,2328
240,282,78,600
928,540,594,2062
379,107,438,924
905,273,382,1560
678,669,882,2229
355,249,622,1226
876,836,258,1970
446,853,249,1548
151,767,779,1697
619,892,444,1955
563,224,630,1417
881,606,545,2032
883,578,385,1846
808,659,626,2093
365,553,712,1630
66,788,17,871
565,986,540,2091
668,219,768,1655
397,352,414,1163
584,347,912,1843
841,704,207,1752
944,90,797,1831
22,757,695,1474
549,645,707,1901
217,297,53,567
895,633,25,1553
587,457,32,1076
40,616,776,1432
530,478,951,1959
227,800,673,1700
261,364,510,1135
815,571,452,1838
84,509,842,1435
358,797,823,1978
644,87,881,1612
671,784,196,1651
362,833,235,1430
287,338,730,1355
511,619,57,1187
950,507,559,2016
233,703,353,1289
425,773,924,2122
546,38,288,872
126,50,796,972
651,764,658,2073
705,200,987,1892
488,619,872,1979
584,569,763,1916
138,142,124,404
844,317,621,1782
393,142,458,993
750,721,587,2058
999,628,772,2399
226,303,224,753
136,290,58,484
18,130,592,740
205,776,41,1022
977,353,109,1439
178,147,560,885
964,725,101,1790
495,52,746,1293
532,576,297,1405
773,523,4,1300
456,393,739,1588
698,468,923,2089
784,251,703,1738
515,801,111,1427
422,326,214,962
75,403,492,970
610,509,393,1512
44,440,407,891
339,326,953,1618
997,818,54,1869
43,680,272,995
236,209,983,1428
214,87,791,1092
13,322,954,1289
960,139,185,1284
868,972,991,2831
954,138,178,1270
719,787,329,1835
959,673,437,2069
20,895,784,1699
942,969,303,2214
758,670,721,2149
775,246,886,1907
462,183,327,972
984,185,650,1819
326,33,4,363
563,476,306,1345
168,167,809,1144
199,631,310,1140
150,866,726,1742
439,64,644,1147
317,118,176,611
367,513,588,1468
511,257,399,1167
278,555,216,1049
578,403,894,1875
638,565,159,1362
89,142,728,959
938,947,6,1891
637,384,955,1976
140,383,97,620
491,304,553,1348
225,195,341,761
549,643,830,2022
644,498,144,1286
174,226,90,490
29,360,811,1200
430,218,163,811
584,234,117,935
623,865,136,1624
872,68,205,1145
685,943,174,1802
380,146,815,1341
347,125,58,530
285,386,561,1232
98,494,894,1486
304,830,802,1936
813,249,617,1679
649,312,880,1841
257,606,676,1539
459,755,7,1221
577,121,729,1427
865,267,744,1876
667,104,852,1623
883,79,323,1285
599,429,546,1574
76,111,377,564
976,444,879,2299
458,547,97,1102
27,810,580,1417
821,637,968,2426
926,963,668,2557
625,45,293,963
34,926,795,1755
439,638,925,2002
809,66,794,1669
546,693,633,1872
675,775,189,1639
788,229,315,1332
851,624,403,1878
952,54,493,1499
827,322,169,1318
511,369,205,1085
6,232,184,422
776,61,120,957
55,279,307,641
739,177,724,1640
803,375,717,1895
53,144,439,636
517,971,3,1491
591,719,995,2305
728,299,983,2010
906,143,363,1412
858,639,51,1548
282,194,715,1191
658,86,459,1203
602,588,457,1647
586,532,937,2055
273,0,61,334
923,417,391,1731
87,471,515,1073
234,962,40,1236
465,399,824,1688
178,732,256,1166
919,534,428,1881
209,891,929,2029
105,984,728,1817
741,109,416,1266
614,331,686,1631
886,688,764,2338
574,199,668,1441
88,162,640,890
648,96,445,1189
964,145,380,1489
858,658,682,2198
381,2,520,903
378,356,361,1095
214,186,819,1219
274,154,170,598
731,73,262,1066
433,80,842,1355
184,506,722,1412
443,246,238,927
882,187,957,2026
359,427,263,1049
180,541,486,1207
612,20,328,960
37,958,792,1787
115,847,455,1417
226,480,764,1470
949,855,785,2589
548,605,354,1507
89,804,79,972
844,385,819,2048
231,949,833,2013
953,719,415,2087
389,314,367,1070
944,186,830,1960
850,227,303,1380
148,457,270,875
865,792,351,2008
847,543,299,1689
882,296,897,2075
942,335,787,2064
817,210,30,1057
503,345,691,1539
868,759,351,1978
261,253,28,542
383,5,804,1192
405,846,670,1921
499,82,206,787
457,769,75,1301
830,594,745,2169
617,333,606,1556
60,96,98,254
734,75,766,1575
415,5,45,465
393,569,931,1893
843,136,745,1724
23,222,598,843
529,974,857,2360
455,550,864,1869
434,212,233,879
915,335,294,1544
337,2,25,364
330,405,538,1273
753,877,831,2461
931,320,606,1857
398,561,757,1716
335,232,705,1272
833,106,850,1789
156,572,288,1016
726,842,820,2388
571,787,749,2107
755,818,437,2010
357,297,862,1516
878,239,484,1601
530,34,182,746
899,115,92,1106
879,624,209,1712
110,491,283,884
974,430,420,1824
293,294,885,1472
989,228,280,1497
287,728,139,1154
193,483,819,1495
679,73,977,1729
411,323,337,1071
936,399,468,1803
23,731,393,1147
166,592,552,1310
829,184,455,1468
356,194,204,754
416,41,523,980
129,112,692,933
163,728,13,904
610,926,205,1741
919,620,5,1544
668,480,12,1160
126,540,577,1243
644,758,822,2224
973,681,339,1993
774,128,316,1218
258,39,224,521
445,230,606,1281
907,295,587,1789
686,141,254,1081
405,644,473,1522
480,455,210,1145
414,831,907,2152
836,71,253,1160
49,841,101,991
650,644,306,1600
205,537,277,1019
298,122,765,1185
841,714,880,2435
211,328,788,1327
96,28,953,1077
886,792,85,1763
770,374,36,1180
563,585,420,1568
444,560,795,1799
677,89,109,875
265,961,23,1249
702,959,503,2164
52,976,383,1411
644,797,943,2384
326,252,402,980
493,274,972,1739
182,797,555,1534
922,67,937,1926
720,419,770,1909
341,612,165,1118
96,737,881,1714
14,436,965,1415
523,769,929,2221
951,625,921,2497
188,49,491,728
976,365,342,1683
411,857,450,1718
209,111,689,1009
460,201,172,833
286,439,470,1195
223,505,877,1605
34,401,404,839
879,991,963,2833
606,468,34,1108
443,475,683,1601
519,763,69,1351
261,279,261,801
402,184,344,930
602,650,768,2020
1,869,694,1564
885,995,827,2707
133,237,665,1035
642,62,907,1611
138,15,408,561
23,832,72,927
673,18,200,891
858,143,827,1828
408,139,525,1072
86,631,864,1581
460,681,39,1180
259,153,750,1162
744,204,148,1096
546,326,786,1658
203,361,268,832
28,771,946,1745
734,533,160,1427
928,722,59,1709
27,847,806,1680
134,553,413,1100
209,771,280,1260
155,634,66,855
992,108,431,1531
403,45,436,884
657,285,333,1275
829,635,323,1787
801,518,152,1471
316,314,142,772
25,895,436,1356
347,586,251,1184
550,360,279,1189
1,932,493,1426
212,634,908,1754
76,924,129,1129
373,321,258,952
196,350,356,902
257,12,725,994
362,436,461,1259
717,468,288,1473
583,738,793,2114
506,967,392,1865
339,224,438,1001
267,583,412,1262
40,525,718,1283
382,614,608,1604
472,664,702,1838
922,607,775,2304
417,0,178,595
262,214,148,624
23,162,238,423
299,872,934,2105
64,421,198,683
834,723,798,2355
927,714,951,2592
114,180,375,669
676,289,705,1670
677,69,448,1194
821,398,325,1544
560,756,180,1496
766,958,102,1826
504,48,260,812
642,419,68,1129
903,396,150,1449
328,657,581,1566
290,692,899,1881
986,422,594,2002
586,870,145,1601
862,61,882,1805
209,342,345,896
742,77,745,1564
490,504,158,1152
613,988,376,1977
728,717,789,2234
271,376,225,872
429,803,746,1978
246,391,515,1152
336,717,677,1730
295,31,324,650
763,247,127,1137
75,421,723,1219
88,494,685,1267
714,191,108,1013
82,314,987,1383
765,813,320,1898
898,906,873,2677
115,709,684,1508
941,625,434,2000
259,184,595,1038
927,624,503,2054
125,401,315,841
314,755,551,1620
819,208,806,1833
566,146,45,757
630,291,691,1612
653,748,645,2046
151,648,194,993
972,609,40,1621
221,124,906,1251
430,898,933,2261
963,412,261,1636
1,412,209,622
493,538,466,1497
664,968,614,2246
226,679,821,1726
607,292,634,1533
117,842,484,1443
232,714,327,1273
12,563,946,1521
197,123,905,1225
262,382,871,1515
122,385,548,1055
70,950,851,1871
857,493,606,1956
271,947,509,1727
202,124,866,1192
793,191,249,1233
191,486,341,1018
132,720,605,1457
206,442,82,730
502,397,576,1475
80,22,559,661
119,718,13,850
516,799,3,1318
245,917,577,1739
271,358,241,870
370,544,141,1055
570,648,633,1851
854,827,789,2470
257,937,268,1462
991,449,482,1922
886,90,210,1186
957,429,638,2024
328,624,735,1687
980,10,33,1023
991,850,235,2076
733,154,551,1438
861,494,154,1509
419,471,161,1051
300,819,476,1595
638,711,172,1521
164,769,55,988
913,23,196,1132
222,597,158,977
3,202,153,358
878,257,832,1967
19,600,439,1058
32,219,902,1153
725,254,835,1814
527,302,374,1203
59,780,903,1742
832,988,24,1844
394,883,487,1764
193,898,306,1397
954,741,990,2685
323,996,658,1977
627,317,75,1019
397,209,177,783
448,172,528,1148
281,449,839,1569
24,289,248,561
110,902,923,1935
406,460,628,1494
37,297,698,1032
475,997,20,1492
842,501,686,2029
36,825,19,880
40,265,361,666
262,316,667,1245
323,680,385,1388
5,619,672,1296
711,659,358,1728
229,918,510,1657
612,987,966,2565
470,350,945,1765
793,420,306,1519
910,315,780,2005
145,935,43,1123
57,86,996,1139
430,753,471,1654
419,676,201,1296
326,381,628,1335
848,790,59,1697
621,966,375,1962
30,929,611,1570
511,645,245,1401
251,28,491,770
200,62,361,623
977,681,705,2363
730,25,14,769
125,103,916,1144
431,729,406,1566
9,250,584,843
411,266,659,1336
537,995,142,1674
151,405,361,917
655,203,453,1311
175,364,755,1294
701,877,321,1899
992,402,600,1994
451,844,485,1780
854,348,357,1559
187,64,286,537
988,211,706,1905
567,963,40,1570
537,71,825,1433
573,243,644,1460
165,834,281,1280
998,641,344,1983
869,90,833,1792
654,134,31,819
618,888,606,2112
193,518,648,1359
294,314,827,1435
974,58,909,1941
199,365,827,1391
916,627,269,1812
168,17,874,1059
859,362,64,1285
179,234,117,530
168,665,240,1073
6,214,436,656
659,326,880,1865
867,48,816,1731
673,465,383,1521
441,667,894,2002
911,920,991,2822
275,349,755,1379
363,370,232,965
684,593,37,1314
955,704,42,1701
127,30,914,1071
591,132,879,1602
306,567,0,873
934,771,295,2000
413,904,795,2112
740,838,673,2251
358,666,276,1300
704,222,351,1277
395,403,262,1060
350,388,564,1302
105,989,939,2033
887,916,635,2438
815,751,864,2430
646,473,967,2086
618,676,407,1701
264,89,94,447
818,205,46,1069
247,348,456,1051
561,575,27,1163
897,899,365,2161
72,4,52,128
443,948,675,2066
780,535,68,1383
836,419,689,1944
830,590,302,1722
49,417,927,1393
26,392,333,751
418,341,126,885
120,913,446,1479
602,46,350,998
905,96,686,1687
609,692,376,1677
194,240,362,796
400,179,944,1523
438,331,176,945
52,372,882,1306
954,264,117,1335
592,679,338,1609
570,53,130,753
829,683,853,2365
333,590,575,1498
326,540,438,1304
555,983,685,2223
536,698,717,1951
806,211,628,1645
569,190,97,856
784,864,415,2063
366,956,318,1640
325,20,815,1160
832,804,525,2161
518,766,391,1675
177,141,187,505
184,777,932,1893
775,722,662,2159
423,501,413,1337
447,36,541,1024
742,590,517,1849
90,712,871,1673
344,958,834,2136
823,363,845,2031
353,964,100,1417
338,854,126,1318
139,990,858,1987
168,776,764,1708
857,352,379,1588
546,602,41,1189
902,852,488,2242
665,363,863,1891
581,544,189,1314
667,239,50,956
639,534,45,1218
310,119,195,624
902,148,548,1598
954,719,196,1869
733,307,947,1987
613,949,634,2196
523,911,740,2174
733,275,813,1821
205,292,437,934
987,365,46,1398
678,654,728,2060
788,618,26,1432
576,768,578,1922
358,522,515,1395
695,198,658,1551
752,973,789,2514
154,484,830,1468
951,495,763,2209
919,261,528,1708
309,377,215,901
231,875,703,1809
697,958,328,1983
594,299,902,1795
662,556,301,1519
690,12,512,1214
212,694,648,1554
770,623,901,2294
813,252,434,1499
87,590,450,1127
52,425,663,1140
838,783,827,2448
881,955,315,2151
542,163,102,807
509,537,131,1177
263,50,891,1204
119,264,436,819
467,447,651,1565
945,357,166,1468
940,674,156,1770
181,914,265,1360
329,391,620,1340
599,272,264,1135
387,610,503,1500
485,508,393,1386
904,227,457,1588
693,85,944,1722
73,131,193,397
727,622,338,1687
445,553,312,1310
566,736,549,1851
754,292,141,1187
45,483,933,1461
119,581,390,1090
797,503,534,1834
77,614,701,1392
671,0,448,1119
3,676,295,974
34,720,167,921
814,902,84,1800
573,891,427,1891
198,441,125,764
403,712,407,1522
64,461,916,1441
835,156,805,1796
504,661,610,1775
602,600,507,1709
890,769,286,1945
402,509,446,1357
63,442,604,1109
524,364,314,1202
506,786,984,2276
202,121,422,745
707,321,493,1521
434,648,37,1119
745,539,843,2127
97,904,646,1647
229,21,653,903
133,113,696,942
741,633,174,1548
445,838,578,1861
629,190,270,1089
276,595,951,1822
177,413,596,1186
211,526,305,1042
776,678,856,2310
908,55,971,1934
103,921,616,1640
881,244,747,1872
457,167,890,1514
717,535,912,2164
114,178,496,788
347,483,530,1360
947,737,781,2465
896,28,237,1161
405,397,146,948
689,210,142,1041
184,559,935,1678
744,462,860,2066
373,412,981,1766
420,936,163,1519
117,502,442,1061
29,218,578,825
499,435,513,1447
231,217,192,640
215,991,550,1756
105,59,351,515
157,316,59,532
841,142,544,1527
9,278,322,609
343,22,941,1306
959,61,522,1542
455,545,828,1828
171,644,398,1213
285,304,603,1192
361,699,744,1804
742,426,42,1210
875,769,971,2615
439,442,926,1807
619,772,674,2065
648,564,865,2077
697,30,448,1175
396,433,939,1768
713,668,408,1789
399,518,781,1698
953,107,30,1090
103,752,918,1773
952,664,963,2579
457,556,823,1836
624,12,139,775
175,959,169,1303
846,910,384,2140
105,141,341,587
86,406,16,508
340,409,795,1544
164,714,955,1833
152,721,596,1469
740,377,50,1167
969,79,762,1810
421,60,279,760
130,634,51,815
914,916,18,1848
314,412,190,916
446,334,946,1726
836,485,825,2146
445,447,893,1785
350,288,379,1017
513,625,676,1814
892,839,585,2316
366,48,125,539
618,327,149,1094
160,343,954,1457
714,994,265,1973
448,565,305,1318
255,715,576,1546
182,970,837,1989
236,804,741,1781
136,785,518,1439
514,983,117,1614
432,937,238,1607
261,491,878,1630
709,50,893,1652
306,985,501,1792
377,863,837,2077
570,81,509,1160
326,596,864,1786
612,802,359,1773
635,440,893,1968
42,523,925,1490
319,156,692,1167
577,392,440,1409
981,129,678,1788
394,37,213,644
331,930,10,1271
509,581,487,1577
298,753,790,1841
822,433,312,1567
869,893,472,2234
854,259,699,1812
266,210,661,1137
19,801,546,1366
383,31,720,1134
227,196,399,822
311,33,776,1120
238,963,125,1326
729,101,172,1002
860,852,835,2547
51,190,89,330
790,613,965,2368
413,799,772,1984
65,309,766,1140
14,291,87,392
686,276,199,1161
633,513,793,1939
688,320,317,1325
400,311,480,1191
546,980,255,1781
630,998,666,2294
706,508,232,1446
450,873,649,1972
392,660,642,1694
897,527,678,2102
146,108,73,327
731,214,305,1250
583,758,998,2339
978,307,686,1971
808,812,826,2446
596,254,266,1116
563,509,894,1966
864,378,593,1835
479,432,527,1438
712,282,87,1081
408,791,601,1800
730,691,416,1837
851,73,355,1279
774,63,168,1005
697,487,84,1268
289,560,964,1813
451,920,841,2212
82,162,895,1139
449,113,716,1278
776,239,350,1365
78,3,32,113
633,980,207,1820
385,374,427,1186
123,968,181,1272
968,987,417,2372
651,50,824,1525
954,732,559,2245
261,416,665,1342
544,686,659,1889
77,654,137,868
150,349,1000,1499
854,911,187,1952
317,83,379,779
60,902,800,1762
74,495,869,1438
179,435,396,1010
216,13,693,922
1000,843,605,2448
797,765,979,2541
708,66,781,1555
380,217,260,857
550,946,458,1954
747,319,164,1230
412,262,409,1083
50,882,118,1050
239,693,45,977
769,527,34,1330
851,272,687,1810
3,385,559,947
390,46,381,817
556,224,928,1708
957,856,260,2073
482,606,565,1653
547,657,480,1684
34,567,59,660
513,805,616,1934
528,112,833,1473
456,395,58,909
573,881,802,2256
756,809,116,1681
482,961,958,2401
179,591,207,977
509,467,133,1109
502,359,729,1590
353,43,317,713
406,968,259,1633
302,962,903,2167
716,38,646,1400
140,600,307,1047
101,936,666,1703
410,553,910,1873
616,52,744,1412
838,111,245,1194
257,733,658,1648
482,447,895,1824
119,741,620,1480
530,667,795,1992
861,874,202,1937
387,335,351,1073
615,8,25,648
875,942,979,2796
15,616,265,896
96,216,79,391
795,633,148,1576
784,732,884,2400
527,800,189,1516
649,215,850,1714
551,814,157,1522
804,261,513,1578
62,334,964,1360
431,184,830,1445
531,561,972,2064
487,436,310,1233
459,121,535,1115
72,711,627,1410
122,372,183,677
323,11,904,1238
51,352,506,909
463,268,860,1591
736,789,178,1703
40,522,303,865
110,302,300,712
810,513,902,2225
813,233,406,1452
507,146,39,692
716,225,284,1225
348,879,316,1543
979,946,468,2393
228,777,474,1479
682,213,139,1034
512,291,186,989
673,899,896,2468
211,34,686,931
142,44,437,623
371,511,232,1114
145,971,608,1724
359,513,264,1136
170,50,28,248
477,837,303,1617
588,768,783,2139
665,126,385,1176
449,379,275,1103
876,20,898,1794
201,660,939,1800
988,571,592,2151
492,922,996,2410
296,653,120,1069
420,617,356,1393
904,308,754,1966
366,524,703,1593
704,581,546,1831
816,779,819,2414
90,788,847,1725
227,980,849,2056
92,544,591,1227
71,646,362,1079
360,904,807,2071
246,908,631,1785
615,204,457,1276
51,475,249,775
647,125,299,1071
466,453,167,1086
690,972,161,1823
1000,763,980,2743
555,29,78,662
57,175,719,951
9,242,293,544
692,224,665,1581
446,800,930,2176
42,987,667,1696
408,793,566,1767
329,67,52,448
855,948,873,2676
803,56,830,1689
497,811,303,1611
800,581,824,2205
579,286,844,1709
759,732,41,1532
683,389,572,1644
510,526,810,1846
133,604,770,1507
495,865,606,1966
673,573,939,2185
873,648,83,1604
502,79,90,671
526,722,234,1482
243,952,669,1864
895,323,516,1734
805,948,761,2514
424,409,962,1795
954,606,419,1979
562,328,375,1265
864,406,824,2094
541,215,343,1099
651,674,403,1728
452,954,15,1421
159,427,502,1088
358,692,238,1288
97,915,146,1158
399,901,991,2291
395,270,875,1540
224,259,691,1174
583,591,225,1399
227,891,839,1957
51,667,246,964
41,12,102,155
461,878,753,2092
891,436,219,1546
864,756,644,2264
359,224,452,1035
814,867,408,2089
311,994,236,1541
30,462,239,731
612,351,302,1265
575,237,59,871
989,326,55,1370
801,815,96,1712
395,329,997,1721
330,503,766,1599
931,598,755,2284
970,136,482,1588
95,802,221,1118
318,907,413,1638
297,95,592,984
347,65,956,1368
504,120,891,1515
167,280,158,605
752,69,809,1630
274,742,940,1956
462,493,14,969
194,792,44,1030
408,581,540,1529
620,554,103,1277
449,944,527,1920
428,490,727,1645
183,0,399,582
65,473,681,1219
147,33,876,1056
41,924,86,1051
454,322,202,978
452,855,900,2207
503,39,572,1114
254,25,768,1047
836,2,329,1167
988,342,793,2123
260,178,641,1079
313,304,877,1494
806,500,327,1633
270,172,571,1013
143,651,836,1630
867,340,103,1310
295,42,639,976
174,457,986,1617
906,101,79,1086
627,86,877,1590
260,990,14,1264
978,336,504,1818
616,551,402,1569
472,951,773,2196
629,247,581,1457
14,336,191,541
996,431,976,2403
762,378,276,1416
704,541,381,1626
362,191,452,1005
856,559,789,2204
580,685,401,1666
78,375,205,658
672,952,84,1708
935,523,270,1728
770,366,141,1277
440,463,323,1226
178,632,836,1646
698,843,167,1708
284,176,115,575
459,400,574,1433
663,217,192,1072
690,896,116,1702
186,611,739,1536
359,407,693,1459
407,588,54,1049
405,892,24,1321
34,992,601,1627
708,72,15,795
855,584,966,2405
890,679,79,1648
743,647,951,2341
603,741,184,1528
897,773,783,2453
833,961,156,1950
926,727,162,1815
934,358,329,1621
890,590,218,1698
248,327,778,1353
686,288,578,1552
943,278,316,1537
726,32,512,1270
237,716,729,1682
340,536,879,1755
795,895,708,2398
541,767,783,2091
508,627,983,2118
230,369,185,784
249,980,27,1256
798,505,964,2267
205,242,112,559
695,56,358,1109
736,196,765,1697
996,366,497,1859
376,795,294,1465
911,292,990,2193
656,498,829,1983
996,653,604,2253
507,816,283,1606
5,208,688,901
598,973,259,1830
537,106,946,1589
710,774,237,1721
435,12,612,1059
195,619,579,1393
22,766,921,1709
275,361,127,763
89,752,877,1718
93,104,434,631
27,381,531,939
384,50,925,1359
309,639,87,1035
811,648,499,1958
531,856,296,1683
886,676,888,2450
350,911,572,1833
738,970,905,2613
626,693,707,2026
809,706,51,1566
694,105,683,1482
688,20,938,1646
101,141,716,958
232,230,22,484
368,292,840,1500
702,66,254,1022
55,696,556,1307
531,470,3,1004
235,858,361,1454
905,990,931,2826
470,708,998,2176
105,559,149,813
2,715,267,984
509,995,864,2368
374,615,37,1026
948,605,127,1680
380,182,472,1034
933,177,366,1476
485,772,374,1631
508,809,857,2174
463,155,455,1073
400,973,468,1841
816,649,443,1908
592,382,735,1709
401,760,355,1516
702,141,144,987
319,922,322,1563
442,447,616,1505
767,219,867,1853
772,854,958,2584
530,559,191,1280
994,500,919,2413
750,42,154,946
289,340,212,841
546,603,979,2128
241,834,645,1720
371,971,205,1547
238,799,20,1057
938,298,910,2146
46,265,436,747
419,153,698,1270
602,784,659,2045
737,516,663,1916
236,282,368,886
927,315,391,1633
927,514,946,2387
505,623,55,1183
140,284,837,1261
217,784,670,1671
959,701,565,2225
75,405,158,638
459,780,159,1398
496,341,233,1070
315,737,355,1407
914,669,296,1879
599,946,655,2200
73,326,239,638
263,181,837,1281
267,105,219,591
125,803,251,1179
757,590,959,2306
565,521,930,2016
635,949,160,1744
225,536,116,877
778,896,953,2627
742,589,969,2300
903,999,977,2879
425,311,981,1717
536,61,360,957
645,23,145,813
244,319,404,967
521,186,196,903
217,681,630,1528
787,144,151,1082
809,313,987,2109
177,558,564,1299
266,326,279,871
654,257,210,1121
374,5,170,549
326,647,461,1434
422,299,766,1487
306,98,77,481
466,16,182,664
574,580,447,1601
923,675,440,2038
25,807,522,1354
124,654,947,1725
42,9,279,330
12,152,849,1013
65,536,875,1476
234,840,186,1260
85,295,198,578
646,61,491,1198
197,986,261,1444
116,490,333,939
876,93,327,1296
109,75,203,387
588,218,722,1528
745,98,732,1575
492,144,567,1203
881,43,376,1300
116,756,333,1205
892,595,907,2394
910,202,546,1658
453,625,579,1657
59,235,797,1091
366,683,899,1948
977,698,538,2213
894,880,16,1790
19,174,728,921
351,561,250,1162
414,813,387,1614
838,966,595,2399
171,429,554,1154
771,383,49,1203
493,890,416,1799
822,902,198,1922
700,643,254,1597
613,661,131,1405
824,44,303,1171
979,204,452,1635
601,900,271,1772
217,537,9,763
992,695,965,2652
314,997,344,1655
668,696,464,1828
697,782,931,2410
970,834,529,2333
894,601,684,2179
722,976,166,1864
608,590,923,2121
139,245,941,1325
488,601,21,1110
234,625,971,1830
256,410,367,1033
519,904,571,1994
19,412,435,866
724,99,407,1230
320,233,459,1012
734,283,273,1290
201,526,248,975
684,21,507,1212
621,641,363,1625
400,549,271,1220
392,422,314,1128
123,999,589,1711
360,500,687,1547
44,895,483,1422
189,680,535,1404
288,901,318,1507
606,932,942,2480
976,769,763,2508
287,562,825,1674
414,450,657,1521
881,789,176,1846
160,375,31,566
915,388,43,1346
457,274,559,1290
444,310,379,1133
281,554,35,870
717,210,22,949
276,513,16,805
551,281,839,1671
775,968,549,2292
467,277,51,795
108,812,891,1811
432,477,386,1295
492,849,342,1683
647,787,562,1996
23,907,354,1284
975,712,734,2421
699,98,447,1244
275,834,169,1278
829,902,484,2215
180,598,225,1003
155,905,438,1498
632,553,637,1822
300,289,533,1122
483,829,167,1479
918,766,682,2366
303,935,591,1829
242,226,399,867
570,741,751,2062
55,831,418,1304
733,234,774,1741
537,866,380,1783
491,692,616,1799
262,831,236,1329
95,431,952,1478
184,430,764,1378
305,419,239,963
189,194,49,432
56,814,811,1681
900,428,289,1617
625,966,93,1684
206,431,696,1333
126,557,327,1010
274,998,782,2054
862,13,12,887
593,883,126,1602
808,731,245,1784
165,958,246,1369
956,470,259,1685
201,8,949,1158
319,391,455,1165
16,466,33,515
719,854,486,2059
436,502,542,1480
248,244,235,727
393,399,231,1023
307,268,579,1154
447,183,998,1628
95,734,204,1033
558,260,326,1144
846,366,634,1846
752,134,108,994
238,610,293,1141
837,291,972,2100
871,576,949,2396
940,579,822,2341
322,407,250,979
497,629,753,1879
790,87,288,1165
321,582,336,1239
948,668,952,2568
865,298,404,1567
198,257,956,1411
805,461,677,1943
804,608,44,1456
246,154,346,746
983,687,175,1845
490,696,887,2073
143,351,110,604
311,485,710,1506
180,948,228,1356
722,534,15,1271
408,933,214,1555
737,396,642,1775
423,783,631,1837
822,758,100,1680
937,672,985,2594
434,979,386,1799
767,844,271,1882
982,833,369,2184
569,166,778,1513
784,842,746,2372
884,469,320,1673
3,371,529,903
652,169,824,1645
277,517,167,961
428,8,95,531
251,51,670,972
900,626,115,1641
484,624,414,1522
576,216,657,1449
328,578,773,1679
286,611,869,1766
726,571,440,1737
659,157,903,1719
351,476,759,1586
275,256,1,532
705,554,413,1672
96,821,778,1695
504,341,778,1623
493,465,801,1759
413,992,437,1842
82,224,88,394
991,42,507,1540
401,253,207,861
265,476,706,1447
619,605,350,1574
350,144,171,665
69,987,225,1281
123,114,954,1191
593,306,275,1174
379,704,695,1778
447,7,321,775
384,433,907,1724
926,707,413,2046
4,76,269,349
128,163,943,1234
68,313,831,1212
198,248,915,1361
670,800,206,1676
354,895,895,2144
291,512,445,1248
205,828,489,1522
110,412,865,1387
535,890,354,1779
282,444,822,1548
246,572,381,1199
675,947,977,2599
873,228,815,1916
251,883,919,2053
416,632,101,1149
79,236,17,332
329,170,378,877
157,230,677,1064
981,561,917,2459
955,858,370,2183
298,100,989,1387
384,715,202,1301
36,10,627,673
112,841,783,1736
52,402,386,840
947,760,574,2281
975,629,745,2349
407,993,427,1827
308,835,358,1501
696,796,208,1700
850,952,43,1845
173,109,220,502
54,400,904,1358
723,890,940,2553
32,540,537,1109
351,913,104,1368
232,900,467,1599
93,70,30,193
684,966,450,2100
877,584,607,2068
557,514,14,1085
283,562,935,1780
44,196,68,308
598,564,730,1892
439,159,56,654
259,469,468,1196
409,178,331,918
794,185,484,1463
23,583,701,1307
388,737,158,1283
204,545,522,1271
806,428,901,2135
142,609,572,1323
379,613,932,1924
380,548,178,1106
601,562,35,1198
163,923,276,1362
396,587,653,1636
789,373,812,1974
855,212,390,1457
413,613,300,1326
199,186,833,1218
653,589,59,1301
92,950,86,1128
533,795,411,1739
127,547,76,750
485,666,987,2138
811,300,18,1129
238,440,233,911
424,303,647,1374
861,616,946,2423
369,280,703,1352
937,205,728,1870
72,157,951,1180
330,878,600,1808
716,155,932,1803
652,197,543,1392
975,89,944,2008
850,870,760,2480
909,479,180,1568
7,67,868,942
362,667,19,1048
879,502,544,1925
60,862,187,1109
984,530,885,2399
400,643,707,1750
911,388,148,1447
534,434,67,1035
661,788,339,1788
740,156,247,1143
788,789,997,2574
945,241,242,1428
339,872,525,1736
650,207,720,1577
172,970,356,1498
447,797,719,1963
632,873,562,2067
25,374,741,1140
90,691,305,1086
949,804,244,1997
149,915,836,1900
997,467,298,1762
295,672,496,1463
365,173,483,1021
140,343,115,598
241,303,662,1206
445,46,829,1320
808,248,572,1628
518,798,106,1422
67,582,238,887
646,439,657,1742
605,775,55,1435
747,639,730,2116
784,915,763,2462
460,669,330,1459
85,442,830,1357
537,597,257,1391
302,709,310,1321
621,482,502,1605
819,846,68,1733
128,632,70,830
348,34,223,605
677,532,50,1259
619,83,367,1069
25,979,391,1395
83,990,376,1449
753,151,498,1402
738,776,356,1870
287,389,279,955
586,476,883,1945
967,756,839,2562
804,929,22,1755
423,218,889,1530
224,123,765,1112
22,790,73,885
978,331,65,1374
549,601,386,1536
481,658,619,1758
384,336,67,787
84,754,253,1091
387,74,845,1306
895,693,758,2346
895,246,757,1898
862,964,695,2521
361,314,602,1277
211,663,909,1783
840,551,959,2350
507,263,268,1038
244,527,294,1065
882,949,519,2350
249,585,486,1320
439,926,991,2356
627,125,897,1649
725,577,994,2296
857,369,7,1233
477,184,227,888
168,876,333,1377
832,389,975,2196
488,872,70,1430
869,575,514,1958
278,938,972,2188
994,307,296,1597
239,68,50,357
32,115,833,980
821,253,192,1266
223,17,106,346
473,543,869,1885
144,781,951,1876
694,720,377,1791
29,186,131,346
51,99,401,551
736,988,946,2670
443,355,893,1691
168,685,334,1187
81,456,576,1113
735,866,442,2043
876,534,86,1496
946,388,447,1781
277,141,207,625
721,866,882,2469
143,360,75,578
692,10,893,1595
200,15,56,271
379,106,509,994
197,541,799,1537
705,607,967,2279
624,486,250,1360
260,536,742,1538
170,417,765,1352
544,199,950,1693
770,259,996,2025
812,594,652,2058
642,537,105,1284
112,829,629,1570
696,913,620,2229
289,562,205,1056
9,716,320,1045
583,284,36,903
202,333,488,1023
808,395,322,1525
34,856,421,1311
577,70,715,1362
965,234,528,1727
567,828,955,2350
763,269,604,1636
778,632,196,1606
166,384,605,1155
745,713,987,2445
60,451,923,1434
941,386,208,1535
363,137,596,1096
651,21,631,1303
913,532,858,2303
93,751,3,847
572,247,964,1783
427,411,387,1225
620,595,453,1668
553,859,157,1569
612,351,524,1487
995,774,258,2027
331,303,64,698
414,434,920,1768
732,354,339,1425
28,73,16,117
786,722,746,2254
502,262,349,1113
772,620,387,1779
11,679,455,1145
21,102,810,933
735,915,703,2353
125,902,511,1538
63,120,932,1115
239,470,421,1130
967,335,669,1971
51,61,337,449
584,969,86,1639
26,524,574,1124
273,13,197,483
709,514,727,1950
472,816,554,1842
847,419,158,1424
101,262,450,813
178,776,941,1895
218,792,606,1616
498,994,464,1956
199,304,770,1273
745,960,25,1730
401,305,668,1374
140,95,268,503
110,795,432,1337
540,844,493,1877
972,366,389,1727
690,13,141,844
371,860,780,2011
854,561,867,2282
268,689,113,1070
37,708,802,1547
594,495,896,1985
896,7,828,1731
144,218,597,959
659,521,524,1704
562,854,235,1651
606,871,197,1674
787,586,544,1917
835,164,718,1717
977,419,389,1785
987,513,646,2146
407,398,365,1170
835,367,440,1642
871,174,908,1953
654,549,91,1294
167,251,136,554
162,368,550,1080
926,982,497,2405
443,366,683,1492
19,137,826,982
798,211,586,1595
996,681,981,2658
708,917,982,2607
269,955,633,1857
225,705,546,1476
534,966,921,2421
137,366,384,887
140,800,552,1492
589,126,135,850
551,249,603,1403
875,369,842,2086
17,214,706,937
116,861,529,1506
425,341,653,1419
1000,69,448,1517
448,451,544,1443
943,0,691,1634
580,986,912,2478
832,948,644,2424
936,566,214,1716
904,510,692,2106
260,313,732,1305
807,443,970,2220
760,51,534,1345
189,273,220,682
730,776,230,1736
512,706,210,1428
140,509,634,1283
197,878,871,1946
417,328,315,1060
774,590,324,1688
775,708,987,2470
943,579,992,2514
625,546,660,1831
541,721,234,1496
802,884,853,2539
221,951,829,2001
268,986,592,1846
367,955,203,1525
333,941,662,1936
722,231,224,1177
80,560,160,800
299,227,235,761
89,591,27,707
697,205,453,1355
688,678,37,1403
267,714,641,1622
320,781,126,1227
337,689,842,1868
765,828,426,2019
172,998,968,2138
686,753,626,2065
597,957,349,1903
144,803,424,1371
890,863,802,2555
242,837,690,1769
327,148,83,558
847,401,707,1955
893,624,0,1517
759,655,595,2009
718,749,63,1530
80,400,963,1443
491,45,466,1002
644,230,24,898
858,980,812,2650
626,341,38,1005
765,907,35,1707
263,831,814,1908
960,29,73,1062
8,212,5,225
571,560,953,2084
273,775,606,1654
584,140,325,1049
503,181,78,762
487,481,856,1824
626,644,883,2153
443,557,979,1979
586,757,446,1789
153,616,280,1049
306,22,430,758
911,364,254,1529
90,185,280,555
477,491,999,1967
824,953,441,2218
329,977,302,1608
788,773,890,2451
725,637,288,1650
213,868,967,2048
927,210,325,1462
521,658,269,1448
592,132,95,819
32,690,927,1649
301,733,140,1174
388,889,789,2066
576,616,772,1964
385,739,288,1412
800,889,738,2427
57,191,643,891
25,351,241,617
812,646,131,1589
930,237,982,2149
962,282,230,1474
813,16,458,1287
11,655,245,911
781,216,775,1772
789,699,615,2103
847,1,903,1751
401,342,488,1231
625,537,696,1858
635,598,620,1853
682,515,214,1411
309,530,910,1749
808,858,454,2120
818,231,677,1726
455,526,670,1651
437,427,544,1408
883,554,561,1998
95,494,865,1454
490,596,673,1759
910,897,304,2111
309,649,93,1051
66,125,527,718
149,489,568,1206
938,468,128,1534
354,482,696,1532
645,330,816,1791
141,340,598,1079
516,313,871,1700
286,575,701,1562
663,682,260,1605
730,453,565,1748
536,119,308,963
372,960,608,1940
170,683,410,1263
779,635,272,1686
354,480,860,1694
889,500,762,2151
791,448,528,1767
916,267,168,1351
549,902,257,1708
909,444,871,2224
743,119,498,1360
950,792,909,2651
655,238,681,1574
248,635,894,1777
781,980,13,1774
729,884,602,2215
282,697,684,1663
525,506,849,1880
364,817,19,1200
296,937,689,1922
484,102,712,1298
395,695,440,1530
559,836,810,2205
751,788,68,1607
145,510,231,886
217,881,165,1263
223,959,360,1542
548,907,626,2081
276,628,157,1061
468,15,405,888
301,124,351,776
748,970,185,1903
528,993,180,1701
102,962,238,1302
7,535,415,957
339,785,312,1436
213,854,836,1903
823,938,881,2642
64,78,290,432
100,770,166,1036
392,232,937,1561
210,934,359,1503
709,547,857,2113
579,759,930,2268
534,348,37,919
78,161,730,969
659,396,753,1808
186,783,296,1265
444,895,31,1370
869,272,410,1551
865,4,827,1696
278,486,397,1161
83,541,742,1366
333,158,927,1418
4,340,546,890
650,900,383,1933
679,115,630,1424
118,822,103,1043
752,231,884,1867
539,572,479,1590
11,811,107,929
883,608,765,2256
611,34,568,1213
758,801,650,2209
514,444,187,1145
457,864,60,1381
836,333,232,1401
74,471,859,1404
369,306,262,937
851,403,385,1639
625,590,590,1805
694,161,372,1227
521,305,784,1610
604,877,982,2463
613,755,593,1961
128,872,579,1579
929,884,29,1842
691,206,488,1385
794,530,468,1792
696,301,699,1696
964,548,28,1540
31,109,451,591
701,953,8,1662
644,300,690,1634
892,142,333,1367
156,95,489,740
187,597,690,1474
325,690,425,1440
191,450,755,1396
649,73,930,1652
403,397,276,1076
719,709,154,1582
425,387,705,1517
883,189,991,2063
974,132,192,1298
153,903,797,1853
719,957,854,2530
405,817,349,1571
805,740,184,1729
117,761,65,943
258,885,933,2076
995,397,178,1570
332,598,928,1858
145,718,335,1198
221,86,963,1270
651,980,693,2324
538,25,875,1438
619,813,293,1725
435,327,148,910
436,478,111,1025
741,293,914,1948
855,478,425,1758
959,689,757,2405
662,943,37,1642
56,10,628,694
757,137,101,995
135,212,212,559
651,460,119,1230
605,638,76,1319
563,931,968,2462
242,322,873,1437
149,542,482,1173
40,229,833,1102
768,14,541,1323
949,768,270,1987
879,876,637,2392
242,866,701,1809
279,479,614,1372
506,258,739,1503
532,594,954,2080
289,464,285,1038
95,427,280,802
523,661,470,1654
495,549,537,1581
903,964,200,2067
960,356,564,1880
928,668,567,2163
246,832,559,1637
916,575,767,2258
726,771,115,1612
560,619,279,1458
714,742,892,2348
576,459,348,1383
755,691,166,1612
606,482,465,1553
863,28,418,1309
160,921,892,1973
454,75,792,1321
925,403,740,2068
474,394,773,1641
914,18,206,1138
949,255,148,1352
882,506,921,2309
110,780,256,1146
456,959,197,1612
693,730,50,1473
489,314,212,1015
157,215,510,882
25,37,997,1059
775,453,844,2072
125,340,544,1009
375,940,721,2036
807,666,822,2295
774,652,839,2265
336,35,336,707
410,279,948,1637
65,672,828,1565
388,270,565,1223
554,85,535,1174
65,256,642,963
377,808,764,1949
589,686,70,1345
396,350,797,1543
787,738,18,1543
896,261,925,2082
545,323,335,1203
493,991,711,2195
332,778,584,1694
684,989,782,2455
552,992,285,1829
11,772,231,1014
230,804,790,1824
166,658,210,1034
314,911,966,2191
665,830,44,1539
50,981,755,1786
602,756,786,2144
156,367,619,1142
294,823,522,1639
418,924,149,1491
976,745,233,1954
991,876,149,2016
105,726,986,1817
921,271,892,2084
21,226,555,802
327,761,610,1698
586,208,902,1696
713,564,62,1339
709,531,29,1269
910,670,311,1891
184,101,512,797
842,271,713,1826
879,708,884,2471
607,309,786,1702
528,246,38,812
351,72,882,1305
198,852,463,1513
738,678,148,1564
237,694,130,1061
267,268,182,717
756,470,613,1839
657,868,186,1711
369,508,166,1043
120,999,866,1985
429,67,266,762
752,125,493,1370
645,276,894,1815
179,397,89,665
478,90,160,728
175,309,275,759
842,419,112,1373
217,828,823,1868
438,637,900,1975
135,582,857,1574
94,78,91,263
233,213,580,1026
249,110,732,1091
730,359,328,1417
719,35,359,1113
771,900,723,2394
512,716,112,1340
397,416,159,972
481,712,443,1636
571,37,599,1207
927,778,850,2555
454,504,460,1418
604,547,956,2107
606,24,419,1049
853,532,490,1875
735,433,640,1808
12,627,166,805
41,440,232,713
324,663,663,1650
825,810,945,2580
750,153,140,1043
522,637,449,1608
805,875,709,2389
418,679,596,1693
717,240,523,1480
276,955,504,1735
743,299,275,1317
306,693,224,1223
214,416,405,1035
704,739,487,1930
895,477,897,2269
935,544,985,2464
224,18,224,466
239,984,403,1626
826,420,343,1589
836,742,623,2201
900,77,94,1071
552,49,111,712
318,266,846,1430
874,863,261,1998
628,821,504,1953
45,307,789,1141
859,17,19,895
646,454,721,1821
876,208,777,1861
147,621,466,1234
309,539,52,900
90,0,1,91
39,41,515,595
461,740,267,1468
177,132,168,477
377,714,219,1310
372,776,437,1585
778,830,380,1988
584,725,711,2020
315,534,905,1754
46,614,966,1626
807,609,815,2231
366,845,731,1942
571,641,467,1679
302,854,808,1964
347,888,542,1777
83,203,702,988
847,38,404,1289
113,249,828,1190
355,238,761,1354
86,914,149,1149
427,899,688,2014
283,16,812,1111
487,94,856,1437
143,187,543,873
693,214,199,1106
665,938,915,2518
559,27,285,871
907,755,818,2480
677,761,884,2322
677,482,678,1837
274,201,937,1412
69,185,291,545
371,63,787,1221
302,928,208,1438
390,598,320,1308
770,456,496,1722
180,177,109,466
255,123,336,714
857,130,309,1296
36,879,368,1283
188,122,817,1127
31,18,340,389
639,962,625,2226
526,305,323,1154
628,521,551,1700
824,150,405,1379
287,867,265,1419
97,508,562,1167
244,470,530,1244
105,827,34,966
864,820,353,2037
386,187,181,754
453,227,427,1107
318,567,326,1211
662,503,51,1216
851,524,284,1659
42,328,788,1158
492,354,722,1568
301,0,372,673
530,149,271,950
685,955,520,2160
160,855,75,1090
429,207,570,1206
82,505,829,1416
766,442,424,1632
749,134,316,1199
820,661,294,1775
134,758,504,1396
947,499,426,1872
278,632,276,1186
985,431,167,1583
465,279,292,1036
467,136,5,608
734,280,34,1048
904,391,204,1499
910,684,323,1917
335,875,139,1349
781,357,992,2130
566,560,509,1635
735,760,244,1739
516,62,769,1347
36,428,462,926
442,835,605,1882
574,848,464,1886
331,298,681,1310
68,854,484,1406
236,952,697,1885
603,506,39,1148
772,265,481,1518
902,751,851,2504
813,153,234,1200
70,505,371,946
618,404,121,1143
596,710,581,1887
630,270,932,1832
186,680,597,1463
34,959,406,1399
76,760,79,915
733,780,347,1860
603,303,48,954
413,435,660,1508
603,406,450,1459
615,105,896,1616
833,5,284,1122
759,961,597,2317
261,772,265,1298
102,726,157,985
227,429,208,864
322,151,120,593
918,204,282,1404
31,12,979,1022
766,915,98,1779
604,668,370,1642
954,916,343,2213
140,579,447,1166
854,77,800,1731
633,937,993,2563
313,321,75,709
499,985,789,2273
637,514,104,1255
454,223,964,1641
909,412,958,2279
146,712,912,1770
567,191,583,1341
54,332,719,1105
348,833,268,1449
484,919,129,1532
978,993,378,2349
979,383,728,2090
554,492,282,1328
114,720,9,843
855,337,125,1317
581,409,908,1898
33,271,781,1085
582,912,796,2290
750,195,79,1024
484,459,633,1576
894,261,306,1461
769,0,43,812
579,225,666,1470
961,432,826,2219
825,480,656,1961
467,62,909,1438
727,146,885,1758
553,367,178,1098
848,476,154,1478
980,435,504,1919
488,219,163,870
439,956,794,2189
662,709,751,2122
82,352,406,840
410,250,110,770
297,862,415,1574
437,38,919,1394
853,564,13,1430
8,908,38,954
587,63,479,1129
631,64,638,1333
531,635,486,1652
180,514,216,910
257,372,839,1468
305,211,864,1380
502,307,189,998
31,583,329,943
109,687,829,1625
530,65,613,1208
266,420,775,1461
518,340,418,1276
10,848,664,1522
790,791,762,2343
463,482,230,1175
299,849,200,1348
185,722,65,972
44,6,599,649
289,655,298,1242
338,186,956,1480
666,338,307,1311
121,275,285,681
277,549,686,1512
956,363,897,2216
476,129,611,1216
487,233,754,1474
666,150,341,1157
342,875,577,1794
767,967,115,1849
220,824,624,1668
843,555,583,1981
904,618,924,2446
847,606,115,1568
685,251,883,1819
111,347,397,855
555,146,609,1310
40,90,631,761
197,8,764,969
678,732,148,1558
523,288,200,1011
311,535,914,1760
888,278,590,1756
437,764,348,1549
753,305,444,1502
850,71,43,964
665,933,826,2424
651,745,272,1668
352,877,403,1632
248,318,674,1240
159,93,758,1010
179,798,415,1392
537,902,255,1694
690,784,154,1628
58,989,411,1458
291,728,157,1176
652,578,25,1255
297,37,981,1315
891,912,161,1964
474,266,914,1654
827,979,469,2275
640,592,365,1597
463,322,90,875
146,262,760,1168
73,446,855,1374
454,643,372,1469
93,241,460,794
281,732,218,1231
501,492,313,1306
733,603,291,1627
0,16,75,91
484,903,754,2141
754,470,181,1405
570,920,449,1939
773,102,623,1498
805,121,740,1666
419,570,483,1472
199,347,411,957
456,379,289,1124
202,95,838,1135
519,160,186,865
189,29,497,715
906,121,759,1786
768,837,423,2028
702,712,802,2216
143,161,94,398
322,429,463,1214
456,297,975,1728
775,702,83,1560
612,641,516,1769
501,596,776,1873
891,661,335,1887
671,482,936,2089
370,267,784,1421
431,412,3,846
420,303,866,1589
210,81,931,1222
966,422,564,1952
792,566,191,1549
332,775,800,1907
932,475,96,1503
994,406,392,1792
404,182,511,1097
175,919,277,1371
408,201,837,1446
314,314,71,699
417,41,744,1202
453,502,855,1810
548,925,429,1902
314,492,347,1153
180,120,201,501
345,919,562,1826
799,250,16,1065
817,947,36,1800
932,95,238,1265
346,675,967,1988
34,464,709,1207
12,989,797,1798
466,247,551,1264
458,741,432,1631
360,321,985,1666
847,461,717,2025
920,434,302,1656
466,700,849,2015
569,509,462,1540
383,394,627,1404
582,399,943,1924
393,30,200,623
609,259,743,1611
232,810,279,1321
654,751,679,2084
402,674,810,1886
100,819,804,1723
3,265,312,580
963,387,753,2103
91,665,380,1136
282,940,794,2016
551,996,521,2068
894,904,388,2186
893,741,22,1656
515,922,960,2397
880,730,379,1989
21,524,309,854
982,750,632,2364
483,399,513,1395
883,630,43,1556
876,198,256,1330
557,535,943,2035
318,420,124,862
90,812,291,1193
426,515,723,1664
355,918,621,1894
397,224,245,866
282,514,534,1330
242,326,782,1350
837,533,265,1635
296,19,445,760
397,514,269,1180
451,111,431,993
479,726,350,1555
93,990,574,1657
385,735,848,1968
583,826,783,2192
287,815,296,1398
964,110,445,1519
94,262,27,383
261,419,608,1288
965,144,250,1359
558,541,479,1578
791,921,62,1774
1,662,573,1236
237,53,864,1154
65,151,992,1208
178,813,666,1657
893,97,994,1984
923,387,583,1893
670,209,830,1709
595,220,942,1757
898,627,705,2230
464,836,602,1902
440,729,120,1289
983,374,185,1542
376,622,326,1324
506,641,180,1327
668,785,337,1790
113,522,889,1524
427,93,126,646
139,153,452,744
817,712,300,1829
201,40,885,1126
126,39,304,469
885,145,707,1737
914,499,755,2168
134,903,330,1367
508,608,21,1137
207,991,448,1646
809,486,537,1832
526,898,260,1684
802,331,145,1278
288,158,150,596
79,989,941,2009
179,986,476,1641
399,661,424,1484
16,245,94,355
0,216,416,632
869,437,224,1530
876,174,694,1744
755,490,717,1962
812,797,873,2482
616,224,724,1564
412,250,670,1332
998,238,540,1776
256,138,985,1379
809,369,801,1979
556,465,988,2009
1000,32,457,1489
659,614,909,2182
888,182,140,1210
830,63,618,1511
559,310,375,1244
405,390,640,1435
743,482,292,1517
381,100,255,736
454,103,226,783
104,452,273,829
37,725,170,932
524,633,993,2150
499,445,438,1382
50,501,465,1016
699,609,96,1404
859,609,731,2199
491,193,372,1056
524,867,458,1849
500,31,303,834
283,415,388,1086
67,355,513,935
733,181,786,1700
520,847,713,2080
831,224,683,1738
25,220,659,904
914,578,647,2139
197,504,331,1032
771,307,963,2041
863,367,733,1963
538,123,716,1377
823,381,851,2055
978,151,175,1304
477,309,280,1066
246,448,43,737
235,671,753,1659
314,572,727,1613
872,570,908,2350
727,762,669,2158
239,441,83,763
2,242,63,307
771,761,243,1775
329,803,740,1872
275,360,7,642
947,942,784,2673
993,334,283,1610
386,715,685,1786
997,528,366,1891
361,898,675,1934
123,552,491,1166
343,173,291,807
720,345,657,1722
561,865,251,1677
704,452,804,1960
266,129,652,1047
374,320,867,1561
496,993,480,1969
781,299,979,2059
557,884,447,1888
595,411,296,1302
394,401,322,1117
139,194,233,566
861,994,921,2776
978,559,729,2266
697,232,681,1610
246,382,722,1350
769,140,312,1221
889,291,872,2052
79,572,14,665
952,795,879,2626
379,562,886,1827
31,232,478,741
358,250,514,1122
70,788,250,1108
732,936,69,1737
519,213,972,1704
432,549,572,1553
484,380,531,1395
992,78,323,1393
755,295,93,1143
866,971,352,2189
757,67,412,1236
354,460,905,1719
797,147,283,1227
622,753,238,1613
219,295,879,1393
272,619,417,1308
274,597,334,1205
960,500,550,2010
319,740,893,1952
39,275,124,438
32,173,654,859
47,862,669,1578
982,573,149,1704
180,352,283,815
838,29,101,968
512,548,974,2034
363,806,407,1576
251,333,772,1356
364,914,415,1693
970,139,552,1661
329,302,176,807
440,154,205,799
197,555,327,1079
559,800,542,1901
272,514,331,1117
668,396,288,1352
9,272,267,548
680,321,792,1793
832,850,384,2066
494,929,621,2044
500,25,411,936
609,3,887,1499
446,444,458,1348
226,474,827,1527
803,266,777,1846
51,37,921,1009
266,471,125,862
145,441,916,1502
53,195,590,838
797,480,873,2150
584,346,682,1612
763,378,22,1163
680,62,221,963
995,813,514,2322
525,224,881,1630
144,189,734,1067
303,496,24,823
117,207,59,383
673,250,406,1329
564,38,634,1236
276,631,967,1874
285,920,255,1460
518,209,788,1515
373,884,797,2054
392,271,453,1116
154,170,916,1240
58,745,752,1555
611,609,791,2011
319,240,190,749
806,4,936,1746
127,842,65,1034
694,332,109,1135
737,335,314,1386
454,844,963,2261
646,16,552,1214
101,147,816,1064
147,916,131,1194
410,676,374,1460
345,601,723,1669
277,814,607,1698
934,191,419,1544
159,279,136,574
144,874,280,1298
451,592,686,1729
887,935,831,2653
657,89,185,931
56,677,890,1623
95,81,654,830
985,132,431,1548
768,650,602,2020
843,459,37,1339
576,297,326,1199
954,319,578,1851
142,48,700,890
257,899,418,1574
977,154,624,1755
352,759,384,1495
966,680,177,1823
149,804,392,1345
110,80,903,1093
640,409,873,1922
81,381,607,1069
622,770,94,1486
56,137,121,314
631,622,597,1850
626,951,849,2426
662,435,820,1917
461,642,109,1212
138,733,5,876
808,341,738,1887
700,174,735,1609
961,539,410,1910
693,819,564,2076
302,219,436,957
991,983,135,2109
577,414,585,1576
786,286,423,1495
242,253,953,1448
56,259,596,911
485,382,620,1487
44,417,680,1141
346,310,88,744
154,243,291,688
396,537,852,1785
173,710,655,1538
829,69,492,1390
687,715,395,1797
827,100,468,1395
686,896,602,2184
65,383,871,1319
507,525,710,1742
345,78,733,1156
360,762,664,1786
329,399,606,1334
911,370,506,1787
61,6,430,497
356,976,188,1520
194,402,475,1071
545,196,850,1591
725,880,310,1915
813,237,449,1499
895,648,904,2447
350,597,84,1031
605,598,314,1517
416,736,727,1879
796,867,36,1699
138,377,655,1170
46,484,762,1292
375,519,511,1405
304,274,633,1211
571,501,981,2053
45,956,171,1172
66,142,550,758
939,182,365,1486
31,367,355,753
889,498,99,1486
34,593,440,1067
573,596,509,1678
6,858,160,1024
93,63,477,633
996,911,767,2674
208,390,487,1085
34,557,954,1545
754,618,59,1431
153,807,950,1910
540,318,680,1538
224,165,181,570
592,570,330,1492
869,319,756,1944
575,324,271,1170
816,0,755,1571
661,648,65,1374
954,618,662,2234
164,197,535,896
254,394,429,1077
202,874,856,1932
950,449,771,2170
151,130,606,887
196,802,373,1371
404,396,411,1211
881,668,177,1726
991,981,496,2468
975,136,571,1682
20,802,165,987
164,977,534,1675
542,396,376,1314
700,293,211,1204
356,187,30,573
804,575,913,2292
446,202,788,1436
943,906,191,2040
84,287,723,1094
464,555,220,1239
76,134,194,404
263,347,435,1045
114,460,705,1279
765,418,903,2086
609,288,934,1831
488,148,440,1076
370,973,30,1373
877,242,89,1208
197,596,695,1488
334,272,481,1087
60,83,854,997
386,644,578,1608
748,73,616,1437
463,740,236,1439
730,991,53,1774
859,826,538,2223
446,189,828,1463
386,739,647,1772
109,201,678,988
673,470,513,1656
422,726,11,1159
119,858,43,1020
24,631,702,1357
919,335,517,1771
452,171,625,1248
655,838,688,2181
781,48,715,1544
330,521,946,1797
161,2,612,775
642,595,927,2164
46,860,230,1136
990,324,258,1572
278,117,227,622
450,84,669,1203
58,28,742,828
492,983,126,1601
685,845,649,2179
147,246,640,1033
376,734,584,1694
411,244,942,1597
702,838,340,1880
508,559,174,1241
998,883,805,2686
105,865,991,1961
159,807,661,1627
904,386,835,2125
30,234,881,1145
658,60,914,1632
371,152,674,1197
78,809,946,1833
386,683,916,1985
527,585,71,1183
997,628,755,2380
848,603,687,2138
781,191,786,1758
136,528,799,1463
662,968,161,1791
232,29,644,905
252,191,566,1009
442,281,170,893
993,63,583,1639
835,545,286,1666
267,305,211,783
564,350,106,1020
775,813,902,2490
956,154,537,1647
396,387,121,904
267,348,83,698
907,554,753,2214
170,352,467,989
401,899,53,1353
370,608,418,1396
584,410,578,1572
142,31,806,979
285,49,937,1271
965,86,358,1409
470,500,293,1263
758,802,478,2038
529,355,510,1394
838,590,714,2142
754,646,809,2209
132,736,701,1569
210,921,985,2116
240,560,874,1674
474,338,824,1636
429,967,348,1744
455,646,956,2057
98,462,130,690
893,185,801,1879
896,764,115,1775
190,826,762,1778
774,369,172,1315
113,7,615,735
913,750,862,2525
833,92,812,1737
158,507,866,1531
651,171,329,1151
185,784,696,1665
783,831,837,2451
126,998,746,1870
488,717,974,2179
730,379,883,1992
854,378,346,1578
906,947,787,2640
328,815,593,1736
326,586,381,1293
311,822,817,1950
44,24,512,580
217,977,418,1612
454,716,931,2101
83,389,217,689
739,94,821,1654
274,664,205,1143
837,437,101,1375
884,137,202,1223
845,543,923,2311
304,716,329,1349
974,27,278,1279
929,671,807,2407
374,87,228,689
36,341,700,1077
322,172,34,528
621,426,537,1584
121,406,457,984
12,932,858,1802
473,984,621,2078
666,983,69,1718
955,384,721,2060
964,451,116,1531
341,724,493,1558
793,378,176,1347
938,385,389,1712
879,583,360,1822
697,780,291,1768
954,69,778,1801
861,183,201,1245
157,859,41,1057
589,603,575,1767
938,323,718,1979
762,156,26,944
141,993,944,2078
684,629,11,1324
818,680,91,1589
387,887,666,1940
923,448,79,1450
919,449,64,1432
352,246,424,1022
252,216,237,705
371,282,256,909
402,937,619,1958
304,121,703,1128
853,755,599,2207
659,771,153,1583
198,234,12,444
985,308,408,1701
78,954,482,1514
893,958,338,2189
51,597,202,850
780,209,319,1308
63,810,43,916
737,666,480,1883
62,276,855,1193
430,470,52,952
550,431,944,1925
966,253,240,1459
936,122,386,1444
688,39,46,773
547,827,97,1471
902,370,774,2046
365,453,318,1136
121,29,990,1140
498,7,372,877
341,491,645,1477
780,551,806,2137
677,470,133,1280
741,131,535,1407
794,346,265,1405
549,135,579,1263
412,221,461,1094
408,607,207,1222
177,718,505,1400
336,320,791,1447
314,486,292,1092
325,978,140,1443
361,906,311,1578
653,127,701,1481
449,198,803,1450
682,683,968,2333
977,178,914,2069
657,304,65,1026
126,164,244,534
425,339,572,1336
490,321,49,860
926,360,754,2040
601,234,591,1426
394,649,500,1543
331,853,268,1452
751,0,89,840
1000,225,29,1254
913,125,872,1910
670,660,800,2130
947,27,496,1470
296,282,457,1035
20,221,811,1052
915,444,503,1862
143,649,592,1384
610,431,305,1346
977,863,985,2825
37,544,522,1103
562,902,191,1655
651,2,316,969
581,988,477,2046
370,353,775,1498
846,33,276,1155
978,405,12,1395
39,557,632,1228
739,166,204,1109
288,417,555,1260
593,935,747,2275
371,919,361,1651
193,277,330,800
446,259,197,902
440,45,657,1142
768,415,736,1919
599,151,820,1570
99,334,478,911
2,624,625,1251
700,51,3,754
775,23,760,1558
922,520,209,1651
583,32,369,984
666,135,412,1213
952,663,606,2221
48,161,803,1012
168,520,796,1484
977,394,261,1632
949,650,808,2407
944,964,732,2640
381,544,588,1513
792,194,904,1890
546,246,957,1749
437,966,284,1687
617,725,27,1369
136,190,644,970
381,963,196,1540
551,6,491,1048
680,155,757,1592
510,184,213,907
193,224,486,903
230,55,866,1151
612,677,24,1313
488,74,501,1063
319,975,374,1668
628,271,316,1215
979,303,607,1889
330,388,975,1693
790,487,899,2176
877,238,126,1241
77,431,921,1429
445,155,93,693
457,595,517,1569
754,80,720,1554
550,795,799,2144
329,110,865,1304
810,653,672,2135
602,965,158,1725
599,757,203,1559
148,396,280,824
446,580,110,1136
980,61,964,2005
272,2,9,283
806,343,21,1170
948,261,445,1654
233,341,576,1150
98,644,282,1024
513,630,382,1525
195,524,637,1356
663,992,679,2334
194,280,853,1327
573,874,102,1549
463,518,774,1755
725,674,612,2011
216,528,27,771
354,709,677,1740
642,615,844,2101
970,944,885,2799
119,816,612,1547
341,170,654,1165
123,214,20,357
888,168,673,1729
995,145,107,1247
335,903,275,1513
279,892,616,1787
174,309,102,585
990,378,109,1477
506,907,226,1639
822,559,611,1992
918,183,703,1804
508,575,298,1381
111,263,726,1100
329,977,717,2023
88,854,487,1429
692,48,983,1723
586,134,650,1370
67,964,424,1455
178,214,212,604
390,380,959,1729
131,72,696,899
531,194,505,1230
724,246,552,1522
248,106,21,375
607,947,396,1950
220,482,186,888
487,473,771,1731
27,747,88,862
316,629,781,1726
465,517,333,1315
411,695,417,1523
535,38,401,974
356,230,142,728
822,229,810,1861
693,438,288,1419
379,544,714,1637
556,989,867,2412
400,56,123,579
110,954,59,1123
624,464,805,1893
357,653,598,1608
220,854,480,1554
578,571,276,1425
758,918,435,2111
265,608,933,1806
742,708,570,2020
298,3,978,1279
66,957,962,1985
114,459,154,727
30,408,176,614
17,412,807,1236
864,604,93,1561
97,363,936,1396
779,548,228,1555
235,153,861,1249
672,546,571,1789
93,184,613,890
682,511,205,1398
52,441,151,644
67,828,107,1002
869,623,519,2011
539,170,471,1180
578,828,261,1667
220,14,136,370
540,365,252,1157
597,926,400,1923
947,494,402,1843
473,212,205,890
108,371,283,762
97,252,291,640
276,978,831,2085
194,722,191,1107
290,441,235,966
150,244,382,776
115,943,867,1925
680,429,351,1460
374,825,331,1530
704,55,725,1484
658,367,589,1614
770,557,648,1975
648,426,258,1332
807,646,960,2413
186,992,916,2094
857,628,592,2077
37,5,688,730
555,35,887,1477
513,521,361,1395
851,517,700,2068
845,695,681,2221
33,86,870,989
566,653,571,1790
335,389,926,1650
441,554,119,1114
548,387,114,1049
389,507,986,1882
950,133,417,1500
527,972,907,2406
493,621,96,1210
40,491,499,1030
484,637,693,1814
810,795,747,2352
563,797,645,2005
769,720,708,2197
897,192,475,1564
701,745,982,2428
941,861,31,1833
714,171,196,1081
346,224,847,1417
325,285,227,837
72,938,363,1373
595,111,854,1560
748,719,792,2259
838,777,193,1808
284,916,900,2100
417,658,765,1840
235,212,304,751
677,640,683,2000
810,492,617,1919
330,461,264,1055
750,138,548,1436
561,323,949,1833
697,434,777,1908
389,49,893,1331
555,387,67,1009
443,435,532,1410
478,517,290,1285
5,531,132,668
760,91,216,1067
58,757,680,1495
371,166,265,802
766,169,243,1178
371,167,273,811
856,873,467,2196
794,117,498,1409
487,258,679,1424
693,388,373,1454
684,847,259,1790
550,279,282,1111
79,278,226,583
300,805,189,1294
343,948,335,1626
527,404,200,1131
753,375,857,1985
257,25,64,346
841,20,434,1295
342,368,834,1544
257,308,428,993
936,546,571,2053
780,650,573,2003
709,740,984,2433
822,986,80,1888
517,481,564,1562
998,939,179,2116
367,59,28,454
652,738,649,2039
247,29,286,562
193,844,254,1291
586,522,448,1556
307,648,353,1308
30,21,1,52
145,998,944,2087
902,235,921,2058
527,318,448,1293
676,757,447,1880
625,843,629,2097
682,903,107,1692
409,256,783,1448
169,231,215,615
163,544,97,804
346,79,384,809
137,268,465,870
27,637,15,679
303,939,348,1590
199,235,727,1161
330,334,581,1245
779,919,339,2037
569,365,767,1701
775,455,91,1321
724,613,144,1481
30,178,390,598
492,378,991,1861
347,490,257,1094
135,833,372,1340
151,849,111,1111
333,582,970,1885
975,2,495,1472
294,72,464,830
309,484,733,1526
48,6,149,203
92,773,184,1049
736,107,77,920
664,933,289,1886
761,662,455,1878
914,50,941,1905
894,34,309,1237
406,9,997,1412
820,196,572,1588
412,615,60,1087
807,267,933,2007
49,594,724,1367
332,772,921,2025
944,411,518,1873
393,909,194,1496
948,96,711,1755
936,831,537,2304
94,712,253,1059
665,695,285,1645
891,781,901,2573
567,306,607,1480
594,768,290,1652
107,279,244,630
166,910,479,1555
257,424,138,819
784,94,299,1177
399,748,78,1225
988,442,662,2092
506,142,850,1498
230,841,550,1621
728,577,268,1573
441,974,452,1867
465,614,497,1576
632,559,852,2043
602,941,644,2187
483,150,384,1017
450,228,443,1121
701,644,112,1457
662,324,78,1064
861,754,980,2595
957,518,999,2474
183,331,175,689
879,777,477,2133
846,553,382,1781
939,961,859,2759
572,733,649,1954
425,144,340,909
539,142,537,1218
330,185,50,565
830,749,237,1816
809,156,620,1585
542,169,679,1390
809,96,463,1368
672,427,446,1545
511,576,222,1309
830,597,205,1632
866,659,573,2098
359,726,20,1105
35,876,746,1657
825,534,668,2027
882,948,919,2749
335,685,527,1547
478,760,464,1702
324,981,529,1834
41,467,159,667
279,319,243,841
209,166,222,597
770,471,612,1853
328,368,335,1031
538,399,400,1337
434,480,979,1893
589,938,450,1977
725,978,392,2095
549,588,623,1760
203,525,952,1680
763,740,685,2188
750,950,23,1723
754,806,74,1634
375,516,318,1209
366,192,729,1287
969,283,845,2097
625,177,634,1436
579,209,247,1035
84,524,184,792
572,500,663,1735
881,682,555,2118
744,324,39,1107
148,647,801,1596
977,588,770,2335
653,420,913,1986
446,46,757,1249
843,289,534,1666
45,11,599,655
839,349,366,1554
302,328,124,754
668,345,227,1240
460,424,266,1150
582,367,554,1503
34,128,875,1037
435,757,422,1614
343,976,462,1781
775,157,639,1571
434,936,690,2060
446,790,40,1276
436,541,24,1001
223,782,228,1233
165,863,565,1593
550,625,481,1656
344,669,670,1683
542,589,760,1891
440,549,90,1079
405,411,663,1479
928,818,561,2307
284,786,340,1410
758,950,583,2291
506,592,144,1242
529,615,814,1958
74,545,758,1377
415,798,25,1238
181,286,498,965
499,857,263,1619
849,952,564,2365
574,854,782,2210
627,27,786,1440
369,168,901,1438
882,886,332,2100
18,302,137,457
683,862,430,1975
113,946,557,1616
9,466,373,848
893,222,216,1331
78,656,885,1619
573,708,544,1825
392,990,523,1905
901,163,416,1480
341,411,821,1573
454,186,472,1112
799,490,995,2284
838,955,201,1994
719,233,223,1175
912,759,806,2477
748,981,936,2665
806,418,531,1755
374,657,366,1397
192,435,32,659
193,512,54,759
926,310,963,2199
968,389,490,1847
240,693,439,1372
120,313,495,928
740,28,808,1576
552,677,966,2195
798,321,502,1621
582,223,454,1259
839,602,952,2393
553,935,998,2486
248,105,441,794
924,731,557,2212
477,144,522,1143
613,29,203,845
385,118,166,669
838,633,163,1634
839,576,979,2394
512,502,483,1497
289,339,231,859
54,159,400,613
330,53,507,890
813,322,910,2045
438,208,164,810
956,325,696,1977
991,645,821,2457
411,347,367,1125
295,38,144,477
838,498,299,1635
240,812,246,1298
817,717,330,1864
988,138,103,1229
370,24,472,866
56,325,202,583
319,470,633,1422
680,577,770,2027
636,638,926,2200
736,812,702,2250
251,996,205,1452
826,786,557,2169
130,66,838,1034
247,262,999,1508
196,898,861,1955
966,89,910,1965
680,908,715,2303
3,148,324,475
590,989,291,1870
53,989,331,1373
545,374,17,936
290,589,820,1699
992,436,846,2274
652,116,267,1035
701,878,394,1973
704,761,474,1939
611,53,96,760
945,312,947,2204
622,427,864,1913
542,839,479,1860
900,549,791,2240
812,890,546,2248
702,128,33,863
782,576,435,1793
748,77,71,896
821,714,659,2194
221,407,404,1032
700,99,577,1376
446,898,988,2332
811,311,772,1894
340,103,975,1418
238,457,6,701
580,836,505,1921
375,65,837,1277
212,86,756,1054
95,447,8,550
353,392,15,760
316,994,832,2142
511,371,7,889
616,802,599,2017
612,290,878,1780
594,588,79,1261
438,752,781,1971
375,516,956,1847
953,245,889,2087
548,989,443,1980
894,606,444,1944
138,207,187,532
551,513,748,1812
611,742,77,1430
397,915,985,2297
669,654,492,1815
837,709,751,2297
269,370,205,844
2,50,197,249
601,346,819,1766
433,494,207,1134
691,41,354,1086
118,865,567,1550
339,504,849,1692
129,575,7,711
307,227,879,1413
398,633,978,2009
489,495,686,1670
972,360,1,1333
467,949,246,1662
843,282,606,1731
168,176,284,628
600,828,501,1929
121,524,794,1439
932,768,813,2513
357,630,462,1449
855,704,863,2422
775,200,482,1457
80,386,159,625
980,623,891,2494
776,411,599,1786
657,431,983,2071
835,470,70,1375
40,294,604,938
870,852,587,2309
814,79,185,1078
306,882,713,1901
124,580,873,1577
495,971,553,2019
596,931,91,1618
587,995,339,1921
464,603,971,2038
55,644,2,701
342,782,125,1249
122,618,870,1610
737,983,627,2347
974,589,789,2352
942,113,885,1940
453,24,934,1411
414,964,577,1955
798,498,131,1427
338,927,376,1641
822,75,989,1886
555,808,31,1394
863,472,317,1652
316,573,550,1439
949,486,76,1511
170,737,265,1172
704,488,570,1762
844,115,550,1509
901,600,587,2088
993,591,796,2380
786,922,793,2501
879,794,528,2201
527,464,962,1953
962,631,586,2179
190,202,739,1131
70,863,254,1187
897,729,701,2327
703,465,36,1204
119,857,590,1566
479,412,742,1633
170,921,566,1657
943,132,945,2020
853,276,778,1907
736,281,170,1187
422,680,523,1625
693,665,879,2237
491,113,520,1124
928,87,938,1953
128,959,140,1227
607,248,411,1266
506,631,738,1875
253,186,350,789
901,937,370,2208
119,772,714,1605
184,956,523,1663
975,439,483,1897
976,877,730,2583
636,918,791,2345
763,637,603,2003
617,207,838,1662
674,76,408,1158
31,992,455,1478
544,711,235,1490
546,814,7,1367
838,928,424,2190
30,512,340,882
887,832,565,2284
401,866,396,1663
172,532,541,1245
368,380,941,1689
496,251,299,1046
670,360,177,1207
848,470,614,1932
270,1,425,696
735,251,671,1657
910,179,838,1927
359,405,381,1145
286,744,676,1706
63,4,410,477
731,647,232,1610
859,539,898,2296
715,631,180,1526
43,116,530,689
279,790,591,1660
676,606,721,2003
155,776,365,1296
956,455,212,1623
800,478,520,1798
876,14,175,1065
59,463,24,546
19,156,344,519
765,134,784,1683
9,19,839,867
646,519,731,1896
638,626,245,1509
901,336,20,1257
719,590,649,1958
921,188,541,1650
586,859,248,1693
243,187,32,462
32,581,319,932
650,760,525,1935
265,253,25,543
770,248,689,1707
859,448,823,2130
79,707,352,1138
693,919,183,1795
971,142,126,1239
427,526,562,1515
577,236,154,967
557,215,723,1495
270,598,891,1759
386,825,578,1789
385,519,263,1167
934,25,100,1059
201,626,893,1720
27,419,489,935
498,906,746,2150
341,715,611,1667
515,68,971,1554
584,145,311,1040
196,159,48,403
290,500,506,1296
313,645,188,1146
435,351,933,1719
994,370,378,1742
416,863,358,1637
922,139,839,1900
462,44,869,1375
204,990,81,1275
591,37,94,722
188,608,884,1680
284,580,480,1344
345,919,211,1475
527,881,115,1523
213,153,901,1267
387,423,449,1259
816,779,735,2330
167,701,388,1256
840,51,204,1095
904,480,30,1414
242,859,105,1206
788,678,553,2019
893,467,634,1994
240,125,287,652
980,488,46,1514
432,331,814,1577
420,137,89,646
795,555,278,1628
845,925,111,1881
177,903,781,1861
519,341,842,1702
108,324,720,1152
696,276,618,1590
101,259,106,466
563,13,646,1222
25,594,589,1208
549,779,816,2144
723,994,907,2624
487,395,681,1563
832,7,238,1077
677,46,329,1052
283,649,707,1639
960,457,43,1460
995,232,381,1608
800,897,991,2688
139,251,965,1355
164,556,662,1382
788,179,293,1260
446,72,49,567
749,759,14,1522
40,25,883,948
148,232,778,1158
425,575,439,1439
203,970,806,1979
876,979,705,2560
166,600,517,1283
192,941,126,1259
76,280,30,386
49,820,792,1661
341,730,333,1404
861,106,158,1125
705,629,964,2298
643,290,632,1565
265,361,833,1459
656,463,295,1414
325,58,908,1291
347,294,194,835
523,188,605,1316
125,291,887,1303
504,651,47,1202
883,739,226,1848
259,210,893,1362
965,88,133,1186
305,990,379,1674
438,50,331,819
118,399,983,1500
641,592,618,1851
886,342,916,2144
627,47,574,1248
175,519,454,1148
995,245,41,1281
847,444,345,1636
368,542,946,1856
286,885,352,1523
947,570,276,1793
203,300,295,798
279,693,782,1754
874,884,628,2386
607,888,623,2118
368,807,122,1297
115,663,300,1078
310,404,861,1575
292,371,956,1619
24,248,595,867
639,864,605,2108
30,393,787,1210
728,326,268,1322
241,86,986,1313
469,809,898,2176
842,858,310,2010
517,132,149,798
974,790,954,2718
494,844,230,1568
53,920,792,1765
434,376,190,1000
360,478,384,1222
605,826,54,1485
354,593,841,1788
458,656,240,1354
417,242,40,699
399,709,48,1156
921,214,465,1600
330,287,159,776
326,898,621,1845
746,501,891,2138
470,485,198,1153
431,598,448,1477
381,358,699,1438
84,802,890,1776
948,53,215,1216
31,315,74,420
890,855,794,2539
9,737,812,1558
271,672,686,1629
150,281,460,891
926,44,464,1434
464,527,289,1280
159,436,426,1021
26,429,129,584
722,157,604,1483
100,186,487,773
4,411,151,566
366,697,744,1807
881,298,459,1638
980,275,515,1770
552,233,765,1550
770,364,398,1532
460,881,208,1549
516,707,884,2107
437,985,823,2245
803,414,119,1336
201,880,72,1153
401,755,998,2154
280,70,674,1024
860,724,634,2218
252,377,628,1257
272,582,495,1349
711,60,661,1432
699,129,111,939
794,489,521,1804
432,188,539,1159
618,35,690,1343
183,959,294,1436
661,5,949,1615
570,485,152,1207
137,670,134,941
42,782,764,1588
362,227,36,625
7,42,308,357
275,699,425,1399
310,958,558,1826
983,45,482,1510
701,854,980,2535
893,247,183,1323
880,690,903,2473
327,117,435,879
827,898,841,2566
473,334,270,1077
370,147,593,1110
470,937,743,2150
582,438,89,1109
521,855,219,1595
346,681,825,1852
478,13,730,1221
792,342,576,1710
626,692,702,2020
639,994,394,2027
199,785,956,1940
351,458,691,1500
444,377,62,883
230,997,219,1446
817,401,98,1316
589,620,783,1992
273,517,668,1458
998,370,18,1386
450,730,400,1580
189,218,492,899
227,730,130,1087
583,266,882,1731
518,956,73,1547
957,874,601,2432
656,928,88,1672
111,67,999,1177
364,351,851,1566
567,547,820,1934
820,974,448,2242
961,416,123,1500
719,1,876,1596
941,900,82,1923
854,647,78,1579
171,55,288,514
336,648,256,1240
849,67,672,1588
218,491,5,714
836,612,278,1726
16,326,442,784
518,805,921,2244
528,242,304,1074
795,817,585,2197
60,819,464,1343
371,820,360,1551
788,549,683,2020
973,130,575,1678
913,969,641,2523
159,650,847,1656
705,116,55,876
259,681,994,1934
513,356,857,1726
531,389,66,986
751,487,831,2069
940,10,719,1669
153,21,832,1006
420,12,927,1359
728,968,809,2505
110,233,982,1325
211,975,216,1402
662,97,64,823
875,3,562,1440
997,63,378,1438
879,662,19,1560
339,438,611,1388
758,819,817,2394
177,533,95,805
906,344,224,1474
295,219,46,560
510,287,577,1374
70,201,190,461
836,980,257,2073
534,89,505,1128
944,312,753,2009
909,682,614,2205
962,635,839,2436
711,53,653,1417
464,176,448,1088
799,149,429,1377
1000,551,508,2059
843,689,605,2137
657,45,424,1126
366,815,21,1202
118,570,100,788
943,377,808,2128
682,48,83,813
895,12,737,1644
136,834,513,1483
260,600,681,1541
248,865,903,2016
336,393,621,1350
152,637,478,1267
392,651,640,1683
945,88,442,1475
978,991,596,2565
629,44,115,788
126,784,951,1861
488,554,443,1485
632,700,508,1840
613,634,654,1901
934,361,821,2116
664,516,58,1238
944,687,559,2190
530,642,312,1484
898,428,709,2035
250,357,880,1487
578,921,858,2357
438,632,10,1080
799,1000,786,2585
36,668,813,1517
530,850,101,1481
843,919,872,2634
153,801,113,1067
818,228,726,1772
534,533,740,1807
38,548,474,1060
360,289,25,674
187,98,637,922
346,863,908,2117
218,695,699,1612
604,890,202,1696
724,387,823,1934
422,720,421,1563
829,905,637,2371
657,16,757,1430
211,782,135,1128
280,76,171,527
758,411,404,1573
362,908,300,1570
672,889,793,2354
1,925,728,1654
808,818,525,2151
635,949,110,1694
30,229,993,1252
133,215,754,1102
862,923,844,2629
132,722,507,1361
844,40,548,1432
407,184,29,620
744,235,543,1522
7,144,523,674
845,682,41,1568
839,654,336,1829
753,297,627,1677
132,244,823,1199
808,68,818,1694
976,10,520,1506
36,38,854,928
949,631,966,2546
552,908,117,1577
312,530,680,1522
139,418,947,1504
207,221,442,870
328,989,861,2178
634,10,75,719
17,850,126,993
8,420,642,1070
921,895,481,2297
27,577,834,1438
368,336,248,952
827,604,675,2106
150,19,748,917
740,32,243,1015
35,595,915,1545
432,693,630,1755
14,460,277,751
554,956,654,2164
128,550,467,1145
907,529,365,1801
320,832,69,1221
19,623,358,1000
34,16,387,437
81,745,663,1489
81,122,436,639
45,968,52,1065
712,375,774,1861
535,597,792,1924
522,796,162,1480
381,412,820,1613
8,56,272,336
176,500,455,1131
536,177,556,1269
340,821,503,1664
372,923,272,1567
132,699,105,936
541,223,561,1325
258,216,391,865
473,99,560,1132
598,430,654,1682
643,981,197,1821
94,809,30,933
988,768,921,2677
245,331,870,1446
796,756,236,1788
455,349,480,1284
989,261,796,2046
917,195,984,2096
443,126,251,820
377,358,482,1217
226,733,486,1445
210,817,58,1085
486,309,626,1421
923,340,301,1564
517,673,182,1372
881,341,417,1639
117,315,916,1348
348,627,496,1471
885,44,428,1357
711,444,103,1258
978,920,311,2209
66,261,828,1155
124,583,305,1012
405,911,301,1617
997,19,102,1118
424,594,184,1202
45,274,777,1096
846,780,5,1631
303,273,95,671
884,524,533,1941
560,54,233,847
701,113,783,1597
858,672,409,1939
907,346,300,1553
401,63,654,1118
763,894,315,1972
601,492,668,1761
915,869,333,2117
828,809,220,1857
653,532,568,1753
133,556,750,1439
549,570,356,1475
411,870,914,2195
90,765,284,1139
896,507,604,2007
608,178,357,1143
208,209,514,931
94,117,436,647
147,589,789,1525
515,316,602,1433
176,260,878,1314
691,306,476,1473
427,685,191,1303
445,605,296,1346
500,299,877,1676
498,64,920,1482
273,816,839,1928
543,441,700,1684
974,523,496,1993
175,278,557,1010
744,733,599,2076
952,539,472,1963
187,873,386,1446
372,203,118,693
615,886,110,1611
452,75,345,872
500,253,822,1575
588,707,744,2039
61,670,374,1105
534,161,28,723
271,428,408,1107
530,443,185,1158
828,625,904,2357
760,489,747,1996
108,900,509,1517
588,219,577,1384
278,646,54,978
947,810,498,2255
947,310,809,2066
820,848,413,2081
777,756,437,1970
116,461,990,1567
937,227,878,2042
57,574,824,1455
170,845,381,1396
941,87,917,1945
43,442,562,1047
944,195,716,1855
685,959,856,2500
942,357,26,1325
734,970,105,1809
932,937,453,2322
960,616,767,2343
163,473,500,1136
386,175,464,1025
774,98,199,1071
283,351,865,1499
715,441,940,2096
780,352,466,1598
1,750,105,856
984,851,14,1849
515,134,846,1495
556,244,963,1763
171,522,285,978
796,109,354,1259
956,330,418,1704
183,60,879,1122
420,205,0,625
510,433,904,1847
638,33,973,1644
630,400,194,1224
756,895,15,1666
257,741,972,1970
434,219,236,889
553,158,936,1647
661,607,191,1459
160,340,77,577
205,349,834,1388
510,986,685,2181
803,796,671,2270
721,95,384,1200
761,617,722,2100
401,936,594,1931
852,644,745,2241
653,98,359,1110
307,427,294,1028
241,346,786,1373
352,377,940,1669
443,739,724,1906
745,599,414,1758
994,402,495,1891
584,971,95,1650
961,580,796,2337
266,772,147,1185
114,122,272,508
781,655,250,1686
570,514,312,1396
387,662,940,1989
722,87,192,1001
395,41,673,1109
708,385,96,1189
106,48,32,186
678,463,45,1186
864,70,408,1342
798,817,70,1685
292,603,317,1212
878,248,932,2058
1,240,864,1105
595,150,211,956
893,35,467,1395
79,469,165,713
471,563,333,1367
806,752,868,2426
415,441,916,1772
889,761,670,2320
478,957,111,1546
97,410,768,1275
627,374,949,1950
975,882,283,2140
797,387,358,1542
290,686,129,1105
197,849,400,1446
352,3,536,891
752,844,416,2012
540,432,80,1052
286,334,736,1356
967,920,991,2878
651,849,904,2404
17,35,941,993
128,385,152,665
301,815,155,1271
823,557,314,1694
859,209,760,1828
908,843,27,1778
501,687,512,1700
236,253,581,1070
335,561,264,1160
961,324,147,1432
534,370,501,1405
215,975,413,1603
680,28,865,1573
335,245,260,840
721,699,316,1736
352,599,390,1341
82,24,379,485
96,571,630,1297
627,471,391,1489
287,27,181,495
274,662,779,1715
79,300,760,1139
350,555,965,1870
464,89,156,709
706,84,83,873
985,550,869,2404
433,191,749,1373
363,38,406,807
277,367,223,867
568,996,368,1932
679,504,509,1692
535,528,324,1387
894,363,777,2034
872,674,999,2545
641,580,359,1580
855,320,83,1258
621,96,854,1571
553,49,69,671
464,525,501,1490
645,551,155,1351
985,930,562,2477
916,22,818,1756
688,774,3,1465
563,83,25,671
25,339,133,497
791,996,174,1961
324,542,559,1425
67,228,137,432
140,423,814,1377
990,512,174,1676
419,594,983,1996
423,285,62,770
640,758,280,1678
443,778,643,1864
237,878,619,1734
726,756,732,2214
138,867,831,1836
475,384,78,937
933,351,497,1781
180,631,460,1271
270,109,659,1038
970,348,306,1624
632,620,237,1489
441,389,988,1818
984,482,909,2375
537,730,160,1427
199,243,70,512
657,672,853,2182
926,605,463,1994
205,18,57,280
178,917,996,2091
729,530,98,1357
798,425,957,2180
937,884,855,2676
6,609,747,1362
835,282,594,1711
204,30,34,268
232,106,828,1166
61,23,723,807
260,363,162,785
243,936,338,1517
227,182,972,1381
530,832,222,1584
270,689,809,1768
148,182,133,463
413,94,41,548
908,702,15,1625
346,645,804,1795
634,742,391,1767
209,44,830,1083
683,651,247,1581
759,611,399,1769
235,630,862,1727
495,956,530,1981
108,734,328,1170
263,740,393,1396
875,122,308,1305
691,462,690,1843
803,9,99,911
863,402,237,1502
998,98,1,1097
487,22,270,779
56,910,498,1464
990,714,234,1938
327,27,22,376
269,829,590,1688
812,1000,443,2255
896,337,165,1398
189,663,589,1441
412,852,570,1834
902,395,405,1702
690,598,447,1735
977,61,376,1414
564,888,785,2237
869,863,632,2364
225,358,336,919
670,83,425,1178
17,15,957,989
522,882,156,1560
543,360,556,1459
525,715,114,1354
774,973,599,2346
41,467,367,875
610,410,985,2005
393,457,345,1195
42,805,854,1701
85,113,342,540
337,98,957,1392
3,625,715,1343
915,783,290,1988
334,239,448,1021
312,506,396,1214
794,563,179,1536
0,523,532,1055
822,590,309,1721
615,333,726,1674
966,922,758,2646
78,473,681,1232
631,255,565,1451
182,741,934,1857
991,666,816,2473
974,290,650,1914
485,248,54,787
401,144,952,1497
313,144,497,954
152,86,758,996
458,723,70,1251
314,839,105,1258
225,967,785,1977
875,838,784,2497
787,522,469,1778
60,56,398,514
445,772,59,1276
398,648,165,1211
459,926,52,1437
985,733,721,2439
864,493,230,1587
450,286,993,1729
345,670,98,1113
584,994,565,2143
933,82,856,1871
822,487,105,1414
396,837,635,1868
308,158,705,1171
962,686,280,1928
498,162,649,1309
904,851,454,2209
790,673,651,2114
669,639,822,2130
271,523,877,1671
889,539,477,1905
607,238,35,880
213,71,395,679
744,946,394,2084
972,281,331,1584
430,834,921,2185
949,433,756,2138
826,901,760,2487
369,356,432,1157
999,470,718,2187
220,38,957,1215
705,541,717,1963
149,220,444,813
893,454,434,1781
242,183,606,1031
881,440,700,2021
499,189,40,728
270,409,405,1084
408,562,828,1798
652,329,171,1152
492,783,180,1455
754,369,242,1365
445,311,502,1258
693,46,987,1726
656,636,913,2205
228,706,401,1335
522,538,357,1417
392,595,518,1505
811,576,413,1800
697,936,621,2254
717,115,525,1357
241,754,794,1789
19,670,750,1439
373,263,873,1509
957,847,660,2464
102,114,524,740
715,831,753,2299
428,786,445,1659
20,340,728,1088
456,298,529,1283
993,19,402,1414
76,180,929,1185
714,601,418,1733
910,580,790,2280
958,573,244,1775
172,248,301,721
533,517,658,1708
746,214,306,1266
216,442,67,725
334,874,280,1488
416,439,208,1063
575,520,983,2078
375,40,994,1409
953,965,993,2911
573,186,728,1487
42,526,726,1294
858,359,966,2183
696,599,905,2200
442,828,830,2100
905,667,524,2096
3,464,444,911
398,528,437,1363
377,549,891,1817
447,433,541,1421
710,37,618,1365
113,533,772,1418
399,372,679,1450
945,925,380,2250
675,523,829,2027
580,783,340,1703
259,687,95,1041
412,397,187,996
774,735,827,2336
202,460,257,919
155,618,188,961
703,417,904,2024
237,741,141,1119
207,539,9,755
351,840,679,1870
408,407,641,1456
156,940,29,1125
118,681,586,1385
206,579,353,1138
727,97,284,1108
488,339,101,928
31,986,303,1320
229,217,537,983
176,580,554,1310
137,146,971,1254
530,87,602,1219
944,9,183,1136
607,689,296,1592
144,277,755,1176
568,877,36,1481
211,892,194,1297
318,148,827,1293
845,14,36,895
932,140,222,1294
556,468,480,1504
876,190,439,1505
369,739,633,1741
938,134,909,1981
643,364,436,1443
949,987,18,1954
464,655,629,1748
21,533,897,1451
616,883,43,1542
442,901,376,1719
390,13,146,549
604,53,118,775
204,317,702,1223
445,188,757,1390
875,956,757,2588
569,814,688,2071
303,775,579,1657
790,569,664,2023
889,220,869,1978
968,712,927,2607
370,380,143,893
608,209,282,1099
42,16,924,982
131,37,339,507
459,334,782,1575
779,444,624,1847
484,532,797,1813
362,736,883,1981
202,168,647,1017
161,268,801,1230
205,572,692,1469
541,586,590,1717
769,678,647,2094
747,636,997,2380
830,652,364,1846
162,378,778,1318
147,704,293,1144
317,877,779,1973
855,252,816,1923
621,754,517,1892
79,508,306,893
310,178,199,687
589,775,784,2148
597,257,733,1587
994,148,544,1686
255,225,534,1014
997,709,736,2442
691,290,31,1012
679,628,209,1516
113,47,943,1103
767,406,704,1877
57,122,390,569
160,268,697,1125
412,1,665,1078
163,337,708,1208
493,797,622,1912
463,524,854,1841
110,286,893,1289
517,583,897,1997
321,352,23,696
233,61,985,1279
986,951,8,1945
975,760,714,2449
561,388,768,1717
792,275,408,1475
408,260,204,872
786,147,22,955
640,970,556,2166
599,297,837,1733
77,490,995,1562
515,563,229,1307
18,915,902,1835
98,690,741,1529
684,48,781,1513
123,800,65,988
219,498,730,1447
327,392,660,1379
90,334,124,548
740,489,912,2141
959,353,255,1567
152,822,910,1884
668,911,203,1782
713,906,604,2223
276,752,968,1996
709,862,139,1710
192,581,505,1278
121,48,520,689
657,821,996,2474
412,541,599,1552
367,792,852,2011
442,587,63,1092
620,255,674,1549
246,992,85,1323
796,980,270,2046
78,403,891,1372
563,81,164,808
844,457,217,1518
888,705,971,2564
681,334,967,1982
914,441,803,2158
345,29,887,1261
355,963,415,1733
471,203,657,1331
565,530,299,1394
641,691,229,1561
914,805,766,2485
4,342,545,891
208,601,377,1186
508,91,111,710
61,132,94,287
575,352,805,1732
165,42,750,957
46,705,489,1240
104,823,598,1525
29,954,166,1149
56,983,891,1930
549,734,865,2148
103,468,905,1476
618,739,359,1716
971,32,118,1121
