963,511,1474
242,40,282
823,167,990
994,263,1257
872,840,1712
176,159,335
91,995,1086
886,525,1411
794,243,1037
959,850,1809
422,1000,1422
605,695,1300
773,297,1070
499,261,760
634,419,1053
685,416,1101
534,775,1309
181,454,635
340,470,810
805,7,812
902,456,1358
943,530,1473
16,186,202
592,831,1423
386,100,486
894,612,1506
18,123,141
243,214,457
569,54,623
482,140,622
580,755,1335
446,548,994
941,778,1719
751,306,1057
319,941,1260
61,25,86
886,763,1649
538,271,809
611,96,707
506,101,607
969,779,1748
275,327,602
634,470,1104
654,44,698
821,749,1570
857,386,1243
695,933,1628
909,101,1010
285,655,940
565,141,706
932,143,1075
726,46,772
936,922,1858
687,77,764
418,18,436
158,198,356
141,995,1136
768,378,1146
691,624,1315
567,352,919
786,740,1526
907,121,1028
196,724,920
895,582,1477
650,761,1411
876,178,1054
800,934,1734
9,544,553
597,746,1343
315,722,1037
937,315,1252
576,214,790
993,824,1817
92,416,508
364,221,585
820,844,1664
195,274,469
336,354,690
984,175,1159
414,950,1364
541,804,1345
319,410,729
551,324,875
686,887,1573
832,846,1678
245,490,735
304,376,680
40,939,979
61,769,830
684,6,690
332,476,808
993,22,1015
264,777,1041
30,180,210
104,661,765
597,207,804
192,932,1124
28,314,342
76,363,439
145,284,429
278,96,374
636,957,1593
657,727,1384
583,545,1128
151,882,1033
286,118,404
19,341,360
640,47,687
85,411,496
799,472,1271
757,610,1367
360,577,937
564,533,1097
551,112,663
409,103,512
776,316,1092
689,845,1534
629,114,743
699,166,865
306,968,1274
657,855,1512
783,122,905
235,947,1182
477,136,613
100,535,635
1000,531,1531
367,651,1018
448,299,747
401,733,1134
408,174,582
355,780,1135
682,107,789
786,89,875
360,610,970
944,985,1929
346,318,664
739,963,1702
334,647,981
161,534,695
600,809,1409
340,176,516
398,139,537
953,899,1852
5,82,87
546,878,1424
670,966,1636
8,310,318
214,294,508
673,355,1028
683,365,1048
909,581,1490
413,155,568
908,484,1392
206,586,792
80,382,462
139,3,142
111,2,113
306,763,1069
323,531,854
680,806,1486
854,719,1573
287,165,452
993,375,1368
761,127,888
499,796,1295
404,197,601
875,547,1422
876,346,1222
497,779,1276
590,842,1432
484,724,1208
295,801,1096
105,490,595
550,546,1096
873,221,1094
821,16,837
646,855,1501
615,705,1320
265,465,730
409,141,550
200,237,437
661,709,1370
833,539,1372
165,391,556
552,940,1492
171,729,900
553,102,655
625,720,1345
549,92,641
648,840,1488
730,965,1695
143,23,166
414,154,568
332,885,1217
995,561,1556
176,558,734
252,860,1112
960,186,1146
8,588,596
208,295,503
292,392,684
776,579,1355
189,495,684
780,304,1084
947,24,971
76,514,590
206,722,928
595,246,841
111,374,485
336,914,1250
780,925,1705
227,872,1099
38,18,56
923,971,1894
543,437,980
828,416,1244
273,180,453
379,701,1080
823,771,1594
373,245,618
345,540,885
27,376,403
145,106,251
481,153,634
490,795,1285
391,146,537
518,580,1098
777,432,1209
373,617,990
900,364,1264
545,682,1227
914,157,1071
89,58,147
178,958,1136
201,108,309
871,657,1528
540,23,563
631,104,735
488,154,642
988,783,1771
733,978,1711
344,838,1182
368,831,1199
776,375,1151
591,435,1026
705,729,1434
234,721,955
128,913,1041
771,97,868
356,359,715
481,214,695
259,61,320
239,728,967
216,715,931
766,102,868
23,727,750
343,369,712
822,75,897
467,578,1045
360,871,1231
556,658,1214
432,179,611
458,159,617
99,266,365
993,483,1476
919,965,1884
345,316,661
950,167,1117
195,582,777
228,421,649
23,587,610
697,675,1372
958,859,1817
713,54,767
80,845,925
75,324,399
219,858,1077
129,597,726
227,818,1045
458,259,717
768,669,1437
451,916,1367
310,644,954
604,949,1553
441,44,485
473,221,694
734,401,1135
284,345,629
426,169,595
545,644,1189
348,335,683
582,399,981
406,366,772
537,489,1026
398,95,493
605,125,730
292,953,1245
870,363,1233
3,199,202
113,180,293
720,360,1080
208,383,591
80,313,393
924,909,1833
305,868,1173
42,865,907
89,425,514
419,541,960
21,896,917
921,180,1101
47,59,106
657,883,1540
708,520,1228
547,437,984
85,786,871
316,193,509
418,471,889
906,539,1445
300,529,829
674,223,897
151,701,852
456,748,1204
868,967,1835
257,680,937
926,204,1130
649,450,1099
23,750,773
426,224,650
559,145,704
375,54,429
733,93,826
141,10,151
949,329,1278
531,560,1091
351,322,673
284,488,772
574,457,1031
411,187,598
72,923,995
762,441,1203
407,207,614
266,506,772
700,189,889
416,219,635
501,120,621
474,701,1175
815,171,986
506,10,516
561,130,691
108,125,233
691,449,1140
37,106,143
626,537,1163
275,939,1214
804,573,1377
731,625,1356
719,921,1640
72,144,216
204,657,861
530,470,1000
512,401,913
839,644,1483
639,881,1520
265,260,525
836,568,1404
300,877,1177
262,682,944
444,617,1061
334,664,998
3,746,749
50,930,980
571,870,1441
901,483,1384
312,476,788
62,756,818
334,504,838
753,209,962
933,19,952
488,865,1353
615,11,626
451,565,1016
17,818,835
796,278,1074
182,698,880
635,792,1427
255,506,761
116,921,1037
913,858,1771
681,546,1227
256,78,334
725,669,1394
480,508,988
940,184,1124
348,295,643
352,277,629
872,860,1732
327,361,688
250,649,899
614,140,754
485,234,719
712,984,1696
140,357,497
201,104,305
209,679,888
9,895,904
62,49,111
893,907,1800
2,881,883
975,738,1713
225,651,876
160,585,745
358,314,672
757,599,1356
353,566,919
729,860,1589
717,258,975
675,94,769
950,766,1716
847,928,1775
465,965,1430
943,903,1846
250,591,841
197,775,972
934,285,1219
796,56,852
753,711,1464
932,944,1876
187,909,1096
272,172,444
628,354,982
368,869,1237
198,508,706
367,875,1242
998,72,1070
355,546,901
603,288,891
248,424,672
293,193,486
866,392,1258
873,118,991
199,493,692
661,457,1118
1,888,889
851,716,1567
911,936,1847
493,924,1417
937,9,946
567,682,1249
632,274,906
679,949,1628
284,571,855
660,47,707
695,899,1594
529,560,1089
972,572,1544
402,525,927
344,337,681
666,531,1197
481,173,654
531,76,607
753,105,858
463,309,772
376,265,641
16,919,935
631,40,671
575,341,916
863,769,1632
365,747,1112
38,487,525
43,342,385
206,806,1012
574,875,1449
434,519,953
666,816,1482
224,482,706
478,919,1397
631,535,1166
951,780,1731
323,505,828
120,747,867
207,88,295
75,708,783
483,424,907
848,126,974
459,628,1087
422,486,908
450,974,1424
661,372,1033
871,265,1136
438,572,1010
419,162,581
300,142,442
161,420,581
958,995,1953
214,471,685
218,635,853
845,703,1548
226,885,1111
375,311,686
662,558,1220
295,506,801
480,876,1356
801,953,1754
503,170,673
563,327,890
833,505,1338
809,508,1317
744,648,1392
501,633,1134
609,661,1270
656,730,1386
639,919,1558
407,600,1007
865,779,1644
923,464,1387
935,584,1519
381,170,551
854,148,1002
494,293,787
430,205,635
811,284,1095
774,759,1533
395,977,1372
421,120,541
813,160,973
400,73,473
21,366,387
155,854,1009
236,580,816
336,260,596
147,86,233
296,856,1152
303,280,583
78,662,740
304,659,963
916,833,1749
84,975,1059
567,978,1545
200,58,258
276,913,1189
774,887,1661
848,530,1378
573,151,724
88,12,100
431,918,1349
414,750,1164
191,707,898
304,655,959
3,272,275
752,642,1394
740,755,1495
935,1000,1935
662,280,942
266,383,649
24,144,168
283,173,456
175,866,1041
529,524,1053
186,158,344
682,296,978
153,169,322
222,311,533
143,669,812
275,927,1202
652,812,1464
439,787,1226
850,713,1563
331,723,1054
745,445,1190
497,801,1298
126,735,861
931,828,1759
843,957,1800
124,344,468
30,597,627
88,446,534
428,282,710
570,832,1402
436,990,1426
86,896,982
634,793,1427
254,200,454
981,776,1757
518,576,1094
946,260,1206
578,416,994
990,670,1660
513,199,712
285,662,947
974,359,1333
896,424,1320
485,28,513
186,177,363
196,125,321
445,651,1096
447,927,1374
129,679,808
774,22,796
144,497,641
710,475,1185
102,67,169
177,603,780
373,217,590
663,682,1345
612,664,1276
615,900,1515
799,588,1387
988,159,1147
288,192,480
809,96,905
457,373,830
480,839,1319
340,652,992
752,509,1261
502,224,726
862,681,1543
989,884,1873
241,977,1218
571,830,1401
24,257,281
271,645,916
214,402,616
131,799,930
214,778,992
999,777,1776
443,885,1328
345,7,352
746,4,750
759,780,1539
281,447,728
967,602,1569
678,579,1257
769,378,1147
70,769,839
309,873,1182
777,319,1096
849,842,1691
707,274,981
403,316,719
353,597,950
387,764,1151
62,737,799
894,696,1590
803,387,1190
30,840,870
972,133,1105
138,662,800
399,174,573
55,102,157
738,910,1648
302,854,1156
756,617,1373
440,545,985
490,674,1164
994,406,1400
54,736,790
98,809,907
101,735,836
468,371,839
72,342,414
267,168,435
740,103,843
654,770,1424
482,243,725
8,718,726
760,752,1512
479,392,871
575,410,985
132,281,413
869,824,1693
996,936,1932
594,698,1292
740,280,1020
851,854,1705
592,488,1080
661,677,1338
486,477,963
839,487,1326
648,57,705
607,358,965
871,272,1143
371,139,510
379,776,1155
748,918,1666
120,289,409
196,25,221
411,922,1333
919,415,1334
861,609,1470
657,186,843
892,654,1546
278,955,1233
397,683,1080
881,460,1341
61,34,95
324,482,806
11,895,906
909,405,1314
976,887,1863
519,41,560
441,404,845
384,306,690
839,634,1473
310,144,454
344,872,1216
385,631,1016
739,664,1403
590,593,1183
773,306,1079
433,599,1032
654,736,1390
728,14,742
107,949,1056
188,669,857
706,122,828
832,142,974
603,59,662
186,570,756
140,362,502
190,498,688
25,489,514
619,906,1525
391,578,969
690,855,1545
684,42,726
464,332,796
436,662,1098
107,908,1015
33,376,409
694,346,1040
638,535,1173
519,36,555
808,974,1782
866,296,1162
51,539,590
536,133,669
980,857,1837
581,490,1071
415,56,471
301,256,557
244,618,862
352,1000,1352
251,941,1192
216,613,829
587,608,1195
896,678,1574
619,795,1414
876,340,1216
163,158,321
329,965,1294
765,42,807
834,866,1700
883,753,1636
666,904,1570
875,718,1593
140,183,323
231,993,1224
465,506,971
128,75,203
224,188,412
696,45,741
573,470,1043
829,747,1576
290,405,695
390,226,616
495,728,1223
283,856,1139
742,878,1620
30,870,900
21,50,71
158,187,345
397,595,992
601,762,1363
607,707,1314
504,167,671
428,42,470
499,871,1370
478,112,590
148,495,643
644,636,1280
222,290,512
879,607,1486
410,502,912
954,189,1143
736,801,1537
476,73,549
950,143,1093
780,101,881
236,354,590
43,107,150
52,818,870
922,221,1143
905,319,1224
319,357,676
660,174,834
715,439,1154
743,390,1133
754,989,1743
923,220,1143
838,41,879
198,366,564
465,629,1094
837,624,1461
539,819,1358
315,110,425
295,190,485
541,888,1429
924,452,1376
656,112,768
204,733,937
596,6,602
305,749,1054
694,474,1168
35,1000,1035
849,951,1800
692,688,1380
811,16,827
274,611,885
300,368,668
44,772,816
305,703,1008
171,845,1016
372,469,841
390,753,1143
253,351,604
104,188,292
217,985,1202
34,996,1030
446,140,586
374,611,985
412,655,1067
249,935,1184
660,282,942
555,918,1473
458,245,703
448,464,912
764,669,1433
172,717,889
890,672,1562
821,149,970
949,977,1926
885,944,1829
660,216,876
422,590,1012
474,300,774
352,660,1012
682,403,1085
632,241,873
887,659,1546
162,343,505
742,764,1506
248,67,315
950,890,1840
249,65,314
547,490,1037
21,733,754
881,920,1801
810,816,1626
477,935,1412
919,410,1329
16,519,535
804,917,1721
493,861,1354
984,719,1703
426,654,1080
900,285,1185
323,962,1285
828,231,1059
375,567,942
496,991,1487
286,829,1115
142,414,556
635,952,1587
384,196,580
193,46,239
585,12,597
36,622,658
387,905,1292
10,365,375
855,690,1545
771,933,1704
738,49,787
609,338,947
238,909,1147
171,46,217
216,504,720
156,963,1119
810,103,913
340,646,986
440,593,1033
314,510,824
280,480,760
482,767,1249
600,70,670
914,141,1055
735,516,1251
952,607,1559
741,931,1672
899,647,1546
391,938,1329
759,750,1509
39,159,198
456,325,781
674,960,1634
340,953,1293
42,864,906
286,866,1152
606,458,1064
618,494,1112
82,652,734
193,712,905
882,100,982
504,216,720
423,132,555
923,285,1208
112,238,350
164,314,478
548,694,1242
889,762,1651
940,726,1666
828,656,1484
791,602,1393
459,651,1110
300,991,1291
29,712,741
541,652,1193
265,567,832
8,487,495
883,631,1514
371,738,1109
204,545,749
189,759,948
282,575,857
112,361,473
564,382,946
122,962,1084
121,621,742
680,511,1191
207,949,1156
88,349,437
529,763,1292
705,356,1061
496,87,583
90,213,303
267,702,969
977,352,1329
320,435,755
658,0,658
558,795,1353
500,264,764
33,906,939
6,806,812
603,601,1204
802,473,1275
962,18,980
538,381,919
598,466,1064
856,601,1457
135,966,1101
971,19,990
61,121,182
812,587,1399
993,18,1011
977,840,1817
55,502,557
786,550,1336
968,677,1645
786,291,1077
707,71,778
452,723,1175
620,723,1343
700,522,1222
262,721,983
357,487,844
693,948,1641
162,448,610
686,8,694
840,535,1375
383,780,1163
355,813,1168
434,509,943
82,232,314
651,553,1204
667,240,907
98,495,593
935,876,1811
816,201,1017
693,951,1644
996,609,1605
630,118,748
981,636,1617
318,814,1132
577,246,823
224,244,468
810,403,1213
904,272,1176
39,272,311
74,960,1034
860,968,1828
614,696,1310
311,477,788
731,773,1504
987,438,1425
100,774,874
98,584,682
260,221,481
360,140,500
662,618,1280
172,859,1031
226,591,817
352,246,598
844,971,1815
475,74,549
871,481,1352
417,771,1188
399,660,1059
849,702,1551
834,746,1580
346,391,737
420,608,1028
624,697,1321
330,119,449
969,910,1879
454,938,1392
31,725,756
757,717,1474
73,324,397
248,406,654
63,285,348
960,811,1771
2,819,821
867,443,1310
728,11,739
294,825,1119
543,435,978
46,691,737
262,703,965
884,563,1447
12,80,92
752,347,1099
429,871,1300
193,74,267
538,357,895
107,162,269
416,193,609
436,922,1358
728,698,1426
589,108,697
252,373,625
376,901,1277
986,375,1361
963,246,1209
290,883,1173
539,484,1023
13,873,886
832,811,1643
1000,890,1890
826,43,869
589,44,633
330,737,1067
673,682,1355
746,737,1483
536,998,1534
669,187,856
259,721,980
549,827,1376
184,912,1096
488,98,586
880,696,1576
263,697,960
220,208,428
549,893,1442
269,189,458
683,397,1080
71,993,1064
672,747,1419
176,254,430
317,647,964
206,6,212
757,939,1696
402,692,1094
608,939,1547
722,281,1003
1,317,318
214,8,222
703,499,1202
667,302,969
186,81,267
965,168,1133
697,168,865
521,50,571
553,633,1186
567,63,630
420,225,645
49,166,215
896,761,1657
428,703,1131
636,44,680
495,285,780
554,756,1310
59,354,413
191,804,995
995,119,1114
9,122,131
859,187,1046
565,187,752
180,523,703
2,696,698
20,275,295
577,589,1166
338,895,1233
846,180,1026
805,271,1076
166,326,492
988,856,1844
243,560,803
285,503,788
36,937,973
445,134,579
503,976,1479
933,402,1335
648,648,1296
89,895,984
891,551,1442
87,166,253
47,457,504
287,324,611
650,114,764
776,315,1091
652,790,1442
451,366,817
199,139,338
796,657,1453
102,399,501
400,642,1042
640,132,772
366,619,985
178,156,334
348,797,1145
801,378,1179
28,227,255
253,225,478
497,869,1366
499,951,1450
351,184,535
594,833,1427
627,869,1496
763,916,1679
277,224,501
392,115,507
952,678,1630
14,739,753
860,634,1494
143,704,847
734,42,776
744,759,1503
600,602,1202
617,211,828
670,874,1544
579,2,581
196,135,331
498,916,1414
193,429,622
186,628,814
734,181,915
795,789,1584
145,535,680
76,928,1004
402,194,596
547,987,1534
567,661,1228
503,923,1426
643,850,1493
774,158,932
46,326,372
782,214,996
467,595,1062
144,954,1098
627,40,667
558,484,1042
385,436,821
52,925,977
271,838,1109
345,575,920
819,124,943
323,773,1096
115,836,951
506,883,1389
146,435,581
924,34,958
966,409,1375
264,58,322
980,296,1276
333,950,1283
892,516,1408
36,165,201
690,599,1289
996,218,1214
972,360,1332
665,835,1500
24,359,383
102,271,373
683,593,1276
167,821,988
57,335,392
449,104,553
211,428,639
549,13,562
855,334,1189
863,141,1004
627,62,689
375,450,825
557,356,913
623,82,705
339,920,1259
886,23,909
983,203,1186
60,261,321
819,425,1244
454,50,504
243,396,639
330,977,1307
951,351,1302
272,181,453
700,73,773
426,839,1265
367,482,849
832,244,1076
871,836,1707
522,316,838
235,748,983
717,381,1098
116,106,222
732,152,884
288,619,907
135,533,668
374,426,800
370,97,467
319,885,1204
648,854,1502
289,559,848
675,863,1538
994,718,1712
612,862,1474
850,497,1347
608,148,756
95,524,619
339,771,1110
887,989,1876
481,866,1347
990,391,1381
599,915,1514
858,362,1220
830,880,1710
846,308,1154
14,384,398
614,903,1517
283,518,801
70,334,404
118,45,163
55,389,444
557,715,1272
863,320,1183
588,63,651
968,211,1179
922,724,1646
38,775,813
206,996,1202
778,491,1269
627,94,721
857,344,1201
169,491,660
663,903,1566
228,343,571
786,841,1627
433,69,502
29,621,650
726,882,1608
30,230,260
383,887,1270
831,184,1015
93,222,315
517,312,829
39,723,762
975,73,1048
612,943,1555
218,511,729
334,838,1172
761,159,920
353,712,1065
815,243,1058
578,45,623
256,705,961
491,379,870
610,442,1052
639,429,1068
635,954,1589
498,757,1255
486,631,1117
103,283,386
893,845,1738
780,96,876
339,49,388
869,676,1545
166,208,374
325,465,790
327,564,891
372,619,991
475,69,544
499,774,1273
9,680,689
532,11,543
379,266,645
273,443,716
202,835,1037
904,258,1162
56,981,1037
521,329,850
850,196,1046
879,559,1438
535,269,804
351,757,1108
20,14,34
916,751,1667
181,121,302
445,268,713
47,687,734
909,190,1099
231,295,526
19,796,815
876,25,901
551,463,1014
822,122,944
47,660,707
790,547,1337
939,805,1744
542,481,1023
480,746,1226
633,781,1414
211,778,989
495,730,1225
796,255,1051
540,790,1330
1,333,334
790,438,1228
24,546,570
324,583,907
288,945,1233
661,204,865
660,472,1132
440,30,470
716,681,1397
124,902,1026
464,240,704
486,562,1048
792,176,968
39,614,653
693,718,1411
133,888,1021
559,169,728
511,632,1143
571,649,1220
940,872,1812
628,370,998
660,491,1151
920,565,1485
54,7,61
287,690,977
84,981,1065
520,553,1073
133,60,193
314,222,536
73,28,101
933,744,1677
389,281,670
155,677,832
810,47,857
227,167,394
920,893,1813
915,447,1362
729,215,944
714,315,1029
545,955,1500
148,365,513
562,870,1432
729,436,1165
702,786,1488
386,644,1030
918,732,1650
195,942,1137
461,253,714
185,318,503
317,690,1007
960,811,1771
610,448,1058
703,480,1183
627,560,1187
352,164,516
836,142,978
700,927,1627
512,460,972
889,510,1399
319,893,1212
496,71,567
572,766,1338
152,24,176
42,627,669
822,570,1392
139,541,680
639,668,1307
58,884,942
250,164,414
187,939,1126
430,124,554
204,775,979
740,897,1637
16,106,122
179,850,1029
376,82,458
115,358,473
201,712,913
148,908,1056
916,202,1118
624,481,1105
650,514,1164
281,965,1246
496,157,653
543,641,1184
823,11,834
607,663,1270
91,447,538
396,981,1377
433,649,1082
293,111,404
70,823,893
932,662,1594
274,471,745
249,897,1146
859,253,1112
327,175,502
268,24,292
561,772,1333
273,414,687
98,905,1003
525,272,797
205,630,835
4,227,231
103,691,794
509,350,859
202,433,635
340,91,431
364,66,430
838,137,975
817,792,1609
936,517,1453
12,833,845
468,871,1339
675,115,790
180,322,502
542,540,1082
238,418,656
668,612,1280
149,730,879
112,677,789
691,804,1495
386,689,1075
446,84,530
552,388,940
249,828,1077
280,278,558
270,211,481
284,188,472
842,944,1786
290,111,401
943,469,1412
531,871,1402
483,566,1049
628,280,908
837,542,1379
211,287,498
455,506,961
962,290,1252
803,853,1656
466,767,1233
514,994,1508
559,313,872
753,924,1677
910,308,1218
269,988,1257
629,696,1325
720,402,1122
627,983,1610
335,38,373
751,380,1131
233,125,358
55,970,1025
59,613,672
36,108,144
876,64,940
870,595,1465
291,705,996
219,522,741
574,372,946
43,839,882
848,868,1716
861,131,992
645,570,1215
702,96,798
468,958,1426
240,175,415
225,981,1206
120,59,179
85,798,883
255,781,1036
140,753,893
41,298,339
889,472,1361
523,303,826
15,748,763
527,947,1474
730,546,1276
828,284,1112
881,996,1877
103,708,811
481,670,1151
950,255,1205
148,172,320
523,229,752
643,82,725
987,630,1617
735,950,1685
492,140,632
622,929,1551
580,184,764
980,457,1437
480,249,729
181,443,624
608,73,681
816,369,1185
975,733,1708
548,834,1382
668,534,1202
361,397,758
720,446,1166
17,750,767
853,391,1244
705,821,1526
521,735,1256
311,554,865
156,693,849
842,291,1133
881,568,1449
325,147,472
96,416,512
453,617,1070
463,638,1101
129,77,206
778,58,836
659,868,1527
787,102,889
673,492,1165
131,843,974
2,207,209
255,88,343
686,2,688
412,66,478
698,411,1109
951,732,1683
629,580,1209
962,122,1084
494,735,1229
605,127,732
972,19,991
813,633,1446
717,646,1363
922,248,1170
170,450,620
667,856,1523
40,77,117
464,51,515
271,387,658
773,500,1273
340,459,799
770,679,1449
426,720,1146
709,962,1671
221,439,660
994,82,1076
604,844,1448
418,985,1403
114,562,676
102,498,600
430,319,749
724,410,1134
950,839,1789
231,622,853
439,481,920
319,358,677
141,53,194
688,438,1126
440,273,713
762,731,1493
820,336,1156
16,835,851
54,781,835
825,990,1815
142,301,443
855,140,995
173,996,1169
754,860,1614
630,884,1514
885,413,1298
568,479,1047
1000,835,1835
614,807,1421
204,222,426
959,474,1433
810,897,1707
540,965,1505
131,687,818
984,751,1735
690,171,861
190,224,414
564,773,1337
203,925,1128
959,401,1360
540,738,1278
305,484,789
508,568,1076
497,286,783
339,854,1193
899,926,1825
704,846,1550
256,107,363
940,815,1755
929,589,1518
508,244,752
329,267,596
616,505,1121
326,565,891
514,316,830
615,770,1385
418,221,639
641,135,776
66,522,588
446,251,697
413,545,958
50,356,406
437,867,1304
93,566,659
131,847,978
508,857,1365
140,821,961
257,779,1036
555,515,1070
509,86,595
270,113,383
700,849,1549
867,503,1370
184,996,1180
201,874,1075
145,309,454
633,913,1546
576,840,1416
522,738,1260
102,277,379
842,786,1628
132,690,822
339,770,1109
180,53,233
463,921,1384
491,126,617
804,456,1260
647,444,1091
931,739,1670
390,694,1084
322,503,825
972,250,1222
66,681,747
922,223,1145
599,507,1106
298,867,1165
407,714,1121
820,128,948
140,659,799
838,879,1717
949,39,988
396,944,1340
1000,94,1094
85,455,540
621,392,1013
651,685,1336
506,866,1372
719,280,999
439,168,607
725,225,950
93,583,676
753,923,1676
244,941,1185
602,400,1002
224,705,929
753,95,848
32,89,121
303,582,885
24,433,457
471,495,966
490,796,1286
402,71,473
800,91,891
580,484,1064
703,762,1465
522,815,1337
951,444,1395
456,524,980
465,810,1275
617,241,858
810,96,906
36,338,374
541,142,683
924,31,955
957,66,1023
66,164,230
29,603,632
611,482,1093
843,505,1348
453,356,809
887,763,1650
942,428,1370
639,566,1205
758,659,1417
555,229,784
966,870,1836
439,991,1430
233,786,1019
464,922,1386
996,724,1720
733,556,1289
702,735,1437
165,427,592
733,776,1509
978,59,1037
529,396,925
329,655,984
115,447,562
928,77,1005
158,445,603
805,728,1533
990,45,1035
863,77,940
564,983,1547
696,277,973
572,17,589
738,789,1527
471,316,787
490,733,1223
272,957,1229
588,226,814
293,313,606
171,986,1157
207,872,1079
880,120,1000
905,88,993
588,501,1089
319,380,699
983,803,1786
606,419,1025
426,770,1196
628,18,646
850,825,1675
917,882,1799
225,726,951
843,282,1125
450,119,569
102,238,340
177,539,716
964,34,998
903,785,1688
985,608,1593
551,451,1002
578,391,969
447,993,1440
139,911,1050
88,733,821
907,307,1214
40,619,659
50,646,696
884,26,910
216,13,229
73,32,105
250,534,784
575,579,1154
836,213,1049
719,558,1277
935,585,1520
150,982,1132
223,185,408
684,812,1496
303,67,370
663,996,1659
798,668,1466
186,282,468
276,102,378
306,177,483
864,133,997
799,354,1153
914,888,1802
321,356,677
271,137,408
223,93,316
819,973,1792
854,973,1827
189,683,872
669,112,781
134,842,976
657,13,670
326,628,954
333,362,695
927,231,1158
638,805,1443
639,248,887
915,876,1791
758,733,1491
37,95,132
751,203,954
156,380,536
544,144,688
805,489,1294
834,971,1805
462,74,536
104,397,501
985,138,1123
611,483,1094
49,824,873
376,33,409
609,889,1498
97,889,986
170,355,525
196,691,887
903,985,1888
368,795,1163
7,924,931
314,340,654
684,707,1391
651,327,978
641,77,718
699,954,1653
287,415,702
645,271,916
878,889,1767
629,707,1336
74,381,455
632,639,1271
102,598,700
796,930,1726
316,774,1090
583,291,874
148,110,258
970,412,1382
516,3,519
274,519,793
155,855,1010
623,655,1278
757,142,899
71,587,658
222,510,732
680,375,1055
780,651,1431
635,137,772
639,379,1018
718,54,772
51,201,252
265,729,994
248,413,661
157,324,481
629,911,1540
93,453,546
777,717,1494
181,345,526
899,251,1150
770,970,1740
212,329,541
188,894,1082
491,777,1268
165,150,315
960,902,1862
829,16,845
160,577,737
248,200,448
600,203,803
684,569,1253
864,201,1065
501,89,590
934,817,1751
679,962,1641
364,836,1200
998,926,1924
933,457,1390
876,240,1116
897,735,1632
863,701,1564
305,322,627
98,670,768
915,886,1801
14,946,960
908,718,1626
150,30,180
7,47,54
598,153,751
651,482,1133
782,321,1103
132,416,548
487,866,1353
956,118,1074
939,258,1197
505,774,1279
922,159,1081
272,478,750
423,124,547
812,966,1778
36,391,427
129,485,614
557,426,983
734,805,1539
957,703,1660
901,604,1505
561,994,1555
451,381,832
593,599,1192
150,804,954
832,812,1644
520,325,845
5,496,501
707,903,1610
633,581,1214
137,658,795
394,97,491
899,233,1132
794,352,1146
493,138,631
572,341,913
788,765,1553
333,906,1239
249,700,949
701,156,857
769,278,1047
740,337,1077
615,204,819
953,268,1221
657,654,1311
504,299,803
400,183,583
853,23,876
405,292,697
771,219,990
175,64,239
640,165,805
635,805,1440
643,927,1570
723,766,1489
0,513,513
172,709,881
897,663,1560
227,5,232
915,223,1138
981,867,1848
344,22,366
910,300,1210
778,842,1620
342,452,794
518,449,967
226,663,889
697,503,1200
383,616,999
664,232,896
565,695,1260
922,183,1105
947,117,1064
836,79,915
372,389,761
409,805,1214
293,674,967
756,511,1267
844,983,1827
961,145,1106
997,369,1366
511,252,763
362,558,920
197,473,670
134,419,553
653,184,837
986,111,1097
879,382,1261
568,866,1434
771,51,822
376,299,675
670,465,1135
527,505,1032
258,267,525
867,982,1849
827,672,1499
791,395,1186
760,701,1461
487,191,678
551,954,1505
2,164,166
634,360,994
253,256,509
283,491,774
273,796,1069
468,305,773
639,728,1367
428,220,648
665,499,1164
273,14,287
866,317,1183
940,832,1772
770,168,938
189,321,510
695,705,1400
103,230,333
209,116,325
724,859,1583
55,977,1032
720,501,1221
310,793,1103
333,264,597
536,146,682
645,974,1619
659,581,1240
618,586,1204
214,922,1136
408,960,1368
23,430,453
354,101,455
407,650,1057
941,847,1788
173,910,1083
170,149,319
7,334,341
744,116,860
121,531,652
909,427,1336
23,39,62
795,320,1115
874,117,991
748,706,1454
411,558,969
593,38,631
58,41,99
456,437,893
942,624,1566
757,156,913
728,410,1138
713,999,1712
101,534,635
227,749,976
193,361,554
907,131,1038
24,832,856
40,742,782
495,27,522
436,990,1426
623,487,1110
225,736,961
706,531,1237
784,967,1751
98,541,639
884,88,972
542,238,780
94,930,1024
45,291,336
510,410,920
214,803,1017
334,469,803
593,588,1181
819,426,1245
1,437,438
92,182,274
40,887,927
216,841,1057
106,788,894
990,852,1842
537,340,877
136,741,877
279,26,305
270,868,1138
487,665,1152
12,265,277
258,279,537
55,69,124
477,268,745
728,859,1587
897,791,1688
634,359,993
19,563,582
411,696,1107
258,82,340
265,149,414
762,70,832
160,331,491
349,35,384
310,960,1270
933,529,1462
455,627,1082
66,650,716
632,808,1440
108,973,1081
710,428,1138
857,696,1553
881,849,1730
111,75,186
625,814,1439
915,786,1701
265,605,870
300,669,969
443,769,1212
246,865,1111
138,816,954
433,231,664
932,264,1196
623,679,1302
287,44,331
739,144,883
565,303,868
303,268,571
515,405,920
672,951,1623
832,276,1108
962,625,1587
230,344,574
825,878,1703
672,864,1536
131,863,994
85,627,712
718,478,1196
306,338,644
291,519,810
223,431,654
551,20,571
667,610,1277
359,170,529
696,952,1648
374,37,411
931,914,1845
563,43,606
370,540,910
239,252,491
786,128,914
490,424,914
944,930,1874
432,355,787
996,9,1005
673,978,1651
49,110,159
132,862,994
477,790,1267
804,888,1692
911,640,1551
902,283,1185
96,118,214
159,238,397
498,15,513
316,217,533
555,148,703
543,781,1324
461,484,945
897,476,1373
315,9,324
143,438,581
104,319,423
290,152,442
534,967,1501
21,63,84
231,952,1183
575,899,1474
725,371,1096
736,657,1393
58,134,192
501,311,812
0,997,997
187,189,376
881,307,1188
948,406,1354
600,856,1456
708,348,1056
948,41,989
56,128,184
683,150,833
307,521,828
130,93,223
815,621,1436
55,775,830
320,212,532
579,719,1298
30,32,62
0,242,242
238,523,761
238,595,833
515,123,638
713,682,1395
403,183,586
235,122,357
42,483,525
516,247,763
251,182,433
895,76,971
531,129,660
242,707,949
306,845,1151
917,414,1331
553,112,665
430,392,822
118,106,224
97,438,535
762,841,1603
790,390,1180
766,954,1720
724,306,1030
345,68,413
130,19,149
721,748,1469
952,848,1800
431,899,1330
376,863,1239
219,696,915
528,192,720
863,333,1196
549,476,1025
32,618,650
370,708,1078
51,612,663
279,356,635
849,116,965
778,961,1739
240,710,950
941,626,1567
219,345,564
749,248,997
856,32,888
696,222,918
962,407,1369
733,257,990
509,77,586
99,344,443
10,489,499
312,311,623
958,9,967
278,148,426
823,741,1564
426,197,623
852,502,1354
568,569,1137
235,755,990
112,638,750
89,794,883
121,377,498
886,853,1739
914,901,1815
87,530,617
338,38,376
242,857,1099
515,410,925
842,369,1211
769,597,1366
669,655,1324
460,318,778
299,236,535
960,137,1097
931,113,1044
297,813,1110
430,741,1171
96,962,1058
625,10,635
373,464,837
941,270,1211
534,879,1413
6,848,854
161,236,397
593,926,1519
408,475,883
201,880,1081
668,411,1079
497,413,910
669,302,971
674,967,1641
414,327,741
296,220,516
117,528,645
827,287,1114
315,170,485
605,207,812
291,520,811
822,325,1147
116,690,806
464,709,1173
433,37,470
362,624,986
775,154,929
250,434,684
156,691,847
960,345,1305
83,584,667
391,795,1186
759,331,1090
754,459,1213
489,504,993
86,467,553
621,622,1243
161,790,951
836,340,1176
647,697,1344
622,309,931
347,863,1210
497,220,717
133,184,317
251,8,259
853,606,1459
39,511,550
331,387,718
619,298,917
617,609,1226
242,236,478
914,868,1782
918,630,1548
889,338,1227
621,651,1272
528,874,1402
12,894,906
248,329,577
213,943,1156
363,795,1158
548,254,802
674,581,1255
210,733,943
450,361,811
229,863,1092
90,124,214
116,439,555
266,790,1056
669,97,766
691,92,783
868,245,1113
293,965,1258
722,409,1131
509,482,991
948,17,965
159,236,395
753,809,1562
72,289,361
581,65,646
45,271,316
473,176,649
734,52,786
854,245,1099
722,868,1590
889,381,1270
827,293,1120
940,903,1843
188,533,721
691,965,1656
21,407,428
420,563,983
934,486,1420
337,446,783
813,808,1621
293,291,584
561,92,653
173,368,541
623,260,883
228,771,999
264,792,1056
476,43,519
618,140,758
197,826,1023
10,68,78
436,126,562
25,347,372
32,933,965
294,875,1169
199,404,603
992,663,1655
208,295,503
63,729,792
955,649,1604
385,574,959
520,31,551
166,384,550
194,804,998
400,688,1088
662,828,1490
663,847,1510
109,894,1003
507,741,1248
51,975,1026
572,654,1226
427,370,797
128,984,1112
781,820,1601
958,193,1151
575,213,788
113,485,598
68,492,560
53,275,328
91,177,268
635,458,1093
711,870,1581
1000,663,1663
556,419,975
503,752,1255
742,977,1719
789,823,1612
225,738,963
675,351,1026
323,636,959
571,961,1532
414,892,1306
838,40,878
500,443,943
859,273,1132
759,946,1705
107,353,460
508,606,1114
971,211,1182
840,638,1478
468,705,1173
360,761,1121
767,680,1447
337,802,1139
36,367,403
984,589,1573
913,573,1486
260,883,1143
289,281,570
706,330,1036
586,441,1027
93,566,659
130,516,646
808,57,865
826,83,909
542,399,941
18,415,433
805,455,1260
271,635,906
111,389,500
275,549,824
891,150,1041
531,400,931
116,608,724
27,73,100
310,507,817
347,132,479
231,412,643
179,216,395
460,120,580
250,448,698
876,648,1524
973,730,1703
123,944,1067
512,989,1501
434,423,857
253,245,498
944,121,1065
124,819,943
159,56,215
572,198,770
473,583,1056
657,66,723
211,369,580
794,500,1294
990,988,1978
846,317,1163
713,393,1106
423,130,553
786,416,1202
741,716,1457
663,106,769
955,151,1106
241,667,908
183,583,766
357,945,1302
172,347,519
772,392,1164
368,949,1317
580,910,1490
99,507,606
28,720,748
893,241,1134
690,126,816
548,998,1546
305,554,859
148,733,881
778,226,1004
708,958,1666
891,839,1730
97,186,283
420,483,903
293,584,877
466,448,914
837,525,1362
221,352,573
53,314,367
517,617,1134
186,514,700
762,896,1658
632,477,1109
500,297,797
435,881,1316
298,572,870
845,518,1363
406,521,927
357,191,548
112,129,241
219,554,773
780,639,1419
569,284,853
285,783,1068
943,676,1619
521,37,558
958,805,1763
986,196,1182
856,775,1631
709,118,827
581,422,1003
671,722,1393
161,684,845
521,892,1413
693,802,1495
516,718,1234
372,499,871
903,694,1597
109,458,567
436,518,954
733,250,983
473,136,609
251,299,550
16,934,950
420,586,1006
975,857,1832
969,318,1287
329,470,799
457,977,1434
119,261,380
923,709,1632
726,472,1198
229,317,546
940,278,1218
497,50,547
549,678,1227
777,311,1088
846,901,1747
162,110,272
146,272,418
53,435,488
258,248,506
772,278,1050
805,1,806
605,724,1329
228,375,603
737,432,1169
349,817,1166
359,905,1264
13,373,386
319,303,622
929,839,1768
179,290,469
26,822,848
504,778,1282
224,158,382
622,578,1200
306,748,1054
907,169,1076
644,685,1329
245,498,743
0,864,864
772,636,1408
950,86,1036
964,786,1750
245,900,1145
214,178,392
965,566,1531
836,323,1159
452,644,1096
267,413,680
230,906,1136
276,115,391
305,480,785
745,261,1006
886,160,1046
611,907,1518
771,542,1313
453,152,605
240,358,598
818,277,1095
70,595,665
568,177,745
795,732,1527
614,744,1358
751,1000,1751
942,92,1034
790,332,1122
659,0,659
743,831,1574
827,292,1119
774,698,1472
813,911,1724
105,546,651
768,572,1340
65,820,885
369,531,900
617,682,1299
140,58,198
910,529,1439
996,851,1847
41,1000,1041
673,593,1266
101,211,312
608,940,1548
653,405,1058
238,493,731
84,864,948
813,20,833
466,691,1157
599,287,886
621,457,1078
571,205,776
775,532,1307
431,518,949
6,424,430
515,95,610
989,628,1617
922,143,1065
948,580,1528
375,230,605
592,689,1281
29,487,516
379,92,471
743,265,1008
414,192,606
654,35,689
59,506,565
20,303,323
875,425,1300
90,477,567
720,417,1137
76,629,705
606,826,1432
288,1000,1288
909,277,1186
691,277,968
936,550,1486
531,191,722
105,618,723
756,431,1187
91,834,925
339,834,1173
941,231,1172
307,544,851
544,293,837
350,777,1127
209,312,521
938,45,983
335,274,609
598,493,1091
151,70,221
753,966,1719
350,960,1310
509,378,887
111,250,361
260,622,882
742,759,1501
484,254,738
890,773,1663
387,451,838
131,730,861
715,230,945
429,540,969
855,476,1331
804,515,1319
355,532,887
542,673,1215
479,656,1135
135,915,1050
275,193,468
280,894,1174
310,625,935
482,162,644
242,903,1145
230,619,849
221,48,269
842,572,1414
704,704,1408
635,303,938
510,178,688
963,750,1713
689,510,1199
178,248,426
813,104,917
892,519,1411
748,165,913
442,890,1332
686,367,1053
929,403,1332
188,951,1139
64,994,1058
935,727,1662
407,448,855
333,954,1287
731,472,1203
868,819,1687
294,301,595
753,690,1443
663,659,1322
715,373,1088
862,336,1198
555,11,566
18,257,275
670,238,908
169,67,236
258,94,352
428,563,991
145,954,1099
404,460,864
554,673,1227
806,29,835
599,563,1162
627,514,1141
6,2,8
593,481,1074
622,112,734
146,13,159
590,193,783
654,865,1519
168,130,298
117,846,963
742,611,1353
600,998,1598
42,388,430
270,663,933
497,727,1224
942,189,1131
316,330,646
500,257,757
860,886,1746
743,702,1445
242,18,260
596,791,1387
818,2,820
310,110,420
923,530,1453
917,34,951
174,215,389
72,65,137
303,305,608
624,523,1147
823,860,1683
549,575,1124
560,340,900
308,424,732
387,919,1306
350,633,983
417,389,806
611,585,1196
582,379,961
114,230,344
268,868,1136
414,5,419
713,251,964
500,478,978
250,897,1147
773,165,938
612,914,1526
771,224,995
423,538,961
479,80,559
821,836,1657
892,912,1804
408,557,965
761,885,1646
881,147,1028
534,383,917
531,415,946
744,39,783
13,739,752
788,20,808
952,403,1355
138,687,825
108,656,764
986,36,1022
969,503,1472
39,172,211
608,483,1091
756,370,1126
470,41,511
222,406,628
383,939,1322
229,61,290
530,805,1335
887,610,1497
801,786,1587
82,849,931
175,1,176
359,956,1315
390,679,1069
157,918,1075
65,13,78
198,146,344
446,749,1195
41,69,110
236,303,539
986,225,1211
896,610,1506
993,730,1723
841,138,979
521,993,1514
96,841,937
248,840,1088
501,853,1354
754,947,1701
82,35,117
336,590,926
195,10,205
387,422,809
958,612,1570
52,434,486
469,694,1163
486,291,777
139,484,623
856,884,1740
854,189,1043
304,152,456
314,35,349
460,773,1233
742,528,1270
130,505,635
896,100,996
218,580,798
512,253,765
716,775,1491
912,253,1165
471,396,867
522,928,1450
949,714,1663
960,562,1522
632,791,1423
549,938,1487
822,614,1436
828,47,875
27,552,579
595,797,1392
173,866,1039
102,980,1082
616,609,1225
307,905,1212
312,291,603
539,508,1047
175,104,279
918,160,1078
943,904,1847
628,221,849
179,881,1060
440,995,1435
546,382,928
67,353,420
626,116,742
690,60,750
876,535,1411
440,305,745
201,224,425
119,361,480
380,452,832
573,340,913
414,755,1169
918,462,1380
583,195,778
798,345,1143
172,830,1002
486,657,1143
800,228,1028
588,501,1089
900,638,1538
467,234,701
907,683,1590
386,763,1149
150,55,205
34,369,403
834,287,1121
133,592,725
120,315,435
436,152,588
640,711,1351
969,438,1407
846,30,876
597,482,1079
65,356,421
598,950,1548
464,207,671
920,640,1560
516,191,707
877,336,1213
61,873,934
176,162,338
143,923,1066
673,929,1602
984,586,1570
943,443,1386
386,702,1088
313,327,640
380,789,1169
772,691,1463
478,713,1191
108,164,272
826,207,1033
469,292,761
577,413,990
284,155,439
14,573,587
237,773,1010
111,551,662
122,969,1091
130,511,641
377,693,1070
853,213,1066
570,738,1308
400,451,851
435,124,559
455,319,774
772,256,1028
613,674,1287
41,489,530
503,559,1062
367,746,1113
367,127,494
482,531,1013
998,113,1111
273,100,373
390,606,996
91,176,267
209,206,415
835,57,892
603,844,1447
894,78,972
356,187,543
198,704,902
398,660,1058
941,519,1460
882,33,915
377,17,394
928,245,1173
569,909,1478
802,993,1795
372,59,431
136,193,329
881,183,1064
970,841,1811
309,669,978
8,157,165
786,38,824
752,577,1329
112,925,1037
76,232,308
835,122,957
940,133,1073
88,76,164
300,515,815
712,398,1110
561,134,695
821,227,1048
70,510,580
1,255,256
307,196,503
310,773,1083
782,287,1069
847,800,1647
153,618,771
935,533,1468
131,223,354
39,331,370
258,609,867
611,769,1380
922,848,1770
868,195,1063
121,1000,1121
219,324,543
673,78,751
499,952,1451
467,789,1256
17,291,308
353,982,1335
115,211,326
284,356,640
250,855,1105
457,564,1021
203,521,724
73,995,1068
977,123,1100
571,405,976
779,327,1106
134,344,478
980,220,1200
547,535,1082
367,408,775
117,399,516
416,558,974
392,287,679
430,790,1220
98,180,278
207,971,1178
406,656,1062
624,515,1139
264,887,1151
418,954,1372
331,252,583
986,547,1533
148,662,810
923,22,945
31,639,670
652,249,901
322,895,1217
729,351,1080
600,123,723
500,439,939
832,648,1480
585,604,1189
302,539,841
544,621,1165
680,989,1669
176,459,635
540,535,1075
620,225,845
439,536,975
754,482,1236
610,168,778
80,366,446
565,937,1502
24,486,510
156,313,469
935,885,1820
321,372,693
666,829,1495
866,236,1102
842,404,1246
504,758,1262
505,943,1448
717,456,1173
408,89,497
410,629,1039
726,822,1548
252,642,894
445,223,668
671,270,941
224,266,490
615,284,899
430,926,1356
410,600,1010
839,260,1099
648,498,1146
266,282,548
32,510,542
395,931,1326
224,611,835
85,229,314
380,283,663
411,469,880
799,525,1324
627,925,1552
165,872,1037
326,552,878
430,588,1018
702,793,1495
738,342,1080
87,581,668
721,552,1273
245,786,1031
716,270,986
53,15,68
584,496,1080
203,604,807
966,197,1163
450,150,600
444,134,578
251,557,808
496,679,1175
862,780,1642
937,152,1089
369,842,1211
720,32,752
663,929,1592
353,784,1137
443,631,1074
519,293,812
335,50,385
152,878,1030
556,48,604
298,225,523
182,673,855
334,738,1072
612,434,1046
39,49,88
580,521,1101
273,650,923
907,555,1462
51,851,902
112,331,443
799,381,1180
121,812,933
824,644,1468
62,268,330
713,422,1135
475,97,572
630,105,735
361,699,1060
357,661,1018
971,52,1023
817,150,967
640,532,1172
292,869,1161
536,34,570
702,707,1409
493,380,873
112,931,1043
715,686,1401
454,639,1093
934,475,1409
392,634,1026
956,594,1550
117,578,695
367,719,1086
72,810,882
303,193,496
959,192,1151
828,170,998
886,297,1183
0,473,473
361,883,1244
749,879,1628
138,261,399
177,107,284
732,836,1568
592,240,832
340,761,1101
355,690,1045
996,869,1865
775,470,1245
651,302,953
774,663,1437
464,783,1247
481,11,492
626,135,761
808,114,922
881,378,1259
370,509,879
396,815,1211
269,837,1106
299,113,412
353,545,898
367,551,918
526,557,1083
479,233,712
71,522,593
539,437,976
970,297,1267
900,751,1651
682,146,828
196,515,711
118,193,311
933,923,1856
213,866,1079
513,91,604
990,864,1854
983,461,1444
789,80,869
107,514,621
337,318,655
99,49,148
689,499,1188
348,353,701
550,300,850
640,551,1191
957,960,1917
513,622,1135
717,354,1071
893,625,1518
257,60,317
130,91,221
218,524,742
231,576,807
908,931,1839
597,323,920
596,444,1040
598,345,943
153,880,1033
519,377,896
215,652,867
275,622,897
137,623,760
555,924,1479
147,559,706
728,273,1001
725,644,1369
699,702,1401
165,567,732
730,400,1130
737,427,1164
874,929,1803
31,382,413
461,231,692
586,639,1225
402,425,827
784,972,1756
359,246,605
870,450,1320
539,574,1113
602,517,1119
654,869,1523
657,313,970
502,239,741
919,380,1299
854,921,1775
902,55,957
287,279,566
856,621,1477
704,498,1202
800,775,1575
211,473,684
33,607,640
321,302,623
424,799,1223
599,792,1391
304,253,557
515,777,1292
147,280,427
125,317,442
893,592,1485
37,765,802
866,790,1656
529,840,1369
266,282,548
723,880,1603
75,52,127
598,797,1395
811,229,1040
785,956,1741
445,937,1382
98,191,289
371,544,915
996,446,1442
268,555,823
403,110,513
60,836,896
356,256,612
160,435,595
431,556,987
294,676,970
922,300,1222
811,986,1797
915,307,1222
210,868,1078
207,736,943
40,454,494
898,841,1739
688,595,1283
711,254,965
574,51,625
347,795,1142
573,331,904
114,131,245
184,289,473
324,681,1005
443,117,560
836,376,1212
92,71,163
856,450,1306
949,957,1906
390,873,1263
496,375,871
606,352,958
521,602,1123
394,509,903
856,43,899
637,141,778
808,601,1409
518,581,1099
263,478,741
454,912,1366
38,278,316
912,32,944
492,893,1385
271,86,357
774,22,796
977,490,1467
309,931,1240
938,389,1327
134,133,267
308,178,486
895,23,918
481,236,717
376,635,1011
719,288,1007
123,706,829
588,534,1122
317,57,374
356,416,772
210,447,657
341,552,893
713,934,1647
0,261,261
736,808,1544
270,441,711
91,342,433
376,334,710
897,50,947
779,582,1361
111,973,1084
826,176,1002
331,607,938
5,374,379
691,57,748
13,7,20
957,679,1636
802,512,1314
550,752,1302
581,60,641
242,467,709
548,376,924
328,400,728
513,104,617
754,437,1191
914,882,1796
834,844,1678
149,471,620
838,45,883
213,228,441
299,80,379
525,502,1027
728,747,1475
934,24,958
559,998,1557
750,862,1612
921,308,1229
263,908,1171
974,529,1503
538,788,1326
692,759,1451
675,457,1132
917,97,1014
456,369,825
523,210,733
159,740,899
932,730,1662
904,517,1421
3,447,450
774,931,1705
771,821,1592
289,291,580
609,312,921
433,932,1365
225,496,721
536,28,564
644,416,1060
315,343,658
251,423,674
458,52,510
644,527,1171
457,490,947
687,199,886
569,382,951
822,632,1454
566,897,1463
865,536,1401
917,809,1726
979,537,1516
122,821,943
653,234,887
99,829,928
987,90,1077
171,608,779
380,471,851
172,146,318
557,477,1034
773,721,1494
494,820,1314
476,453,929
45,515,560
779,662,1441
710,462,1172
906,142,1048
882,955,1837
771,249,1020
40,710,750
724,261,985
882,208,1090
343,228,571
765,320,1085
765,292,1057
744,992,1736
646,736,1382
45,456,501
241,900,1141
174,389,563
609,378,987
161,89,250
798,857,1655
285,585,870
304,676,980
139,358,497
836,61,897
806,596,1402
355,35,390
891,836,1727
471,527,998
260,704,964
767,194,961
259,761,1020
193,679,872
533,834,1367
109,183,292
338,125,463
561,202,763
970,957,1927
836,751,1587
44,733,777
323,139,462
735,916,1651
6,393,399
304,600,904
765,716,1481
361,57,418
204,249,453
789,521,1310
286,136,422
890,177,1067
696,772,1468
704,402,1106
147,297,444
463,423,886
782,585,1367
956,237,1193
455,6,461
428,439,867
446,699,1145
389,623,1012
746,795,1541
121,52,173
847,339,1186
708,100,808
797,155,952
237,937,1174
70,717,787
247,52,299
669,166,835
151,804,955
153,27,180
893,808,1701
175,559,734
300,622,922
971,371,1342
216,378,594
941,629,1570
480,957,1437
675,763,1438
373,78,451
904,814,1718
362,23,385
956,748,1704
321,457,778
545,372,917
983,318,1301
436,665,1101
209,705,914
526,0,526
558,978,1536
766,688,1454
827,233,1060
516,54,570
346,551,897
153,561,714
539,360,899
164,133,297
510,907,1417
268,683,951
377,724,1101
536,955,1491
179,254,433
991,237,1228
976,908,1884
91,14,105
402,824,1226
294,569,863
827,872,1699
458,435,893
915,889,1804
904,591,1495
588,232,820
551,947,1498
580,138,718
732,944,1676
111,805,916
771,238,1009
937,28,965
965,692,1657
916,435,1351
501,372,873
732,816,1548
769,521,1290
783,925,1708
126,356,482
358,477,835
44,354,398
79,942,1021
558,403,961
687,441,1128
877,223,1100
222,82,304
877,840,1717
848,953,1801
992,112,1104
963,584,1547
819,407,1226
808,423,1231
254,443,697
568,343,911
977,811,1788
781,493,1274
653,650,1303
787,638,1425
963,51,1014
839,871,1710
330,83,413
328,176,504
240,540,780
907,983,1890
191,520,711
468,494,962
156,892,1048
452,74,526
981,737,1718
840,852,1692
471,177,648
819,887,1706
928,635,1563
322,347,669
310,697,1007
947,498,1445
778,651,1429
953,445,1398
867,584,1451
898,322,1220
966,552,1518
320,362,682
271,751,1022
378,574,952
740,613,1353
423,984,1407
76,127,203
748,854,1602
357,635,992
89,874,963
644,864,1508
792,80,872
163,292,455
662,151,813
45,803,848
27,666,693
113,602,715
395,132,527
652,445,1097
304,725,1029
163,674,837
773,859,1632
903,974,1877
576,832,1408
948,723,1671
281,740,1021
353,911,1264
192,549,741
187,378,565
510,800,1310
438,118,556
946,921,1867
593,114,707
728,463,1191
37,670,707
438,574,1012
344,572,916
644,347,991
17,617,634
779,211,990
869,287,1156
911,575,1486
380,294,674
67,956,1023
202,230,432
306,443,749
208,923,1131
499,822,1321
632,165,797
467,850,1317
709,586,1295
347,932,1279
490,365,855
964,692,1656
404,416,820
53,881,934
515,999,1514
569,44,613
767,82,849
184,544,728
446,508,954
50,591,641
452,286,738
646,377,1023
943,659,1602
649,584,1233
580,770,1350
918,958,1876
970,49,1019
866,514,1380
400,80,480
899,185,1084
994,300,1294
364,805,1169
14,825,839
218,657,875
997,70,1067
514,856,1370
493,788,1281
581,798,1379
550,63,613
378,522,900
312,746,1058
508,929,1437
359,75,434
496,882,1378
532,754,1286
644,211,855
774,892,1666
773,684,1457
881,806,1687
520,99,619
447,526,973
687,225,912
64,898,962
922,316,1238
20,387,407
821,297,1118
549,862,1411
923,148,1071
367,759,1126
892,541,1433
898,944,1842
161,459,620
243,517,760
996,169,1165
295,121,416
954,803,1757
708,878,1586
641,744,1385
665,343,1008
10,899,909
548,170,718
877,407,1284
142,831,973
712,628,1340
294,407,701
984,611,1595
817,607,1424
336,840,1176
230,769,999
559,977,1536
919,775,1694
391,552,943
766,872,1638
834,773,1607
247,516,763
651,77,728
84,753,837
442,36,478
380,478,858
594,494,1088
292,521,813
827,771,1598
862,755,1617
738,733,1471
451,902,1353
338,145,483
488,575,1063
667,308,975
998,234,1232
155,911,1066
905,259,1164
941,384,1325
958,771,1729
271,631,902
878,318,1196
316,519,835
459,346,805
977,354,1331
68,631,699
295,878,1173
201,343,544
548,614,1162
107,399,506
586,919,1505
733,527,1260
634,750,1384
651,802,1453
648,185,833
856,338,1194
356,250,606
502,117,619
209,364,573
375,155,530
131,487,618
51,634,685
751,858,1609
123,485,608
260,781,1041
401,320,721
164,0,164
7,16,23
619,787,1406
142,227,369
532,661,1193
85,809,894
763,79,842
65,397,462
37,927,964
988,901,1889
671,762,1433
160,812,972
605,116,721
407,586,993
199,518,717
440,540,980
229,993,1222
785,141,926
943,54,997
689,81,770
959,429,1388
824,672,1496
163,784,947
242,521,763
259,602,861
16,543,559
13,118,131
278,955,1233
951,352,1303
881,243,1124
348,965,1313
70,903,973
635,369,1004
249,228,477
652,648,1300
568,585,1153
387,723,1110
132,181,313
904,377,1281
495,743,1238
305,727,1032
338,529,867
854,677,1531
424,534,958
718,533,1251
80,396,476
774,618,1392
840,535,1375
3,685,688
347,335,682
395,523,918
649,353,1002
959,572,1531
956,246,1202
102,285,387
577,221,798
750,627,1377
613,797,1410
297,213,510
365,490,855
153,564,717
221,91,312
575,577,1152
425,871,1296
599,625,1224
640,419,1059
374,488,862
337,895,1232
396,851,1247
441,272,713
361,329,690
719,417,1136
868,107,975
655,302,957
676,45,721
856,976,1832
211,435,646
81,572,653
898,384,1282
497,996,1493
644,539,1183
697,370,1067
741,118,859
58,991,1049
105,533,638
844,778,1622
860,657,1517
841,288,1129
871,187,1058
123,63,186
680,534,1214
334,48,382
509,856,1365
287,64,351
809,913,1722
667,398,1065
259,789,1048
390,812,1202
602,957,1559
960,467,1427
44,225,269
639,694,1333
996,694,1690
689,698,1387
576,623,1199
787,837,1624
103,786,889
766,883,1649
630,176,806
586,778,1364
781,721,1502
100,195,295
752,0,752
568,771,1339
227,582,809
866,313,1179
19,419,438
815,371,1186
549,191,740
729,276,1005
775,165,940
921,66,987
388,70,458
804,546,1350
144,519,663
655,708,1363
82,426,508
970,304,1274
9,660,669
889,47,936
68,583,651
682,212,894
403,736,1139
385,201,586
56,791,847
117,492,609
723,593,1316
286,32,318
97,263,360
116,478,594
18,724,742
529,493,1022
187,67,254
458,650,1108
612,372,984
701,802,1503
607,448,1055
98,607,705
537,388,925
657,127,784
476,581,1057
625,884,1509
22,797,819
767,812,1579
846,11,857
152,582,734
495,111,606
639,429,1068
291,9,300
882,368,1250
22,74,96
3,424,427
931,465,1396
483,560,1043
238,595,833
211,221,432
45,540,585
573,393,966
916,721,1637
664,705,1369
252,246,498
535,463,998
569,507,1076
163,341,504
839,385,1224
10,559,569
281,22,303
947,173,1120
647,556,1203
573,72,645
805,67,872
199,541,740
239,51,290
133,927,1060
911,245,1156
918,399,1317
515,534,1049
180,981,1161
729,335,1064
559,119,678
946,386,1332
699,938,1637
619,859,1478
329,626,955
932,38,970
709,690,1399
873,670,1543
670,924,1594
84,311,395
209,171,380
974,907,1881
929,299,1228
282,433,715
725,532,1257
638,642,1280
990,543,1533
151,570,721
533,87,620
692,379,1071
89,890,979
643,160,803
370,336,706
404,70,474
205,47,252
96,489,585
755,587,1342
988,412,1400
904,439,1343
507,395,902
205,294,499
183,229,412
673,292,965
760,775,1535
190,986,1176
591,541,1132
358,108,466
866,885,1751
282,64,346
303,251,554
915,84,999
448,720,1168
275,105,380
311,904,1215
889,611,1500
533,203,736
930,561,1491
228,734,962
635,349,984
565,382,947
672,919,1591
581,287,868
796,843,1639
158,780,938
314,147,461
234,732,966
306,308,614
742,752,1494
539,399,938
424,196,620
765,581,1346
548,701,1249
420,623,1043
796,63,859
762,420,1182
809,736,1545
798,430,1228
883,529,1412
871,501,1372
958,301,1259
934,952,1886
640,841,1481
989,230,1219
140,724,864
589,541,1130
565,965,1530
947,520,1467
203,744,947
485,502,987
195,371,566
252,687,939
391,123,514
740,114,854
986,219,1205
595,424,1019
403,897,1300
540,554,1094
36,549,585
150,398,548
112,228,340
842,584,1426
135,167,302
21,294,315
286,806,1092
833,685,1518
713,601,1314
13,476,489
600,450,1050
381,599,980
893,747,1640
688,746,1434
399,943,1342
534,521,1055
619,883,1502
366,440,806
203,33,236
475,587,1062
118,363,481
944,107,1051
286,11,297
821,173,994
215,437,652
789,573,1362
706,950,1656
339,119,458
144,741,885
168,585,753
132,829,961
824,775,1599
340,12,352
112,773,885
103,617,720
906,798,1704
295,375,670
68,575,643
420,796,1216
306,619,925
241,819,1060
588,272,860
944,990,1934
589,176,765
624,771,1395
291,812,1103
685,497,1182
278,803,1081
823,829,1652
696,272,968
991,835,1826
489,838,1327
973,656,1629
73,290,363
807,78,885
456,603,1059
933,583,1516
261,654,915
713,868,1581
482,93,575
261,250,511
757,347,1104
487,749,1236
530,504,1034
629,18,647
191,346,537
357,891,1248
95,441,536
428,408,836
828,622,1450
254,446,700
208,193,401
711,470,1181
925,861,1786
905,790,1695
368,743,1111
460,146,606
897,904,1801
389,458,847
507,550,1057
680,978,1658
365,944,1309
939,652,1591
525,54,579
225,829,1054
346,27,373
471,165,636
216,284,500
492,927,1419
985,460,1445
541,207,748
115,967,1082
258,99,357
330,235,565
110,824,934
793,784,1577
885,427,1312
951,65,1016
354,340,694
789,852,1641
22,336,358
280,91,371
961,599,1560
710,330,1040
279,400,679
43,651,694
371,779,1150
431,147,578
857,373,1230
680,219,899
683,237,920
550,770,1320
414,992,1406
960,754,1714
135,562,697
784,119,903
226,780,1006
824,436,1260
82,769,851
686,887,1573
361,582,943
121,543,664
272,140,412
597,435,1032
596,144,740
817,264,1081
591,178,769
110,364,474
923,463,1386
510,983,1493
639,439,1078
527,561,1088
790,848,1638
657,529,1186
431,43,474
415,906,1321
141,467,608
38,445,483
671,15,686
818,820,1638
365,133,498
381,228,609
153,740,893
543,70,613
561,816,1377
105,696,801
685,256,941
135,358,493
51,578,629
555,58,613
329,124,453
513,600,1113
165,787,952
90,729,819
501,434,935
455,960,1415
947,668,1615
278,343,621
20,396,416
199,266,465
861,846,1707
453,64,517
899,201,1100
838,533,1371
412,205,617
730,45,775
36,155,191
233,803,1036
65,843,908
610,516,1126
975,995,1970
313,125,438
945,142,1087
426,963,1389
170,118,288
928,336,1264
6,116,122
426,148,574
962,842,1804
712,960,1672
683,338,1021
414,627,1041
568,80,648
514,737,1251
474,716,1190
97,872,969
809,785,1594
21,435,456
339,73,412
680,551,1231
73,555,628
434,620,1054
442,938,1380
569,552,1121
208,234,442
446,984,1430
819,391,1210
357,557,914
799,987,1786
584,911,1495
624,483,1107
426,886,1312
895,495,1390
13,452,465
198,102,300
411,942,1353
190,127,317
173,991,1164
619,176,795
554,934,1488
718,19,737
647,804,1451
626,907,1533
576,861,1437
411,302,713
399,852,1251
867,163,1030
841,474,1315
908,373,1281
901,166,1067
941,417,1358
332,155,487
313,438,751
649,206,855
827,443,1270
389,994,1383
356,262,618
775,648,1423
32,454,486
450,608,1058
205,822,1027
12,932,944
364,389,753
387,377,764
887,840,1727
490,809,1299
451,945,1396
11,148,159
185,860,1045
372,242,614
144,518,662
878,432,1310
644,999,1643
7,731,738
462,889,1351
500,942,1442
246,728,974
781,234,1015
156,566,722
870,779,1649
133,248,381
243,960,1203
74,609,683
373,96,469
20,212,232
841,145,986
149,423,572
651,38,689
715,161,876
167,978,1145
601,98,699
100,561,661
761,477,1238
764,443,1207
487,115,602
248,80,328
247,545,792
336,115,451
619,298,917
417,31,448
976,352,1328
199,105,304
62,720,782
450,453,903
430,207,637
799,532,1331
979,385,1364
922,226,1148
685,260,945
940,544,1484
727,73,800
508,241,749
844,173,1017
144,546,690
403,282,685
997,264,1261
58,146,204
896,269,1165
308,12,320
594,417,1011
447,380,827
303,465,768
591,435,1026
339,875,1214
881,962,1843
375,201,576
96,217,313
898,904,1802
955,238,1193
112,982,1094
961,151,1112
61,705,766
964,459,1423
489,985,1474
606,827,1433
68,118,186
491,661,1152
694,674,1368
101,233,334
182,368,550
83,981,1064
264,807,1071
630,647,1277
599,1,600
176,652,828
602,343,945
131,144,275
689,665,1354
594,802,1396
231,473,704
46,876,922
52,133,185
960,68,1028
475,358,833
257,775,1032
408,672,1080
895,636,1531
527,475,1002
951,798,1749
386,200,586
199,552,751
70,283,353
365,999,1364
473,766,1239
572,100,672
276,888,1164
477,701,1178
358,810,1168
639,219,858
445,500,945
429,479,908
766,413,1179
649,600,1249
347,655,1002
978,877,1855
163,847,1010
554,548,1102
15,601,616
442,921,1363
875,391,1266
134,176,310
59,733,792
274,166,440
813,518,1331
775,919,1694
100,179,279
748,211,959
769,56,825
567,56,623
470,320,790
126,442,568
897,808,1705
188,814,1002
346,817,1163
958,777,1735
964,485,1449
600,305,905
964,754,1718
82,208,290
933,692,1625
634,732,1366
626,283,909
642,611,1253
222,174,396
705,637,1342
116,906,1022
925,303,1228
647,497,1144
543,105,648
21,479,500
700,320,1020
685,48,733
82,87,169
698,87,785
254,199,453
615,834,1449
721,492,1213
269,684,953
479,315,794
735,230,965
398,553,951
248,633,881
93,512,605
276,991,1267
954,92,1046
764,435,1199
570,480,1050
313,661,974
509,491,1000
780,265,1045
986,850,1836
826,801,1627
977,78,1055
569,791,1360
979,174,1153
773,289,1062
377,492,869
483,473,956
799,521,1320
498,845,1343
694,184,878
183,595,778
912,774,1686
160,182,342
593,322,915
822,392,1214
482,460,942
344,240,584
626,726,1352
686,113,799
224,484,708
374,507,881
942,163,1105
823,770,1593
882,828,1710
939,849,1788
987,945,1932
22,49,71
922,904,1826
566,426,992
376,557,933
671,230,901
914,169,1083
333,89,422
447,824,1271
8,84,92
714,639,1353
589,451,1040
395,626,1021
926,422,1348
273,447,720
527,185,712
649,780,1429
479,581,1060
432,874,1306
366,389,755
623,237,860
425,487,912
252,715,967
693,841,1534
403,271,674
632,767,1399
185,813,998
690,413,1103
778,684,1462
609,46,655
14,956,970
932,815,1747
623,203,826
783,478,1261
71,150,221
125,905,1030
993,875,1868
43,107,150
145,389,534
762,226,988
896,729,1625
160,659,819
56,764,820
1,219,220
319,44,363
984,612,1596
154,572,726
18,687,705
575,528,1103
113,411,524
668,697,1365
140,638,778
943,698,1641
761,155,916
623,308,931
642,100,742
505,650,1155
866,416,1282
923,680,1603
129,762,891
570,996,1566
467,127,594
241,559,800
638,771,1409
847,118,965
462,267,729
791,375,1166
361,776,1137
861,780,1641
480,649,1129
700,43,743
272,924,1196
307,616,923
425,392,817
148,582,730
864,764,1628
326,176,502
769,206,975
124,234,358
523,395,918
424,959,1383
332,479,811
449,411,860
719,528,1247
229,227,456
637,885,1522
448,1000,1448
531,61,592
28,365,393
559,436,995
89,303,392
485,267,752
850,821,1671
167,679,846
389,652,1041
504,505,1009
947,676,1623
268,419,687
486,342,828
517,185,702
803,507,1310
542,874,1416
783,252,1035
156,125,281
422,32,454
404,510,914
26,282,308
311,764,1075
231,424,655
437,98,535
170,551,721
854,221,1075
415,274,689
172,201,373
177,6,183
210,286,496
370,245,615
827,800,1627
305,170,475
562,602,1164
21,44,65
429,674,1103
757,173,930
145,17,162
586,141,727
88,951,1039
526,941,1467
70,882,952
181,940,1121
120,188,308
329,471,800
483,707,1190
3,611,614
445,668,1113
873,660,1533
349,632,981
956,426,1382
216,712,928
541,276,817
152,895,1047
236,436,672
844,324,1168
773,521,1294
665,539,1204
973,29,1002
498,761,1259
145,690,835
78,102,180
422,300,722
552,256,808
351,125,476
481,663,1144
954,699,1653
500,45,545
315,700,1015
463,767,1230
82,72,154
587,408,995
293,30,323
905,206,1111
856,271,1127
358,749,1107
461,575,1036
896,408,1304
258,85,343
218,52,270
883,932,1815
256,546,802
757,449,1206
655,574,1229
36,788,824
261,356,617
499,348,847
874,845,1719
566,694,1260
973,223,1196
461,229,690
816,473,1289
958,428,1386
435,861,1296
219,345,564
953,534,1487
9,797,806
673,89,762
903,42,945
236,604,840
97,614,711
270,729,999
190,22,212
181,708,889
174,119,293
468,691,1159
468,468,936
633,645,1278
896,589,1485
235,52,287
341,260,601
719,60,779
74,358,432
82,996,1078
507,418,925
282,391,673
928,711,1639
369,450,819
275,138,413
368,510,878
386,481,867
851,831,1682
416,134,550
482,271,753
403,633,1036
67,383,450
266,662,928
709,953,1662
923,239,1162
485,32,517
960,601,1561
318,488,806
969,634,1603
499,342,841
711,652,1363
620,10,630
312,115,427
378,229,607
940,267,1207
554,915,1469
967,678,1645
347,831,1178
345,859,1204
718,180,898
173,514,687
719,711,1430
247,80,327
534,423,957
640,767,1407
246,775,1021
57,909,966
709,427,1136
859,715,1574
697,139,836
758,915,1673
431,939,1370
352,569,921
937,369,1306
154,470,624
11,170,181
773,43,816
741,678,1419
218,51,269
501,19,520
787,709,1496
151,786,937
427,821,1248
596,282,878
275,91,366
260,258,518
978,803,1781
478,368,846
174,418,592
912,504,1416
456,783,1239
866,794,1660
779,546,1325
302,423,725
124,864,988
800,338,1138
600,152,752
315,104,419
935,599,1534
368,129,497
774,291,1065
840,379,1219
437,10,447
271,655,926
505,373,878
145,891,1036
13,117,130
159,154,313
756,799,1555
369,864,1233
360,966,1326
0,460,460
356,257,613
99,303,402
670,672,1342
996,172,1168
199,77,276
951,131,1082
143,474,617
504,284,788
944,665,1609
956,8,964
475,580,1055
709,391,1100
676,299,975
748,4,752
876,818,1694
682,91,773
360,65,425
676,91,767
892,730,1622
831,654,1485
578,148,726
737,966,1703
957,281,1238
815,358,1173
943,643,1586
32,838,870
494,724,1218
893,620,1513
798,126,924
250,974,1224
284,407,691
432,5,437
988,927,1915
322,97,419
26,858,884
376,925,1301
820,16,836
648,264,912
166,22,188
571,873,1444
581,336,917
634,194,828
60,346,406
749,43,792
143,158,301
101,123,224
431,217,648
33,28,61
202,754,956
988,454,1442
456,662,1118
986,18,1004
798,48,846
635,806,1441
939,770,1709
542,970,1512
906,366,1272
655,392,1047
274,533,807
71,373,444
660,566,1226
348,653,1001
635,381,1016
896,48,944
71,541,612
213,218,431
842,907,1749
446,385,831
455,825,1280
334,426,760
385,903,1288
642,480,1122
376,875,1251
151,175,326
996,922,1918
811,998,1809
696,913,1609
46,948,994
91,986,1077
632,615,1247
451,542,993
852,784,1636
563,675,1238
745,71,816
781,132,913
367,48,415
409,917,1326
518,832,1350
727,260,987
259,715,974
300,818,1118
609,480,1089
29,633,662
953,190,1143
34,118,152
792,996,1788
127,356,483
442,712,1154
551,355,906
456,810,1266
868,649,1517
537,513,1050
715,202,917
540,146,686
483,174,657
971,179,1150
798,186,984
604,616,1220
8,599,607
20,809,829
919,431,1350
667,266,933
476,973,1449
723,838,1561
872,345,1217
143,595,738
713,58,771
89,356,445
949,937,1886
269,125,394
827,776,1603
550,22,572
73,327,400
695,613,1308
482,811,1293
505,464,969
608,706,1314
689,165,854
776,275,1051
513,582,1095
56,523,579
526,321,847
499,288,787
444,721,1165
414,862,1276
976,74,1050
464,281,745
108,819,927
982,564,1546
260,32,292
225,425,650
300,406,706
26,498,524
330,810,1140
986,600,1586
678,80,758
335,343,678
36,204,240
859,687,1546
210,519,729
358,922,1280
871,637,1508
910,155,1065
27,172,199
509,350,859
89,384,473
505,705,1210
27,425,452
126,870,996
559,360,919
928,556,1484
864,164,1028
262,643,905
143,959,1102
522,567,1089
400,179,579
971,950,1921
273,311,584
975,60,1035
31,903,934
760,210,970
997,967,1964
961,421,1382
840,880,1720
209,495,704
977,592,1569
860,541,1401
458,572,1030
124,176,300
232,790,1022
343,592,935
880,385,1265
356,680,1036
274,579,853
87,776,863
559,753,1312
696,31,727
939,766,1705
526,31,557
118,517,635
595,914,1509
187,92,279
832,937,1769
889,131,1020
30,109,139
235,237,472
440,50,490
287,688,975
581,895,1476
522,812,1334
588,371,959
309,188,497
27,583,610
222,340,562
874,443,1317
672,568,1240
696,108,804
127,913,1040
636,841,1477
162,655,817
674,625,1299
439,670,1109
563,757,1320
528,784,1312
900,324,1224
130,12,142
99,126,225
516,511,1027
147,252,399
338,924,1262
811,53,864
384,15,399
733,834,1567
629,312,941
680,395,1075
630,800,1430
972,800,1772
222,567,789
520,969,1489
482,977,1459
146,466,612
825,174,999
793,992,1785
726,667,1393
9,929,938
402,759,1161
589,458,1047
190,19,209
162,223,385
741,437,1178
122,138,260
373,740,1113
981,408,1389
137,511,648
638,624,1262
126,451,577
240,554,794
698,383,1081
211,602,813
656,216,872
831,684,1515
779,436,1215
547,833,1380
543,657,1200
848,382,1230
236,746,982
376,871,1247
506,370,876
486,209,695
853,938,1791
462,185,647
771,271,1042
22,636,658
523,699,1222
105,412,517
136,218,354
484,726,1210
373,41,414
663,420,1083
824,233,1057
361,82,443
358,746,1104
842,860,1702
731,559,1290
1000,422,1422
198,857,1055
949,857,1806
815,534,1349
263,922,1185
175,207,382
11,524,535
940,537,1477
628,421,1049
84,669,753
855,27,882
922,850,1772
105,432,537
643,812,1455
152,825,977
974,287,1261
464,646,1110
929,484,1413
6,403,409
391,752,1143
668,747,1415
917,540,1457
0,530,530
670,34,704
187,864,1051
714,369,1083
280,581,861
274,62,336
714,298,1012
598,395,993
393,820,1213
767,191,958
622,761,1383
379,30,409
636,199,835
363,999,1362
838,961,1799
672,572,1244
328,43,371
443,98,541
887,981,1868
537,764,1301
578,238,816
459,40,499
21,334,355
579,186,765
996,184,1180
391,918,1309
83,506,589
539,20,559
361,240,601
319,924,1243
235,811,1046
789,680,1469
175,171,346
515,46,561
242,500,742
15,618,633
316,273,589
398,414,812
954,45,999
906,596,1502
556,998,1554
506,237,743
437,572,1009
699,753,1452
894,793,1687
659,801,1460
530,610,1140
20,760,780
936,627,1563
105,806,911
773,571,1344
102,753,855
742,999,1741
17,476,493
795,836,1631
966,443,1409
999,85,1084
846,830,1676
730,777,1507
742,672,1414
583,652,1235
630,905,1535
699,626,1325
872,201,1073
114,337,451
465,289,754
806,526,1332
859,142,1001
98,528,626
6,889,895
936,784,1720
291,71,362
111,105,216
384,26,410
502,19,521
330,641,971
167,602,769
366,80,446
213,328,541
848,573,1421
82,220,302
217,387,604
171,628,799
843,206,1049
631,149,780
559,303,862
658,445,1103
97,633,730
54,91,145
935,906,1841
633,964,1597
208,564,772
20,882,902
652,579,1231
161,56,217
529,324,853
782,338,1120
558,460,1018
903,765,1668
108,853,961
710,463,1173
19,974,993
558,15,573
390,909,1299
947,930,1877
907,976,1883
77,189,266
282,225,507
114,565,679
69,28,97
861,740,1601
482,94,576
945,705,1650
48,480,528
983,954,1937
2,946,948
636,157,793
852,810,1662
506,601,1107
253,345,598
114,388,502
501,362,863
435,790,1225
552,522,1074
617,747,1364
232,329,561
171,481,652
770,94,864
209,461,670
354,535,889
992,646,1638
298,843,1141
561,344,905
943,26,969
155,825,980
519,426,945
825,500,1325
362,68,430
981,2,983
988,914,1902
398,113,511
789,946,1735
298,112,410
926,974,1900
430,696,1126
141,393,534
396,837,1233
896,715,1611
837,906,1743
618,924,1542
792,400,1192
850,915,1765
103,619,722
508,994,1502
392,588,980
724,2,726
873,616,1489
107,900,1007
262,540,802
547,779,1326
70,741,811
335,713,1048
311,479,790
111,379,490
224,267,491
996,644,1640
521,161,682
725,401,1126
827,223,1050
188,829,1017
343,426,769
220,843,1063
983,155,1138
628,471,1099
68,113,181
282,65,347
618,923,1541
893,133,1026
74,304,378
347,10,357
131,660,791
696,738,1434
130,456,586
354,469,823
828,178,1006
82,659,741
331,71,402
573,629,1202
87,214,301
307,103,410
661,618,1279
93,595,688
994,667,1661
721,718,1439
712,462,1174
258,896,1154
805,795,1600
579,959,1538
962,594,1556
284,899,1183
994,161,1155
541,651,1192
734,469,1203
245,464,709
68,906,974
959,226,1185
389,122,511
716,543,1259
121,637,758
0,469,469
217,89,306
691,753,1444
924,357,1281
470,848,1318
917,581,1498
545,427,972
259,404,663
661,426,1087
158,407,565
272,671,943
507,186,693
39,972,1011
715,999,1714
350,754,1104
940,114,1054
133,379,512
951,345,1296
865,613,1478
668,822,1490
86,771,857
372,523,895
552,508,1060
635,9,644
395,549,944
892,330,1222
845,331,1176
148,13,161
577,559,1136
556,539,1095
461,370,831
521,989,1510
517,686,1203
454,933,1387
918,710,1628
124,181,305
452,457,909
175,274,449
744,928,1672
253,527,780
734,30,764
583,634,1217
576,579,1155
374,803,1177
239,481,720
467,199,666
49,26,75
759,840,1599
587,290,877
344,752,1096
954,331,1285
706,118,824
948,480,1428
256,12,268
253,25,278
520,509,1029
775,928,1703
326,651,977
131,75,206
151,746,897
88,969,1057
803,851,1654
638,444,1082
207,561,768
89,11,100
223,426,649
159,852,1011
773,815,1588
595,494,1089
50,411,461
745,161,906
431,747,1178
908,661,1569
916,566,1482
69,907,976
253,606,859
971,798,1769
113,202,315
922,807,1729
384,326,710
505,767,1272
957,42,999
646,254,900
333,152,485
2,850,852
805,406,1211
255,99,354
601,650,1251
998,521,1519
808,960,1768
582,638,1220
712,428,1140
651,267,918
310,453,763
238,967,1205
670,927,1597
250,228,478
911,906,1817
759,814,1573
1000,817,1817
17,620,637
12,738,750
774,993,1767
850,704,1554
521,122,643
655,390,1045
873,108,981
492,174,666
356,433,789
422,427,849
274,317,591
739,933,1672
467,255,722
997,271,1268
486,890,1376
241,668,909
723,947,1670
823,955,1778
869,420,1289
520,133,653
896,749,1645
796,662,1458
636,305,941
739,68,807
819,806,1625
631,165,796
42,110,152
885,340,1225
533,806,1339
701,51,752
181,238,419
886,509,1395
604,785,1389
183,724,907
67,978,1045
556,364,920
102,517,619
314,415,729
169,855,1024
39,852,891
123,429,552
754,846,1600
836,24,860
500,351,851
721,706,1427
29,778,807
346,957,1303
207,495,702
106,50,156
611,95,706
781,775,1556
612,455,1067
917,279,1196
537,849,1386
892,511,1403
234,145,379
723,469,1192
899,715,1614
502,428,930
227,176,403
148,761,909
392,619,1011
985,852,1837
302,705,1007
516,719,1235
301,498,799
402,481,883
25,877,902
39,269,308
538,229,767
306,385,691
155,505,660
480,174,654
999,255,1254
334,519,853
223,711,934
333,807,1140
92,19,111
9,595,604
364,85,449
774,733,1507
6,404,410
214,576,790
311,448,759
580,343,923
531,792,1323
355,511,866
63,468,531
327,245,572
707,387,1094
56,921,977
532,927,1459
380,944,1324
820,230,1050
772,944,1716
935,610,1545
968,337,1305
224,176,400
92,895,987
174,856,1030
106,417,523
858,55,913
23,581,604
858,479,1337
158,545,703
749,947,1696
298,170,468
959,919,1878
445,363,808
798,46,844
565,711,1276
107,217,324
480,765,1245
744,145,889
306,568,874
153,938,1091
764,241,1005
71,847,918
841,611,1452
732,947,1679
489,316,805
281,434,715
112,795,907
47,140,187
275,453,728
863,545,1408
659,721,1380
763,820,1583
597,993,1590
160,584,744
992,558,1550
825,156,981
136,654,790
723,200,923
958,187,1145
475,696,1171
577,888,1465
952,697,1649
509,653,1162
875,460,1335
182,28,210
662,301,963
221,212,433
971,659,1630
185,965,1150
387,385,772
374,579,953
94,77,171
809,842,1651
544,32,576
756,371,1127
292,114,406
289,680,969
108,72,180
393,496,889
237,210,447
142,605,747
135,540,675
219,176,395
785,775,1560
985,86,1071
588,151,739
972,56,1028
33,861,894
419,810,1229
410,367,777
727,639,1366
563,59,622
400,131,531
444,533,977
877,679,1556
680,124,804
368,912,1280
541,687,1228
393,430,823
919,686,1605
735,849,1584
96,725,821
515,957,1472
904,22,926
705,698,1403
549,844,1393
646,444,1090
755,661,1416
999,283,1282
458,835,1293
541,146,687
929,699,1628
784,934,1718
327,777,1104
350,131,481
72,610,682
157,757,914
70,498,568
715,770,1485
861,292,1153
282,148,430
500,525,1025
378,898,1276
534,612,1146
267,445,712
491,381,872
803,158,961
439,168,607
524,934,1458
51,302,353
923,323,1246
448,124,572
985,181,1166
336,866,1202
763,505,1268
449,104,553
418,309,727
579,605,1184
602,429,1031
654,313,967
838,726,1564
700,907,1607
651,784,1435
760,724,1484
245,185,430
503,16,519
257,249,506
601,257,858
412,985,1397
79,843,922
389,353,742
160,113,273
568,818,1386
58,752,810
682,257,939
921,173,1094
940,475,1415
824,67,891
311,237,548
990,631,1621
572,900,1472
28,961,989
305,409,714
882,901,1783
467,533,1000
269,722,991
52,786,838
908,317,1225
186,555,741
54,652,706
561,162,723
596,567,1163
193,537,730
404,5,409
575,350,925
605,115,720
144,351,495
28,32,60
516,451,967
23,705,728
49,259,308
661,977,1638
458,484,942
826,30,856
786,277,1063
644,818,1462
176,657,833
669,262,931
668,294,962
56,448,504
139,975,1114
933,657,1590
975,226,1201
268,54,322
623,343,966
356,498,854
10,351,361
337,598,935
283,920,1203
358,171,529
975,673,1648
238,631,869
365,916,1281
949,116,1065
952,271,1223
913,218,1131
535,165,700
998,330,1328
452,604,1056
686,899,1585
786,59,845
504,981,1485
881,841,1722
275,345,620
896,781,1677
480,168,648
815,229,1044
767,750,1517
890,394,1284
790,121,911
155,729,884
564,626,1190
452,242,694
620,410,1030
215,333,548
97,435,532
642,142,784
843,428,1271
733,718,1451
622,863,1485
64,23,87
366,960,1326
4,239,243
874,594,1468
193,412,605
200,281,481
847,692,1539
330,899,1229
250,825,1075
134,13,147
70,133,203
817,430,1247
982,328,1310
699,405,1104
925,704,1629
43,594,637
95,861,956
518,230,748
491,2,493
238,776,1014
694,875,1569
836,370,1206
927,542,1469
612,157,769
34,745,779
845,653,1498
589,578,1167
948,817,1765
941,501,1442
41,848,889
116,332,448
494,597,1091
483,205,688
416,278,694
999,412,1411
214,642,856
758,290,1048
477,980,1457
268,669,937
544,328,872
161,622,783
772,102,874
980,180,1160
922,311,1233
930,625,1555
138,779,917
177,405,582
447,84,531
745,265,1010
93,798,891
109,72,181
928,384,1312
231,605,836
916,906,1822
192,362,554
260,224,484
253,674,927
415,99,514
214,364,578
24,342,366
918,664,1582
264,798,1062
551,36,587
429,358,787
804,388,1192
862,831,1693
259,86,345
177,92,269
446,881,1327
49,511,560
865,585,1450
332,944,1276
944,830,1774
975,587,1562
217,548,765
997,169,1166
807,929,1736
864,369,1233
678,361,1039
729,733,1462
263,835,1098
799,653,1452
323,0,323
250,248,498
490,952,1442
270,648,918
584,324,908
968,183,1151
583,759,1342
325,358,683
350,591,941
525,615,1140
60,462,522
855,741,1596
416,411,827
193,995,1188
878,815,1693
761,680,1441
164,818,982
857,471,1328
914,433,1347
888,167,1055
383,906,1289
222,334,556
405,929,1334
2,390,392
274,515,789
350,684,1034
510,373,883
433,833,1266
385,845,1230
456,89,545
927,40,967
424,164,588
320,145,465
775,42,817
247,920,1167
604,935,1539
605,43,648
24,176,200
441,853,1294
787,714,1501
905,405,1310
904,213,1117
820,100,920
706,907,1613
286,536,822
921,283,1204
145,308,453
514,855,1369
484,269,753
605,144,749
42,411,453
806,894,1700
47,764,811
249,330,579
222,622,844
208,217,425
609,880,1489
847,41,888
500,955,1455
358,779,1137
254,143,397
622,226,848
76,760,836
662,706,1368
834,818,1652
799,474,1273
113,858,971
536,345,881
824,316,1140
284,340,624
14,97,111
451,155,606
963,402,1365
683,104,787
809,112,921
918,698,1616
823,232,1055
423,460,883
201,943,1144
751,607,1358
584,430,1014
237,599,836
989,467,1456
346,452,798
351,605,956
199,972,1171
727,678,1405
34,911,945
408,305,713
252,282,534
353,502,855
804,377,1181
230,689,919
599,484,1083
85,986,1071
57,271,328
726,183,909
213,278,491
545,20,565
406,313,719
540,527,1067
768,390,1158
516,480,996
347,644,991
83,664,747
725,745,1470
608,885,1493
823,295,1118
166,58,224
899,567,1466
882,683,1565
856,728,1584
383,875,1258
649,83,732
911,125,1036
663,588,1251
498,552,1050
531,542,1073
137,450,587
563,754,1317
749,953,1702
837,906,1743
980,15,995
442,930,1372
789,26,815
177,776,953
596,726,1322
824,867,1691
887,935,1822
154,395,549
162,208,370
493,902,1395
504,771,1275
65,368,433
37,67,104
303,967,1270
800,57,857
315,615,930
643,94,737
408,503,911
405,859,1264
325,447,772
961,68,1029
480,303,783
947,980,1927
297,359,656
229,499,728
383,245,628
473,175,648
342,658,1000
307,744,1051
586,787,1373
716,870,1586
710,340,1050
690,96,786
175,317,492
390,399,789
539,595,1134
802,781,1583
396,436,832
393,34,427
65,864,929
14,293,307
150,881,1031
504,744,1248
833,708,1541
654,971,1625
137,902,1039
819,699,1518
345,221,566
91,93,184
860,839,1699
653,749,1402
666,133,799
787,402,1189
566,166,732
970,472,1442
106,701,807
228,25,253
683,777,1460
723,528,1251
359,743,1102
622,878,1500
462,852,1314
554,407,961
250,387,637
221,437,658
660,823,1483
160,294,454
550,620,1170
334,844,1178
105,495,600
101,135,236
491,692,1183
711,440,1151
819,741,1560
849,148,997
352,860,1212
263,514,777
629,78,707
404,654,1058
698,547,1245
409,760,1169
517,740,1257
847,795,1642
877,527,1404
362,97,459
425,590,1015
512,67,579
676,66,742
840,432,1272
874,493,1367
251,219,470
760,502,1262
99,656,755
38,326,364
889,477,1366
982,553,1535
152,832,984
689,647,1336
821,301,1122
336,150,486
61,920,981
29,211,240
254,702,956
652,803,1455
72,169,241
612,652,1264
141,199,340
299,678,977
303,549,852
800,252,1052
684,230,914
163,983,1146
507,841,1348
988,661,1649
935,293,1228
264,960,1224
472,939,1411
387,633,1020
735,201,936
228,714,942
864,644,1508
180,525,705
450,462,912
284,95,379
120,720,840
162,328,490
346,460,806
464,372,836
759,737,1496
841,54,895
159,58,217
358,921,1279
129,952,1081
831,884,1715
348,354,702
442,40,482
311,140,451
74,635,709
213,171,384
731,591,1322
501,60,561
567,737,1304
432,616,1048
478,865,1343
433,787,1220
872,792,1664
270,522,792
92,176,268
346,171,517
120,729,849
449,541,990
649,570,1219
95,181,276
346,985,1331
720,104,824
664,102,766
238,708,946
627,225,852
877,392,1269
546,173,719
437,913,1350
957,947,1904
208,41,249
462,447,909
858,748,1606
620,923,1543
205,904,1109
813,112,925
786,64,850
139,687,826
855,121,976
171,458,629
18,573,591
679,89,768
863,18,881
793,616,1409
267,483,750
718,22,740
821,300,1121
811,699,1510
754,667,1421
974,62,1036
477,710,1187
877,621,1498
190,461,651
198,714,912
255,281,536
949,734,1683
513,474,987
595,408,1003
472,728,1200
559,307,866
511,660,1171
953,938,1891
45,89,134
40,295,335
642,539,1181
925,85,1010
854,699,1553
646,952,1598
141,334,475
781,219,1000
216,190,406
625,98,723
5,394,399
829,450,1279
224,719,943
615,320,935
237,493,730
971,429,1400
299,737,1036
427,539,966
115,513,628
395,630,1025
110,543,653
782,632,1414
687,643,1330
399,231,630
654,608,1262
681,617,1298
450,176,626
953,289,1242
26,821,847
265,819,1084
919,791,1710
274,994,1268
750,240,990
918,561,1479
453,584,1037
729,6,735
977,547,1524
329,324,653
649,320,969
266,948,1214
655,396,1051
477,219,696
533,735,1268
154,183,337
490,281,771
977,346,1323
71,524,595
762,543,1305
686,792,1478
375,328,703
159,345,504
611,985,1596
38,215,253
155,467,622
998,434,1432
303,42,345
97,432,529
987,114,1101
712,726,1438
203,612,815
263,781,1044
322,225,547
232,9,241
224,847,1071
505,356,861
418,548,966
536,552,1088
67,145,212
869,927,1796
577,291,868
924,555,1479
125,755,880
844,104,948
230,957,1187
863,276,1139
534,55,589
259,629,888
95,169,264
541,528,1069
391,891,1282
780,780,1560
789,55,844
231,249,480
607,134,741
5,656,661
631,625,1256
29,956,985
228,443,671
442,37,479
815,615,1430
969,100,1069
780,955,1735
805,373,1178
25,762,787
307,484,791
67,864,931
364,88,452
187,208,395
302,403,705
851,52,903
996,149,1145
38,476,514
704,525,1229
94,300,394
115,459,574
118,404,522
129,931,1060
14,635,649
809,513,1322
354,496,850
457,6,463
861,145,1006
379,127,506
394,155,549
547,591,1138
964,230,1194
239,423,662
722,303,1025
273,351,624
833,249,1082
209,809,1018
64,957,1021
48,810,858
155,685,840
719,958,1677
667,465,1132
11,463,474
313,839,1152
598,342,940
362,284,646
104,163,267
210,771,981
498,636,1134
217,668,885
806,853,1659
479,725,1204
190,312,502
682,752,1434
885,969,1854
271,437,708
820,77,897
838,174,1012
220,710,930
261,606,867
768,745,1513
7,322,329
220,233,453
29,182,211
844,23,867
361,932,1293
970,274,1244
820,716,1536
264,171,435
958,926,1884
830,470,1300
684,987,1671
426,843,1269
656,212,868
558,47,605
285,233,518
100,866,966
983,296,1279
481,853,1334
504,629,1133
229,4,233
63,563,626
13,172,185
715,542,1257
879,737,1616
148,481,629
278,519,797
160,40,200
342,572,914
53,355,408
428,319,747
176,456,632
702,686,1388
136,532,668
996,528,1524
327,487,814
890,424,1314
680,566,1246
979,524,1503
782,685,1467
295,70,365
449,234,683
932,423,1355
598,413,1011
165,1000,1165
791,969,1760
254,867,1121
364,931,1295
38,631,669
111,429,540
954,371,1325
559,665,1224
636,257,893
200,52,252
623,697,1320
464,502,966
822,620,1442
600,897,1497
315,697,1012
683,137,820
563,697,1260
750,754,1504
330,656,986
353,812,1165
448,480,928
450,378,828
855,17,872
294,295,589
702,904,1606
396,267,663
979,194,1173
933,51,984
860,490,1350
100,310,410
528,57,585
478,117,595
844,346,1190
17,108,125
373,66,439
144,608,752
63,755,818
443,818,1261
347,518,865
999,713,1712
999,960,1959
235,970,1205
563,503,1066
391,174,565
491,662,1153
738,712,1450
119,176,295
75,441,516
766,106,872
449,681,1130
273,787,1060
933,35,968
819,919,1738
877,381,1258
147,648,795
834,388,1222
531,555,1086
987,649,1636
124,571,695
746,733,1479
124,240,364
606,218,824
324,922,1246
840,932,1772
786,8,794
618,777,1395
308,452,760
806,453,1259
731,440,1171
936,781,1717
242,106,348
85,938,1023
102,793,895
588,757,1345
887,599,1486
209,64,273
857,532,1389
97,489,586
211,955,1166
618,349,967
794,844,1638
39,959,998
328,682,1010
516,168,684
613,510,1123
701,44,745
962,307,1269
508,420,928
954,932,1886
580,161,741
788,713,1501
32,921,953
915,237,1152
52,372,424
491,399,890
519,810,1329
761,777,1538
643,925,1568
567,194,761
706,849,1555
210,11,221
506,907,1413
484,603,1087
388,72,460
929,324,1253
457,166,623
922,678,1600
54,561,615
496,151,647
314,567,881
16,340,356
320,92,412
884,809,1693
788,479,1267
956,395,1351
464,656,1120
47,993,1040
642,518,1160
128,572,700
933,835,1768
621,319,940
380,730,1110
787,89,876
571,100,671
428,348,776
670,319,989
222,373,595
864,388,1252
639,170,809
840,739,1579
44,513,557
218,186,404
504,231,735
66,492,558
404,621,1025
992,190,1182
183,947,1130
393,341,734
64,924,988
708,877,1585
954,930,1884
171,50,221
254,521,775
503,536,1039
297,495,792
577,297,874
304,314,618
192,555,747
333,403,736
570,911,1481
338,111,449
761,231,992
789,640,1429
384,700,1084
583,256,839
264,942,1206
639,432,1071
308,793,1101
656,410,1066
815,940,1755
912,742,1654
909,279,1188
250,735,985
28,29,57
804,613,1417
171,161,332
421,412,833
258,465,723
477,192,669
447,766,1213
830,182,1012
356,183,539
36,419,455
814,372,1186
902,736,1638
765,375,1140
351,251,602
222,703,925
251,599,850
358,467,825
847,606,1453
811,85,896
564,324,888
892,895,1787
280,879,1159
945,969,1914
355,377,732
364,351,715
993,99,1092
443,567,1010
202,652,854
220,837,1057
751,249,1000
803,548,1351
477,708,1185
183,409,592
671,981,1652
101,864,965
310,663,973
596,506,1102
629,294,923
498,572,1070
315,235,550
711,875,1586
719,186,905
821,829,1650
374,685,1059
485,904,1389
969,882,1851
352,610,962
434,823,1257
414,495,909
632,704,1336
961,588,1549
696,294,990
820,17,837
108,338,446
845,151,996
73,869,942
431,898,1329
90,40,130
231,572,803
709,987,1696
58,111,169
852,436,1288
800,228,1028
270,495,765
945,380,1325
207,546,753
434,611,1045
618,765,1383
176,357,533
303,797,1100
125,944,1069
555,140,695
860,596,1456
461,168,629
141,409,550
549,327,876
617,871,1488
5,729,734
186,777,963
306,302,608
857,693,1550
774,715,1489
884,745,1629
673,837,1510
432,963,1395
789,974,1763
235,576,811
689,720,1409
869,115,984
141,402,543
93,391,484
230,529,759
863,486,1349
231,524,755
625,384,1009
274,717,991
815,258,1073
633,885,1518
447,340,787
904,535,1439
717,975,1692
414,54,468
643,511,1154
746,644,1390
225,114,339
36,572,608
357,612,969
277,890,1167
518,601,1119
471,692,1163
145,127,272
214,225,439
634,469,1103
255,806,1061
322,466,788
369,531,900
47,771,818
165,285,450
546,240,786
901,266,1167
578,483,1061
152,499,651
996,251,1247
778,656,1434
440,767,1207
185,761,946
964,876,1840
745,302,1047
170,585,755
79,344,423
954,9,963
69,880,949
136,202,338
484,170,654
214,505,719
832,910,1742
797,768,1565
6,600,606
306,601,907
206,792,998
187,839,1026
366,378,744
559,971,1530
953,360,1313
625,166,791
387,162,549
587,764,1351
509,602,1111
213,167,380
916,865,1781
151,993,1144
969,722,1691
37,768,805
246,868,1114
813,485,1298
267,394,661
466,16,482
991,141,1132
410,61,471
40,399,439
640,371,1011
465,63,528
613,265,878
316,717,1033
214,582,796
82,600,682
992,962,1954
916,208,1124
421,902,1323
31,627,658
26,102,128
322,27,349
649,256,905
18,481,499
105,788,893
783,106,889
32,553,585
660,218,878
565,870,1435
791,500,1291
365,4,369
392,63,455
533,951,1484
92,519,611
222,550,772
483,851,1334
130,236,366
263,594,857
422,34,456
469,273,742
341,234,575
250,385,635
633,31,664
949,364,1313
535,996,1531
458,753,1211
634,432,1066
850,896,1746
564,99,663
726,111,837
633,240,873
931,350,1281
333,718,1051
543,173,716
233,938,1171
241,28,269
599,299,898
571,231,802
9,86,95
839,462,1301
328,583,911
522,983,1505
43,328,371
849,20,869
546,453,999
627,509,1136
301,788,1089
7,175,182
91,623,714
505,152,657
285,188,473
480,184,664
555,745,1300
992,378,1370
378,751,1129
910,249,1159
743,822,1565
704,734,1438
153,405,558
594,656,1250
320,923,1243
397,894,1291
517,238,755
468,327,795
681,825,1506
16,885,901
174,354,528
604,327,931
494,833,1327
883,526,1409
966,420,1386
847,150,997
691,694,1385
245,687,932
882,57,939
309,732,1041
868,106,974
855,313,1168
189,106,295
642,354,996
619,473,1092
175,103,278
705,52,757
760,230,990
656,441,1097
746,715,1461
12,115,127
417,961,1378
415,411,826
707,315,1022
953,665,1618
78,842,920
316,846,1162
225,689,914
366,104,470
389,688,1077
616,444,1060
81,879,960
955,725,1680
297,583,880
993,929,1922
510,944,1454
567,242,809
160,491,651
882,976,1858
363,107,470
819,637,1456
558,383,941
984,410,1394
96,316,412
924,386,1310
346,654,1000
141,930,1071
797,298,1095
141,784,925
520,443,963
980,212,1192
853,960,1813
935,523,1458
783,408,1191
592,766,1358
951,916,1867
867,382,1249
114,469,583
14,595,609
904,332,1236
812,360,1172
111,136,247
842,253,1095
299,363,662
12,422,434
286,293,579
167,647,814
173,599,772
701,263,964
943,527,1470
306,19,325
726,733,1459
471,251,722
308,686,994
755,159,914
702,264,966
495,599,1094
758,481,1239
667,816,1483
660,30,690
754,884,1638
346,448,794
274,487,761
533,435,968
956,748,1704
637,955,1592
420,889,1309
398,369,767
733,636,1369
42,87,129
924,468,1392
211,978,1189
159,737,896
45,105,150
390,886,1276
5,372,377
702,51,753
250,637,887
672,536,1208
224,604,828
382,806,1188
312,899,1211
50,490,540
220,239,459
307,391,698
826,688,1514
875,239,1114
941,585,1526
599,306,905
514,337,851
263,115,378
978,610,1588
460,434,894
482,53,535
181,162,343
614,148,762
545,482,1027
961,424,1385
748,331,1079
621,754,1375
972,725,1697
287,221,508
924,243,1167
90,458,548
18,57,75
783,305,1088
786,713,1499
674,760,1434
309,790,1099
943,689,1632
30,669,699
128,229,357
704,644,1348
101,344,445
694,564,1258
640,357,997
417,509,926
888,970,1858
65,337,402
354,275,629
510,456,966
839,982,1821
204,393,597
896,515,1411
258,135,393
179,723,902
929,245,1174
236,936,1172
509,797,1306
723,269,992
822,831,1653
245,579,824
862,102,964
130,213,343
250,845,1095
612,805,1417
664,329,993
645,874,1519
964,45,1009
60,993,1053
904,495,1399
606,759,1365
642,879,1521
511,599,1110
369,203,572
878,53,931
112,689,801
747,871,1618
644,929,1573
492,767,1259
408,18,426
774,593,1367
300,576,876
862,776,1638
26,449,475
286,911,1197
362,517,879
603,649,1252
387,453,840
125,782,907
327,845,1172
703,676,1379
535,606,1141
194,907,1101
26,917,943
62,331,393
846,108,954
360,979,1339
842,873,1715
632,702,1334
57,291,348
863,572,1435
850,157,1007
425,177,602
983,176,1159
521,16,537
776,86,862
127,156,283
888,524,1412
337,97,434
947,55,1002
343,690,1033
290,884,1174
120,195,315
398,236,634
978,397,1375
839,90,929
176,377,553
535,378,913
576,249,825
929,888,1817
395,271,666
569,161,730
882,412,1294
582,668,1250
319,17,336
538,461,999
328,909,1237
275,512,787
796,622,1418
506,429,935
314,432,746
431,661,1092
800,400,1200
898,641,1539
910,247,1157
314,413,727
856,504,1360
735,581,1316
291,52,343
736,972,1708
491,105,596
322,481,803
189,522,711
309,782,1091
587,541,1128
743,386,1129
996,950,1946
87,349,436
790,240,1030
307,948,1255
546,480,1026
357,389,746
633,17,650
591,987,1578
219,249,468
669,522,1191
743,401,1144
327,274,601
374,303,677
764,385,1149
533,798,1331
345,88,433
487,529,1016
961,936,1897
792,177,969
545,409,954
109,548,657
624,696,1320
317,943,1260
131,120,251
434,173,607
853,497,1350
40,88,128
234,558,792
96,841,937
539,913,1452
747,769,1516
520,121,641
733,118,851
993,690,1683
706,329,1035
194,553,747
823,478,1301
22,522,544
196,137,333
199,609,808
266,40,306
733,541,1274
534,503,1037
688,739,1427
626,332,958
258,985,1243
653,585,1238
417,157,574
909,968,1877
844,342,1186
246,265,511
96,367,463
802,526,1328
262,883,1145
341,674,1015
492,912,1404
382,883,1265
669,525,1194
307,5,312
836,318,1154
893,623,1516
87,699,786
669,480,1149
697,958,1655
111,651,762
616,559,1175
782,561,1343
995,599,1594
733,251,984
801,36,837
642,562,1204
472,123,595
649,344,993
407,435,842
536,558,1094
215,209,424
405,690,1095
112,334,446
983,655,1638
960,377,1337
117,153,270
400,674,1074
393,577,970
582,866,1448
526,176,702
757,803,1560
842,657,1499
757,785,1542
725,695,1420
429,472,901
632,332,964
149,841,990
4,650,654
242,744,986
415,951,1366
46,874,920
382,852,1234
396,864,1260
517,622,1139
907,631,1538
977,959,1936
64,907,971
332,895,1227
470,658,1128
39,164,203
137,9,146
886,488,1374
351,466,817
39,127,166
626,437,1063
443,862,1305
203,95,298
203,739,942
243,27,270
88,321,409
840,266,1106
672,282,954
727,208,935
575,831,1406
451,829,1280
352,209,561
49,585,634
116,948,1064
643,774,1417
23,257,280
214,77,291
262,494,756
196,140,336
261,791,1052
496,447,943
893,750,1643
232,192,424
994,17,1011
89,619,708
315,336,651
311,485,796
53,250,303
38,731,769
16,661,677
897,487,1384
0,347,347
985,397,1382
745,146,891
709,551,1260
48,236,284
783,834,1617
281,133,414
747,594,1341
511,726,1237
435,475,910
499,413,912
405,78,483
567,932,1499
684,989,1673
723,391,1114
140,958,1098
624,895,1519
186,624,810
340,434,774
447,49,496
601,978,1579
516,715,1231
285,949,1234
101,544,645
545,361,906
476,487,963
674,250,924
224,500,724
59,26,85
860,439,1299
409,991,1400
23,28,51
497,288,785
877,805,1682
733,16,749
331,349,680
902,327,1229
579,951,1530
123,320,443
514,31,545
476,47,523
1000,458,1458
869,519,1388
374,608,982
286,451,737
812,669,1481
281,683,964
294,231,525
98,236,334
453,194,647
916,80,996
63,863,926
72,913,985
702,234,936
24,152,176
901,282,1183
128,416,544
593,855,1448
233,887,1120
918,661,1579
963,312,1275
93,981,1074
728,138,866
272,691,963
34,710,744
475,18,493
462,752,1214
732,389,1121
922,268,1190
427,474,901
104,365,469
458,632,1090
179,370,549
370,286,656
538,261,799
16,968,984
807,377,1184
137,713,850
67,929,996
698,49,747
935,705,1640
323,323,646
416,112,528
852,983,1835
108,569,677
407,75,482
955,192,1147
9,845,854
397,510,907
559,28,587
816,359,1175
352,288,640
290,214,504
331,704,1035
614,823,1437
88,138,226
749,453,1202
758,883,1641
162,878,1040
251,356,607
355,711,1066
532,497,1029
519,133,652
92,941,1033
236,235,471
736,718,1454
100,215,315
731,546,1277
992,612,1604
69,317,386
597,450,1047
621,305,926
126,87,213
669,262,931
522,294,816
821,588,1409
986,438,1424
880,775,1655
640,943,1583
205,664,869
561,60,621
416,418,834
498,84,582
200,573,773
314,361,675
394,300,694
768,415,1183
761,847,1608
759,306,1065
107,842,949
745,366,1111
632,390,1022
451,530,981
11,513,524
229,643,872
389,215,604
184,101,285
265,262,527
728,98,826
596,347,943
779,244,1023
502,52,554
986,562,1548
878,449,1327
932,259,1191
268,909,1177
820,627,1447
73,493,566
971,277,1248
381,992,1373
503,157,660
232,384,616
654,44,698
701,236,937
745,176,921
243,368,611
571,217,788
767,544,1311
381,797,1178
409,1,410
959,523,1482
633,405,1038
718,128,846
218,654,872
48,622,670
895,738,1633
899,435,1334
909,387,1296
444,73,517
464,745,1209
203,878,1081
252,143,395
298,309,607
424,940,1364
536,235,771
197,433,630
483,728,1211
637,63,700
876,827,1703
992,464,1456
474,795,1269
650,161,811
433,267,700
20,506,526
673,398,1071
977,479,1456
927,200,1127
526,550,1076
181,323,504
671,631,1302
715,389,1104
153,38,191
747,846,1593
32,961,993
473,136,609
244,486,730
552,191,743
101,446,547
217,319,536
484,592,1076
844,208,1052
307,279,586
956,902,1858
642,172,814
947,271,1218
244,920,1164
867,196,1063
725,943,1668
623,713,1336
568,783,1351
703,182,885
131,955,1086
420,826,1246
566,218,784
664,228,892
164,752,916
949,182,1131
198,659,857
700,378,1078
693,437,1130
53,968,1021
40,397,437
861,725,1586
748,865,1613
531,384,915
689,225,914
554,953,1507
515,128,643
852,861,1713
702,991,1693
857,920,1777
899,798,1697
664,946,1610
931,489,1420
483,327,810
149,653,802
837,828,1665
958,767,1725
221,474,695
559,938,1497
325,77,402
24,461,485
188,926,1114
699,8,707
416,148,564
684,274,958
48,76,124
258,508,766
927,602,1529
217,213,430
129,261,390
114,411,525
895,868,1763
352,48,400
307,535,842
44,424,468
49,397,446
138,258,396
496,353,849
694,398,1092
154,505,659
412,403,815
386,282,668
903,577,1480
474,732,1206
362,514,876
980,225,1205
488,679,1167
395,45,440
124,325,449
253,77,330
72,483,555
785,690,1475
629,81,710
619,244,863
681,432,1113
451,567,1018
731,61,792
665,113,778
24,411,435
553,750,1303
86,555,641
742,83,825
23,925,948
579,874,1453
175,908,1083
641,809,1450
221,464,685
823,528,1351
750,701,1451
359,746,1105
617,970,1587
227,392,619
670,822,1492
371,166,537
739,587,1326
702,175,877
227,626,853
290,348,638
352,18,370
9,467,476
300,160,460
530,949,1479
451,258,709
452,802,1254
360,545,905
242,918,1160
472,161,633
567,180,747
453,423,876
655,580,1235
612,689,1301
436,458,894
794,719,1513
933,642,1575
614,427,1041
271,440,711
795,885,1680
898,65,963
899,722,1621
996,293,1289
482,271,753
744,963,1707
487,68,555
949,266,1215
464,86,550
914,883,1797
901,392,1293
141,429,570
112,513,625
519,253,772
725,342,1067
223,434,657
72,262,334
264,915,1179
379,69,448
972,736,1708
174,792,966
695,346,1041
170,30,200
970,713,1683
234,320,554
537,359,896
243,965,1208
991,516,1507
3,214,217
8,550,558
641,467,1108
864,448,1312
989,317,1306
437,264,701
883,72,955
897,863,1760
533,553,1086
214,536,750
659,940,1599
455,533,988
413,220,633
227,326,553
938,804,1742
868,544,1412
654,317,971
948,559,1507
30,800,830
189,350,539
356,42,398
270,446,716
121,447,568
611,691,1302
362,520,882
272,48,320
398,981,1379
373,1,374
876,82,958
262,28,290
54,173,227
440,931,1371
215,728,943
460,499,959
475,269,744
924,125,1049
145,303,448
355,241,596
476,441,917
77,700,777
367,404,771
133,258,391
912,63,975
324,430,754
361,270,631
26,637,663
90,928,1018
725,883,1608
667,726,1393
477,971,1448
718,424,1142
424,521,945
731,367,1098
364,96,460
864,591,1455
505,657,1162
622,976,1598
849,46,895
388,313,701
502,859,1361
689,325,1014
174,777,951
705,626,1331
874,92,966
1,721,722
401,972,1373
445,996,1441
296,91,387
140,963,1103
577,259,836
595,971,1566
310,197,507
821,945,1766
803,301,1104
291,232,523
995,817,1812
946,528,1474
889,785,1674
54,909,963
553,187,740
805,210,1015
694,591,1285
180,186,366
792,141,933
435,374,809
56,232,288
294,282,576
385,750,1135
481,687,1168
754,729,1483
875,4,879
179,870,1049
667,639,1306
985,362,1347
555,104,659
340,480,820
391,495,886
292,331,623
164,909,1073
167,460,627
265,212,477
190,923,1113
273,953,1226
84,990,1074
556,45,601
340,537,877
119,601,720
174,998,1172
991,397,1388
321,817,1138
891,928,1819
900,474,1374
947,800,1747
515,882,1397
237,731,968
981,46,1027
1000,66,1066
695,240,935
914,291,1205
335,321,656
562,831,1393
355,628,983
45,756,801
345,586,931
472,796,1268
272,94,366
554,367,921
401,4,405
886,661,1547
878,391,1269
233,51,284
881,356,1237
264,230,494
964,792,1756
222,222,444
994,526,1520
357,112,469
297,437,734
388,223,611
617,873,1490
23,578,601
825,326,1151
896,881,1777
21,549,570
699,985,1684
801,882,1683
725,185,910
377,564,941
878,229,1107
831,435,1266
545,504,1049
814,524,1338
885,717,1602
18,512,530
111,978,1089
592,590,1182
467,783,1250
460,495,955
500,437,937
97,95,192
855,177,1032
541,81,622
749,253,1002
924,204,1128
525,151,676
920,461,1381
877,472,1349
762,705,1467
268,144,412
503,586,1089
309,86,395
441,312,753
494,615,1109
342,727,1069
191,516,707
871,433,1304
739,614,1353
463,732,1195
97,618,715
333,108,441
465,354,819
426,913,1339
423,465,888
549,239,788
606,552,1158
302,54,356
622,851,1473
279,969,1248
483,127,610
445,42,487
75,130,205
255,921,1176
887,735,1622
835,123,958
505,840,1345
307,933,1240
219,26,245
510,368,878
364,775,1139
605,706,1311
961,74,1035
988,281,1269
86,766,852
838,301,1139
487,397,884
656,748,1404
185,984,1169
699,670,1369
915,436,1351
84,427,511
789,109,898
551,953,1504
240,517,757
126,536,662
337,383,720
297,877,1174
672,616,1288
641,146,787
745,479,1224
932,633,1565
227,851,1078
610,824,1434
249,821,1070
213,661,874
532,72,604
580,231,811
512,13,525
439,432,871
627,237,864
399,305,704
802,378,1180
689,262,951
680,324,1004
702,934,1636
264,873,1137
197,770,967
969,692,1661
965,897,1862
598,371,969
951,7,958
201,66,267
240,945,1185
630,545,1175
617,102,719
165,323,488
74,676,750
171,522,693
902,182,1084
468,932,1400
795,737,1532
44,349,393
973,612,1585
834,486,1320
725,428,1153
653,527,1180
300,609,909
7,376,383
605,0,605
721,454,1175
691,350,1041
783,882,1665
495,103,598
798,354,1152
165,410,575
729,669,1398
520,311,831
965,89,1054
887,77,964
247,653,900
432,684,1116
100,139,239
22,443,465
715,504,1219
823,764,1587
114,39,153
587,876,1463
869,487,1356
617,212,829
473,609,1082
745,3,748
496,574,1070
618,265,883
15,990,1005
273,191,464
127,226,353
360,428,788
337,743,1080
777,307,1084
80,525,605
7,900,907
588,183,771
68,771,839
362,534,896
125,189,314
649,467,1116
646,331,977
846,65,911
663,997,1660
46,742,788
366,247,613
119,285,404
261,177,438
295,329,624
185,409,594
157,803,960
932,941,1873
896,234,1130
550,821,1371
204,617,821
105,918,1023
430,800,1230
91,479,570
659,114,773
960,47,1007
750,830,1580
497,717,1214
643,732,1375
913,917,1830
552,306,858
193,27,220
906,440,1346
1,254,255
901,702,1603
43,136,179
566,688,1254
780,535,1315
628,661,1289
826,67,893
597,348,945
549,88,637
518,527,1045
742,969,1711
163,405,568
656,986,1642
665,385,1050
2,90,92
964,300,1264
438,364,802
132,804,936
298,333,631
873,894,1767
409,758,1167
592,950,1542
655,140,795
548,756,1304
755,374,1129
163,503,666
156,24,180
230,559,789
221,99,320
464,668,1132
459,683,1142
511,44,555
619,317,936
763,172,935
690,829,1519
704,184,888
832,741,1573
271,575,846
63,781,844
977,70,1047
110,649,759
400,760,1160
172,83,255
536,160,696
69,416,485
602,29,631
160,285,445
508,113,621
222,10,232
463,424,887
816,552,1368
363,807,1170
839,470,1309
177,112,289
540,595,1135
206,118,324
525,663,1188
371,84,455
878,659,1537
570,989,1559
296,338,634
345,321,666
126,694,820
982,690,1672
44,610,654
385,555,940
431,214,645
282,463,745
749,710,1459
922,431,1353
379,317,696
126,835,961
555,838,1393
611,990,1601
278,970,1248
958,424,1382
244,669,913
601,703,1304
311,442,753
698,386,1084
339,529,868
297,207,504
18,974,992
576,707,1283
9,642,651
375,901,1276
530,595,1125
734,317,1051
551,628,1179
810,463,1273
92,626,718
933,904,1837
389,199,588
50,241,291
733,145,878
200,572,772
437,238,675
227,414,641
180,65,245
201,37,238
42,688,730
964,733,1697
740,322,1062
558,309,867
445,548,993
835,835,1670
450,82,532
308,343,651
485,523,1008
474,625,1099
491,293,784
460,740,1200
258,844,1102
300,288,588
18,87,105
320,279,599
489,374,863
355,939,1294
555,618,1173
82,581,663
58,294,352
311,912,1223
858,806,1664
688,407,1095
883,731,1614
840,88,928
527,175,702
875,196,1071
512,706,1218
891,438,1329
862,136,998
551,208,759
370,755,1125
12,897,909
826,154,980
917,770,1687
66,645,711
717,981,1698
953,865,1818
292,947,1239
576,670,1246
111,96,207
582,151,733
137,469,606
666,426,1092
25,605,630
715,900,1615
780,754,1534
411,608,1019
992,638,1630
685,591,1276
329,656,985
509,269,778
432,266,698
584,310,894
593,583,1176
586,663,1249
213,861,1074
28,46,74
807,143,950
562,604,1166
357,225,582
538,197,735
523,215,738
89,864,953
286,49,335
763,114,877
980,377,1357
836,131,967
640,762,1402
733,922,1655
223,124,347
250,248,498
73,52,125
855,553,1408
704,918,1622
419,223,642
312,621,933
641,128,769
850,449,1299
674,415,1089
552,641,1193
643,604,1247
44,751,795
745,106,851
348,32,380
605,420,1025
386,558,944
129,233,362
516,207,723
334,920,1254
175,44,219
133,188,321
153,174,327
511,122,633
594,814,1408
599,261,860
278,142,420
229,279,508
365,128,493
632,743,1375
325,391,716
554,467,1021
123,453,576
596,364,960
599,312,911
519,386,905
929,66,995
546,199,745
131,789,920
873,202,1075
701,898,1599
195,104,299
965,39,1004
258,61,319
288,326,614
285,695,980
196,409,605
240,91,331
37,146,183
414,993,1407
647,505,1152
494,914,1408
536,476,1012
641,570,1211
505,506,1011
999,282,1281
33,465,498
940,850,1790
240,138,378
838,322,1160
13,32,45
918,408,1326
629,303,932
598,272,870
468,928,1396
841,898,1739
621,413,1034
626,136,762
141,557,698
397,183,580
84,339,423
14,833,847
279,0,279
406,620,1026
81,709,790
221,799,1020
332,368,700
495,757,1252
519,83,602
262,311,573
683,285,968
916,624,1540
786,849,1635
805,375,1180
909,788,1697
300,763,1063
885,6,891
176,607,783
349,98,447
141,7,148
68,687,755
752,357,1109
640,169,809
59,194,253
182,785,967
856,127,983
417,680,1097
618,500,1118
585,319,904
656,323,979
659,919,1578
510,369,879
505,78,583
376,834,1210
246,943,1189
451,910,1361
484,306,790
948,461,1409
223,767,990
365,224,589
292,693,985
143,63,206
214,511,725
384,281,665
332,634,966
981,278,1259
514,975,1489
321,145,466
240,950,1190
154,798,952
682,115,797
330,619,949
562,657,1219
590,393,983
670,810,1480
531,214,745
12,228,240
25,188,213
356,173,529
820,843,1663
986,619,1605
619,932,1551
713,127,840
393,384,777
975,542,1517
75,258,333
498,421,919
332,790,1122
223,879,1102
701,622,1323
508,47,555
417,287,704
901,431,1332
962,802,1764
441,676,1117
277,21,298
79,806,885
641,331,972
836,189,1025
992,194,1186
29,818,847
219,476,695
212,84,296
769,178,947
716,403,1119
151,536,687
690,752,1442
994,968,1962
64,400,464
29,34,63
810,21,831
105,558,663
603,96,699
778,337,1115
227,198,425
907,67,974
136,431,567
764,560,1324
436,519,955
902,48,950
49,581,630
226,492,718
934,672,1606
242,177,419
1000,771,1771
49,554,603
733,311,1044
114,53,167
465,258,723
863,269,1132
570,57,627
157,247,404
365,371,736
137,416,553
557,305,862
480,226,706
875,828,1703
141,458,599
84,655,739
8,536,544
868,869,1737
104,814,918
229,794,1023
728,413,1141
689,575,1264
384,808,1192
885,356,1241
542,583,1125
200,286,486
281,693,974
960,759,1719
999,685,1684
774,335,1109
551,503,1054
478,55,533
481,524,1005
917,791,1708
377,247,624
567,786,1353
969,729,1698
651,859,1510
680,580,1260
801,42,843
821,246,1067
538,528,1066
310,22,332
265,901,1166
723,303,1026
295,262,557
826,396,1222
731,601,1332
462,130,592
780,973,1753
41,300,341
643,539,1182
669,398,1067
595,39,634
569,129,698
527,256,783
753,655,1408
428,980,1408
511,598,1109
62,739,801
743,389,1132
351,33,384
196,223,419
256,882,1138
647,212,859
246,585,831
975,883,1858
428,82,510
736,489,1225
677,691,1368
88,316,404
131,596,727
245,469,714
906,539,1445
443,964,1407
112,31,143
665,226,891
408,145,553
657,377,1034
189,722,911
90,654,744
295,166,461
677,530,1207
990,698,1688
503,812,1315
886,713,1599
623,475,1098
53,828,881
426,131,557
805,538,1343
7,893,900
666,938,1604
554,794,1348
518,492,1010
0,465,465
80,253,333
966,552,1518
827,990,1817
668,893,1561
862,448,1310
752,814,1566
79,368,447
542,444,986
315,327,642
61,136,197
996,583,1579
595,552,1147
426,2,428
678,251,929
362,778,1140
574,186,760
762,646,1408
729,183,912
251,541,792
426,677,1103
14,293,307
419,233,652
47,17,64
215,958,1173
251,429,680
642,630,1272
760,574,1334
253,922,1175
531,863,1394
36,147,183
221,348,569
169,594,763
115,749,864
228,583,811
762,383,1145
11,57,68
930,773,1703
315,446,761
551,908,1459
800,173,973
913,597,1510
781,765,1546
756,535,1291
598,10,608
334,972,1306
191,933,1124
606,605,1211
300,470,770
751,905,1656
71,999,1070
528,613,1141
215,372,587
652,949,1601
163,689,852
93,406,499
855,461,1316
31,947,978
566,617,1183
867,243,1110
889,994,1883
926,64,990
996,335,1331
793,945,1738
497,170,667
495,982,1477
69,467,536
790,650,1440
845,532,1377
262,143,405
885,658,1543
53,662,715
211,978,1189
423,549,972
614,708,1322
927,548,1475
826,250,1076
402,384,786
196,46,242
889,875,1764
492,343,835
253,223,476
799,847,1646
589,171,760
513,564,1077
974,210,1184
814,264,1078
930,381,1311
734,834,1568
178,146,324
666,721,1387
210,403,613
134,227,361
877,3,880
342,879,1221
938,441,1379
146,302,448
757,248,1005
167,637,804
223,271,494
728,1000,1728
6,769,775
315,540,855
885,323,1208
335,61,396
690,656,1346
38,940,978
206,876,1082
352,9,361
249,336,585
57,633,690
796,383,1179
648,830,1478
782,784,1566
343,594,937
883,587,1470
605,557,1162
4,969,973
848,552,1400
898,997,1895
426,444,870
812,310,1122
275,334,609
523,819,1342
471,314,785
483,391,874
998,992,1990
960,735,1695
311,54,365
491,963,1454
902,695,1597
304,645,949
523,974,1497
694,397,1091
614,852,1466
675,762,1437
154,835,989
723,267,990
370,651,1021
152,946,1098
58,702,760
428,710,1138
31,930,961
533,972,1505
58,350,408
972,885,1857
952,189,1141
497,365,862
544,322,866
254,915,1169
115,574,689
203,410,613
960,995,1955
374,881,1255
949,39,988
558,474,1032
617,969,1586
387,130,517
712,297,1009
68,672,740
547,208,755
441,923,1364
26,479,505
383,810,1193
51,352,403
995,832,1827
163,814,977
871,13,884
806,315,1121
128,161,289
806,93,899
622,497,1119
927,237,1164
478,651,1129
210,229,439
295,843,1138
168,540,708
927,804,1731
849,346,1195
756,162,918
482,183,665
167,343,510
40,564,604
847,824,1671
701,712,1413
4,414,418
532,455,987
842,641,1483
977,46,1023
909,186,1095
336,612,948
609,771,1380
718,84,802
233,197,430
598,495,1093
636,875,1511
874,810,1684
890,520,1410
87,759,846
916,272,1188
113,807,920
873,635,1508
663,779,1442
739,69,808
717,900,1617
630,358,988
398,816,1214
731,58,789
328,296,624
97,161,258
0,971,971
198,942,1140
841,763,1604
810,416,1226
893,830,1723
499,238,737
969,711,1680
939,787,1726
309,517,826
315,310,625
74,582,656
832,58,890
826,555,1381
588,293,881
492,153,645
696,474,1170
933,257,1190
99,374,473
290,803,1093
656,670,1326
122,319,441
393,930,1323
28,553,581
749,158,907
26,63,89
769,406,1175
399,56,455
445,180,625
357,295,652
120,676,796
10,231,241
129,146,275
707,859,1566
171,72,243
448,366,814
829,253,1082
438,2,440
913,328,1241
531,586,1117
176,483,659
636,54,690
291,880,1171
861,23,884
307,584,891
331,738,1069
24,985,1009
912,786,1698
674,566,1240
656,629,1285
681,286,967
329,993,1322
90,916,1006
502,826,1328
918,769,1687
242,233,475
831,562,1393
319,266,585
345,233,578
331,615,946
699,660,1359
102,362,464
453,135,588
16,158,174
710,388,1098
482,789,1271
113,142,255
598,863,1461
933,731,1664
840,796,1636
694,445,1139
740,759,1499
990,917,1907
770,971,1741
371,457,828
825,929,1754
663,95,758
257,815,1072
107,964,1071
416,836,1252
642,340,982
245,849,1094
21,686,707
359,187,546
688,5,693
320,690,1010
232,29,261
671,122,793
923,130,1053
360,617,977
204,733,937
716,388,1104
910,18,928
53,18,71
379,703,1082
347,656,1003
519,588,1107
871,692,1563
147,394,541
805,209,1014
335,960,1295
472,566,1038
791,978,1769
693,155,848
519,859,1378
25,909,934
954,869,1823
743,109,852
839,927,1766
192,684,876
183,800,983
87,20,107
775,450,1225
879,601,1480
303,148,451
60,719,779
512,506,1018
477,424,901
56,73,129
516,176,692
370,435,805
615,777,1392
465,651,1116
948,318,1266
636,150,786
543,591,1134
157,512,669
507,692,1199
700,30,730
270,886,1156
270,577,847
26,702,728
162,334,496
387,622,1009
910,524,1434
857,25,882
978,825,1803
159,724,883
666,755,1421
94,444,538
918,367,1285
735,68,803
702,647,1349
681,101,782
485,553,1038
645,384,1029
52,951,1003
569,726,1295
930,264,1194
510,561,1071
109,45,154
436,777,1213
48,957,1005
794,217,1011
932,407,1339
946,147,1093
919,765,1684
17,801,818
549,110,659
119,952,1071
597,463,1060
912,564,1476
734,850,1584
800,968,1768
31,448,479
145,976,1121
812,435,1247
881,998,1879
669,30,699
604,320,924
835,183,1018
367,234,601
259,458,717
854,730,1584
393,33,426
821,234,1055
38,763,801
519,277,796
668,391,1059
805,408,1213
187,573,760
204,724,928
149,765,914
485,37,522
430,443,873
886,115,1001
719,60,779
773,105,878
585,956,1541
359,303,662
458,336,794
897,70,967
593,136,729
357,462,819
760,823,1583
259,542,801
473,505,978
393,834,1227
551,942,1493
833,38,871
398,167,565
3,388,391
672,109,781
951,709,1660
218,253,471
45,516,561
855,408,1263
465,174,639
130,115,245
221,579,800
488,661,1149
22,292,314
809,904,1713
590,134,724
542,9,551
395,381,776
262,263,525
747,821,1568
810,215,1025
181,728,909
274,539,813
830,29,859
781,317,1098
111,948,1059
28,986,1014
857,921,1778
603,367,970
80,879,959
37,56,93
650,921,1571
213,844,1057
688,427,1115
664,855,1519
266,15,281
638,532,1170
878,654,1532
829,696,1525
360,172,532
544,940,1484
30,218,248
686,235,921
385,821,1206
496,3,499
6,5,11
242,126,368
673,471,1144
831,368,1199
107,924,1031
69,917,986
148,958,1106
285,538,823
697,525,1222
354,202,556
414,790,1204
976,657,1633
778,589,1367
722,26,748
375,894,1269
541,588,1129
649,590,1239
183,424,607
575,954,1529
665,904,1569
0,946,946
936,117,1053
857,128,985
960,187,1147
973,807,1780
31,341,372
288,218,506
696,234,930
401,899,1300
607,639,1246
52,925,977
371,661,1032
507,95,602
924,220,1144
359,438,797
399,974,1373
962,258,1220
944,25,969
248,9,257
26,123,149
992,64,1056
82,719,801
799,356,1155
769,150,919
924,239,1163
740,726,1466
377,768,1145
160,633,793
751,301,1052
144,443,587
325,836,1161
407,209,616
412,36,448
900,12,912
298,396,694
516,104,620
272,598,870
411,578,989
520,879,1399
855,720,1575
108,5,113
503,617,1120
990,199,1189
807,430,1237
946,19,965
404,42,446
771,177,948
56,27,83
379,608,987
995,200,1195
99,461,560
894,283,1177
470,819,1289
752,117,869
577,121,698
314,211,525
761,345,1106
170,294,464
287,804,1091
646,433,1079
723,954,1677
342,837,1179
863,871,1734
44,296,340
42,254,296
944,333,1277
338,725,1063
366,871,1237
256,615,871
108,479,587
695,773,1468
356,965,1321
768,996,1764
989,103,1092
256,835,1091
738,855,1593
638,639,1277
573,82,655
547,450,997
55,626,681
925,993,1918
91,985,1076
408,186,594
107,816,923
752,186,938
305,399,704
719,345,1064
809,145,954
186,922,1108
734,408,1142
851,555,1406
641,622,1263
111,583,694
147,504,651
499,636,1135
936,217,1153
963,24,987
700,538,1238
125,666,791
73,348,421
722,842,1564
376,188,564
285,358,643
754,860,1614
364,864,1228
914,586,1500
39,69,108
603,415,1018
982,465,1447
723,413,1136
423,258,681
739,45,784
303,961,1264
836,119,955
412,387,799
457,613,1070
64,596,660
28,276,304
190,384,574
197,429,626
575,958,1533
545,140,685
724,51,775
720,635,1355
848,369,1217
146,713,859
232,551,783
608,926,1534
659,72,731
868,89,957
390,224,614
598,863,1461
121,578,699
3,943,946
655,250,905
466,370,836
422,59,481
186,676,862
657,504,1161
784,273,1057
233,767,1000
735,822,1557
275,331,606
979,731,1710
800,598,1398
952,735,1687
814,691,1505
268,955,1223
644,618,1262
403,891,1294
787,953,1740
58,156,214
111,568,679
755,424,1179
478,155,633
11,355,366
253,755,1008
928,135,1063
894,15,909
53,750,803
867,689,1556
948,549,1497
324,340,664
531,307,838
314,729,1043
16,656,672
918,745,1663
652,23,675
766,980,1746
167,320,487
436,506,942
129,228,357
268,372,640
478,730,1208
121,185,306
320,874,1194
638,522,1160
8,271,279
737,419,1156
183,206,389
421,582,1003
389,956,1345
130,230,360
839,172,1011
415,433,848
844,167,1011
505,621,1126
515,247,762
397,111,508
123,333,456
215,895,1110
749,20,769
771,2,773
497,377,874
681,779,1460
510,597,1107
51,768,819
125,894,1019
565,326,891
842,51,893
104,472,576
871,836,1707
815,240,1055
879,822,1701
491,898,1389
821,540,1361
945,909,1854
599,238,837
951,569,1520
630,105,735
146,411,557
97,761,858
163,244,407
369,151,520
432,727,1159
374,978,1352
600,558,1158
713,628,1341
253,686,939
550,114,664
807,922,1729
610,767,1377
122,799,921
903,261,1164
545,825,1370
957,506,1463
645,215,860
961,455,1416
709,426,1135
573,50,623
504,561,1065
26,101,127
777,163,940
906,471,1377
379,963,1342
775,433,1208
521,107,628
969,223,1192
910,435,1345
115,536,651
934,332,1266
561,211,772
211,661,872
608,365,973
376,808,1184
386,744,1130
85,683,768
447,385,832
546,260,806
365,782,1147
68,764,832
476,25,501
179,468,647
242,61,303
299,641,940
866,724,1590
598,896,1494
316,707,1023
696,361,1057
361,136,497
30,106,136
792,713,1505
68,639,707
204,246,450
822,177,999
214,872,1086
211,41,252
351,193,544
973,444,1417
369,765,1134
466,432,898
994,112,1106
113,976,1089
846,628,1474
5,118,123
862,773,1635
538,79,617
64,597,661
573,151,724
259,769,1028
571,922,1493
923,734,1657
442,671,1113
20,194,214
779,310,1089
228,803,1031
185,378,563
760,293,1053
104,563,667
732,113,845
700,582,1282
978,964,1942
449,56,505
123,343,466
219,752,971
379,889,1268
878,871,1749
965,483,1448
672,505,1177
534,315,849
237,847,1084
789,697,1486
120,664,784
849,823,1672
361,698,1059
517,693,1210
374,210,584
837,439,1276
354,405,759
481,214,695
148,497,645
969,229,1198
176,604,780
262,382,644
224,469,693
333,527,860
579,584,1163
333,715,1048
217,987,1204
34,894,928
445,163,608
744,266,1010
768,361,1129
8,958,966
134,744,878
602,686,1288
672,442,1114
973,540,1513
78,260,338
949,255,1204
642,174,816
508,988,1496
483,121,604
27,61,88
289,536,825
885,398,1283
476,531,1007
409,682,1091
946,413,1359
634,745,1379
367,313,680
429,392,821
578,263,841
562,116,678
336,284,620
350,722,1072
701,518,1219
899,354,1253
645,967,1612
633,156,789
860,413,1273
921,978,1899
293,780,1073
547,96,643
162,319,481
547,892,1439
748,319,1067
265,575,840
579,33,612
628,465,1093
178,634,812
254,572,826
927,437,1364
856,594,1450
577,920,1497
375,692,1067
264,901,1165
445,669,1114
545,249,794
781,234,1015
788,319,1107
125,91,216
561,100,661
93,77,170
934,158,1092
653,652,1305
968,738,1706
91,987,1078
744,921,1665
444,708,1152
628,183,811
68,136,204
205,626,831
70,553,623
847,570,1417
662,240,902
399,707,1106
747,763,1510
927,641,1568
163,696,859
860,889,1749
272,941,1213
565,111,676
800,539,1339
119,262,381
160,383,543
676,401,1077
756,199,955
828,24,852
398,879,1277
293,798,1091
511,220,731
762,20,782
725,283,1008
164,626,790
653,585,1238
889,587,1476
422,808,1230
4,81,85
948,739,1687
145,437,582
470,12,482
514,173,687
684,834,1518
912,712,1624
743,459,1202
134,599,733
448,338,786
994,569,1563
664,910,1574
736,956,1692
252,515,767
969,106,1075
356,45,401
379,593,972
280,693,973
664,825,1489
281,36,317
834,820,1654
245,966,1211
24,816,840
315,625,940
522,986,1508
142,98,240
930,644,1574
296,267,563
66,990,1056
35,414,449
46,643,689
406,924,1330
581,62,643
4,397,401
250,20,270
351,575,926
71,24,95
487,973,1460
74,703,777
293,180,473
112,851,963
795,93,888
30,465,495
907,192,1099
562,505,1067
466,615,1081
917,923,1840
781,356,1137
740,495,1235
526,965,1491
886,177,1063
581,178,759
262,597,859
978,405,1383
803,187,990
291,592,883
495,677,1172
329,834,1163
126,187,313
610,896,1506
814,352,1166
700,521,1221
1000,360,1360
797,702,1499
300,297,597
816,182,998
807,453,1260
652,6,658
216,932,1148
125,125,250
837,412,1249
863,907,1770
759,553,1312
40,762,802
467,45,512
95,704,799
281,477,758
887,108,995
964,943,1907
139,199,338
984,603,1587
825,289,1114
476,327,803
201,810,1011
633,64,697
737,206,943
268,8,276
406,345,751
956,575,1531
297,89,386
95,271,366
489,205,694
491,981,1472
401,514,915
354,552,906
433,687,1120
534,56,590
723,516,1239
920,403,1323
396,176,572
649,302,951
839,404,1243
283,252,535
527,10,537
520,489,1009
211,48,259
652,856,1508
727,718,1445
249,303,552
239,479,718
136,240,376
381,355,736
44,483,527
160,4,164
761,692,1453
833,542,1375
352,268,620
427,952,1379
314,395,709
988,716,1704
813,211,1024
389,286,675
430,981,1411
133,940,1073
956,567,1523
407,431,838
259,472,731
553,29,582
883,161,1044
141,349,490
915,4,919
622,144,766
430,725,1155
896,733,1629
7,428,435
566,528,1094
557,37,594
264,858,1122
275,903,1178
299,446,745
542,87,629
860,17,877
818,464,1282
237,210,447
823,7,830
100,968,1068
420,827,1247
322,428,750
457,925,1382
985,110,1095
742,780,1522
317,316,633
29,125,154
906,870,1776
774,308,1082
405,865,1270
50,381,431
882,277,1159
753,761,1514
723,836,1559
89,710,799
568,502,1070
630,933,1563
861,810,1671
155,150,305
789,125,914
67,954,1021
923,753,1676
889,865,1754
760,286,1046
607,509,1116
66,665,731
203,295,498
652,633,1285
247,208,455
141,593,734
370,622,992
649,226,875
644,900,1544
756,427,1183
306,688,994
670,975,1645
693,91,784
280,694,974
426,828,1254
569,553,1122
502,670,1172
560,476,1036
329,844,1173
619,544,1163
14,713,727
188,560,748
629,856,1485
369,2,371
532,471,1003
965,12,977
630,279,909
538,791,1329
36,645,681
637,390,1027
930,554,1484
472,556,1028
980,833,1813
393,745,1138
621,119,740
534,491,1025
255,33,288
463,654,1117
423,897,1320
944,942,1886
988,38,1026
141,438,579
588,605,1193
264,952,1216
428,479,907
179,224,403
618,915,1533
314,245,559
21,483,504
10,210,220
432,775,1207
854,452,1306
864,159,1023
633,440,1073
338,110,448
192,941,1133
708,827,1535
114,941,1055
278,622,900
22,74,96
642,828,1470
963,154,1117
844,546,1390
428,403,831
616,129,745
506,390,896
757,546,1303
517,782,1299
457,296,753
255,234,489
633,242,875
341,295,636
863,326,1189
598,49,647
488,293,781
370,672,1042
70,239,309
114,296,410
91,596,687
273,453,726
835,373,1208
771,191,962
656,31,687
942,243,1185
11,851,862
830,558,1388
187,470,657
315,70,385
469,883,1352
416,471,887
194,204,398
229,38,267
785,412,1197
118,281,399
54,527,581
81,795,876
806,247,1053
422,749,1171
260,778,1038
983,809,1792
147,554,701
834,570,1404
49,644,693
89,690,779
336,851,1187
147,873,1020
908,813,1721
228,78,306
393,720,1113
65,337,402
684,610,1294
492,672,1164
890,888,1778
812,534,1346
684,589,1273
539,367,906
889,560,1449
611,350,961
837,702,1539
755,296,1051
797,488,1285
575,573,1148
952,123,1075
713,28,741
765,815,1580
562,842,1404
645,141,786
237,625,862
402,697,1099
574,372,946
106,31,137
352,504,856
658,558,1216
156,80,236
352,551,903
658,639,1297
321,179,500
278,975,1253
577,504,1081
733,590,1323
747,801,1548
418,707,1125
497,667,1164
469,455,924
502,70,572
642,384,1026
218,517,735
631,654,1285
985,754,1739
979,173,1152
407,71,478
372,621,993
492,532,1024
276,65,341
606,116,722
917,713,1630
20,983,1003
168,339,507
109,282,391
852,259,1111
698,926,1624
288,261,549
837,57,894
116,349,465
901,43,944
468,88,556
203,109,312
994,331,1325
248,877,1125
271,395,666
537,19,556
348,338,686
980,88,1068
652,690,1342
466,227,693
513,232,745
600,888,1488
613,609,1222
557,391,948
469,777,1246
44,353,397
77,811,888
610,697,1307
229,599,828
485,729,1214
483,909,1392
495,328,823
262,580,842
609,794,1403
888,179,1067
689,877,1566
188,805,993
344,897,1241
120,927,1047
785,375,1160
625,302,927
718,305,1023
658,891,1549
316,411,727
578,468,1046
117,65,182
574,339,913
243,691,934
828,905,1733
52,815,867
673,585,1258
238,915,1153
693,414,1107
586,759,1345
13,652,665
837,430,1267
897,794,1691
537,18,555
726,517,1243
26,815,841
572,400,972
693,567,1260
477,63,540
611,869,1480
523,732,1255
444,311,755
733,445,1178
756,270,1026
960,317,1277
87,978,1065
18,87,105
979,89,1068
714,815,1529
609,705,1314
796,225,1021
544,848,1392
304,464,768
153,733,886
363,654,1017
939,919,1858
420,815,1235
319,947,1266
755,925,1680
541,673,1214
917,904,1821
809,85,894
171,749,920
856,556,1412
641,783,1424
337,245,582
178,590,768
20,918,938
641,561,1202
790,898,1688
10,567,577
889,321,1210
896,935,1831
415,0,415
65,99,164
688,296,984
992,665,1657
512,821,1333
850,258,1108
557,772,1329
414,553,967
357,446,803
261,866,1127
644,816,1460
769,416,1185
271,95,366
754,585,1339
835,600,1435
804,131,935
987,450,1437
958,659,1617
712,103,815
952,403,1355
958,25,983
934,333,1267
875,992,1867
806,659,1465
254,772,1026
341,848,1189
868,733,1601
100,779,879
846,967,1813
794,51,845
590,881,1471
953,241,1194
517,742,1259
847,508,1355
714,440,1154
988,474,1462
941,810,1751
613,420,1033
117,482,599
274,924,1198
538,712,1250
459,578,1037
650,378,1028
164,40,204
68,764,832
333,360,693
826,270,1096
860,465,1325
365,563,928
350,246,596
683,535,1218
406,208,614
833,264,1097
53,724,777
187,599,786
123,256,379
273,815,1088
986,185,1171
82,855,937
647,295,942
206,957,1163
493,595,1088
194,311,505
319,870,1189
417,386,803
1000,451,1451
323,685,1008
1,825,826
293,791,1084
202,847,1049
533,942,1475
707,628,1335
907,371,1278
435,230,665
85,689,774
686,249,935
333,972,1305
744,975,1719
53,409,462
725,49,774
32,102,134
523,511,1034
102,415,517
207,883,1090
918,603,1521
577,302,879
65,769,834
242,375,617
26,49,75
125,229,354
7,733,740
434,968,1402
702,682,1384
982,187,1169
545,977,1522
624,348,972
341,762,1103
296,135,431
243,656,899
692,511,1203
503,140,643
342,162,504
65,867,932
380,374,754
171,29,200
764,268,1032
592,675,1267
84,829,913
800,163,963
210,309,519
250,451,701
798,19,817
337,277,614
791,837,1628
490,72,562
895,595,1490
902,55,957
650,789,1439
310,918,1228
997,126,1123
493,624,1117
763,150,913
850,564,1414
594,973,1567
95,909,1004
780,137,917
66,450,516
0,735,735
959,327,1286
950,4,954
622,648,1270
495,71,566
867,740,1607
959,259,1218
969,539,1508
617,703,1320
925,922,1847
933,326,1259
363,537,900
117,521,638
501,789,1290
136,812,948
980,301,1281
305,291,596
844,569,1413
110,277,387
345,417,762
276,755,1031
895,989,1884
365,734,1099
201,409,610
302,227,529
286,112,398
803,117,920
843,894,1737
797,58,855
415,373,788
177,98,275
182,122,304
761,949,1710
311,146,457
594,811,1405
56,953,1009
759,284,1043
350,141,491
724,348,1072
619,637,1256
563,296,859
423,501,924
960,729,1689
702,874,1576
956,156,1112
924,622,1546
998,216,1214
904,210,1114
352,434,786
945,548,1493
410,646,1056
236,261,497
280,946,1226
420,10,430
441,270,711
283,945,1228
857,692,1549
433,418,851
291,460,751
970,517,1487
974,666,1640
64,654,718
949,580,1529
309,637,946
971,332,1303
300,668,968
447,258,705
572,169,741
726,357,1083
529,634,1163
747,728,1475
178,182,360
946,574,1520
519,44,563
467,983,1450
787,835,1622
858,99,957
505,259,764
416,208,624
433,950,1383
438,633,1071
497,477,974
390,293,683
635,141,776
739,567,1306
123,544,667
565,926,1491
39,273,312
396,813,1209
179,435,614
964,519,1483
118,223,341
269,955,1224
600,525,1125
391,812,1203
956,602,1558
43,683,726
698,676,1374
504,684,1188
961,450,1411
583,544,1127
168,835,1003
92,212,304
216,584,800
735,768,1503
36,676,712
647,945,1592
347,957,1304
572,646,1218
876,128,1004
785,989,1774
598,944,1542
685,289,974
738,182,920
473,741,1214
170,856,1026
427,222,649
910,390,1300
302,678,980
474,947,1421
458,60,518
417,106,523
345,762,1107
712,267,979
661,86,747
916,620,1536
584,388,972
688,483,1171
926,698,1624
796,310,1106
988,980,1968
504,513,1017
524,908,1432
469,165,634
391,45,436
739,483,1222
477,169,646
814,455,1269
821,466,1287
54,602,656
941,626,1567
560,217,777
603,353,956
334,552,886
221,963,1184
929,127,1056
460,346,806
502,386,888
655,908,1563
552,495,1047
811,985,1796
75,314,389
952,434,1386
885,623,1508
161,539,700
303,274,577
859,116,975
870,208,1078
839,982,1821
802,438,1240
107,691,798
523,882,1405
73,911,984
138,281,419
142,475,617
117,674,791
407,702,1109
742,859,1601
847,323,1170
322,1000,1322
816,975,1791
75,355,430
5,163,168
949,834,1783
478,378,856
899,807,1706
738,690,1428
429,491,920
586,711,1297
852,595,1447
737,477,1214
444,41,485
501,32,533
69,613,682
592,422,1014
773,181,954
499,460,959
43,636,679
739,686,1425
439,160,599
515,611,1126
7,356,363
500,176,676
750,56,806
284,832,1116
794,253,1047
443,459,902
165,815,980
302,885,1187
31,303,334
358,384,742
851,705,1556
332,863,1195
727,945,1672
312,246,558
932,293,1225
450,560,1010
834,414,1248
915,160,1075
809,716,1525
265,575,840
77,432,509
45,479,524
779,241,1020
921,403,1324
798,170,968
446,408,854
258,790,1048
298,25,323
342,510,852
510,967,1477
778,814,1592
389,500,889
903,887,1790
43,330,373
456,1,457
355,711,1066
520,387,907
343,343,686
831,924,1755
632,561,1193
835,520,1355
863,31,894
623,151,774
576,755,1331
622,210,832
220,682,902
129,327,456
863,959,1822
306,87,393
977,471,1448
308,713,1021
187,208,395
2,236,238
695,123,818
924,243,1167
552,634,1186
13,32,45
605,702,1307
873,838,1711
70,39,109
933,981,1914
812,834,1646
923,342,1265
499,296,795
30,428,458
352,686,1038
213,410,623
253,982,1235
394,747,1141
692,875,1567
897,254,1151
600,48,648
125,463,588
486,941,1427
995,801,1796
673,702,1375
590,750,1340
105,862,967
206,717,923
421,150,571
119,933,1052
320,990,1310
714,262,976
761,62,823
304,969,1273
111,47,158
514,116,630
84,469,553
444,689,1133
264,151,415
761,576,1337
591,884,1475
114,417,531
379,588,967
745,425,1170
662,222,884
16,647,663
349,155,504
313,927,1240
299,1,300
12,937,949
264,345,609
858,610,1468
920,42,962
337,621,958
581,881,1462
597,364,961
399,990,1389
792,855,1647
715,260,975
354,942,1296
852,209,1061
163,614,777
845,614,1459
917,282,1199
136,47,183
521,807,1328
788,424,1212
704,302,1006
746,729,1475
663,463,1126
461,508,969
410,146,556
149,361,510
873,481,1354
461,805,1266
7,502,509
763,28,791
227,579,806
697,241,938
372,464,836
752,451,1203
273,428,701
582,530,1112
831,448,1279
959,305,1264
766,449,1215
719,339,1058
810,954,1764
371,654,1025
312,873,1185
776,661,1437
136,952,1088
312,907,1219
295,631,926
469,920,1389
919,257,1176
392,115,507
513,993,1506
813,212,1025
816,548,1364
819,555,1374
30,751,781
472,818,1290
336,746,1082
319,536,855
109,820,929
374,513,887
374,201,575
244,315,559
765,217,982
480,929,1409
859,494,1353
263,769,1032
884,31,915
434,385,819
137,679,816
649,914,1563
49,911,960
72,66,138
796,135,931
87,175,262
796,188,984
820,601,1421
530,103,633
215,983,1198
962,194,1156
991,177,1168
140,866,1006
233,214,447
827,882,1709
102,729,831
435,136,571
353,107,460
602,531,1133
184,924,1108
50,705,755
865,79,944
484,799,1283
972,717,1689
263,583,846
764,895,1659
379,108,487
299,847,1146
408,859,1267
418,653,1071
129,699,828
997,17,1014
88,184,272
963,176,1139
491,285,776
962,623,1585
745,440,1185
431,75,506
684,751,1435
916,465,1381
858,511,1369
133,874,1007
219,626,845
374,303,677
842,185,1027
443,16,459
452,66,518
84,277,361
553,225,778
555,197,752
973,408,1381
298,251,549
596,440,1036
352,7,359
146,531,677
633,610,1243
265,836,1101
191,860,1051
128,550,678
656,635,1291
946,395,1341
527,310,837
351,973,1324
93,734,827
91,124,215
194,362,556
181,199,380
962,315,1277
206,21,227
396,1000,1396
590,961,1551
715,654,1369
732,925,1657
753,954,1707
936,774,1710
271,373,644
35,89,124
163,991,1154
860,151,1011
72,314,386
898,180,1078
340,634,974
448,376,824
15,869,884
824,793,1617
213,886,1099
102,879,981
707,328,1035
484,332,816
758,828,1586
392,709,1101
661,828,1489
778,684,1462
692,909,1601
535,500,1035
373,975,1348
420,324,744
390,744,1134
63,714,777
242,264,506
83,377,460
328,918,1246
146,125,271
481,273,754
876,738,1614
661,250,911
632,843,1475
267,434,701
968,275,1243
317,984,1301
70,330,400
633,809,1442
507,836,1343
300,460,760
926,387,1313
942,120,1062
390,642,1032
980,601,1581
579,107,686
988,170,1158
646,279,925
939,931,1870
577,113,690
736,102,838
213,602,815
135,779,914
764,129,893
188,483,671
684,642,1326
831,944,1775
17,190,207
313,413,726
946,481,1427
852,837,1689
915,27,942
