395,810,1205
370,867,1237
647,61,708
84,42,126
56,551,607
386,315,701
417,525,942
969,18,987
203,851,1054
921,87,1008
343,761,1104
840,168,1008
81,765,846
845,325,1170
751,713,1464
691,533,1224
404,661,1065
551,648,1199
508,214,722
750,291,1041
943,345,1288
410,573,983
834,776,1610
624,633,1257
644,319,963
567,379,946
566,501,1067
718,206,924
826,558,1384
431,700,1131
605,597,1202
485,583,1068
310,745,1055
135,351,486
783,818,1601
293,30,323
970,733,1703
587,686,1273
497,310,807
208,934,1142
592,625,1217
952,169,1121
545,637,1182
931,929,1860
382,459,841
812,938,1750
822,977,1799
448,967,1415
132,881,1013
581,129,710
395,889,1284
559,441,1000
516,29,545
4,447,451
717,424,1141
140,698,838
695,649,1344
22,467,489
289,777,1066
48,672,720
88,216,304
348,704,1052
2,959,961
22,1000,1022
521,182,703
424,879,1303
107,540,647
77,199,276
879,111,990
542,716,1258
897,200,1097
6,818,824
478,752,1230
465,254,719
740,451,1191
912,659,1571
424,163,587
692,273,965
582,627,1209
18,683,701
101,404,505
827,18,845
427,516,943
192,869,1061
663,429,1092
478,253,731
91,280,371
934,443,1377
457,458,915
43,666,709
688,203,891
861,420,1281
344,386,730
324,893,1217
702,510,1212
646,815,1461
244,342,586
645,815,1460
738,200,938
344,671,1015
970,716,1686
750,747,1497
930,659,1589
564,248,812
222,50,272
561,635,1196
885,19,904
679,156,835
14,613,627
347,576,923
474,348,822
603,317,920
618,476,1094
1,521,522
614,156,770
543,151,694
458,510,968
433,224,657
139,603,742
565,987,1552
322,807,1129
329,553,882
246,822,1068
877,466,1343
463,694,1157
395,798,1193
485,853,1338
300,828,1128
791,188,979
602,445,1047
636,248,884
840,629,1469
880,502,1382
905,97,1002
82,2,84
870,21,891
135,46,181
669,489,1158
719,489,1208
638,641,1279
983,819,1802
247,807,1054
197,220,417
232,279,511
32,877,909
41,147,188
959,133,1092
777,522,1299
98,301,399
10,13,23
952,164,1116
124,552,676
835,295,1130
45,995,1040
1,919,920
220,474,694
900,852,1752
292,220,512
508,151,659
601,172,773
183,983,1166
988,26,1014
536,752,1288
465,506,971
470,549,1019
628,20,648
619,366,985
110,422,532
448,140,588
653,889,1542
50,391,441
159,545,704
56,628,684
489,621,1110
468,531,999
945,731,1676
276,5,281
155,36,191
43,167,210
219,527,746
367,815,1182
645,539,1184
151,812,963
928,933,1861
816,293,1109
300,318,618
474,232,706
979,664,1643
798,281,1079
443,66,509
976,393,1369
224,548,772
345,244,589
623,379,1002
785,697,1482
539,368,907
457,986,1443
439,740,1179
89,275,364
643,506,1149
938,189,1127
242,862,1104
149,654,803
392,542,934
276,860,1136
537,695,1232
193,203,396
99,666,765
822,672,1494
316,648,964
991,269,1260
254,277,531
469,957,1426
663,1000,1663
132,76,208
251,962,1213
511,606,1117
68,150,218
644,124,768
105,369,474
637,377,1014
497,507,1004
903,181,1084
72,771,843
353,890,1243
416,182,598
377,335,712
475,678,1153
640,870,1510
616,199,815
728,440,1168
909,39,948
362,863,1225
329,112,441
78,218,296
222,56,278
761,361,1122
790,892,1682
843,204,1047
148,636,784
177,354,531
669,709,1378
408,0,408
107,282,389
607,94,701
648,962,1610
750,478,1228
529,371,900
330,37,367
640,786,1426
315,219,534
74,247,321
232,771,1003
66,62,128
499,440,939
715,303,1018
156,423,579
999,774,1773
953,679,1632
573,312,885
444,185,629
517,55,572
68,91,159
315,765,1080
519,758,1277
769,334,1103
653,0,653
162,271,433
955,760,1715
76,255,331
168,982,1150
90,362,452
451,672,1123
298,371,669
767,409,1176
450,148,598
86,943,1029
824,820,1644
716,374,1090
34,936,970
813,431,1244
865,427,1292
552,846,1398
770,986,1756
413,50,463
612,570,1182
551,894,1445
433,411,844
107,13,120
165,178,343
639,327,966
515,84,599
17,748,765
622,768,1390
47,490,537
936,394,1330
270,667,937
700,518,1218
884,100,984
482,641,1123
466,364,830
624,663,1287
9,414,423
751,487,1238
632,877,1509
451,652,1103
346,434,780
755,514,1269
290,464,754
615,757,1372
105,273,378
1,872,873
268,177,445
587,743,1330
997,219,1216
662,480,1142
426,265,691
349,608,957
688,628,1316
943,63,1006
383,768,1151
776,670,1446
369,23,392
502,854,1356
769,850,1619
357,88,445
752,904,1656
784,171,955
651,383,1034
305,55,360
236,962,1198
279,497,776
130,25,155
129,678,807
537,626,1163
878,853,1731
35,108,143
714,687,1401
856,733,1589
75,813,888
896,816,1712
246,265,511
983,230,1213
122,652,774
533,489,1022
913,145,1058
545,126,671
996,270,1266
384,788,1172
846,438,1284
535,665,1200
296,197,493
374,407,781
511,341,852
317,783,1100
668,411,1079
683,330,1013
411,538,949
770,393,1163
376,814,1190
270,741,1011
623,400,1023
636,934,1570
116,380,496
607,722,1329
865,859,1724
674,443,1117
499,894,1393
218,967,1185
213,856,1069
174,227,401
708,706,1414
1,266,267
464,217,681
188,600,788
461,880,1341
508,198,706
662,455,1117
893,129,1022
77,691,768
983,703,1686
121,2,123
368,921,1289
491,794,1285
149,442,591
600,82,682
22,629,651
206,41,247
287,454,741
249,57,306
533,570,1103
283,429,712
676,768,1444
71,96,167
139,603,742
813,223,1036
16,203,219
123,72,195
646,710,1356
966,674,1640
486,763,1249
781,598,1379
151,344,495
493,659,1152
91,129,220
743,652,1395
153,846,999
326,622,948
711,136,847
719,178,897
570,23,593
855,781,1636
731,289,1020
726,643,1369
918,235,1153
123,725,848
991,799,1790
367,449,816
73,589,662
383,21,404
412,551,963
709,100,809
936,143,1079
422,187,609
17,228,245
610,145,755
441,410,851
794,503,1297
849,150,999
6,931,937
532,981,1513
358,406,764
842,676,1518
280,308,588
807,104,911
402,472,874
793,407,1200
848,421,1269
523,818,1341
635,538,1173
731,783,1514
373,965,1338
501,640,1141
867,209,1076
588,136,724
934,106,1040
117,256,373
344,243,587
957,153,1110
49,57,106
438,528,966
654,54,708
829,595,1424
249,852,1101
595,67,662
65,681,746
650,241,891
647,910,1557
991,728,1719
705,466,1171
347,445,792
903,710,1613
124,595,719
919,629,1548
942,739,1681
396,691,1087
561,105,666
653,468,1121
717,951,1668
8,668,676
951,377,1328
392,522,914
969,770,1739
787,667,1454
648,978,1626
459,358,817
302,873,1175
341,54,395
140,746,886
214,705,919
313,218,531
713,817,1530
85,25,110
869,827,1696
731,226,957
284,410,694
458,168,626
870,900,1770
0,119,119
48,284,332
528,43,571
451,617,1068
261,853,1114
738,665,1403
190,172,362
236,622,858
328,963,1291
5,885,890
769,530,1299
786,484,1270
493,195,688
331,631,962
338,638,976
357,888,1245
379,779,1158
955,994,1949
554,217,771
678,718,1396
249,112,361
82,777,859
781,676,1457
489,143,632
916,420,1336
179,695,874
760,426,1186
846,719,1565
659,323,982
679,417,1096
786,798,1584
980,351,1331
994,396,1390
864,164,1028
945,120,1065
3,138,141
76,278,354
661,698,1359
383,788,1171
269,629,898
523,284,807
115,439,554
925,230,1155
631,732,1363
790,103,893
195,772,967
398,257,655
343,640,983
481,848,1329
110,10,120
222,483,705
736,490,1226
23,135,158
778,681,1459
391,302,693
836,460,1296
842,753,1595
305,789,1094
20,687,707
658,710,1368
186,615,801
648,589,1237
838,292,1130
923,291,1214
579,628,1207
978,988,1966
856,111,967
605,923,1528
831,260,1091
899,714,1613
788,601,1389
23,359,382
450,888,1338
344,299,643
406,682,1088
800,815,1615
754,719,1473
894,640,1534
455,190,645
306,482,788
255,495,750
1000,275,1275
304,803,1107
304,2,306
26,903,929
808,727,1535
649,442,1091
939,445,1384
407,484,891
980,154,1134
603,666,1269
491,86,577
361,743,1104
516,781,1297
893,779,1672
703,634,1337
206,506,712
527,902,1429
441,129,570
143,605,748
756,364,1120
488,535,1023
564,207,771
611,667,1278
256,531,787
127,874,1001
627,445,1072
280,768,1048
375,252,627
607,371,978
405,396,801
795,61,856
829,49,878
351,740,1091
431,960,1391
714,331,1045
278,278,556
962,806,1768
201,310,511
600,598,1198
628,50,678
354,349,703
421,768,1189
211,954,1165
827,874,1701
871,711,1582
955,529,1484
261,488,749
352,100,452
230,322,552
616,738,1354
138,765,903
137,228,365
667,410,1077
722,663,1385
392,335,727
454,435,889
184,695,879
700,895,1595
427,516,943
294,386,680
105,761,866
821,353,1174
793,534,1327
208,416,624
718,479,1197
301,602,903
812,242,1054
59,54,113
791,527,1318
723,61,784
968,665,1633
701,181,882
967,720,1687
950,584,1534
600,526,1126
26,532,558
639,535,1174
116,488,604
727,755,1482
550,75,625
168,587,755
765,763,1528
759,253,1012
737,100,837
650,302,952
194,316,510
411,788,1199
605,41,646
984,667,1651
4,337,341
432,337,769
983,767,1750
650,929,1579
279,913,1192
400,441,841
168,465,633
28,266,294
131,169,300
544,708,1252
653,76,729
828,965,1793
391,578,969
478,931,1409
492,129,621
198,343,541
108,578,686
840,501,1341
418,571,989
455,823,1278
657,485,1142
881,160,1041
725,538,1263
717,879,1596
538,584,1122
960,740,1700
493,406,899
500,881,1381
140,727,867
89,560,649
583,606,1189
900,251,1151
292,128,420
4,766,770
793,778,1571
675,954,1629
621,943,1564
295,120,415
64,238,302
889,488,1377
483,832,1315
841,794,1635
165,554,719
113,484,597
525,887,1412
439,929,1368
572,367,939
407,489,896
869,480,1349
177,813,990
499,987,1486
184,690,874
958,786,1744
835,312,1147
245,499,744
546,886,1432
120,293,413
501,168,669
146,618,764
293,539,832
609,14,623
34,78,112
7,391,398
289,151,440
670,828,1498
507,536,1043
103,568,671
153,650,803
462,537,999
181,440,621
981,755,1736
602,306,908
590,648,1238
835,454,1289
849,430,1279
483,991,1474
175,862,1037
541,923,1464
304,114,418
352,300,652
825,526,1351
706,616,1322
782,582,1364
92,296,388
86,197,283
646,895,1541
648,445,1093
58,192,250
830,215,1045
841,76,917
399,480,879
708,555,1263
439,184,623
918,183,1101
394,230,624
4,324,328
292,272,564
607,477,1084
777,406,1183
996,878,1874
651,138,789
847,758,1605
711,717,1428
776,472,1248
583,62,645
455,875,1330
796,833,1629
128,42,170
264,619,883
261,792,1053
267,858,1125
574,126,700
730,473,1203
511,733,1244
214,138,352
594,141,735
809,203,1012
846,852,1698
504,785,1289
20,274,294
210,573,783
915,184,1099
479,124,603
234,424,658
445,428,873
978,822,1800
31,534,565
820,12,832
281,292,573
151,668,819
574,952,1526
660,318,978
839,537,1376
671,60,731
326,391,717
358,74,432
455,274,729
721,911,1632
741,813,1554
670,413,1083
810,282,1092
696,434,1130
600,712,1312
871,611,1482
309,847,1156
601,778,1379
781,915,1696
378,297,675
745,922,1667
974,51,1025
837,994,1831
820,681,1501
112,553,665
379,471,850
944,649,1593
186,902,1088
689,979,1668
134,572,706
362,329,691
990,799,1789
308,311,619
868,948,1816
363,5,368
452,855,1307
332,55,387
577,945,1522
940,984,1924
663,549,1212
85,131,216
907,38,945
250,776,1026
959,94,1053
35,20,55
526,126,652
703,889,1592
216,996,1212
940,879,1819
122,861,983
228,724,952
926,931,1857
450,220,670
170,358,528
145,719,864
977,356,1333
44,485,529
545,341,886
782,105,887
133,299,432
305,842,1147
878,282,1160
475,168,643
767,779,1546
458,800,1258
571,305,876
745,609,1354
341,181,522
174,182,356
178,228,406
669,57,726
130,240,370
839,305,1144
910,962,1872
246,357,603
778,186,964
252,915,1167
292,77,369
145,368,513
985,284,1269
762,746,1508
77,845,922
761,541,1302
82,106,188
80,60,140
0,301,301
63,53,116
60,656,716
289,241,530
557,130,687
942,135,1077
505,70,575
841,628,1469
123,148,271
107,134,241
268,366,634
138,937,1075
960,655,1615
283,798,1081
193,663,856
804,101,905
765,93,858
922,491,1413
847,592,1439
329,269,598
981,607,1588
865,50,915
316,862,1178
726,786,1512
536,885,1421
313,922,1235
305,615,920
901,720,1621
709,490,1199
891,176,1067
791,52,843
795,90,885
791,119,910
500,537,1037
396,570,966
768,399,1167
407,607,1014
913,280,1193
313,464,777
120,566,686
919,406,1325
744,19,763
892,829,1721
746,131,877
807,682,1489
499,579,1078
131,561,692
362,811,1173
12,860,872
405,896,1301
881,401,1282
288,0,288
513,751,1264
928,678,1606
645,219,864
256,196,452
979,647,1626
386,344,730
468,401,869
705,698,1403
460,372,832
912,910,1822
335,775,1110
925,94,1019
889,763,1652
859,988,1847
311,548,859
705,468,1173
897,935,1832
685,815,1500
431,955,1386
706,430,1136
566,49,615
421,7,428
797,934,1731
930,693,1623
807,591,1398
102,292,394
816,855,1671
179,793,972
800,214,1014
587,334,921
833,781,1614
705,755,1460
412,776,1188
156,79,235
858,312,1170
349,718,1067
551,379,930
98,367,465
456,972,1428
555,771,1326
580,313,893
307,330,637
48,541,589
396,119,515
131,59,190
965,94,1059
508,660,1168
767,173,940
733,546,1279
315,846,1161
86,611,697
159,588,747
410,285,695
963,477,1440
144,636,780
998,146,1144
240,225,465
264,86,350
605,24,629
927,449,1376
106,4,110
217,736,953
724,794,1518
907,917,1824
426,938,1364
388,201,589
549,43,592
367,532,899
681,17,698
592,420,1012
668,540,1208
629,791,1420
192,946,1138
851,697,1548
418,553,971
161,160,321
194,494,688
152,176,328
755,938,1693
576,805,1381
393,307,700
920,329,1249
249,995,1244
913,952,1865
77,355,432
860,674,1534
799,583,1382
652,830,1482
221,979,1200
34,500,534
756,668,1424
709,422,1131
773,300,1073
678,657,1335
412,885,1297
567,374,941
226,707,933
510,222,732
806,925,1731
776,134,910
680,972,1652
971,459,1430
289,543,832
500,727,1227
677,70,747
870,548,1418
67,65,132
614,209,823
570,483,1053
577,708,1285
951,556,1507
700,375,1075
298,705,1003
710,62,772
138,275,413
89,872,961
251,674,925
139,799,938
853,823,1676
593,306,899
206,368,574
293,389,682
354,403,757
730,951,1681
313,645,958
912,704,1616
256,402,658
892,591,1483
975,829,1804
456,493,949
630,888,1518
116,603,719
137,897,1034
117,732,849
509,436,945
893,948,1841
8,405,413
571,860,1431
194,332,526
852,858,1710
474,683,1157
99,728,827
930,651,1581
46,846,892
414,960,1374
801,99,900
533,959,1492
186,353,539
89,615,704
650,330,980
394,547,941
104,426,530
326,72,398
493,355,848
729,731,1460
735,903,1638
403,305,708
420,862,1282
25,417,442
780,866,1646
381,29,410
22,39,61
950,148,1098
843,498,1341
351,743,1094
699,569,1268
846,732,1578
178,451,629
222,526,748
283,82,365
96,393,489
530,569,1099
418,527,945
110,731,841
266,730,996
819,299,1118
743,803,1546
326,213,539
291,117,408
564,600,1164
552,418,970
8,419,427
378,559,937
78,228,306
854,662,1516
783,510,1293
442,405,847
77,114,191
607,887,1494
243,140,383
745,945,1690
731,575,1306
32,740,772
729,804,1533
234,961,1195
425,963,1388
380,430,810
2,455,457
802,656,1458
667,260,927
829,463,1292
602,889,1491
21,635,656
962,530,1492
174,998,1172
664,197,861
362,332,694
805,248,1053
128,726,854
254,40,294
964,883,1847
963,373,1336
232,645,877
259,119,378
840,569,1409
79,828,907
718,617,1335
34,249,283
922,250,1172
365,64,429
89,21,110
565,16,581
116,114,230
868,151,1019
450,950,1400
649,320,969
966,139,1105
723,500,1223
941,226,1167
12,313,325
556,379,935
194,665,859
849,155,1004
636,921,1557
751,664,1415
358,285,643
31,529,560
309,20,329
988,930,1918
836,862,1698
521,29,550
643,272,915
439,358,797
495,395,890
526,384,910
656,520,1176
130,540,670
16,493,509
714,602,1316
32,679,711
477,879,1356
517,453,970
279,204,483
187,231,418
145,913,1058
214,181,395
336,877,1213
610,948,1558
797,353,1150
186,412,598
214,387,601
816,174,990
158,803,961
291,247,538
814,854,1668
155,657,812
882,724,1606
462,397,859
742,148,890
475,466,941
308,14,322
445,986,1431
337,491,828
336,995,1331
829,332,1161
780,466,1246
973,759,1732
28,108,136
236,522,758
397,268,665
796,903,1699
430,616,1046
566,199,765
904,99,1003
151,688,839
423,950,1373
379,88,467
794,678,1472
59,276,335
708,152,860
47,305,352
284,617,901
968,326,1294
954,991,1945
560,161,721
520,798,1318
207,124,331
221,203,424
490,697,1187
140,151,291
792,215,1007
574,625,1199
512,101,613
948,609,1557
374,140,514
83,893,976
794,815,1609
442,991,1433
736,111,847
313,286,599
960,702,1662
277,440,717
563,856,1419
35,326,361
933,384,1317
384,333,717
716,281,997
242,17,259
953,223,1176
669,504,1173
291,258,549
915,760,1675
392,879,1271
925,574,1499
762,732,1494
509,916,1425
42,833,875
23,558,581
672,548,1220
413,180,593
756,284,1040
507,424,931
200,702,902
327,592,919
658,974,1632
387,391,778
123,30,153
845,958,1803
133,67,200
778,387,1165
991,895,1886
932,762,1694
640,252,892
718,179,897
190,361,551
444,924,1368
500,295,795
653,959,1612
500,410,910
799,387,1186
631,350,981
826,446,1272
435,962,1397
411,973,1384
2,98,100
351,289,640
69,51,120
938,617,1555
894,849,1743
695,514,1209
886,693,1579
766,537,1303
269,116,385
252,201,453
140,446,586
553,558,1111
928,422,1350
269,487,756
121,768,889
395,34,429
316,792,1108
602,427,1029
531,391,922
972,918,1890
305,849,1154
351,254,605
944,854,1798
491,980,1471
75,539,614
930,406,1336
984,628,1612
593,237,830
929,932,1861
176,466,642
703,789,1492
22,527,549
326,276,602
935,53,988
150,369,519
9,522,531
158,102,260
522,187,709
349,583,932
932,894,1826
25,187,212
106,662,768
669,635,1304
31,602,633
394,257,651
695,636,1331
275,892,1167
818,143,961
769,234,1003
563,658,1221
587,56,643
793,700,1493
197,63,260
392,103,495
860,628,1488
995,515,1510
740,169,909
199,249,448
176,509,685
296,5,301
271,802,1073
271,4,275
137,869,1006
198,800,998
999,998,1997
779,587,1366
419,397,816
488,253,741
172,968,1140
430,121,551
287,997,1284
107,758,865
852,352,1204
935,576,1511
505,77,582
154,987,1141
25,65,90
824,896,1720
576,713,1289
694,492,1186
332,282,614
425,13,438
46,427,473
480,943,1423
72,236,308
922,981,1903
385,86,471
581,1,582
119,180,299
759,200,959
93,298,391
212,513,725
481,883,1364
405,152,557
874,177,1051
204,111,315
558,969,1527
877,953,1830
605,961,1566
560,721,1281
33,279,312
664,648,1312
108,107,215
615,799,1414
670,473,1143
877,438,1315
643,458,1101
72,144,216
780,929,1709
874,880,1754
80,836,916
27,434,461
321,582,903
607,43,650
46,255,301
806,180,986
815,425,1240
989,379,1368
985,303,1288
142,284,426
207,595,802
700,754,1454
922,2,924
440,49,489
623,794,1417
357,586,943
111,361,472
894,614,1508
453,144,597
412,94,506
956,637,1593
417,172,589
377,705,1082
335,481,816
37,530,567
17,19,36
392,231,623
549,385,934
705,756,1461
234,459,693
151,282,433
298,753,1051
763,448,1211
483,37,520
727,342,1069
443,218,661
446,994,1440
366,914,1280
50,792,842
181,159,340
43,839,882
750,918,1668
430,498,928
723,386,1109
87,967,1054
527,150,677
5,516,521
96,881,977
745,708,1453
101,822,923
611,460,1071
988,382,1370
658,120,778
802,762,1564
625,849,1474
125,371,496
416,246,662
715,928,1643
178,994,1172
975,920,1895
58,409,467
610,944,1554
494,273,767
204,796,1000
540,585,1125
56,380,436
183,246,429
373,410,783
549,645,1194
743,759,1502
314,117,431
808,17,825
548,645,1193
248,975,1223
627,354,981
489,509,998
460,349,809
21,500,521
608,609,1217
719,504,1223
892,685,1577
690,632,1322
833,703,1536
2,632,634
283,140,423
715,161,876
771,647,1418
103,428,531
678,380,1058
366,850,1216
370,767,1137
185,326,511
516,926,1442
310,275,585
178,417,595
276,494,770
365,607,972
210,663,873
977,791,1768
715,510,1225
690,725,1415
971,543,1514
7,375,382
151,807,958
339,898,1237
14,516,530
448,871,1319
220,214,434
560,853,1413
12,777,789
701,322,1023
426,105,531
110,914,1024
112,561,673
146,494,640
769,6,775
287,882,1169
452,732,1184
828,242,1070
359,773,1132
999,40,1039
466,427,893
85,640,725
411,490,901
952,175,1127
107,340,447
827,700,1527
885,47,932
124,375,499
444,830,1274
123,879,1002
920,84,1004
106,806,912
423,377,800
67,872,939
201,352,553
5,909,914
540,789,1329
445,611,1056
373,281,654
648,78,726
133,328,461
620,236,856
715,919,1634
386,463,849
541,319,860
420,156,576
141,684,825
443,148,591
633,334,967
642,177,819
906,413,1319
925,854,1779
705,291,996
611,389,1000
302,230,532
558,570,1128
917,699,1616
280,45,325
733,955,1688
489,399,888
875,715,1590
714,324,1038
882,846,1728
539,79,618
268,530,798
306,682,988
745,634,1379
649,870,1519
587,284,871
618,950,1568
331,235,566
33,809,842
241,620,861
948,801,1749
732,296,1028
725,317,1042
686,678,1364
828,492,1320
282,696,978
758,595,1353
171,922,1093
875,148,1023
346,732,1078
136,961,1097
107,857,964
798,43,841
342,444,786
439,436,875
307,413,720
347,252,599
911,999,1910
301,472,773
26,720,746
477,198,675
736,948,1684
677,456,1133
744,437,1181
928,706,1634
261,537,798
882,547,1429
955,284,1239
767,643,1410
465,382,847
436,171,607
334,895,1229
598,212,810
104,81,185
679,892,1571
194,660,854
12,403,415
831,893,1724
875,531,1406
826,409,1235
323,958,1281
980,951,1931
87,237,324
666,570,1236
169,538,707
393,761,1154
560,227,787
817,820,1637
496,267,763
211,427,638
284,576,860
243,607,850
672,364,1036
562,442,1004
593,85,678
620,130,750
959,788,1747
733,163,896
40,778,818
681,662,1343
461,104,565
131,762,893
748,506,1254
238,69,307
237,512,749
844,102,946
300,584,884
145,44,189
744,580,1324
607,99,706
787,756,1543
694,918,1612
386,820,1206
909,881,1790
94,759,853
631,644,1275
469,546,1015
181,793,974
475,962,1437
680,299,979
985,748,1733
37,610,647
210,43,253
703,122,825
134,902,1036
561,515,1076
571,987,1558
73,732,805
401,663,1064
172,858,1030
688,913,1601
518,142,660
252,681,933
148,462,610
205,345,550
645,288,933
506,103,609
70,479,549
28,174,202
616,949,1565
42,808,850
337,727,1064
664,960,1624
740,360,1100
139,520,659
882,437,1319
686,944,1630
365,251,616
814,506,1320
735,825,1560
225,525,750
251,531,782
783,346,1129
308,439,747
596,670,1266
815,556,1371
437,51,488
781,408,1189
986,881,1867
974,873,1847
280,941,1221
943,610,1553
305,793,1098
786,423,1209
352,582,934
107,970,1077
811,942,1753
318,543,861
638,584,1222
860,373,1233
485,301,786
198,614,812
349,808,1157
255,846,1101
108,984,1092
765,237,1002
402,701,1103
572,464,1036
800,100,900
315,572,887
402,907,1309
97,484,581
238,364,602
525,366,891
849,149,998
757,555,1312
181,122,303
304,88,392
489,735,1224
95,591,686
371,148,519
730,541,1271
870,608,1478
746,341,1087
70,106,176
742,203,945
589,680,1269
920,435,1355
943,338,1281
70,600,670
250,39,289
387,609,996
255,278,533
318,20,338
235,916,1151
636,11,647
936,897,1833
318,948,1266
315,825,1140
488,95,583
492,183,675
806,157,963
256,116,372
861,421,1282
650,286,936
883,243,1126
752,736,1488
40,305,345
423,693,1116
309,455,764
139,382,521
525,438,963
96,673,769
251,822,1073
347,174,521
919,161,1080
157,233,390
842,259,1101
669,161,830
174,727,901
910,971,1881
402,901,1303
602,783,1385
967,437,1404
806,831,1637
111,383,494
771,951,1722
699,502,1201
587,582,1169
114,806,920
724,678,1402
935,918,1853
317,400,717
681,31,712
966,631,1597
494,547,1041
189,931,1120
973,361,1334
465,938,1403
236,928,1164
12,437,449
53,405,458
846,111,957
948,108,1056
717,106,823
736,749,1485
537,754,1291
525,975,1500
364,356,720
373,639,1012
141,527,668
276,487,763
541,455,996
738,201,939
429,185,614
48,994,1042
865,332,1197
853,506,1359
110,938,1048
518,805,1323
731,811,1542
257,824,1081
763,95,858
929,735,1664
714,403,1117
512,463,975
741,527,1268
36,66,102
57,777,834
313,55,368
442,6,448
684,101,785
574,267,841
50,637,687
879,612,1491
923,27,950
302,737,1039
189,415,604
674,755,1429
23,683,706
15,799,814
915,950,1865
424,241,665
957,522,1479
761,152,913
525,963,1488
735,644,1379
206,162,368
885,470,1355
951,52,1003
853,406,1259
474,644,1118
621,578,1199
287,548,835
729,498,1227
23,916,939
824,432,1256
213,80,293
185,747,932
66,924,990
340,954,1294
858,927,1785
973,936,1909
914,343,1257
706,779,1485
899,147,1046
822,996,1818
543,61,604
530,744,1274
599,40,639
186,34,220
511,296,807
308,95,403
479,76,555
714,272,986
497,755,1252
205,341,546
849,30,879
537,421,958
842,722,1564
652,336,988
476,695,1171
82,791,873
238,309,547
7,626,633
254,995,1249
794,358,1152
853,712,1565
117,388,505
942,164,1106
86,137,223
283,441,724
322,847,1169
641,136,777
69,689,758
289,190,479
353,343,696
912,258,1170
185,99,284
166,903,1069
413,936,1349
64,199,263
394,14,408
364,565,929
249,150,399
634,610,1244
862,900,1762
662,623,1285
180,425,605
934,327,1261
362,25,387
395,513,908
912,72,984
903,326,1229
742,326,1068
294,530,824
836,552,1388
199,46,245
140,636,776
987,510,1497
336,506,842
453,883,1336
990,164,1154
64,670,734
675,365,1040
367,867,1234
499,637,1136
736,761,1497
859,58,917
722,29,751
652,72,724
657,334,991
133,346,479
321,431,752
781,152,933
523,906,1429
832,396,1228
123,269,392
719,568,1287
32,149,181
487,224,711
539,647,1186
880,68,948
165,377,542
180,273,453
595,937,1532
573,411,984
196,59,255
925,675,1600
329,234,563
571,134,705
956,507,1463
466,895,1361
370,97,467
839,492,1331
690,645,1335
533,343,876
219,802,1021
992,431,1423
637,614,1251
231,599,830
974,497,1471
290,529,819
191,35,226
29,82,111
353,378,731
842,152,994
103,765,868
896,667,1563
711,227,938
150,796,946
867,111,978
572,234,806
239,663,902
316,2,318
597,229,826
160,466,626
652,167,819
217,978,1195
945,749,1694
30,604,634
222,338,560
982,552,1534
863,849,1712
317,59,376
362,460,822
841,345,1186
1,546,547
670,355,1025
76,682,758
949,731,1680
750,765,1515
156,605,761
398,716,1114
524,683,1207
1,739,740
57,460,517
681,553,1234
53,829,882
418,431,849
595,170,765
898,712,1610
661,743,1404
862,803,1665
790,950,1740
920,125,1045
686,45,731
603,319,922
830,630,1460
366,319,685
330,152,482
330,510,840
723,574,1297
746,990,1736
177,689,866
583,50,633
948,632,1580
646,795,1441
744,640,1384
401,321,722
36,893,929
335,535,870
906,980,1886
280,937,1217
11,359,370
192,665,857
969,90,1059
393,959,1352
204,874,1078
417,204,621
953,494,1447
834,874,1708
0,781,781
727,436,1163
993,672,1665
217,184,401
617,343,960
973,71,1044
621,284,905
325,859,1184
85,59,144
782,430,1212
298,115,413
82,536,618
928,564,1492
271,210,481
448,949,1397
345,241,586
757,705,1462
771,848,1619
806,258,1064
408,511,919
10,504,514
964,269,1233
78,285,363
309,332,641
691,280,971
302,588,890
18,939,957
90,518,608
709,650,1359
614,224,838
981,819,1800
253,459,712
88,268,356
590,971,1561
890,712,1602
275,613,888
584,597,1181
397,882,1279
717,418,1135
650,220,870
449,78,527
574,778,1352
461,83,544
69,794,863
682,715,1397
743,745,1488
909,434,1343
106,467,573
182,7,189
398,334,732
699,86,785
455,468,923
87,34,121
135,552,687
485,751,1236
722,919,1641
533,636,1169
858,893,1751
324,198,522
708,872,1580
757,938,1695
985,732,1717
346,840,1186
275,292,567
0,884,884
10,653,663
806,842,1648
536,848,1384
677,394,1071
239,749,988
955,561,1516
455,430,885
567,172,739
742,62,804
965,107,1072
277,897,1174
875,464,1339
222,789,1011
512,880,1392
949,945,1894
311,157,468
20,850,870
33,308,341
313,243,556
203,654,857
96,956,1052
618,585,1203
877,777,1654
728,708,1436
830,611,1441
16,997,1013
361,85,446
833,101,934
253,995,1248
572,317,889
853,873,1726
871,179,1050
218,795,1013
947,349,1296
785,208,993
408,237,645
543,234,777
685,340,1025
597,929,1526
78,568,646
540,843,1383
501,193,694
301,965,1266
435,689,1124
663,201,864
938,622,1560
734,865,1599
862,644,1506
473,764,1237
57,150,207
625,366,991
212,860,1072
446,773,1219
166,611,777
186,397,583
252,528,780
761,654,1415
836,587,1423
637,158,795
498,633,1131
985,85,1070
797,328,1125
306,524,830
313,191,504
973,12,985
404,321,725
688,88,776
449,174,623
124,412,536
292,193,485
416,794,1210
761,240,1001
484,288,772
552,594,1146
584,212,796
732,37,769
99,425,524
431,570,1001
772,533,1305
684,581,1265
177,542,719
86,763,849
332,24,356
68,382,450
308,534,842
962,222,1184
213,546,759
890,607,1497
526,447,973
212,675,887
281,695,976
254,968,1222
911,21,932
110,341,451
869,949,1818
735,112,847
459,53,512
893,577,1470
659,139,798
848,533,1381
688,890,1578
463,6,469
311,15,326
379,826,1205
586,884,1470
795,260,1055
672,111,783
797,709,1506
698,959,1657
474,539,1013
920,321,1241
22,90,112
739,302,1041
953,675,1628
139,121,260
123,105,228
948,158,1106
430,414,844
200,286,486
315,85,400
893,287,1180
319,330,649
731,398,1129
566,696,1262
724,712,1436
724,131,855
388,472,860
401,138,539
375,118,493
404,783,1187
312,797,1109
982,811,1793
561,876,1437
563,745,1308
514,417,931
594,528,1122
925,285,1210
125,740,865
548,441,989
793,940,1733
641,995,1636
807,508,1315
326,780,1106
544,433,977
387,450,837
365,359,724
289,599,888
666,615,1281
834,841,1675
53,933,986
513,94,607
682,287,969
499,941,1440
503,10,513
434,570,1004
191,827,1018
549,22,571
7,175,182
310,931,1241
780,896,1676
511,972,1483
367,526,893
454,940,1394
580,446,1026
219,26,245
96,360,456
227,9,236
975,6,981
918,970,1888
615,678,1293
962,288,1250
934,101,1035
895,165,1060
9,109,118
429,522,951
541,944,1485
736,344,1080
182,82,264
717,798,1515
573,79,652
183,751,934
583,224,807
62,958,1020
342,657,999
610,369,979
12,579,591
857,600,1457
774,921,1695
489,773,1262
34,393,427
168,602,770
211,157,368
960,424,1384
850,562,1412
477,91,568
87,549,636
971,879,1850
288,893,1181
842,818,1660
300,164,464
218,819,1037
870,580,1450
759,97,856
267,105,372
331,573,904
645,100,745
774,81,855
515,953,1468
402,872,1274
314,736,1050
835,366,1201
551,84,635
883,243,1126
701,747,1448
590,970,1560
558,883,1441
375,299,674
345,10,355
89,453,542
774,230,1004
347,303,650
704,510,1214
77,747,824
868,863,1731
411,13,424
307,109,416
77,655,732
272,487,759
743,903,1646
674,569,1243
348,350,698
299,854,1153
615,247,862
900,582,1482
284,553,837
119,882,1001
338,234,572
171,809,980
69,627,696
333,760,1093
892,367,1259
862,300,1162
783,174,957
550,936,1486
887,419,1306
782,521,1303
951,158,1109
36,771,807
762,919,1681
346,802,1148
275,702,977
165,238,403
888,965,1853
765,978,1743
202,401,603
769,46,815
312,118,430
155,756,911
312,940,1252
335,488,823
844,326,1170
454,198,652
601,365,966
921,959,1880
607,925,1532
697,412,1109
346,331,677
296,460,756
722,808,1530
288,104,392
716,806,1522
232,713,945
101,240,341
47,182,229
368,205,573
509,954,1463
688,549,1237
719,755,1474
970,630,1600
130,923,1053
593,161,754
700,379,1079
904,510,1414
682,487,1169
221,887,1108
973,184,1157
571,104,675
729,630,1359
342,836,1178
782,641,1423
370,58,428
909,829,1738
434,357,791
616,16,632
113,338,451
938,588,1526
74,498,572
181,382,563
542,429,971
718,102,820
871,707,1578
295,466,761
301,535,836
169,114,283
501,264,765
897,206,1103
428,470,898
425,32,457
463,926,1389
195,588,783
876,715,1591
108,291,399
376,586,962
313,449,762
512,829,1341
898,24,922
187,9,196
124,275,399
778,986,1764
46,863,909
455,466,921
284,701,985
627,815,1442
46,331,377
908,811,1719
482,2,484
397,130,527
687,266,953
901,303,1204
818,101,919
625,49,674
414,505,919
558,30,588
732,74,806
740,877,1617
546,272,818
504,532,1036
778,438,1216
884,771,1655
289,360,649
323,787,1110
318,13,331
164,89,253
201,632,833
19,669,688
759,356,1115
791,489,1280
954,620,1574
480,898,1378
771,791,1562
197,298,495
601,181,782
836,988,1824
141,634,775
582,882,1464
359,374,733
192,962,1154
642,89,731
642,806,1448
726,689,1415
474,476,950
336,564,900
406,395,801
94,719,813
608,996,1604
835,832,1667
717,890,1607
5,395,400
262,981,1243
31,817,848
966,952,1918
310,876,1186
85,176,261
528,686,1214
660,973,1633
35,152,187
610,323,933
177,838,1015
34,546,580
515,562,1077
267,796,1063
403,80,483
361,504,865
735,535,1270
383,564,947
602,223,825
229,800,1029
547,386,933
145,824,969
984,691,1675
388,252,640
644,377,1021
700,339,1039
645,863,1508
64,964,1028
569,776,1345
101,81,182
283,326,609
728,154,882
516,231,747
121,810,931
25,610,635
308,68,376
522,680,1202
70,658,728
947,932,1879
874,482,1356
989,722,1711
18,748,766
475,799,1274
12,562,574
273,861,1134
414,26,440
109,84,193
85,188,273
171,742,913
123,619,742
349,481,830
881,771,1652
864,981,1845
156,372,528
745,470,1215
603,445,1048
399,709,1108
15,715,730
652,578,1230
29,41,70
691,279,970
160,867,1027
346,772,1118
902,214,1116
836,16,852
68,646,714
942,909,1851
56,723,779
936,271,1207
525,500,1025
735,241,976
420,779,1199
614,573,1187
907,3,910
683,696,1379
650,111,761
258,994,1252
925,203,1128
898,642,1540
867,538,1405
829,935,1764
987,897,1884
547,798,1345
677,285,962
348,934,1282
54,240,294
79,291,370
774,497,1271
581,178,759
476,110,586
488,51,539
845,820,1665
821,785,1606
674,605,1279
135,260,395
136,88,224
643,757,1400
965,783,1748
412,303,715
620,223,843
178,669,847
919,402,1321
953,4,957
558,458,1016
578,455,1033
522,407,929
831,30,861
772,558,1330
41,14,55
784,751,1535
554,158,712
144,642,786
384,821,1205
622,257,879
850,481,1331
802,514,1316
281,143,424
827,951,1778
892,290,1182
925,171,1096
619,674,1293
999,20,1019
900,643,1543
584,503,1087
560,943,1503
215,211,426
160,787,947
971,563,1534
171,71,242
15,553,568
473,135,608
493,740,1233
820,196,1016
906,491,1397
716,440,1156
627,181,808
436,349,785
43,971,1014
976,460,1436
629,508,1137
439,407,846
249,941,1190
511,937,1448
504,284,788
614,880,1494
221,416,637
897,985,1882
470,276,746
845,559,1404
520,565,1085
714,271,985
662,670,1332
496,46,542
99,355,454
668,324,992
266,679,945
885,980,1865
524,972,1496
353,746,1099
395,963,1358
271,138,409
18,486,504
571,843,1414
306,803,1109
346,581,927
659,596,1255
539,149,688
409,38,447
611,118,729
227,613,840
82,989,1071
167,490,657
599,916,1515
196,502,698
902,232,1134
451,528,979
784,465,1249
189,51,240
713,798,1511
838,327,1165
142,526,668
768,835,1603
507,901,1408
982,815,1797
856,821,1677
315,432,747
638,876,1514
188,674,862
332,413,745
530,159,689
182,619,801
576,326,902
748,472,1220
197,703,900
266,378,644
417,554,971
920,506,1426
736,724,1460
19,353,372
966,35,1001
532,760,1292
115,570,685
76,126,202
957,802,1759
453,944,1397
93,91,184
690,721,1411
646,881,1527
273,201,474
462,868,1330
260,954,1214
75,684,759
575,686,1261
282,812,1094
818,594,1412
520,376,896
504,738,1242
419,270,689
526,454,980
287,381,668
51,934,985
159,506,665
952,654,1606
695,540,1235
160,113,273
120,255,375
750,691,1441
602,950,1552
33,867,900
128,80,208
579,881,1460
352,722,1074
407,743,1150
475,750,1225
834,41,875
9,50,59
612,437,1049
123,262,385
79,600,679
872,510,1382
955,655,1610
810,408,1218
44,630,674
913,273,1186
902,810,1712
951,204,1155
591,867,1458
904,973,1877
647,545,1192
668,17,685
268,342,610
410,116,526
617,645,1262
906,155,1061
297,323,620
798,710,1508
540,915,1455
594,642,1236
140,625,765
864,695,1559
362,231,593
546,571,1117
175,382,557
101,361,462
159,694,853
834,706,1540
884,566,1450
91,345,436
305,958,1263
405,457,862
123,781,904
549,844,1393
208,944,1152
223,188,411
386,389,775
359,778,1137
167,479,646
478,599,1077
275,160,435
895,989,1884
516,677,1193
236,207,443
133,985,1118
168,925,1093
669,922,1591
718,933,1651
906,431,1337
553,141,694
652,356,1008
364,398,762
669,952,1621
968,528,1496
250,696,946
906,486,1392
142,905,1047
244,150,394
591,286,877
816,382,1198
408,728,1136
361,587,948
945,719,1664
612,642,1254
993,233,1226
699,542,1241
699,983,1682
268,727,995
135,850,985
88,690,778
55,782,837
897,641,1538
499,192,691
541,416,957
843,176,1019
932,904,1836
323,927,1250
386,596,982
57,806,863
1000,580,1580
112,136,248
104,267,371
216,607,823
965,320,1285
817,678,1495
825,915,1740
627,962,1589
567,609,1176
963,253,1216
755,539,1294
252,519,771
398,116,514
336,935,1271
933,730,1663
218,698,916
583,795,1378
569,722,1291
161,34,195
374,3,377
926,446,1372
841,117,958
130,334,464
490,235,725
668,774,1442
629,878,1507
359,744,1103
166,932,1098
799,389,1188
980,702,1682
141,757,898
47,290,337
369,495,864
902,675,1577
144,509,653
837,80,917
947,171,1118
487,20,507
39,101,140
102,111,213
865,125,990
334,175,509
262,235,497
280,487,767
267,596,863
360,930,1290
59,223,282
435,115,550
265,943,1208
397,488,885
40,32,72
925,620,1545
677,777,1454
628,874,1502
559,738,1297
180,937,1117
49,542,591
120,535,655
110,335,445
332,765,1097
272,137,409
720,631,1351
299,614,913
504,225,729
826,956,1782
530,293,823
92,743,835
303,646,949
909,523,1432
429,759,1188
544,541,1085
512,582,1094
112,981,1093
625,920,1545
437,614,1051
341,427,768
978,187,1165
78,620,698
217,717,934
263,459,722
169,584,753
845,461,1306
990,480,1470
353,345,698
114,622,736
9,639,648
319,510,829
811,664,1475
55,977,1032
323,925,1248
179,303,482
36,380,416
876,706,1582
717,495,1212
929,944,1873
953,64,1017
128,527,655
832,127,959
832,816,1648
733,401,1134
803,449,1252
353,171,524
773,705,1478
464,728,1192
929,629,1558
374,293,667
797,878,1675
752,460,1212
86,683,769
493,228,721
864,43,907
78,577,655
760,896,1656
536,335,871
274,244,518
765,724,1489
852,922,1774
291,589,880
710,825,1535
883,82,965
810,983,1793
273,937,1210
849,792,1641
899,901,1800
774,131,905
820,388,1208
257,148,405
519,380,899
726,48,774
250,202,452
435,308,743
803,882,1685
101,509,610
789,110,899
482,387,869
755,683,1438
637,931,1568
592,677,1269
807,784,1591
217,77,294
795,153,948
177,77,254
357,112,469
907,153,1060
731,472,1203
259,336,595
988,470,1458
367,884,1251
318,1,319
123,931,1054
960,583,1543
217,257,474
916,410,1326
801,707,1508
410,543,953
88,329,417
723,398,1121
943,743,1686
127,116,243
649,464,1113
873,701,1574
818,240,1058
11,389,400
791,186,977
358,252,610
137,592,729
224,405,629
704,16,720
84,474,558
622,162,784
27,492,519
450,536,986
422,50,472
143,540,683
271,580,851
340,119,459
931,953,1884
12,226,238
708,237,945
120,188,308
64,263,327
700,994,1694
99,309,408
227,509,736
731,487,1218
116,256,372
538,722,1260
759,488,1247
487,78,565
81,498,579
125,696,821
839,993,1832
655,601,1256
560,670,1230
207,338,545
146,755,901
34,427,461
589,871,1460
164,693,857
691,814,1505
600,852,1452
704,567,1271
113,363,476
670,512,1182
496,888,1384
937,832,1769
653,877,1530
848,583,1431
320,57,377
226,115,341
579,906,1485
967,365,1332
685,690,1375
936,232,1168
829,656,1485
217,246,463
45,978,1023
953,50,1003
710,109,819
720,400,1120
542,579,1121
156,273,429
358,736,1094
43,348,391
183,131,314
269,381,650
661,382,1043
588,555,1143
162,434,596
870,724,1594
52,148,200
453,728,1181
46,704,750
165,62,227
0,510,510
200,99,299
158,390,548
612,8,620
25,968,993
528,902,1430
719,688,1407
584,882,1466
649,728,1377
478,449,927
286,225,511
524,826,1350
962,995,1957
340,757,1097
334,861,1195
226,556,782
838,742,1580
395,550,945
673,208,881
699,677,1376
522,595,1117
449,723,1172
175,719,894
618,692,1310
427,444,871
685,659,1344
52,61,113
411,122,533
860,839,1699
74,972,1046
145,958,1103
637,573,1210
406,910,1316
849,416,1265
450,944,1394
635,395,1030
202,185,387
381,771,1152
521,134,655
635,983,1618
845,870,1715
704,187,891
607,427,1034
785,734,1519
850,49,899
907,151,1058
124,435,559
775,697,1472
31,616,647
736,366,1102
12,729,741
751,168,919
507,11,518
733,623,1356
111,111,222
237,560,797
102,428,530
583,252,835
446,878,1324
232,421,653
87,635,722
39,639,678
550,223,773
782,381,1163
992,680,1672
620,981,1601
546,918,1464
858,309,1167
516,687,1203
72,28,100
94,923,1017
965,885,1850
100,985,1085
243,724,967
149,41,190
146,186,332
996,413,1409
370,990,1360
859,658,1517
438,440,878
523,559,1082
456,225,681
898,770,1668
245,407,652
678,385,1063
12,842,854
502,358,860
938,189,1127
179,192,371
318,871,1189
504,82,586
889,729,1618
475,41,516
437,373,810
498,544,1042
285,683,968
470,521,991
908,469,1377
69,993,1062
305,126,431
203,751,954
702,789,1491
578,279,857
699,687,1386
511,6,517
401,769,1170
856,845,1701
130,842,972
264,601,865
617,767,1384
652,551,1203
810,604,1414
949,936,1885
579,71,650
481,733,1214
609,214,823
602,881,1483
351,699,1050
596,884,1480
214,172,386
935,274,1209
651,951,1602
805,745,1550
855,519,1374
421,369,790
242,367,609
919,309,1228
751,725,1476
238,674,912
636,640,1276
550,962,1512
444,990,1434
950,960,1910
589,114,703
759,319,1078
844,404,1248
775,90,865
988,455,1443
369,252,621
278,983,1261
798,165,963
1,756,757
915,771,1686
700,224,924
335,815,1150
975,944,1919
838,214,1052
757,966,1723
961,208,1169
896,360,1256
870,371,1241
795,594,1389
296,249,545
492,373,865
712,880,1592
473,490,963
146,698,844
878,449,1327
408,374,782
616,774,1390
727,662,1389
97,418,515
772,208,980
717,921,1638
562,129,691
105,98,203
945,342,1287
333,505,838
867,992,1859
350,838,1188
322,13,335
253,543,796
793,58,851
72,133,205
982,64,1046
492,976,1468
245,966,1211
413,766,1179
893,71,964
626,835,1461
574,892,1466
498,670,1168
211,153,364
142,84,226
345,716,1061
748,191,939
334,417,751
785,611,1396
21,79,100
786,303,1089
521,233,754
338,256,594
206,996,1202
396,764,1160
112,83,195
107,771,878
176,506,682
613,500,1113
195,620,815
544,717,1261
721,795,1516
282,837,1119
620,91,711
260,605,865
835,227,1062
878,975,1853
922,687,1609
772,583,1355
327,170,497
701,215,916
619,312,931
429,21,450
160,70,230
958,810,1768
726,70,796
63,132,195
415,929,1344
19,745,764
216,290,506
29,534,563
721,6,727
60,546,606
982,759,1741
716,753,1469
927,434,1361
96,613,709
198,369,567
541,354,895
834,911,1745
431,733,1164
145,410,555
207,878,1085
828,386,1214
118,966,1084
136,792,928
981,427,1408
257,522,779
973,163,1136
41,828,869
840,150,990
669,249,918
689,672,1361
569,836,1405
80,11,91
729,246,975
209,975,1184
734,643,1377
418,660,1078
971,68,1039
346,402,748
870,739,1609
687,319,1006
178,944,1122
616,44,660
180,988,1168
298,435,733
900,473,1373
163,92,255
955,779,1734
389,643,1032
297,237,534
162,795,957
991,176,1167
643,797,1440
287,868,1155
310,670,980
540,87,627
884,556,1440
378,594,972
876,354,1230
608,78,686
204,367,571
891,338,1229
460,219,679
661,820,1481
456,765,1221
619,604,1223
108,116,224
607,205,812
326,655,981
826,266,1092
352,435,787
167,459,626
977,567,1544
578,987,1565
222,825,1047
584,16,600
1,734,735
683,806,1489
346,654,1000
995,901,1896
341,261,602
708,46,754
679,453,1132
588,766,1354
262,196,458
499,790,1289
694,409,1103
322,365,687
221,167,388
302,630,932
785,902,1687
906,484,1390
994,243,1237
920,228,1148
342,546,888
33,505,538
534,403,937
648,756,1404
971,527,1498
60,265,325
773,995,1768
530,52,582
874,612,1486
598,572,1170
841,144,985
176,283,459
164,748,912
287,970,1257
863,820,1683
969,549,1518
510,942,1452
98,33,131
291,837,1128
2,889,891
935,835,1770
506,95,601
455,662,1117
848,265,1113
842,678,1520
870,869,1739
17,632,649
793,598,1391
93,186,279
358,717,1075
397,809,1206
70,287,357
264,260,524
558,136,694
987,776,1763
745,761,1506
969,803,1772
801,484,1285
81,700,781
317,437,754
712,831,1543
977,983,1960
196,782,978
799,300,1099
213,90,303
622,590,1212
157,187,344
88,356,444
96,797,893
774,542,1316
178,265,443
915,203,1118
466,211,677
591,845,1436
364,634,998
215,159,374
406,70,476
90,242,332
735,562,1297
832,990,1822
769,3,772
456,758,1214
805,940,1745
772,738,1510
263,759,1022
360,924,1284
73,618,691
109,769,878
967,245,1212
172,975,1147
497,492,989
850,906,1756
61,587,648
145,252,397
786,917,1703
657,423,1080
137,632,769
630,532,1162
940,382,1322
605,788,1393
944,526,1470
666,619,1285
321,306,627
917,137,1054
299,347,646
569,419,988
536,982,1518
130,139,269
331,730,1061
825,830,1655
802,122,924
852,431,1283
663,754,1417
182,446,628
407,881,1288
131,952,1083
114,398,512
167,991,1158
571,110,681
260,603,863
95,341,436
52,390,442
341,108,449
473,411,884
977,579,1556
450,92,542
523,339,862
714,324,1038
613,75,688
391,293,684
246,456,702
322,265,587
701,197,898
329,123,452
439,222,661
678,649,1327
84,531,615
473,943,1416
879,661,1540
555,805,1360
102,920,1022
228,903,1131
952,517,1469
485,683,1168
435,934,1369
11,921,932
521,382,903
755,931,1686
828,759,1587
812,506,1318
754,973,1727
907,34,941
44,708,752
405,33,438
460,104,564
875,393,1268
400,272,672
289,895,1184
201,709,910
912,366,1278
709,410,1119
779,640,1419
752,289,1041
151,513,664
372,712,1084
254,572,826
797,575,1372
315,621,936
38,725,763
187,21,208
574,988,1562
303,461,764
36,216,252
995,167,1162
583,287,870
562,537,1099
835,463,1298
212,558,770
935,769,1704
92,110,202
149,547,696
972,991,1963
415,947,1362
183,232,415
508,804,1312
300,422,722
906,375,1281
244,491,735
300,628,928
558,480,1038
67,211,278
210,78,288
671,510,1181
989,945,1934
284,13,297
161,804,965
198,296,494
28,396,424
541,959,1500
835,747,1582
505,623,1128
899,761,1660
231,496,727
940,968,1908
813,199,1012
317,941,1258
499,616,1115
225,61,286
151,41,192
321,76,397
500,622,1122
103,83,186
394,170,564
450,31,481
150,630,780
665,700,1365
580,638,1218
655,682,1337
775,912,1687
700,500,1200
477,224,701
126,787,913
427,853,1280
534,255,789
249,230,479
538,904,1442
686,995,1681
880,122,1002
860,313,1173
676,966,1642
513,701,1214
224,978,1202
294,3,297
726,810,1536
926,639,1565
329,921,1250
987,241,1228
252,78,330
314,369,683
678,5,683
15,491,506
897,886,1783
594,88,682
2,187,189
288,654,942
188,782,970
721,727,1448
327,745,1072
229,563,792
687,304,991
151,882,1033
161,312,473
48,678,726
487,319,806
512,922,1434
863,396,1259
943,366,1309
617,181,798
507,822,1329
655,568,1223
758,811,1569
77,334,411
497,860,1357
277,840,1117
265,58,323
253,506,759
703,831,1534
222,137,359
804,435,1239
60,564,624
54,987,1041
796,115,911
276,186,462
930,76,1006
528,339,867
700,730,1430
789,461,1250
765,229,994
381,144,525
791,84,875
159,458,617
976,689,1665
300,756,1056
913,280,1193
136,979,1115
664,854,1518
316,694,1010
526,627,1153
50,207,257
49,597,646
581,76,657
290,213,503
992,803,1795
125,858,983
263,295,558
921,59,980
231,88,319
67,884,951
987,804,1791
900,235,1135
451,850,1301
423,566,989
77,193,270
409,472,881
925,401,1326
775,536,1311
995,713,1708
310,304,614
89,26,115
760,388,1148
163,387,550
95,328,423
314,427,741
233,43,276
654,381,1035
137,379,516
622,679,1301
358,980,1338
679,690,1369
978,404,1382
13,783,796
494,815,1309
941,985,1926
14,388,402
66,848,914
805,10,815
48,99,147
854,885,1739
522,153,675
757,606,1363
435,518,953
16,213,229
306,906,1212
862,742,1604
704,931,1635
897,928,1825
613,646,1259
667,319,986
407,292,699
157,173,330
714,773,1487
808,12,820
878,300,1178
492,846,1338
169,506,675
355,692,1047
643,724,1367
905,346,1251
546,407,953
325,484,809
799,965,1764
243,566,809
311,251,562
793,24,817
336,885,1221
558,255,813
431,305,736
881,189,1070
275,999,1274
660,486,1146
256,133,389
745,845,1590
649,621,1270
421,823,1244
733,457,1190
833,563,1396
967,796,1763
447,866,1313
171,227,398
395,371,766
426,626,1052
285,573,858
103,642,745
900,309,1209
277,75,352
712,111,823
818,766,1584
36,951,987
662,795,1457
8,837,845
968,649,1617
757,242,999
605,96,701
695,952,1647
63,354,417
872,367,1239
852,825,1677
526,76,602
34,54,88
4,692,696
686,644,1330
984,590,1574
307,373,680
911,303,1214
954,366,1320
318,946,1264
601,47,648
340,152,492
984,150,1134
533,554,1087
55,93,148
325,140,465
42,946,988
203,702,905
548,432,980
4,516,520
829,177,1006
371,471,842
645,103,748
461,748,1209
678,438,1116
996,319,1315
926,528,1454
531,122,653
350,60,410
921,664,1585
467,200,667
902,907,1809
279,78,357
653,935,1588
676,540,1216
994,944,1938
655,718,1373
757,948,1705
5,821,826
805,687,1492
852,574,1426
307,53,360
840,978,1818
554,929,1483
273,573,846
712,521,1233
83,948,1031
896,782,1678
388,468,856
484,995,1479
129,633,762
593,993,1586
425,861,1286
183,805,988
760,647,1407
133,769,902
845,130,975
600,161,761
419,551,970
645,697,1342
292,398,690
778,586,1364
862,912,1774
697,435,1132
14,961,975
191,196,387
776,661,1437
986,362,1348
340,552,892
645,987,1632
650,152,802
401,120,521
823,625,1448
849,649,1498
61,959,1020
669,538,1207
335,897,1232
591,913,1504
941,863,1804
876,125,1001
420,289,709
970,638,1608
420,235,655
357,229,586
804,5,809
575,232,807
245,35,280
8,628,636
668,823,1491
270,154,424
800,644,1444
834,163,997
632,758,1390
491,403,894
284,79,363
301,660,961
561,482,1043
989,95,1084
42,97,139
248,945,1193
231,248,479
792,990,1782
424,134,558
735,628,1363
331,541,872
826,655,1481
442,607,1049
238,526,764
182,281,463
94,65,159
126,134,260
124,1000,1124
146,873,1019
995,433,1428
939,654,1593
783,116,899
749,449,1198
352,16,368
902,769,1671
713,719,1432
673,703,1376
596,656,1252
637,525,1162
607,998,1605
718,898,1616
127,310,437
402,874,1276
396,508,904
387,942,1329
570,678,1248
787,391,1178
760,61,821
679,5,684
957,167,1124
997,439,1436
993,384,1377
678,813,1491
838,820,1658
868,132,1000
958,157,1115
263,637,900
597,579,1176
720,885,1605
523,541,1064
394,418,812
427,229,656
54,515,569
771,3,774
584,586,1170
146,752,898
251,908,1159
534,613,1147
272,711,983
98,286,384
300,881,1181
937,427,1364
468,609,1077
551,932,1483
681,504,1185
245,855,1100
318,837,1155
278,586,864
872,729,1601
485,264,749
924,236,1160
668,640,1308
70,390,460
477,766,1243
172,562,734
291,433,724
755,839,1594
272,387,659
210,195,405
589,321,910
114,485,599
361,925,1286
890,448,1338
345,371,716
502,317,819
390,5,395
343,401,744
874,431,1305
954,142,1096
964,362,1326
280,957,1237
479,829,1308
61,905,966
808,65,873
948,488,1436
140,170,310
188,649,837
762,661,1423
62,42,104
72,642,714
481,128,609
19,672,691
414,60,474
901,223,1124
461,539,1000
821,775,1596
704,421,1125
763,985,1748
964,80,1044
789,697,1486
180,662,842
862,671,1533
727,249,976
884,964,1848
553,945,1498
343,192,535
913,817,1730
159,380,539
554,713,1267
24,866,890
386,363,749
662,772,1434
798,904,1702
314,279,593
895,193,1088
672,803,1475
171,385,556
922,79,1001
14,449,463
307,602,909
906,766,1672
129,314,443
466,65,531
242,39,281
227,839,1066
161,407,568
693,58,751
541,429,970
236,711,947
281,227,508
890,651,1541
871,781,1652
650,785,1435
929,95,1024
174,453,627
980,541,1521
348,852,1200
193,122,315
969,417,1386
363,716,1079
199,579,778
460,510,970
901,871,1772
405,320,725
746,226,972
734,759,1493
676,777,1453
111,513,624
202,567,769
144,426,570
83,277,360
551,998,1549
369,317,686
965,253,1218
817,21,838
616,293,909
978,10,988
536,809,1345
943,911,1854
309,404,713
857,135,992
666,129,795
44,882,926
940,802,1742
692,622,1314
678,729,1407
744,977,1721
299,746,1045
615,67,682
961,981,1942
767,322,1089
264,554,818
518,911,1429
521,900,1421
900,780,1680
386,12,398
614,457,1071
193,164,357
435,78,513
384,520,904
854,521,1375
357,753,1110
12,253,265
209,567,776
644,937,1581
806,818,1624
863,221,1084
790,783,1573
79,472,551
840,62,902
693,645,1338
35,521,556
160,64,224
309,831,1140
217,926,1143
43,337,380
349,93,442
274,95,369
263,414,677
869,110,979
417,91,508
787,534,1321
324,76,400
609,176,785
911,96,1007
561,768,1329
537,195,732
583,799,1382
77,689,766
883,309,1192
270,444,714
499,280,779
427,301,728
778,219,997
280,638,918
728,621,1349
132,16,148
535,97,632
846,369,1215
307,505,812
896,212,1108
933,330,1263
933,128,1061
180,801,981
165,462,627
415,0,415
992,314,1306
950,182,1132
178,396,574
504,86,590
19,965,984
430,835,1265
775,451,1226
353,299,652
319,812,1131
486,400,886
982,420,1402
171,558,729
4,72,76
920,548,1468
136,722,858
774,59,833
625,937,1562
698,514,1212
499,778,1277
274,780,1054
465,448,913
510,484,994
955,712,1667
350,468,818
556,465,1021
127,865,992
423,627,1050
774,25,799
917,358,1275
902,201,1103
641,713,1354
596,637,1233
236,183,419
198,585,783
140,338,478
176,157,333
743,343,1086
887,295,1182
907,8,915
389,974,1363
703,863,1566
29,147,176
604,289,893
833,819,1652
164,287,451
268,956,1224
965,183,1148
725,939,1664
213,488,701
643,427,1070
684,291,975
253,19,272
786,515,1301
159,658,817
900,609,1509
515,669,1184
148,320,468
624,610,1234
275,307,582
256,791,1047
990,382,1372
443,971,1414
82,856,938
608,386,994
658,248,906
456,109,565
689,773,1462
490,307,797
351,578,929
289,753,1042
580,204,784
672,938,1610
768,576,1344
778,563,1341
753,548,1301
996,63,1059
429,308,737
74,677,751
688,433,1121
247,260,507
9,390,399
70,112,182
365,552,917
453,109,562
467,109,576
20,827,847
539,696,1235
627,160,787
453,234,687
834,936,1770
548,741,1289
185,823,1008
655,213,868
642,727,1369
299,625,924
102,842,944
909,731,1640
401,315,716
481,647,1128
180,939,1119
818,232,1050
416,736,1152
303,678,981
551,449,1000
493,343,836
456,187,643
989,254,1243
947,506,1453
291,561,852
101,198,299
239,988,1227
188,34,222
335,192,527
206,673,879
309,150,459
738,665,1403
823,829,1652
682,479,1161
926,987,1913
682,685,1367
375,289,664
858,206,1064
188,654,842
715,249,964
583,966,1549
425,190,615
738,198,936
688,686,1374
109,846,955
144,161,305
732,137,869
516,19,535
851,50,901
778,750,1528
23,714,737
262,444,706
383,548,931
598,731,1329
829,524,1353
119,939,1058
487,618,1105
797,913,1710
609,236,845
131,545,676
767,345,1112
183,505,688
687,93,780
494,597,1091
935,503,1438
786,727,1513
713,973,1686
668,491,1159
203,971,1174
400,347,747
501,91,592
979,180,1159
167,953,1120
351,61,412
612,930,1542
152,860,1012
798,374,1172
91,941,1032
210,214,424
323,73,396
225,579,804
744,656,1400
758,103,861
443,695,1138
679,702,1381
50,524,574
131,697,828
585,729,1314
690,248,938
839,218,1057
132,142,274
537,917,1454
956,321,1277
364,220,584
17,447,464
681,705,1386
518,152,670
341,267,608
227,228,455
418,268,686
575,874,1449
55,988,1043
26,352,378
607,845,1452
827,27,854
1,944,945
478,401,879
485,17,502
960,825,1785
482,854,1336
579,401,980
581,810,1391
623,759,1382
306,827,1133
422,332,754
165,520,685
759,958,1717
692,327,1019
230,880,1110
784,903,1687
169,391,560
42,47,89
178,661,839
588,999,1587
802,439,1241
879,839,1718
348,704,1052
620,840,1460
941,789,1730
918,285,1203
833,997,1830
825,733,1558
83,951,1034
728,95,823
287,59,346
737,18,755
425,910,1335
691,57,748
335,161,496
931,393,1324
188,114,302
344,892,1236
216,627,843
470,107,577
61,157,218
221,465,686
176,44,220
913,569,1482
450,895,1345
470,145,615
11,279,290
415,109,524
392,668,1060
505,328,833
343,28,371
385,720,1105
625,834,1459
216,106,322
771,532,1303
31,889,920
686,122,808
605,67,672
496,674,1170
424,437,861
453,519,972
835,329,1164
945,339,1284
505,478,983
725,359,1084
917,57,974
510,254,764
259,954,1213
657,153,810
947,291,1238
727,289,1016
270,891,1161
18,893,911
49,244,293
371,805,1176
143,145,288
443,204,647
363,768,1131
799,750,1549
32,499,531
746,129,875
123,942,1065
511,973,1484
595,675,1270
570,106,676
186,923,1109
909,503,1412
579,671,1250
516,342,858
408,245,653
358,442,800
588,282,870
618,720,1338
917,718,1635
75,735,810
935,705,1640
181,844,1025
142,943,1085
144,851,995
357,961,1318
469,199,668
473,298,771
552,847,1399
553,881,1434
834,232,1066
968,870,1838
814,522,1336
424,959,1383
591,114,705
84,336,420
700,826,1526
87,795,882
380,339,719
189,6,195
551,492,1043
482,586,1068
692,578,1270
853,520,1373
188,208,396
556,741,1297
809,331,1140
289,994,1283
121,262,383
53,915,968
365,864,1229
537,774,1311
621,427,1048
69,120,189
771,288,1059
473,926,1399
984,258,1242
94,909,1003
422,268,690
146,311,457
601,205,806
967,330,1297
128,950,1078
835,529,1364
734,140,874
82,580,662
921,481,1402
65,509,574
211,283,494
635,972,1607
25,732,757
873,531,1404
56,838,894
154,935,1089
524,920,1444
357,728,1085
313,378,691
90,199,289
933,806,1739
233,211,444
561,865,1426
447,142,589
820,858,1678
860,876,1736
764,252,1016
953,442,1395
929,880,1809
564,309,873
564,512,1076
200,795,995
443,136,579
734,649,1383
314,69,383
217,177,394
441,763,1204
698,699,1397
37,750,787
894,506,1400
400,841,1241
797,520,1317
1,851,852
441,108,549
358,149,507
948,791,1739
751,881,1632
658,30,688
514,511,1025
504,821,1325
103,713,816
739,771,1510
642,344,986
374,762,1136
849,404,1253
244,241,485
960,942,1902
584,189,773
101,18,119
601,514,1115
926,209,1135
785,936,1721
557,33,590
941,507,1448
27,264,291
772,255,1027
131,425,556
241,628,869
482,166,648
510,301,811
87,293,380
519,751,1270
930,292,1222
632,393,1025
151,938,1089
676,784,1460
445,217,662
342,349,691
323,246,569
677,477,1154
318,264,582
862,1,863
142,65,207
611,55,666
272,909,1181
660,372,1032
518,746,1264
617,551,1168
910,159,1069
785,258,1043
921,710,1631
640,769,1409
183,3,186
63,622,685
4,69,73
609,707,1316
992,996,1988
124,603,727
247,281,528
496,288,784
361,574,935
396,59,455
468,822,1290
450,929,1379
662,827,1489
232,677,909
675,269,944
107,989,1096
83,46,129
274,943,1217
727,481,1208
419,1,420
290,570,860
56,953,1009
217,30,247
431,925,1356
589,968,1557
180,746,926
209,267,476
620,663,1283
642,437,1079
6,85,91
731,392,1123
218,990,1208
522,806,1328
277,183,460
126,657,783
140,431,571
596,206,802
644,228,872
726,429,1155
767,403,1170
563,824,1387
519,639,1158
900,825,1725
422,633,1055
1000,134,1134
27,654,681
864,848,1712
321,801,1122
254,189,443
554,957,1511
666,602,1268
384,304,688
253,900,1153
966,215,1181
582,605,1187
115,504,619
198,287,485
598,855,1453
943,191,1134
667,512,1179
420,671,1091
789,58,847
196,487,683
510,680,1190
861,621,1482
746,104,850
952,982,1934
335,58,393
332,239,571
279,282,561
574,134,708
251,608,859
511,267,778
278,836,1114
694,811,1505
752,906,1658
991,4,995
673,592,1265
932,806,1738
518,850,1368
689,324,1013
771,31,802
925,165,1090
550,115,665
671,10,681
888,324,1212
86,71,157
201,116,317
349,930,1279
659,624,1283
443,893,1336
775,445,1220
11,851,862
142,700,842
330,619,949
46,595,641
223,511,734
985,295,1280
554,555,1109
35,916,951
89,450,539
151,68,219
528,350,878
126,511,637
736,711,1447
412,555,967
349,249,598
477,759,1236
798,514,1312
38,92,130
244,261,505
855,547,1402
380,627,1007
797,295,1092
319,40,359
389,934,1323
134,930,1064
316,633,949
148,645,793
771,188,959
883,658,1541
263,652,915
912,919,1831
860,620,1480
971,972,1943
750,489,1239
859,123,982
861,411,1272
223,784,1007
181,458,639
618,955,1573
706,126,832
933,261,1194
640,310,950
625,412,1037
997,675,1672
101,535,636
751,880,1631
351,282,633
804,567,1371
762,491,1253
513,340,853
703,708,1411
691,187,878
607,493,1100
431,57,488
76,601,677
993,761,1754
508,505,1013
53,212,265
369,916,1285
355,518,873
589,733,1322
465,983,1448
99,5,104
542,586,1128
87,667,754
985,315,1300
327,902,1229
425,961,1386
712,828,1540
80,998,1078
810,759,1569
451,840,1291
829,359,1188
361,652,1013
675,699,1374
330,475,805
479,354,833
701,304,1005
670,297,967
229,623,852
666,909,1575
386,483,869
680,724,1404
938,744,1682
220,890,1110
429,133,562
478,943,1421
397,140,537
433,546,979
742,387,1129
117,558,675
283,507,790
475,37,512
336,527,863
486,585,1071
926,352,1278
907,914,1821
851,492,1343
446,656,1102
90,884,974
998,518,1516
937,796,1733
904,24,928
869,308,1177
303,609,912
682,987,1669
809,150,959
590,804,1394
985,845,1830
559,223,782
271,10,281
607,325,932
443,474,917
384,743,1127
278,34,312
238,400,638
813,997,1810
537,145,682
355,934,1289
950,716,1666
99,766,865
349,884,1233
192,839,1031
69,459,528
542,834,1376
459,676,1135
76,144,220
367,909,1276
589,586,1175
204,630,834
94,180,274
770,659,1429
852,13,865
26,553,579
703,68,771
961,105,1066
405,89,494
935,990,1925
27,240,267
639,82,721
80,758,838
695,614,1309
883,931,1814
976,962,1938
276,818,1094
758,304,1062
395,737,1132
690,896,1586
618,462,1080
826,546,1372
639,83,722
588,947,1535
566,860,1426
946,150,1096
928,232,1160
531,755,1286
8,624,632
700,940,1640
766,977,1743
864,31,895
637,629,1266
777,987,1764
518,985,1503
623,598,1221
337,39,376
655,803,1458
749,887,1636
56,226,282
680,637,1317
983,931,1914
438,431,869
770,931,1701
864,611,1475
321,400,721
117,152,269
100,108,208
945,812,1757
261,94,355
925,94,1019
825,409,1234
801,584,1385
596,20,616
711,361,1072
102,609,711
523,591,1114
613,960,1573
942,609,1551
924,711,1635
21,531,552
57,674,731
130,18,148
492,140,632
964,706,1670
516,823,1339
623,103,726
736,183,919
995,271,1266
208,579,787
670,477,1147
797,611,1408
127,255,382
920,486,1406
122,53,175
143,347,490
273,801,1074
777,582,1359
610,105,715
693,107,800
500,124,624
884,445,1329
723,945,1668
280,945,1225
175,800,975
641,397,1038
278,233,511
904,150,1054
249,600,849
727,216,943
165,660,825
146,20,166
510,848,1358
933,897,1830
343,255,598
584,45,629
554,618,1172
658,576,1234
816,805,1621
257,55,312
710,204,914
507,532,1039
556,252,808
290,801,1091
251,346,597
439,303,742
857,816,1673
727,566,1293
527,104,631
93,528,621
763,382,1145
204,711,915
365,329,694
270,301,571
570,353,923
429,932,1361
192,15,207
696,860,1556
860,695,1555
108,843,951
805,93,898
863,921,1784
138,201,339
976,156,1132
160,699,859
103,291,394
114,589,703
294,729,1023
869,288,1157
30,529,559
829,439,1268
178,111,289
136,834,970
732,205,937
333,707,1040
322,165,487
307,74,381
165,988,1153
698,300,998
722,583,1305
349,483,832
693,129,822
346,205,551
849,587,1436
278,99,377
154,407,561
156,256,412
792,458,1250
196,913,1109
659,603,1262
515,15,530
11,784,795
14,873,887
170,505,675
560,677,1237
452,571,1023
674,890,1564
342,999,1341
264,261,525
575,840,1415
380,293,673
953,853,1806
901,300,1201
387,149,536
271,837,1108
867,920,1787
813,117,930
639,174,813
814,634,1448
872,85,957
979,799,1778
387,709,1096
735,175,910
435,952,1387
983,168,1151
486,939,1425
49,452,501
14,505,519
496,813,1309
140,673,813
976,170,1146
18,707,725
413,196,609
340,21,361
345,69,414
654,307,961
347,746,1093
402,91,493
142,166,308
86,732,818
939,284,1223
688,151,839
623,184,807
854,753,1607
927,456,1383
488,379,867
160,54,214
434,253,687
892,319,1211
321,534,855
128,466,594
900,562,1462
709,225,934
473,301,774
319,463,782
861,509,1370
590,624,1214
580,587,1167
893,391,1284
490,396,886
820,325,1145
822,269,1091
998,379,1377
606,728,1334
129,462,591
399,583,982
945,187,1132
890,738,1628
469,644,1113
194,298,492
378,639,1017
319,619,938
411,778,1189
703,316,1019
819,598,1417
242,167,409
713,918,1631
330,274,604
254,198,452
203,102,305
296,153,449
410,493,903
755,688,1443
179,390,569
343,863,1206
454,678,1132
12,265,277
648,283,931
804,154,958
625,734,1359
992,269,1261
191,963,1154
635,802,1437
856,815,1671
254,592,846
19,484,503
574,872,1446
205,127,332
791,225,1016
433,711,1144
499,904,1403
757,619,1376
973,34,1007
843,206,1049
908,951,1859
17,452,469
106,447,553
756,894,1650
866,289,1155
654,554,1208
93,961,1054
606,495,1101
543,359,902
704,395,1099
441,940,1381
141,807,948
129,877,1006
636,142,778
912,72,984
890,727,1617
399,516,915
473,536,1009
877,785,1662
108,983,1091
955,340,1295
303,672,975
676,275,951
166,699,865
798,972,1770
328,965,1293
981,870,1851
967,707,1674
587,509,1096
981,945,1926
101,460,561
754,427,1181
213,766,979
65,31,96
855,27,882
289,105,394
485,154,639
896,815,1711
136,878,1014
974,706,1680
44,197,241
27,611,638
551,695,1246
859,189,1048
233,145,378
519,643,1162
890,214,1104
744,598,1342
780,211,991
573,25,598
730,50,780
979,218,1197
34,24,58
448,240,688
899,200,1099
347,333,680
193,239,432
843,146,989
606,3,609
821,976,1797
145,888,1033
122,517,639
104,302,406
89,165,254
212,569,781
292,437,729
804,336,1140
963,310,1273
593,642,1235
174,527,701
918,560,1478
406,972,1378
737,81,818
503,665,1168
118,215,333
907,376,1283
381,780,1161
23,30,53
827,432,1259
898,992,1890
173,468,641
528,873,1401
23,538,561
479,79,558
76,928,1004
71,59,130
605,367,972
301,997,1298
969,360,1329
829,255,1084
922,730,1652
524,413,937
187,273,460
112,509,621
489,74,563
307,650,957
982,865,1847
97,88,185
242,367,609
727,28,755
888,670,1558
467,494,961
312,661,973
592,61,653
616,101,717
365,823,1188
309,174,483
169,257,426
598,101,699
837,708,1545
857,502,1359
807,623,1430
308,769,1077
654,154,808
213,254,467
270,911,1181
267,56,323
759,464,1223
85,785,870
311,375,686
768,292,1060
644,718,1362
830,991,1821
626,275,901
542,237,779
94,356,450
946,460,1406
774,336,1110
379,146,525
23,68,91
306,558,864
398,203,601
431,340,771
945,107,1052
887,261,1148
983,319,1302
732,2,734
194,432,626
496,399,895
188,401,589
695,602,1297
948,947,1895
960,919,1879
311,119,430
908,285,1193
632,807,1439
207,228,435
751,315,1066
157,412,569
639,446,1085
626,323,949
101,193,294
410,161,571
257,870,1127
658,349,1007
751,882,1633
280,831,1111
75,98,173
505,325,830
836,857,1693
660,595,1255
8,484,492
552,961,1513
727,65,792
281,414,695
503,143,646
29,280,309
175,789,964
376,89,465
919,9,928
953,701,1654
883,594,1477
751,441,1192
338,540,878
167,560,727
428,985,1413
838,734,1572
796,467,1263
2,606,608
816,471,1287
555,317,872
860,265,1125
845,567,1412
608,84,692
619,603,1222
172,678,850
892,114,1006
383,202,585
994,711,1705
344,364,708
636,884,1520
462,581,1043
434,62,496
822,968,1790
223,747,970
944,469,1413
684,704,1388
423,141,564
840,32,872
969,972,1941
16,398,414
357,891,1248
307,716,1023
996,217,1213
846,728,1574
241,285,526
378,643,1021
308,123,431
802,910,1712
206,328,534
663,777,1440
69,201,270
463,373,836
543,481,1024
787,512,1299
909,455,1364
236,773,1009
355,102,457
277,269,546
921,504,1425
946,992,1938
843,925,1768
531,452,983
243,763,1006
829,599,1428
501,896,1397
589,852,1441
165,298,463
38,442,480
744,366,1110
367,260,627
678,273,951
3,358,361
694,829,1523
56,542,598
930,475,1405
989,48,1037
566,70,636
756,155,911
201,886,1087
618,306,924
454,357,811
335,118,453
213,314,527
0,943,943
845,409,1254
800,49,849
638,960,1598
422,444,866
199,145,344
742,36,778
388,565,953
721,825,1546
884,95,979
622,871,1493
112,918,1030
618,178,796
642,34,676
442,544,986
577,0,577
209,933,1142
517,519,1036
500,226,726
811,441,1252
882,615,1497
24,607,631
372,319,691
675,300,975
778,730,1508
949,806,1755
152,209,361
741,153,894
478,109,587
833,624,1457
123,956,1079
656,230,886
784,651,1435
83,799,882
880,781,1661
393,409,802
543,89,632
707,942,1649
31,952,983
658,424,1082
952,953,1905
324,596,920
333,50,383
529,402,931
490,742,1232
380,334,714
626,689,1315
492,36,528
314,605,919
12,401,413
155,932,1087
391,718,1109
448,838,1286
995,953,1948
162,795,957
56,460,516
537,398,935
243,492,735
237,632,869
265,965,1230
224,900,1124
76,902,978
921,758,1679
781,367,1148
742,845,1587
559,560,1119
890,261,1151
567,887,1454
789,479,1268
463,673,1136
332,809,1141
950,512,1462
265,587,852
584,30,614
4,51,55
303,650,953
969,271,1240
978,346,1324
963,529,1492
1000,149,1149
405,111,516
247,729,976
175,829,1004
38,549,587
715,44,759
57,898,955
612,824,1436
335,379,714
394,775,1169
546,269,815
606,629,1235
82,694,776
3,579,582
652,677,1329
605,311,916
418,165,583
7,358,365
122,937,1059
988,810,1798
906,129,1035
129,897,1026
700,881,1581
459,287,746
379,17,396
0,293,293
808,105,913
846,750,1596
730,718,1448
805,471,1276
664,974,1638
949,406,1355
874,771,1645
923,733,1656
339,92,431
759,568,1327
590,873,1463
52,392,444
12,272,284
560,25,585
389,186,575
364,33,397
316,602,918
137,567,704
292,241,533
125,335,460
285,45,330
519,647,1166
352,413,765
820,419,1239
594,535,1129
240,759,999
566,235,801
140,918,1058
207,136,343
159,678,837
243,843,1086
102,795,897
785,277,1062
46,647,693
446,346,792
861,584,1445
695,864,1559
645,183,828
723,56,779
442,169,611
75,445,520
150,901,1051
691,364,1055
243,500,743
504,450,954
709,292,1001
72,406,478
259,824,1083
418,0,418
826,801,1627
605,836,1441
647,960,1607
731,457,1188
916,667,1583
277,690,967
895,186,1081
21,234,255
215,670,885
373,85,458
823,217,1040
344,825,1169
807,463,1270
958,566,1524
999,106,1105
341,409,750
39,684,723
236,524,760
552,337,889
86,922,1008
43,645,688
236,636,872
667,153,820
333,805,1138
359,567,926
70,315,385
843,308,1151
768,198,966
569,445,1014
63,133,196
989,341,1330
120,584,704
873,160,1033
341,533,874
96,489,585
279,615,894
463,872,1335
684,976,1660
133,703,836
920,866,1786
413,729,1142
75,192,267
634,356,990
725,617,1342
894,759,1653
787,495,1282
340,685,1025
743,287,1030
295,761,1056
686,843,1529
764,235,999
357,783,1140
287,302,589
90,413,503
30,272,302
831,41,872
287,349,636
700,983,1683
397,432,829
44,876,920
415,490,905
73,538,611
46,433,479
138,709,847
650,871,1521
836,747,1583
988,971,1959
785,751,1536
618,106,724
561,481,1042
214,275,489
219,967,1186
923,21,944
320,833,1153
340,621,961
455,341,796
366,241,607
359,368,727
148,204,352
164,542,706
903,114,1017
910,570,1480
330,256,586
553,424,977
325,241,566
918,199,1117
545,697,1242
392,184,576
321,537,858
938,358,1296
846,740,1586
359,270,629
479,776,1255
233,367,600
556,822,1378
878,484,1362
166,472,638
436,843,1279
455,288,743
42,254,296
933,796,1729
443,767,1210
941,272,1213
17,378,395
48,363,411
241,108,349
630,378,1008
887,435,1322
115,23,138
131,499,630
883,417,1300
415,838,1253
967,195,1162
180,995,1175
485,925,1410
773,634,1407
397,137,534
269,237,506
126,526,652
14,177,191
958,817,1775
170,751,921
918,961,1879
419,474,893
38,662,700
329,602,931
334,883,1217
967,786,1753
910,842,1752
485,947,1432
971,26,997
544,336,880
991,171,1162
333,104,437
183,665,848
688,366,1054
84,24,108
475,645,1120
161,353,514
639,118,757
467,328,795
164,500,664
76,21,97
53,988,1041
533,776,1309
182,670,852
929,560,1489
159,581,740
604,301,905
884,492,1376
27,411,438
630,168,798
702,551,1253
672,910,1582
720,901,1621
349,911,1260
633,898,1531
167,831,998
595,76,671
997,11,1008
988,713,1701
490,311,801
39,34,73
435,350,785
743,399,1142
353,564,917
299,682,981
668,992,1660
890,850,1740
734,175,909
292,790,1082
924,95,1019
391,65,456
4,810,814
203,742,945
947,989,1936
639,142,781
341,698,1039
626,598,1224
151,926,1077
630,321,951
583,209,792
688,261,949
815,688,1503
702,95,797
583,491,1074
310,945,1255
828,839,1667
451,838,1289
161,324,485
482,375,857
652,29,681
447,148,595
415,988,1403
593,937,1530
646,720,1366
631,59,690
353,857,1210
22,645,667
950,394,1344
676,765,1441
803,433,1236
868,909,1777
792,195,987
488,336,824
377,293,670
283,702,985
579,447,1026
488,276,764
11,405,416
463,966,1429
920,609,1529
986,131,1117
668,972,1640
850,711,1561
262,794,1056
717,156,873
410,72,482
606,362,968
451,152,603
769,581,1350
607,755,1362
35,302,337
761,958,1719
492,527,1019
534,298,832
320,87,407
352,672,1024
951,668,1619
117,105,222
915,671,1586
583,240,823
904,952,1856
961,518,1479
153,780,933
125,880,1005
989,866,1855
446,650,1096
302,675,977
214,854,1068
245,746,991
68,123,191
665,147,812
636,687,1323
506,645,1151
643,61,704
561,459,1020
440,101,541
213,846,1059
607,434,1041
260,678,938
48,442,490
375,526,901
639,147,786
317,736,1053
887,655,1542
925,182,1107
562,238,800
196,447,643
457,403,860
935,258,1193
800,969,1769
30,528,558
186,663,849
764,64,828
971,786,1757
755,331,1086
150,445,595
590,305,895
48,804,852
845,915,1760
957,654,1611
972,840,1812
507,616,1123
336,2,338
455,800,1255
996,333,1329
940,198,1138
970,723,1693
622,5,627
193,757,950
326,58,384
239,891,1130
838,214,1052
716,279,995
403,789,1192
845,315,1160
914,544,1458
391,323,714
296,418,714
679,115,794
457,372,829
186,403,589
826,18,844
430,583,1013
662,93,755
226,175,401
305,286,591
380,651,1031
612,886,1498
517,373,890
257,14,271
558,491,1049
121,675,796
588,245,833
84,477,561
893,609,1502
586,110,696
801,379,1180
732,19,751
499,72,571
169,124,293
999,177,1176
976,443,1419
927,760,1687
40,753,793
218,602,820
330,41,371
757,191,948
864,443,1307
794,568,1362
712,430,1142
564,569,1133
234,133,367
472,168,640
620,91,711
402,36,438
701,822,1523
227,191,418
242,676,918
83,189,272
388,437,825
341,232,573
816,912,1728
163,788,951
186,69,255
134,138,272
582,297,879
343,857,1200
409,117,526
395,28,423
740,90,830
74,871,945
567,745,1312
32,769,801
563,243,806
325,370,695
66,941,1007
807,833,1640
470,620,1090
22,294,316
171,603,774
366,764,1130
852,237,1089
885,502,1387
342,21,363
284,128,412
436,829,1265
598,697,1295
123,963,1086
378,385,763
289,0,289
759,957,1716
343,597,940
500,152,652
704,590,1294
331,520,851
309,298,607
784,710,1494
796,358,1154
857,566,1423
490,738,1228
134,457,591
205,892,1097
713,128,841
155,700,855
822,98,920
565,689,1254
876,390,1266
249,600,849
23,37,60
337,78,415
486,762,1248
346,75,421
228,238,466
509,439,948
615,741,1356
694,767,1461
449,737,1186
196,461,657
11,62,73
713,460,1173
268,214,482
401,427,828
453,826,1279
209,343,552
243,431,674
574,290,864
618,589,1207
780,647,1427
187,75,262
75,208,283
885,636,1521
768,937,1705
61,990,1051
95,848,943
302,380,682
718,881,1599
798,471,1269
0,183,183
326,681,1007
184,146,330
336,841,1177
324,202,526
814,772,1586
997,557,1554
788,668,1456
573,295,868
647,927,1574
65,524,589
658,310,968
410,772,1182
330,475,805
74,620,694
208,957,1165
919,645,1564
470,60,530
177,880,1057
450,671,1121
947,245,1192
689,469,1158
399,506,905
861,188,1049
896,672,1568
609,813,1422
454,456,910
95,149,244
805,14,819
680,126,806
425,837,1262
341,554,895
932,648,1580
782,920,1702
971,255,1226
546,140,686
431,769,1200
976,751,1727
499,410,909
456,243,699
684,326,1010
399,44,443
838,340,1178
193,43,236
358,671,1029
272,737,1009
201,405,606
354,346,700
646,846,1492
22,169,191
867,972,1839
916,200,1116
155,554,709
727,94,821
115,290,405
905,442,1347
36,704,740
580,363,943
967,196,1163
491,546,1037
367,92,459
738,436,1174
601,578,1179
353,387,740
842,418,1260
558,764,1322
794,49,843
70,616,686
793,933,1726
837,338,1175
801,614,1415
489,310,799
116,173,289
764,182,946
937,392,1329
680,760,1440
847,753,1600
119,256,375
950,531,1481
912,230,1142
289,41,330
682,375,1057
113,108,221
783,78,861
184,340,524
942,154,1096
783,594,1377
567,765,1332
149,156,305
550,688,1238
949,855,1804
759,266,1025
97,618,715
228,525,753
704,475,1179
350,200,550
220,375,595
708,88,796
28,844,872
693,723,1416
497,355,852
913,595,1508
633,657,1290
635,817,1452
192,80,272
519,581,1100
189,499,688
389,327,716
613,551,1164
929,511,1440
60,129,189
166,648,814
976,560,1536
633,982,1615
929,156,1085
916,655,1571
629,847,1476
791,514,1305
971,675,1646
854,982,1836
984,702,1686
934,598,1532
677,996,1673
380,395,775
628,314,942
796,545,1341
586,669,1255
407,728,1135
276,316,592
182,526,708
650,637,1287
621,360,981
993,161,1154
346,184,530
543,747,1290
581,373,954
739,941,1680
199,989,1188
26,796,822
931,815,1746
171,72,243
388,278,666
730,374,1104
521,399,920
814,162,976
739,333,1072
884,786,1670
962,965,1927
163,597,760
755,235,990
269,888,1157
472,999,1471
641,98,739
566,457,1023
594,560,1154
800,509,1309
768,842,1610
17,717,734
622,886,1508
400,743,1143
236,100,336
985,834,1819
83,74,157
818,549,1367
370,133,503
220,717,937
345,448,793
904,571,1475
537,474,1011
477,614,1091
938,821,1759
880,356,1236
882,361,1243
38,926,964
576,218,794
677,788,1465
679,320,999
13,149,162
448,257,705
789,790,1579
756,97,853
239,167,406
473,189,662
702,869,1571
639,990,1629
411,479,890
439,85,524
943,651,1594
339,981,1320
256,731,987
631,601,1232
797,590,1387
256,307,563
473,606,1079
735,590,1325
270,663,933
177,795,972
359,55,414
958,757,1715
260,843,1103
949,60,1009
509,454,963
474,809,1283
273,411,684
227,210,437
502,569,1071
260,143,403
612,724,1336
976,63,1039
687,503,1190
161,724,885
719,754,1473
270,313,583
604,788,1392
285,593,878
96,775,871
699,826,1525
533,818,1351
478,422,900
120,695,815
344,246,590
278,94,372
829,366,1195
999,502,1501
414,581,995
724,174,898
239,872,1111
896,856,1752
559,838,1397
253,312,565
204,200,404
54,656,710
939,735,1674
898,562,1460
970,634,1604
521,433,954
971,716,1687
562,33,595
390,494,884
249,325,574
523,750,1273
468,427,895
671,820,1491
120,399,519
443,347,790
20,854,874
742,383,1125
784,658,1442
610,498,1108
14,345,359
776,868,1644
488,692,1180
1000,888,1888
844,311,1155
643,307,950
448,620,1068
499,919,1418
10,975,985
23,637,660
599,296,895
286,595,881
646,962,1608
703,665,1368
901,112,1013
735,770,1505
752,739,1491
649,959,1608
410,539,949
621,908,1529
452,45,497
693,988,1681
816,714,1530
254,538,792
43,192,235
875,417,1292
288,178,466
4,95,99
985,617,1602
217,778,995
711,752,1463
732,834,1566
743,899,1642
14,566,580
87,235,322
847,486,1333
126,682,808
789,423,1212
504,928,1432
299,933,1232
888,2,890
743,121,864
466,685,1151
83,299,382
803,236,1039
176,312,488
36,69,105
28,743,771
676,949,1625
22,191,213
62,193,255
19,959,978
707,163,870
449,303,752
94,167,261
498,784,1282
195,907,1102
240,207,447
246,57,303
708,399,1107
168,885,1053
604,69,673
822,432,1254
601,958,1559
204,489,693
775,194,969
50,713,763
123,443,566
137,689,826
596,356,952
558,164,722
617,88,705
69,989,1058
686,643,1329
373,151,524
625,686,1311
653,736,1389
375,58,433
267,485,752
161,19,180
806,904,1710
287,650,937
373,569,942
614,533,1147
695,878,1573
816,213,1029
176,673,849
1000,171,1171
230,104,334
978,645,1623
987,85,1072
351,374,725
72,397,469
349,756,1105
647,708,1355
57,22,79
67,490,557
183,889,1072
194,103,297
228,740,968
629,886,1515
723,771,1494
937,672,1609
375,289,664
497,505,1002
991,110,1101
449,639,1088
313,225,538
836,274,1110
0,734,734
599,215,814
249,585,834
936,700,1636
834,79,913
474,866,1340
488,979,1467
497,759,1256
581,314,895
366,190,556
74,638,712
322,517,839
80,26,106
447,525,972
385,16,401
175,751,926
844,991,1835
389,972,1361
529,378,907
890,936,1826
219,550,769
811,131,942
311,614,925
440,129,569
865,125,990
959,461,1420
741,995,1736
440,378,818
346,599,945
125,880,1005
747,326,1073
542,698,1240
277,646,923
907,248,1155
616,112,728
867,323,1190
936,559,1495
480,860,1340
705,184,889
9,550,559
954,355,1309
891,307,1198
1,745,746
384,111,495
459,605,1064
775,888,1663
610,793,1403
121,668,789
31,611,642
493,904,1397
94,128,222
271,194,465
341,998,1339
947,332,1279
306,392,698
103,848,951
711,499,1210
285,970,1255
517,66,583
574,375,949
417,834,1251
293,566,859
931,189,1120
812,507,1319
315,487,802
149,351,500
999,637,1636
471,932,1403
540,662,1202
256,73,329
78,562,640
180,541,721
837,432,1269
281,427,708
729,118,847
711,847,1558
740,873,1613
310,948,1258
362,750,1112
741,413,1154
618,819,1437
266,650,916
93,679,772
286,966,1252
682,494,1176
274,482,756
787,205,992
571,60,631
244,645,889
163,53,216
284,640,924
76,111,187
65,629,694
325,408,733
828,752,1580
22,482,504
554,592,1146
84,817,901
9,111,120
342,938,1280
801,226,1027
668,588,1256
644,932,1576
940,324,1264
985,536,1521
641,483,1124
181,644,825
322,806,1128
248,918,1166
525,525,1050
113,513,626
882,998,1880
614,952,1566
195,466,661
404,158,562
930,266,1196
782,783,1565
293,553,846
235,251,486
772,868,1640
659,232,891
919,981,1900
1,155,156
20,649,669
141,475,616
100,654,754
146,924,1070
806,818,1624
589,717,1306
342,369,711
26,929,955
944,154,1098
820,732,1552
836,544,1380
218,277,495
540,387,927
570,85,655
568,497,1065
206,94,300
244,390,634
253,102,355
248,154,402
601,868,1469
240,807,1047
914,997,1911
603,968,1571
580,613,1193
470,653,1123
80,230,310
742,600,1342
725,960,1685
600,27,627
749,765,1514
214,53,267
904,777,1681
562,721,1283
181,456,637
93,13,106
529,734,1263
663,742,1405
186,576,762
743,572,1315
859,271,1130
370,465,835
121,62,183
262,267,529
147,268,415
58,655,713
678,134,812
229,676,905
620,586,1206
814,720,1534
947,979,1926
738,832,1570
466,658,1124
642,393,1035
117,700,817
194,339,533
84,167,251
562,622,1184
575,879,1454
116,531,647
194,911,1105
153,663,816
522,887,1409
269,940,1209
189,469,658
812,346,1158
378,3,381
766,345,1111
22,419,441
522,477,999
499,687,1186
202,407,609
65,559,624
195,988,1183
778,409,1187
663,212,875
267,967,1234
518,767,1285
342,215,557
269,867,1136
205,555,760
441,357,798
919,901,1820
152,402,554
723,785,1508
797,337,1134
811,624,1435
544,792,1336
576,261,837
269,288,557
123,778,901
599,470,1069
996,59,1055
986,563,1549
596,746,1342
723,288,1011
886,604,1490
133,275,408
257,243,500
766,317,1083
383,907,1290
192,236,428
580,440,1020
666,548,1214
380,914,1294
545,745,1290
25,335,360
844,454,1298
722,50,772
351,624,975
120,183,303
995,811,1806
307,441,748
925,903,1828
840,465,1305
38,84,122
618,187,805
948,540,1488
197,755,952
433,631,1064
972,750,1722
456,310,766
657,671,1328
845,138,983
64,449,513
691,532,1223
211,914,1125
307,714,1021
351,922,1273
230,541,771
328,314,642
268,808,1076
184,189,373
89,145,234
134,615,749
709,144,853
197,702,899
973,34,1007
17,425,442
462,238,700
412,491,903
847,262,1109
748,905,1653
42,475,517
552,478,1030
913,697,1610
747,938,1685
821,545,1366
0,680,680
593,505,1098
671,894,1565
414,559,973
19,759,778
347,786,1133
64,963,1027
330,973,1303
881,995,1876
963,895,1858
112,480,592
540,14,554
837,512,1349
662,472,1134
397,112,509
566,975,1541
315,233,548
298,591,889
592,587,1179
389,835,1224
921,195,1116
213,481,694
604,46,650
737,73,810
352,832,1184
890,834,1724
722,58,780
182,80,262
858,676,1534
382,54,436
745,262,1007
62,211,273
660,672,1332
436,868,1304
32,857,889
623,813,1436
81,870,951
311,21,332
346,455,801
739,415,1154
993,734,1727
715,170,885
764,901,1665
399,381,780
920,563,1483
348,700,1048
225,986,1211
754,912,1666
823,637,1460
185,481,666
587,421,1008
822,252,1074
395,42,437
756,974,1730
641,874,1515
655,963,1618
419,330,749
926,416,1342
692,226,918
844,843,1687
667,368,1035
392,957,1349
625,651,1276
345,385,730
190,743,933
135,74,209
448,611,1059
637,352,989
243,459,702
854,522,1376
756,749,1505
726,140,866
321,735,1056
294,550,844
763,243,1006
419,54,473
987,784,1771
628,567,1195
1,887,888
363,937,1300
395,208,603
136,979,1115
359,711,1070
437,527,964
159,82,241
242,643,885
40,415,455
830,280,1110
158,258,416
310,42,352
944,331,1275
164,726,890
514,723,1237
565,207,772
300,926,1226
196,572,768
921,464,1385
395,320,715
125,779,904
196,633,829
122,55,177
220,885,1105
769,350,1119
660,418,1078
764,432,1196
773,831,1604
33,876,909
58,115,173
283,869,1152
19,764,783
674,919,1593
456,693,1149
252,602,854
242,906,1148
191,915,1106
40,324,364
334,114,448
536,344,880
4,372,376
784,217,1001
507,166,673
696,419,1115
574,226,800
252,681,933
395,134,529
750,11,761
844,640,1484
948,50,998
769,812,1581
126,425,551
183,945,1128
480,204,684
445,461,906
245,683,928
514,862,1376
914,275,1189
586,862,1448
398,579,977
596,588,1184
364,837,1201
16,677,693
124,507,631
929,574,1503
601,308,909
12,75,87
413,808,1221
309,644,953
104,185,289
858,702,1560
747,999,1746
300,514,814
376,531,907
294,518,812
360,209,569
179,525,704
749,306,1055
454,535,989
913,140,1053
632,89,721
101,756,857
7,539,546
96,210,306
100,701,801
605,341,946
861,815,1676
73,945,1018
322,584,906
270,258,528
199,709,908
836,205,1041
343,290,633
305,265,570
610,356,966
375,819,1194
539,920,1459
932,824,1756
458,479,937
118,991,1109
345,165,510
302,449,751
58,249,307
133,22,155
633,872,1505
789,613,1402
97,14,111
260,637,897
694,71,765
276,838,1114
810,25,835
887,832,1719
368,755,1123
351,422,773
937,582,1519
627,426,1053
216,79,295
71,449,520
488,885,1373
670,846,1516
593,55,648
94,156,250
118,910,1028
72,464,536
114,540,654
78,274,352
415,698,1113
621,735,1356
281,852,1133
353,582,935
920,350,1270
459,860,1319
415,995,1410
833,610,1443
48,991,1039
116,213,329
355,335,690
261,191,452
678,283,961
340,822,1162
293,747,1040
998,163,1161
143,723,866
538,942,1480
743,515,1258
828,232,1060
677,262,939
689,499,1188
711,693,1404
294,1,295
92,381,473
130,832,962
177,162,339
876,765,1641
162,373,535
255,203,458
983,161,1144
969,500,1469
790,745,1535
739,805,1544
214,372,586
918,605,1523
254,210,464
647,794,1441
734,48,782
103,563,666
963,344,1307
529,262,791
0,377,377
887,960,1847
179,237,416
763,57,820
106,544,650
799,819,1618
983,860,1843
704,323,1027
708,135,843
122,291,413
567,180,747
55,691,746
377,127,504
611,971,1582
966,833,1799
751,329,1080
718,535,1253
159,981,1140
162,462,624
435,321,756
991,776,1767
857,656,1513
147,348,495
645,181,826
597,785,1382
878,451,1329
654,221,875
442,880,1322
720,516,1236
988,700,1688
773,246,1019
673,850,1523
25,239,264
162,594,756
837,669,1506
802,611,1413
748,285,1033
987,951,1938
728,642,1370
980,864,1844
980,510,1490
183,94,277
390,816,1206
413,629,1042
115,302,417
915,835,1750
751,148,899
212,734,946
152,546,698
521,222,743
246,490,736
709,64,773
552,761,1313
815,966,1781
131,686,817
940,980,1920
941,875,1816
146,621,767
180,64,244
690,204,894
268,25,293
418,745,1163
433,611,1044
646,140,786
792,860,1652
459,279,738
437,601,1038
1000,431,1431
82,367,449
876,932,1808
789,611,1400
143,743,886
233,187,420
881,599,1480
934,260,1194
394,223,617
641,64,705
128,401,529
580,523,1103
539,598,1137
679,901,1580
965,873,1838
158,192,350
126,19,145
944,323,1267
376,141,517
440,359,799
717,109,826
542,910,1452
705,649,1354
176,661,837
385,967,1352
560,5,565
964,564,1528
264,39,303
408,474,882
947,29,976
886,589,1475
89,441,530
191,666,857
596,630,1226
525,808,1333
675,767,1442
343,740,1083
558,932,1490
7,22,29
634,820,1454
996,429,1425
564,62,626
507,75,582
400,902,1302
386,54,440
599,313,912
447,18,465
122,119,241
425,610,1035
532,680,1212
349,955,1304
451,499,950
83,91,174
708,748,1456
915,405,1320
544,945,1489
740,267,1007
718,123,841
601,531,1132
578,751,1329
345,844,1189
897,954,1851
776,130,906
141,578,719
342,660,1002
442,232,674
824,128,952
110,894,1004
295,749,1044
864,154,1018
465,739,1204
699,131,830
531,524,1055
361,751,1112
582,627,1209
135,360,495
770,293,1063
867,907,1774
66,759,825
855,492,1347
563,737,1300
532,250,782
541,833,1374
956,730,1686
685,714,1399
747,478,1225
1000,318,1318
577,445,1022
43,334,377
343,422,765
535,105,640
460,725,1185
369,971,1340
203,809,1012
797,523,1320
134,50,184
205,49,254
11,520,531
874,597,1471
360,908,1268
390,10,400
36,270,306
814,711,1525
509,991,1500
196,588,784
919,322,1241
288,38,326
780,851,1631
18,59,77
789,106,895
234,73,307
818,141,959
268,340,608
277,201,478
909,114,1023
394,461,855
55,772,827
799,639,1438
488,470,958
165,493,658
527,772,1299
434,413,847
171,545,716
66,258,324
121,42,163
53,248,301
706,122,828
214,233,447
354,618,972
711,480,1191
520,386,906
878,319,1197
392,957,1349
958,968,1926
456,451,907
440,108,548
652,56,708
409,920,1329
615,579,1194
106,890,996
285,313,598
203,308,511
736,785,1521
276,454,730
84,408,492
479,119,598
534,891,1425
662,109,771
353,461,814
149,722,871
645,805,1450
480,765,1245
367,523,890
335,983,1318
980,423,1403
105,516,621
708,720,1428
462,863,1325
336,417,753
806,765,1571
626,698,1324
266,419,685
704,398,1102
667,996,1663
202,443,645
869,557,1426
743,885,1628
204,76,280
388,643,1031
885,419,1304
457,861,1318
618,437,1055
944,612,1556
389,685,1074
876,471,1347
948,155,1103
66,218,284
841,551,1392
694,445,1139
689,664,1353
439,214,653
312,532,844
344,569,913
624,218,842
904,423,1327
748,257,1005
787,620,1407
998,648,1646
122,497,619
323,414,737
19,248,267
114,595,709
511,724,1235
863,378,1241
663,654,1317
277,536,813
132,841,973
342,241,583
625,819,1444
656,915,1571
350,848,1198
41,832,873
875,994,1869
170,316,486
30,357,387
907,791,1698
331,248,579
10,468,478
1,876,877
706,600,1306
818,64,882
275,79,354
885,94,979
629,867,1496
288,343,631
894,396,1290
288,557,845
221,797,1018
550,987,1537
931,733,1664
22,63,85
400,676,1076
830,756,1586
445,596,1041
693,550,1243
904,545,1449
551,573,1124
984,279,1263
999,464,1463
398,71,469
185,416,601
647,955,1602
696,468,1164
143,940,1083
893,380,1273
260,808,1068
252,148,400
512,230,742
873,674,1547
150,573,723
344,332,676
570,624,1194
824,454,1278
40,617,657
937,38,975
353,132,485
887,937,1824
71,692,763
440,588,1028
835,128,963
856,772,1628
411,277,688
478,861,1339
232,669,901
103,690,793
390,563,953
642,8,650
465,638,1103
923,151,1074
213,947,1160
946,141,1087
605,675,1280
107,779,886
83,601,684
510,570,1080
577,81,658
974,232,1206
220,561,781
697,532,1229
923,717,1640
187,213,400
900,610,1510
357,648,1005
251,308,559
388,603,991
753,53,806
792,571,1363
737,16,753
352,344,696
916,427,1343
285,82,367
691,699,1390
740,857,1597
434,257,691
522,345,867
744,207,951
520,186,706
535,807,1342
924,457,1381
852,270,1122
672,825,1497
434,142,576
437,72,509
372,754,1126
121,398,519
390,161,551
437,456,893
984,77,1061
17,413,430
769,337,1106
16,34,50
443,651,1094
172,198,370
190,882,1072
309,648,957
161,462,623
954,297,1251
330,152,482
586,323,909
715,879,1594
722,124,846
971,157,1128
588,989,1577
521,700,1221
239,669,908
470,790,1260
467,162,629
764,162,926
680,108,788
342,989,1331
287,67,354
265,696,961
397,606,1003
159,976,1135
560,81,641
515,266,781
491,923,1414
472,892,1364
648,284,932
776,836,1612
217,339,556
585,760,1345
609,546,1155
243,846,1089
760,584,1344
60,398,458
35,435,470
67,27,94
802,620,1422
361,127,488
338,565,903
538,451,989
240,31,271
788,597,1385
428,76,504
825,184,1009
630,175,805
152,734,886
924,921,1845
308,106,414
519,173,692
963,353,1316
889,841,1730
102,502,604
614,256,870
305,701,1006
96,85,181
383,501,884
902,365,1267
8,887,895
537,855,1392
964,267,1231
308,483,791
115,795,910
918,100,1018
700,853,1553
126,492,618
857,144,1001
948,316,1264
864,72,936
621,827,1448
918,411,1329
614,453,1067
360,901,1261
149,400,549
513,660,1173
71,681,752
376,572,948
268,104,372
269,164,433
494,421,915
358,611,969
934,813,1747
517,213,730
618,870,1488
840,188,1028
735,15,750
367,53,420
819,743,1562
168,365,533
819,892,1711
943,372,1315
345,19,364
987,58,1045
223,52,275
692,53,745
693,288,981
491,1000,1491
974,944,1918
695,268,963
397,888,1285
546,254,800
171,517,688
947,235,1182
240,978,1218
300,22,322
231,945,1176
111,651,762
481,184,665
478,882,1360
430,319,749
242,505,747
974,305,1279
528,108,636
10,186,196
475,426,901
770,525,1295
740,306,1046
846,566,1412
840,961,1801
447,977,1424
78,546,624
857,772,1629
779,393,1172
973,384,1357
40,835,875
250,681,931
873,740,1613
835,923,1758
950,112,1062
120,591,711
516,825,1341
852,186,1038
833,46,879
346,892,1238
211,258,469
298,52,350
100,454,554
537,66,603
799,735,1534
451,904,1355
596,535,1131
809,4,813
49,48,97
193,316,509
937,684,1621
574,449,1023
777,593,1370
451,62,513
986,469,1455
338,364,702
593,488,1081
373,249,622
523,979,1502
473,661,1134
986,822,1808
533,364,897
514,802,1316
486,769,1255
624,575,1199
229,384,613
42,524,566
101,549,650
920,1000,1920
382,843,1225
779,542,1321
811,333,1144
795,464,1259
482,284,766
73,625,698
202,962,1164
184,27,211
936,173,1109
156,528,684
689,938,1627
390,113,503
78,82,160
428,433,861
122,518,640
290,514,804
250,222,472
44,140,184
632,17,649
882,856,1738
163,729,892
151,429,580
550,189,739
956,931,1887
467,355,822
248,942,1190
843,787,1630
206,996,1202
81,107,188
916,265,1181
190,260,450
39,512,551
310,626,936
660,269,929
462,72,534
888,76,964
926,373,1299
222,715,937
500,1,501
370,734,1104
212,846,1058
924,711,1635
750,476,1226
328,179,507
846,583,1429
610,616,1226
167,227,394
634,157,791
684,241,925
72,812,884
251,36,287
44,133,177
882,992,1874
473,752,1225
673,97,770
553,852,1405
613,272,885
416,566,982
911,141,1052
394,291,685
20,27,47
76,845,921
739,130,869
896,605,1501
256,185,441
664,855,1519
194,483,677
811,134,945
348,148,496
325,299,624
429,622,1051
637,644,1281
215,656,871
695,27,722
978,860,1838
830,359,1189
366,30,396
479,976,1455
145,304,449
738,704,1442
625,792,1417
863,49,912
166,541,707
634,636,1270
899,527,1426
370,937,1307
227,49,276
687,888,1575
820,647,1467
590,920,1510
755,629,1384
272,297,569
204,57,261
579,535,1114
525,718,1243
862,500,1362
649,450,1099
936,508,1444
523,751,1274
314,342,656
299,87,386
940,621,1561
584,138,722
91,160,251
678,169,847
337,216,553
547,241,788
170,787,957
892,297,1189
279,540,819
338,695,1033
211,561,772
924,100,1024
549,464,1013
544,800,1344
147,599,746
116,501,617
898,80,978
336,555,891
302,838,1140
83,227,310
591,718,1309
935,281,1216
367,22,389
787,287,1074
653,331,984
310,65,375
22,642,664
706,926,1632
471,228,699
442,584,1026
757,107,864
383,385,768
811,109,920
766,539,1305
412,319,731
609,126,735
184,296,480
556,40,596
150,325,475
304,312,616
249,404,653
19,467,486
881,433,1314
126,705,831
224,250,474
701,54,755
224,529,753
900,453,1353
154,68,222
363,711,1074
658,352,1010
436,425,861
589,27,616
3,40,43
501,839,1340
921,799,1720
778,830,1608
216,792,1008
487,615,1102
225,883,1108
251,441,692
384,877,1261
11,822,833
296,357,653
239,269,508
818,507,1325
960,960,1920
383,361,744
685,14,699
785,635,1420
651,313,964
45,254,299
562,708,1270
3,899,902
834,223,1057
79,716,795
822,805,1627
912,470,1382
268,21,289
27,799,826
584,137,721
262,571,833
66,907,973
362,276,638
37,729,766
765,233,998
323,949,1272
549,32,581
994,494,1488
582,307,889
724,587,1311
69,976,1045
741,100,841
748,571,1319
226,978,1204
980,446,1426
382,919,1301
382,226,608
578,691,1269
510,402,912
927,894,1821
677,396,1073
847,91,938
431,531,962
460,251,711
991,56,1047
827,977,1804
343,401,744
771,679,1450
503,868,1371
412,500,912
556,821,1377
482,57,539
241,107,348
248,894,1142
742,397,1139
283,107,390
885,762,1647
855,360,1215
520,681,1201
681,284,965
368,200,568
701,584,1285
893,600,1493
944,75,1019
802,801,1603
357,174,531
870,576,1446
719,44,763
948,234,1182
48,353,401
703,794,1497
900,399,1299
794,849,1643
987,15,1002
422,35,457
972,659,1631
281,923,1204
81,91,172
622,967,1589
626,485,1111
412,54,466
585,554,1139
5,904,909
174,615,789
558,420,978
676,388,1064
759,776,1535
70,976,1046
461,308,769
992,455,1447
134,109,243
225,94,319
298,262,560
19,653,672
530,10,540
120,85,205
676,988,1664
569,543,1112
408,928,1336
756,175,931
153,133,286
392,472,864
230,442,672
600,674,1274
32,541,573
299,326,625
697,656,1353
459,488,947
225,474,699
401,847,1248
698,920,1618
374,996,1370
284,249,533
980,464,1444
542,955,1497
326,609,935
540,84,624
626,176,802
170,562,732
169,170,339
350,786,1136
334,851,1185
166,52,218
736,625,1361
8,491,499
179,353,532
94,813,907
578,126,704
58,415,473
961,281,1242
204,162,366
748,663,1411
514,118,632
880,43,923
986,101,1087
954,170,1124
421,699,1120
871,603,1474
922,363,1285
439,500,939
449,381,830
614,68,682
105,229,334
983,534,1517
652,850,1502
400,48,448
906,893,1799
8,412,420
434,209,643
168,365,533
82,697,779
482,781,1263
319,413,732
18,355,373
316,826,1142
460,907,1367
552,802,1354
181,261,442
584,695,1279
915,968,1883
697,453,1150
347,811,1158
618,484,1102
122,64,186
565,741,1306
621,565,1186
25,518,543
355,315,670
808,26,834
760,299,1059
928,122,1050
176,416,592
349,816,1165
201,34,235
196,520,716
560,314,874
726,130,856
661,129,790
287,202,489
39,397,436
214,36,250
169,305,474
300,327,627
527,814,1341
785,872,1657
183,885,1068
266,236,502
844,451,1295
908,987,1895
462,64,526
679,707,1386
22,982,1004
399,32,431
265,712,977
629,325,954
622,842,1464
641,722,1363
717,420,1137
31,291,322
16,390,406
265,737,1002
718,924,1642
944,238,1182
85,602,687
980,94,1074
658,247,905
683,392,1075
384,728,1112
274,512,786
499,433,932
936,605,1541
276,229,505
854,818,1672
724,942,1666
475,740,1215
297,859,1156
693,14,707
251,917,1168
440,658,1098
408,515,923
420,424,844
70,127,197
313,436,749
992,271,1263
610,489,1099
970,166,1136
224,234,458
538,352,890
911,190,1101
129,525,654
970,27,997
26,835,861
570,36,606
832,947,1779
945,794,1739
485,372,857
343,45,388
19,441,460
537,331,868
403,390,793
814,273,1087
854,908,1762
922,857,1779
996,510,1506
605,480,1085
361,157,518
785,613,1398
984,117,1101
555,429,984
529,766,1295
849,10,859
727,751,1478
170,795,965
566,547,1113
683,918,1601
721,337,1058
371,940,1311
504,366,870
5,259,264
657,26,683
340,628,968
845,74,919
99,84,183
29,135,164
0,408,408
375,688,1063
964,122,1086
599,468,1067
97,716,813
525,263,788
448,324,772
898,365,1263
894,936,1830
561,732,1293
849,269,1118
361,566,927
342,589,931
426,973,1399
348,964,1312
142,114,256
946,500,1446
505,301,806
367,721,1088
416,760,1176
663,54,717
388,556,944
366,997,1363
492,308,800
202,742,944
644,682,1326
82,432,514
38,345,383
152,199,351
569,482,1051
953,193,1146
722,697,1419
344,758,1102
511,551,1062
399,477,876
252,935,1187
560,737,1297
499,272,771
920,179,1099
877,161,1038
390,579,969
697,325,1022
637,849,1486
930,369,1299
818,791,1609
792,1,793
603,993,1596
489,28,517
488,546,1034
398,661,1059
814,551,1365
677,389,1066
59,421,480
29,896,925
530,428,958
784,440,1224
355,206,561
710,664,1374
998,88,1086
805,848,1653
11,297,308
703,384,1087
630,677,1307
94,87,181
349,823,1172
662,61,723
97,137,234
939,590,1529
586,886,1472
83,769,852
755,296,1051
373,114,487
197,955,1152
496,649,1145
139,918,1057
355,429,784
244,104,348
499,7,506
631,391,1022
943,496,1439
930,394,1324
970,544,1514
586,602,1188
434,187,621
342,478,820
779,400,1179
159,999,1158
389,67,456
485,449,934
273,914,1187
885,493,1378
838,98,936
214,392,606
852,252,1104
403,973,1376
238,855,1093
420,607,1027
685,218,903
21,979,1000
218,350,568
280,848,1128
962,152,1114
91,444,535
902,527,1429
716,690,1406
520,711,1231
499,937,1436
639,539,1178
670,255,925
850,454,1304
340,909,1249
6,914,920
889,844,1733
905,293,1198
366,491,857
10,243,253
759,526,1285
504,594,1098
716,328,1044
555,413,968
521,893,1414
402,708,1110
525,309,834
402,731,1133
174,362,536
308,75,383
510,290,800
171,241,412
559,130,689
359,982,1341
443,563,1006
524,822,1346
240,653,893
7,766,773
849,276,1125
452,612,1064
133,863,996
464,902,1366
803,631,1434
841,638,1479
996,873,1869
134,984,1118
508,450,958
956,819,1775
778,289,1067
933,34,967
271,65,336
594,84,678
724,835,1559
616,142,758
319,398,717
890,496,1386
442,700,1142
778,912,1690
856,179,1035
314,40,354
147,723,870
260,316,576
913,617,1530
6,388,394
968,766,1734
685,713,1398
773,156,929
858,391,1249
210,505,715
2,284,286
156,714,870
901,352,1253
349,317,666
362,356,718
995,11,1006
439,361,800
794,999,1793
2,757,759
787,33,820
377,230,607
777,555,1332
997,472,1469
219,369,588
380,638,1018
20,322,342
801,5,806
793,457,1250
149,432,581
787,900,1687
335,647,982
821,369,1190
459,35,494
45,77,122
616,762,1378
894,583,1477
922,494,1416
58,910,968
284,337,621
98,879,977
701,750,1451
271,49,320
540,315,855
369,238,607
755,90,845
740,174,914
716,228,944
620,810,1430
8,845,853
314,58,372
995,747,1742
258,301,559
736,615,1351
38,281,319
207,927,1134
846,289,1135
185,667,852
808,60,868
691,363,1054
393,772,1165
299,563,862
932,143,1075
835,578,1413
797,691,1488
838,790,1628
36,675,711
959,815,1774
89,777,866
510,308,818
760,924,1684
473,356,829
71,534,605
751,494,1245
45,504,549
830,944,1774
722,41,763
2,999,1001
713,401,1114
518,558,1076
850,674,1524
707,242,949
953,647,1600
713,537,1250
638,205,843
27,580,607
710,507,1217
749,401,1150
512,265,777
51,476,527
856,351,1207
578,718,1296
297,210,507
141,260,401
987,30,1017
841,167,1008
630,992,1622
776,865,1641
738,773,1511
355,918,1273
489,638,1127
581,18,599
385,632,1017
253,746,999
261,14,275
685,3,688
139,898,1037
652,533,1185
889,356,1245
939,639,1578
961,319,1280
440,416,856
976,157,1133
840,545,1385
543,399,942
298,354,652
437,401,838
735,304,1039
553,479,1032
270,385,655
33,473,506
369,231,600
536,964,1500
128,573,701
79,556,635
484,367,851
583,659,1242
455,950,1405
154,100,254
363,12,375
106,776,882
193,589,782
183,960,1143
724,752,1476
524,924,1448
236,468,704
126,989,1115
682,944,1626
680,317,997
34,338,372
869,729,1598
224,697,921
544,872,1416
829,200,1029
641,910,1551
281,938,1219
929,384,1313
516,273,789
536,233,769
48,62,110
427,797,1224
443,682,1125
799,481,1280
994,548,1542
763,265,1028
175,972,1147
548,609,1157
466,793,1259
717,94,811
689,923,1612
558,374,932
498,636,1134
464,847,1311
554,159,713
824,70,894
889,189,1078
231,613,844
18,490,508
320,10,330
956,880,1836
495,382,877
821,862,1683
915,629,1544
560,225,785
352,621,973
184,375,559
415,383,798
414,536,950
674,836,1510
536,141,677
605,133,738
627,992,1619
618,864,1482
754,379,1133
315,189,504
772,982,1754
317,404,721
67,439,506
2,607,609
140,707,847
995,24,1019
54,796,850
264,927,1191
17,827,844
885,774,1659
876,378,1254
102,522,624
170,874,1044
908,711,1619
441,758,1199
286,259,545
207,692,899
821,415,1236
717,295,1012
340,155,495
538,165,703
909,68,977
330,640,970
412,58,470
88,486,574
287,700,987
104,823,927
888,761,1649
596,100,696
205,652,857
385,665,1050
145,663,808
49,453,502
644,680,1324
117,916,1033
87,567,654
349,318,667
881,831,1712
806,601,1407
950,365,1315
593,449,1042
309,975,1284
834,683,1517
296,195,491
794,985,1779
559,772,1331
667,57,724
330,416,746
6,897,903
878,762,1640
264,618,882
669,891,1560
151,41,192
243,508,751
368,261,629
440,87,527
553,830,1383
782,535,1317
342,7,349
399,277,676
215,239,454
296,532,828
440,90,530
702,580,1282
383,502,885
918,920,1838
986,10,996
978,577,1555
90,79,169
379,944,1323
588,245,833
108,646,754
372,442,814
63,875,938
84,262,346
966,98,1064
400,673,1073
206,556,762
449,730,1179
990,500,1490
142,223,365
698,643,1341
588,77,665
856,750,1606
194,197,391
524,632,1156
85,658,743
114,752,866
671,496,1167
963,442,1405
189,713,902
488,262,750
874,713,1587
572,696,1268
29,466,495
117,983,1100
171,29,200
761,201,962
646,468,1114
90,959,1049
668,640,1308
783,285,1068
758,532,1290
751,594,1345
226,417,643
84,381,465
752,663,1415
58,65,123
918,548,1466
575,462,1037
82,69,151
931,616,1547
582,159,741
845,586,1431
981,40,1021
459,606,1065
754,123,877
531,779,1310
755,74,829
429,250,679
482,202,684
506,317,823
991,546,1537
183,859,1042
452,357,809
400,976,1376
208,420,628
406,843,1249
627,419,1046
713,780,1493
268,712,980
323,247,570
51,126,177
46,309,355
417,481,898
131,465,596
397,86,483
584,129,713
225,597,822
275,597,872
686,520,1206
460,104,564
868,26,894
174,620,794
376,519,895
154,590,744
446,531,977
908,721,1629
749,506,1255
706,959,1665
656,268,924
690,544,1234
704,575,1279
569,467,1036
157,563,720
998,963,1961
143,756,899
512,757,1269
914,374,1288
622,692,1314
934,21,955
658,851,1509
657,934,1591
883,541,1424
107,469,576
693,81,774
593,928,1521
102,191,293
579,951,1530
837,35,872
301,313,614
64,93,157
428,589,1017
660,507,1167
432,530,962
434,490,924
987,838,1825
659,908,1567
41,686,727
525,467,992
938,633,1571
326,539,865
301,30,331
415,229,644
612,101,713
417,687,1104
174,835,1009
51,88,139
723,48,771
811,633,1444
828,502,1330
683,34,717
20,744,764
531,481,1012
748,328,1076
983,281,1264
534,838,1372
228,620,848
147,62,209
919,674,1593
912,628,1540
866,364,1230
877,18,895
741,537,1278
709,252,961
985,273,1258
548,303,851
948,570,1518
867,842,1709
449,805,1254
228,896,1124
364,499,863
902,594,1496
587,224,811
39,340,379
175,931,1106
203,386,589
826,487,1313
435,781,1216
287,645,932
197,116,313
443,229,672
895,536,1431
549,4,553
392,927,1319
807,505,1312
817,383,1200
424,713,1137
375,939,1314
758,423,1181
641,573,1214
871,631,1502
779,238,1017
311,508,819
867,284,1151
782,109,891
133,719,852
837,870,1707
352,477,829
335,86,421
166,119,285
724,360,1084
633,146,779
461,484,945
246,450,696
967,806,1773
106,480,586
274,865,1139
533,460,993
602,494,1096
384,554,938
573,396,969
209,575,784
895,502,1397
375,197,572
808,560,1368
534,531,1065
838,106,944
197,361,558
623,502,1125
412,334,746
503,300,803
675,97,772
378,397,775
266,237,503
32,710,742
37,22,59
875,261,1136
439,311,750
554,410,964
536,543,1079
239,201,440
510,592,1102
379,863,1242
582,105,687
225,127,352
61,397,458
941,978,1919
589,74,663
411,281,692
826,351,1177
143,462,605
699,893,1592
178,836,1014
794,28,822
92,53,145
509,701,1210
857,216,1073
565,304,869
912,785,1697
227,122,349
940,762,1702
977,113,1090
528,642,1170
778,733,1511
905,302,1207
668,717,1385
372,661,1033
484,756,1240
896,302,1198
614,176,790
917,894,1811
999,919,1918
260,339,599
528,735,1263
129,369,498
428,386,814
583,100,683
987,668,1655
718,903,1621
358,766,1124
422,906,1328
946,337,1283
646,76,722
190,633,823
922,146,1068
544,144,688
618,150,768
364,177,541
802,802,1604
923,639,1562
909,431,1340
884,137,1021
587,595,1182
198,77,275
957,526,1483
898,871,1769
807,790,1597
382,901,1283
853,236,1089
761,325,1086
627,67,694
421,301,722
244,543,787
945,983,1928
295,118,413
918,435,1353
271,534,805
114,41,155
965,48,1013
600,354,954
761,361,1122
202,974,1176
134,620,754
144,567,711
280,871,1151
602,382,984
219,568,787
977,939,1916
32,141,173
150,599,749
867,690,1557
453,797,1250
844,293,1137
32,111,143
612,313,925
57,12,69
693,234,927
471,917,1388
265,570,835
503,599,1102
544,894,1438
780,409,1189
780,676,1456
201,907,1108
941,926,1867
537,968,1505
808,257,1065
869,581,1450
342,11,353
365,805,1170
895,997,1892
368,157,525
150,771,921
38,601,639
804,365,1169
222,9,231
423,512,935
809,90,899
165,352,517
853,516,1369
676,862,1538
949,697,1646
810,445,1255
2,238,240
420,528,948
218,457,675
389,693,1082
354,334,688
221,699,920
905,224,1129
827,343,1170
508,904,1412
639,479,1118
680,502,1182
414,375,789
363,690,1053
506,453,959
625,27,652
184,363,547
760,193,953
54,26,80
752,839,1591
332,712,1044
492,257,749
142,342,484
242,24,266
234,621,855
174,34,208
42,967,1009
704,932,1636
80,327,407
560,144,704
273,133,406
908,222,1130
397,686,1083
785,446,1231
440,678,1118
620,392,1012
980,469,1449
251,656,907
37,839,876
853,682,1535
767,788,1555
435,151,586
573,744,1317
535,175,710
13,405,418
319,785,1104
462,927,1389
753,429,1182
58,555,613
583,898,1481
249,690,939
879,47,926
712,716,1428
342,281,623
349,359,708
85,704,789
230,656,886
746,882,1628
662,237,899
678,353,1031
716,393,1109
268,772,1040
107,804,911
339,942,1281
180,242,422
475,334,809
129,105,234
838,619,1457
940,278,1218
551,795,1346
980,116,1096
909,732,1641
231,99,330
305,741,1046
193,862,1055
798,945,1743
76,611,687
117,810,927
694,23,717
318,5,323
670,618,1288
154,341,495
428,670,1098
381,599,980
300,550,850
772,162,934
344,976,1320
100,787,887
800,81,881
924,291,1215
345,38,383
884,952,1836
535,268,803
468,673,1141
693,83,776
637,659,1296
494,81,575
132,434,566
106,25,131
677,57,734
34,759,793
222,63,285
855,205,1060
602,999,1601
220,819,1039
233,577,810
874,422,1296
576,367,943
899,280,1179
980,605,1585
488,201,689
305,828,1133
654,505,1159
621,970,1591
763,911,1674
112,731,843
496,696,1192
427,974,1401
162,807,969
695,27,722
90,822,912
635,225,860
452,25,477
550,987,1537
951,236,1187
158,724,882
464,741,1205
266,986,1252
363,780,1143
632,693,1325
27,476,503
567,450,1017
712,894,1606
315,229,544
19,303,322
271,654,925
159,710,869
344,659,1003
201,598,799
722,354,1076
111,917,1028
956,381,1337
211,737,948
839,122,961
133,387,520
297,556,853
924,270,1194
275,880,1155
351,882,1233
858,501,1359
469,357,826
988,350,1338
438,836,1274
56,39,95
428,166,594
793,970,1763
929,530,1459
13,563,576
629,312,941
770,973,1743
527,358,885
198,28,226
759,648,1407
790,233,1023
399,279,678
369,292,661
221,503,724
901,995,1896
777,618,1395
199,73,272
403,526,929
856,967,1823
379,74,453
465,100,565
661,966,1627
181,423,604
425,432,857
590,915,1505
222,614,836
460,526,986
941,411,1352
628,753,1381
147,78,225
442,440,882
701,912,1613
277,122,399
107,380,487
70,898,968
857,791,1648
333,942,1275
4,609,613
281,489,770
748,766,1514
900,190,1090
657,385,1042
669,465,1134
648,843,1491
411,501,912
588,894,1482
778,921,1699
100,327,427
993,342,1335
819,791,1610
297,978,1275
184,4,188
408,966,1374
359,780,1139
571,675,1246
805,798,1603
670,323,993
8,225,233
1000,841,1841
875,345,1220
57,75,132
96,784,880
39,376,415
881,931,1812
556,589,1145
606,16,622
354,989,1343
233,159,392
906,641,1547
80,502,582
26,279,305
227,316,543
63,175,238
900,857,1757
449,972,1421
300,209,509
236,959,1195
967,647,1614
603,870,1473
238,216,454
458,482,940
331,807,1138
874,39,913
209,645,854
183,588,771
935,250,1185
764,771,1535
261,574,835
414,946,1360
909,126,1035
120,665,785
814,991,1805
692,823,1515
15,357,372
186,907,1093
844,265,1109
114,199,313
782,544,1326
943,243,1186
711,137,848
788,324,1112
1,574,575
421,577,998
754,325,1079
932,401,1333
68,649,717
357,467,824
761,521,1282
917,52,969
539,279,818
363,774,1137
229,12,241
749,518,1267
633,809,1442
724,167,891
152,702,854
816,475,1291
134,172,306
635,114,749
374,717,1091
279,362,641
736,885,1621
911,453,1364
641,421,1062
424,24,448
174,419,593
992,534,1526
695,389,1084
105,764,869
26,322,348
337,491,828
31,260,291
438,424,862
148,544,692
328,20,348
15,463,478
328,36,364
903,350,1253
962,458,1420
92,550,642
640,14,654
316,113,429
776,745,1521
569,606,1175
287,772,1059
317,124,441
400,464,864
213,957,1170
6,339,345
384,307,691
751,514,1265
196,851,1047
965,597,1562
812,730,1542
705,663,1368
193,471,664
97,20,117
220,513,733
472,990,1462
789,212,1001
58,679,737
201,494,695
686,0,686
343,640,983
194,845,1039
488,904,1392
43,200,243
176,232,408
585,488,1073
788,579,1367
552,573,1125
701,408,1109
51,84,135
260,552,812
910,9,919
766,875,1641
228,725,953
750,492,1242
888,573,1461
63,591,654
241,624,865
53,680,733
589,583,1172
122,531,653
279,310,589
636,916,1552
35,47,82
799,950,1749
138,859,997
647,86,733
127,554,681
207,280,487
814,306,1120
512,738,1250
133,198,331
885,177,1062
778,339,1117
920,541,1461
935,101,1036
647,583,1230
91,226,317
649,979,1628
496,274,770
924,433,1357
89,498,587
423,862,1285
860,753,1613
939,445,1384
199,913,1112
740,557,1297
112,868,980
350,42,392
368,792,1160
932,52,984
993,252,1245
769,451,1220
690,945,1635
879,816,1695
963,955,1918
584,749,1333
793,122,915
218,567,785
489,121,610
219,72,291
297,674,971
714,258,972
76,936,1012
345,265,610
747,691,1438
8,542,550
187,291,478
798,285,1083
287,383,670
508,462,970
903,267,1170
510,518,1028
256,82,338
471,678,1149
889,990,1879
617,26,643
727,769,1496
906,988,1894
666,585,1251
301,998,1299
923,298,1221
729,743,1472
234,701,935
568,533,1101
268,672,940
667,299,966
676,693,1369
846,96,942
653,471,1124
811,342,1153
136,936,1072
670,983,1653
662,671,1333
412,361,773
879,431,1310
962,347,1309
454,125,579
561,62,623
734,257,991
470,371,841
703,447,1150
406,968,1374
902,381,1283
387,584,971
890,437,1327
577,297,874
495,255,750
629,716,1345
72,837,909
266,939,1205
457,359,816
297,513,810
646,280,926
699,974,1673
576,940,1516
492,549,1041
789,630,1419
539,71,610
887,950,1837
474,985,1459
572,771,1343
918,116,1034
270,49,319
629,730,1359
486,648,1134
24,696,720
982,207,1189
443,187,630
1000,724,1724
903,509,1412
729,600,1329
239,329,568
838,682,1520
897,73,970
61,432,493
158,276,434
363,650,1013
316,774,1090
687,82,769
514,601,1115
620,131,751
878,930,1808
355,243,598
945,427,1372
532,325,857
560,112,672
858,782,1640
84,418,502
531,502,1033
947,68,1015
798,762,1560
657,688,1345
715,560,1275
429,846,1275
957,93,1050
245,195,440
145,245,390
395,625,1020
929,290,1219
65,650,715
958,244,1202
552,170,722
724,72,796
238,416,654
374,176,550
465,606,1071
858,711,1569
681,515,1196
79,593,672
272,986,1258
357,522,879
788,710,1498
586,56,642
668,209,877
970,614,1584
351,962,1313
636,55,691
787,78,865
26,618,644
917,259,1176
464,781,1245
86,193,279
877,501,1378
306,862,1168
322,218,540
369,522,891
50,265,315
480,902,1382
395,33,428
897,306,1203
488,951,1439
395,541,936
603,266,869
2,927,929
37,220,257
0,320,320
131,408,539
478,218,696
167,9,176
268,525,793
339,978,1317
752,319,1071
981,797,1778
762,929,1691
434,662,1096
578,949,1527
911,697,1608
36,993,1029
81,896,977
508,191,699
889,559,1448
156,990,1146
841,785,1626
300,344,644
850,353,1203
715,166,881
746,451,1197
74,265,339
353,913,1266
437,949,1386
212,853,1065
797,15,812
172,970,1142
951,20,971
107,28,135
326,589,915
794,684,1478
78,540,618
802,365,1167
59,878,937
978,893,1871
831,267,1098
868,624,1492
938,144,1082
310,655,965
905,220,1125
139,536,675
467,930,1397
727,890,1617
327,271,598
62,901,963
535,980,1515
254,547,801
140,41,181
907,358,1265
340,866,1206
725,476,1201
385,945,1330
125,136,261
859,289,1148
390,965,1355
589,797,1386
205,874,1079
907,677,1584
568,585,1153
780,468,1248
256,424,680
925,205,1130
348,806,1154
615,229,844
608,388,996
926,770,1696
363,247,610
507,419,926
999,888,1887
729,272,1001
891,386,1277
909,331,1240
158,959,1117
220,360,580
838,183,1021
973,676,1649
4,751,755
691,758,1449
434,346,780
21,219,240
747,544,1291
560,132,692
99,585,684
854,348,1202
32,730,762
807,865,1672
276,492,768
65,254,319
270,11,281
92,809,901
402,768,1170
127,707,834
721,768,1489
202,459,661
695,494,1189
238,399,637
641,807,1448
822,606,1428
193,685,878
979,302,1281
310,733,1043
796,550,1346
494,377,871
770,309,1079
289,217,506
134,536,670
82,159,241
296,163,459
199,828,1027
327,416,743
638,119,757
134,994,1128
853,459,1312
503,518,1021
183,340,523
285,237,522
349,971,1320
840,80,920
279,696,975
87,443,530
808,233,1041
594,874,1468
887,22,909
673,901,1574
191,236,427
25,589,614
262,686,948
812,385,1197
682,439,1121
522,284,806
334,66,400
230,684,914
715,359,1074
964,441,1405
863,247,1110
251,58,309
221,440,661
686,456,1142
737,491,1228
880,235,1115
354,928,1282
950,110,1060
613,36,649
315,866,1181
521,910,1431
91,996,1087
411,515,926
464,94,558
386,269,655
632,751,1383
69,436,505
73,112,185
946,993,1939
278,501,779
778,950,1728
288,206,494
117,532,649
255,583,838
787,38,825
35,655,690
540,430,970
860,952,1812
894,580,1474
353,797,1150
203,625,828
215,114,329
238,162,400
803,275,1078
24,974,998
392,499,891
868,546,1414
681,381,1062
912,567,1479
380,302,682
649,75,724
663,304,967
116,351,467
950,211,1161
818,345,1163
737,788,1525
752,667,1419
590,0,590
299,627,926
685,831,1516
482,595,1077
457,249,706
95,363,458
682,238,920
897,992,1889
538,117,655
861,950,1811
464,625,1089
825,887,1712
284,575,859
861,429,1290
819,274,1093
133,147,280
686,684,1370
445,777,1222
120,386,506
628,114,742
15,120,135
231,447,678
130,556,686
217,130,347
925,19,944
486,553,1039
13,346,359
212,932,1144
507,573,1080
7,145,152
136,922,1058
272,960,1232
441,996,1437
37,110,147
317,330,647
791,506,1297
568,695,1263
186,392,578
452,431,883
867,5,872
511,888,1399
235,481,716
740,470,1210
39,951,990
896,285,1181
955,782,1737
814,745,1559
754,736,1490
694,712,1406
22,597,619
140,938,1078
701,660,1361
214,350,564
755,319,1074
264,346,610
581,903,1484
940,299,1239
748,634,1382
387,770,1157
178,199,377
385,27,412
175,44,219
750,429,1179
540,793,1333
810,133,943
245,770,1015
318,75,393
872,208,1080
189,120,309
830,604,1434
71,179,250
970,996,1966
947,520,1467
426,243,669
86,52,138
332,460,792
468,896,1364
555,619,1174
383,120,503
302,224,526
875,850,1725
71,305,376
138,129,267
820,770,1590
864,302,1166
273,10,283
618,938,1556
746,614,1360
178,932,1110
255,356,611
485,910,1395
668,453,1121
542,855,1397
152,81,233
109,462,571
994,480,1474
142,838,980
710,538,1248
641,452,1093
665,524,1189
425,500,925
767,143,910
174,597,771
61,244,305
834,487,1321
990,14,1004
980,792,1772
887,825,1712
977,806,1783
787,156,943
652,320,972
119,516,635
876,233,1109
963,968,1931
951,621,1572
328,800,1128
790,616,1406
329,26,355
452,306,758
677,206,883
427,679,1106
216,634,850
104,639,743
155,420,575
6,550,556
618,373,991
29,526,555
684,805,1489
176,627,803
285,441,726
176,643,819
102,429,531
484,156,640
65,811,876
499,318,817
299,855,1154
520,110,630
988,685,1673
31,514,545
286,135,421
348,435,783
422,889,1311
454,328,782
527,135,662
618,108,726
175,783,958
167,989,1156
345,697,1042
484,411,895
492,942,1434
193,247,440
164,771,935
358,764,1122
264,47,311
184,326,510
317,501,818
783,103,886
638,466,1104
141,143,284
737,477,1214
506,827,1333
471,184,655
817,438,1255
276,260,536
648,36,684
916,922,1838
475,866,1341
854,388,1242
807,134,941
628,65,693
247,172,419
786,89,875
26,703,729
228,488,716
419,509,928
752,233,985
520,426,946
18,10,28
965,808,1773
414,554,968
934,324,1258
341,694,1035
96,903,999
720,766,1486
822,272,1094
930,445,1375
752,96,848
505,16,521
317,263,580
678,645,1323
321,94,415
980,994,1974
180,574,754
346,198,544
974,99,1073
733,388,1121
600,165,765
383,829,1212
626,672,1298
945,445,1390
890,735,1625
491,559,1050
288,868,1156
824,545,1369
313,211,524
486,466,952
399,345,744
941,798,1739
114,516,630
696,336,1032
173,507,680
389,731,1120
21,795,816
348,453,801
70,319,389
626,904,1530
293,567,860
252,510,762
925,336,1261
185,187,372
485,405,890
614,234,848
48,770,818
320,297,617
176,862,1038
425,515,940
484,513,997
363,381,744
734,260,994
379,245,624
312,207,519
522,424,946
163,220,383
152,1000,1152
580,85,665
252,404,656
347,902,1249
823,167,990
683,403,1086
501,102,603
355,988,1343
946,592,1538
284,436,720
966,103,1069
868,933,1801
529,755,1284
945,101,1046
126,298,424
930,888,1818
71,224,295
897,910,1807
673,493,1166
267,28,295
92,227,319
631,387,1018
320,468,788
641,491,1132
139,305,444
940,347,1287
478,228,706
487,641,1128
190,252,442
752,387,1139
765,456,1221
505,823,1328
567,440,1007
240,736,976
699,114,813
177,957,1134
179,649,828
759,239,998
441,40,481
525,147,672
39,341,380
836,463,1299
764,853,1617
738,707,1445
532,12,544
309,741,1050
392,908,1300
761,680,1441
172,146,318
371,329,700
824,870,1694
591,818,1409
380,129,509
553,106,659
58,627,685
934,656,1590
529,666,1195
885,928,1813
615,249,864
27,696,723
27,770,797
599,863,1462
11,99,110
941,302,1243
709,962,1671
825,208,1033
527,982,1509
778,75,853
377,829,1206
593,926,1519
135,184,319
820,793,1613
519,270,789
602,18,620
137,468,605
382,905,1287
399,840,1239
97,324,421
508,965,1473
613,917,1530
262,44,306
777,91,868
6,908,914
355,244,599
975,973,1948
7,372,379
144,969,1113
681,746,1427
154,806,960
44,317,361
653,118,771
94,117,211
114,677,791
62,386,448
604,370,974
601,689,1290
638,957,1595
97,678,775
698,485,1183
392,64,456
872,297,1169
705,104,809
256,480,736
449,995,1444
583,723,1306
975,613,1588
76,546,622
924,991,1915
541,389,930
478,894,1372
702,371,1073
413,420,833
443,479,922
717,609,1326
299,370,669
415,688,1103
989,653,1642
267,73,340
616,735,1351
395,782,1177
223,778,1001
355,918,1273
398,658,1056
184,788,972
779,233,1012
318,28,346
992,845,1837
68,443,511
36,735,771
906,159,1065
959,420,1379
881,842,1723
440,529,969
793,680,1473
340,99,439
229,458,687
981,222,1203
757,625,1382
124,180,304
753,434,1187
566,37,603
637,280,917
763,280,1043
697,304,1001
395,828,1223
1,788,789
437,771,1208
189,348,537
601,686,1287
579,615,1194
375,651,1026
32,665,697
175,929,1104
454,402,856
60,701,761
876,366,1242
184,506,690
179,524,703
50,164,214
905,603,1508
195,290,485
946,233,1179
709,581,1290
377,840,1217
232,649,881
880,697,1577
96,149,245
626,378,1004
9,389,398
237,787,1024
917,186,1103
200,524,724
389,314,703
92,758,850
702,108,810
776,571,1347
371,507,878
676,581,1257
130,158,288
674,8,682
267,466,733
717,468,1185
300,361,661
822,585,1407
53,251,304
815,509,1324
675,359,1034
98,809,907
72,501,573
769,137,906
943,596,1539
114,794,908
670,422,1092
884,342,1226
462,724,1186
113,924,1037
132,809,941
501,169,670
637,979,1616
129,98,227
159,190,349
419,208,627
264,212,476
850,245,1095
372,727,1099
495,96,591
100,945,1045
148,127,275
631,294,925
795,394,1189
838,98,936
318,522,840
548,436,984
129,357,486
838,852,1690
903,440,1343
152,962,1114
290,913,1203
393,111,504
557,1,558
604,607,1211
281,850,1131
817,33,850
837,856,1693
667,2,669
569,204,773
583,25,608
327,646,973
292,37,329
216,351,567
397,264,661
234,22,256
822,851,1673
837,68,905
908,499,1407
990,712,1702
734,498,1232
669,600,1269
948,532,1480
232,23,255
652,397,1049
702,39,741
571,486,1057
395,444,839
532,473,1005
530,158,688
433,973,1406
614,809,1423
656,941,1597
45,193,238
782,891,1673
423,490,913
192,318,510
559,530,1089
491,621,1112
151,955,1106
373,503,876
736,451,1187
203,283,486
946,110,1056
46,161,207
781,201,982
778,118,896
944,21,965
514,143,657
97,324,421
937,124,1061
371,901,1272
92,334,426
599,155,754
802,326,1128
500,384,884
370,206,576
506,332,838
38,435,473
476,304,780
105,294,399
271,0,271
500,722,1222
712,337,1049
75,394,469
713,896,1609
371,863,1234
660,741,1401
659,699,1358
992,470,1462
846,935,1781
145,338,483
579,679,1258
583,436,1019
170,490,660
808,766,1574
103,355,458
128,416,544
316,413,729
687,379,1066
739,872,1611
197,684,881
525,382,907
363,23,386
591,212,803
749,943,1692
985,175,1160
175,748,923
840,5,845
572,393,965
663,797,1460
212,869,1081
432,882,1314
115,272,387
638,258,896
574,152,726
373,393,766
995,250,1245
456,550,1006
739,508,1247
38,7,45
153,576,729
293,631,924
748,725,1473
28,267,295
721,615,1336
912,925,1837
473,117,590
283,90,373
534,718,1252
544,358,902
587,123,710
60,117,177
717,974,1691
317,177,494
677,485,1162
634,752,1386
305,282,587
929,778,1707
796,572,1368
631,274,905
374,998,1372
728,1000,1728
583,956,1539
460,960,1420
623,781,1404
505,183,688
815,470,1285
350,742,1092
76,357,433
655,460,1115
908,758,1666
36,427,463
740,938,1678
990,241,1231
555,444,999
0,12,12
809,926,1735
768,508,1276
973,557,1530
661,455,1116
941,892,1833
84,43,127
14,809,823
373,400,773
538,354,892
204,948,1152
249,237,486
137,855,992
52,229,281
652,221,873
340,494,834
789,297,1086
260,399,659
677,180,857
351,317,668
255,123,378
62,523,585
552,960,1512
398,487,885
417,157,574
216,811,1027
843,835,1678
287,989,1276
683,232,915
171,896,1067
131,947,1078
601,39,640
605,534,1139
589,140,729
18,94,112
634,682,1316
80,670,750
909,14,923
970,639,1609
465,225,690
161,30,191
748,534,1282
785,752,1537
239,78,317
528,499,1027
661,433,1094
41,866,907
180,235,415
896,733,1629
786,292,1078
206,87,293
245,782,1027
546,152,698
205,241,446
279,156,435
245,918,1163
661,497,1158
155,331,486
332,529,861
944,265,1209
967,745,1712
582,591,1173
587,992,1579
845,879,1724
135,711,846
61,181,242
184,329,513
791,718,1509
45,151,196
556,357,913
218,613,831
142,838,980
683,207,890
765,551,1316
68,559,627
875,252,1127
472,460,932
585,985,1570
982,217,1199
718,90,808
829,385,1214
61,191,252
939,134,1073
279,875,1154
654,325,979
996,813,1809
955,988,1943
380,431,811
146,744,890
119,562,681
130,244,374
141,536,677
184,303,487
348,912,1260
193,794,987
810,849,1659
932,483,1415
401,254,655
2,35,37
454,9,463
442,962,1404
833,615,1448
672,422,1094
746,568,1314
966,615,1581
517,156,673
30,605,635
982,762,1744
667,658,1325
411,71,482
712,12,724
426,898,1324
414,452,866
262,653,915
437,280,717
968,674,1642
588,975,1563
257,470,727
994,506,1500
0,386,386
277,322,599
976,311,1287
262,820,1082
851,665,1516
812,459,1271
408,607,1015
912,623,1535
266,225,491
591,72,663
198,172,370
716,209,925
920,952,1872
949,323,1272
200,797,997
268,623,891
246,476,722
845,949,1794
904,491,1395
792,92,884
272,455,727
389,688,1077
62,169,231
537,723,1260
91,343,434
960,165,1125
989,960,1949
459,371,830
437,580,1017
175,594,769
627,764,1391
432,311,743
513,919,1432
45,761,806
760,282,1042
756,434,1190
606,468,1074
898,667,1565
560,900,1460
384,328,712
19,547,566
920,999,1919
303,453,756
904,1,905
590,759,1349
487,677,1164
128,328,456
915,943,1858
655,8,663
183,107,290
60,982,1042
625,973,1598
629,779,1408
391,284,675
143,935,1078
563,314,877
957,340,1297
736,56,792
217,281,498
910,516,1426
743,637,1380
221,554,775
946,468,1414
225,951,1176
868,520,1388
311,140,451
537,262,799
760,542,1302
744,501,1245
420,855,1275
337,308,645
316,670,986
701,786,1487
136,961,1097
377,215,592
294,501,795
391,167,558
927,992,1919
186,234,420
763,92,855
720,936,1656
804,845,1649
245,955,1200
863,591,1454
198,485,683
3,701,704
781,229,1010
655,886,1541
665,182,847
662,77,739
563,98,661
302,427,729
770,499,1269
739,106,845
722,132,854
757,284,1041
178,211,389
932,433,1365
784,377,1161
52,346,398
256,357,613
523,347,870
737,345,1082
934,832,1766
157,161,318
682,838,1520
138,417,555
906,378,1284
16,651,667
910,316,1226
857,533,1390
561,634,1195
758,17,775
126,577,703
679,897,1576
156,140,296
412,92,504
849,476,1325
479,417,896
207,527,734
85,400,485
50,172,222
142,179,321
773,554,1327
477,352,829
306,172,478
601,996,1597
867,192,1059
26,862,888
979,296,1275
221,632,853
858,781,1639
373,418,791
748,621,1369
232,476,708
185,900,1085
334,895,1229
927,113,1040
739,129,868
511,585,1096
460,104,564
433,401,834
910,279,1189
624,240,864
805,359,1164
707,98,805
907,824,1731
318,118,436
644,63,707
277,470,747
972,864,1836
844,628,1472
659,138,797
454,899,1353
754,196,950
503,237,740
495,878,1373
453,192,645
516,721,1237
414,173,587
213,573,786
766,959,1725
964,499,1463
912,1000,1912
827,798,1625
237,104,341
536,607,1143
518,274,792
725,916,1641
859,996,1855
374,54,428
468,267,735
656,327,983
955,565,1520
689,395,1084
144,238,382
701,391,1092
133,526,659
261,616,877
104,832,936
147,808,955
559,488,1047
667,31,698
343,254,597
909,886,1795
217,728,945
467,749,1216
612,600,1212
438,558,996
704,450,1154
956,615,1571
219,366,585
976,131,1107
183,399,582
154,5,159
288,789,1077
606,434,1040
890,778,1668
640,517,1157
162,209,371
936,490,1426
347,373,720
205,866,1071
631,560,1191
480,609,1089
578,725,1303
589,392,981
357,693,1050
822,312,1134
98,390,488
826,300,1126
288,744,1032
658,932,1590
278,978,1256
665,667,1332
159,317,476
44,342,386
372,326,698
588,934,1522
926,683,1609
968,665,1633
13,461,474
665,758,1423
891,194,1085
795,567,1362
364,7,371
430,854,1284
714,26,740
681,766,1447
542,796,1338
829,414,1243
580,650,1230
876,729,1605
973,994,1967
693,836,1529
187,195,382
322,379,701
870,936,1806
540,610,1150
355,716,1071
53,623,676
324,207,531
827,722,1549
447,189,636
557,905,1462
314,176,490
601,209,810
497,235,732
866,437,1303
600,368,968
252,866,1118
600,737,1337
762,368,1130
897,706,1603
862,846,1708
579,827,1406
513,427,940
861,383,1244
957,236,1193
641,757,1398
900,220,1120
25,270,295
190,60,250
808,257,1065
609,959,1568
210,151,361
996,191,1187
668,957,1625
781,712,1493
141,93,234
534,757,1291
658,344,1002
775,551,1326
134,589,723
805,748,1553
53,134,187
973,834,1807
34,728,762
61,861,922
697,153,850
196,31,227
457,98,555
836,611,1447
249,918,1167
81,964,1045
524,118,642
709,703,1412
736,888,1624
455,222,677
697,502,1199
333,628,961
872,117,989
829,699,1528
314,222,536
172,536,708
214,623,837
482,235,717
546,57,603
268,820,1088
692,399,1091
329,95,424
338,702,1040
712,411,1123
918,913,1831
948,731,1679
537,529,1066
828,903,1731
868,800,1668
90,317,407
878,754,1632
488,40,528
307,562,869
451,782,1233
821,173,994
145,684,829
294,547,841
573,657,1230
776,498,1274
88,969,1057
247,156,403
760,95,855
520,360,880
379,322,701
586,869,1455
816,50,866
636,909,1545
187,830,1017
177,149,326
741,292,1033
774,348,1122
61,305,366
282,257,539
263,989,1252
989,550,1539
482,894,1376
687,696,1383
750,894,1644
210,244,454
493,150,643
79,381,460
624,985,1609
269,739,1008
358,777,1135
721,82,803
258,132,390
142,657,799
140,808,948
46,405,451
24,39,63
601,879,1480
721,749,1470
249,337,586
941,682,1623
905,6,911
164,463,627
599,99,698
803,322,1125
174,316,490
143,899,1042
233,63,296
759,649,1408
286,776,1062
532,507,1039
420,669,1089
455,581,1036
354,935,1289
599,82,681
868,177,1045
8,69,77
478,687,1165
322,540,862
581,886,1467
79,646,725
195,254,449
502,137,639
428,792,1220
893,854,1747
747,834,1581
725,552,1277
233,799,1032
963,737,1700
119,619,738
241,431,672
769,747,1516
469,958,1427
741,989,1730
939,101,1040
883,609,1492
334,106,440
905,422,1327
924,730,1654
733,151,884
686,596,1282
84,860,944
968,548,1516
697,466,1163
12,805,817
754,981,1735
428,485,913
328,85,413
860,895,1755
857,229,1086
281,370,651
543,929,1472
209,150,359
389,599,988
461,594,1055
225,557,782
207,13,220
281,77,358
954,862,1816
592,569,1161
265,448,713
112,551,663
515,452,967
61,912,973
405,274,679
58,264,322
54,800,854
233,73,306
593,836,1429
547,789,1336
349,354,703
859,611,1470
327,664,991
230,655,885
342,263,605
110,986,1096
848,966,1814
64,558,622
269,178,447
40,31,71
411,42,453
356,399,755
252,217,469
249,443,692
433,511,944
620,339,959
550,431,981
943,135,1078
478,645,1123
292,129,421
122,177,299
467,459,926
28,804,832
705,904,1609
756,369,1125
680,279,959
469,198,667
710,811,1521
390,172,562
188,893,1081
302,55,357
162,333,495
264,448,712
639,740,1379
274,740,1014
533,285,818
513,655,1168
75,974,1049
248,228,476
209,985,1194
978,558,1536
435,205,640
423,851,1274
544,749,1293
297,312,609
474,277,751
387,611,998
806,828,1634
530,93,623
53,784,837
684,121,805
268,646,914
185,989,1174
299,354,653
105,189,294
521,575,1096
779,999,1778
653,812,1465
422,213,635
71,342,413
984,733,1717
564,991,1555
63,546,609
675,868,1543
96,183,279
752,931,1683
751,57,808
172,745,917
971,616,1587
204,572,776
696,782,1478
634,694,1328
178,896,1074
340,646,986
255,675,930
380,694,1074
148,892,1040
591,396,987
839,910,1749
623,18,641
955,946,1901
436,306,742
240,614,854
577,404,981
158,823,981
992,262,1254
264,537,801
223,962,1185
935,83,1018
250,14,264
794,512,1306
143,573,716
675,405,1080
114,423,537
72,136,208
693,215,908
188,134,322
918,143,1061
860,122,982
89,527,616
927,827,1754
702,48,750
403,973,1376
46,54,100
610,156,766
708,700,1408
623,948,1571
665,732,1397
823,918,1741
533,762,1295
309,818,1127
598,764,1362
912,638,1550
476,821,1297
725,912,1637
247,521,768
249,385,634
252,675,927
912,824,1736
763,953,1716
234,973,1207
204,283,487
918,303,1221
35,813,848
628,897,1525
123,64,187
476,332,808
250,520,770
787,447,1234
754,489,1243
193,366,559
254,16,270
931,363,1294
435,208,643
670,934,1604
927,754,1681
936,548,1484
397,909,1306
692,597,1289
614,531,1145
624,354,978
43,158,201
337,131,468
941,640,1581
922,357,1279
148,989,1137
5,110,115
651,942,1593
528,542,1070
181,880,1061
870,407,1277
895,301,1196
802,632,1434
133,609,742
601,25,626
950,677,1627
724,495,1219
142,872,1014
339,357,696
574,183,757
56,6,62
553,376,929
14,683,697
78,533,611
470,284,754
284,510,794
46,270,316
499,297,796
938,926,1864
25,37,62
551,172,723
962,892,1854
672,732,1404
90,397,487
14,647,661
876,836,1712
828,582,1410
624,763,1387
394,975,1369
871,295,1166
839,244,1083
468,370,838
873,976,1849
98,824,922
436,890,1326
378,37,415
813,280,1093
282,53,335
514,2,516
119,634,753
421,427,848
204,330,534
170,153,323
370,433,803
619,647,1266
529,914,1443
290,961,1251
953,242,1195
954,342,1296
573,999,1572
468,953,1421
542,677,1219
943,180,1123
207,259,466
301,364,665
966,40,1006
727,314,1041
240,913,1153
953,158,1111
235,891,1126
600,969,1569
268,152,420
623,121,744
500,757,1257
430,307,737
304,19,323
594,203,797
211,394,605
412,74,486
447,374,821
239,491,730
489,214,703
64,579,643
349,853,1202
71,956,1027
71,976,1047
538,7,545
551,717,1268
602,427,1029
677,553,1230
866,730,1596
838,229,1067
857,298,1155
308,262,570
401,305,706
276,492,768
998,569,1567
178,138,316
971,658,1629
449,589,1038
921,449,1370
197,522,719
330,144,474
339,419,758
941,113,1054
192,531,723
259,584,843
339,796,1135
270,660,930
810,315,1125
205,207,412
597,719,1316
67,737,804
380,41,421
460,867,1327
402,13,415
608,436,1044
215,89,304
385,884,1269
398,993,1391
426,487,913
935,452,1387
313,488,801
146,432,578
327,26,353
940,830,1770
318,913,1231
410,225,635
406,773,1179
11,436,447
615,225,840
206,109,315
264,957,1221
713,77,790
939,60,999
555,112,667
259,508,767
62,387,449
803,785,1588
686,867,1553
313,506,819
664,9,673
175,22,197
867,610,1477
279,187,466
172,794,966
434,652,1086
800,135,935
200,181,381
145,290,435
825,736,1561
196,877,1073
629,521,1150
193,101,294
452,620,1072
377,343,720
674,583,1257
76,781,857
729,262,991
732,909,1641
363,736,1099
192,97,289
54,865,919
727,732,1459
879,209,1088
92,235,327
965,13,978
583,746,1329
878,345,1223
39,175,214
501,557,1058
310,350,660
195,42,237
518,116,634
996,997,1993
29,851,880
612,856,1468
702,553,1255
275,257,532
506,353,859
737,794,1531
278,599,877
709,800,1509
88,621,709
435,978,1413
287,218,505
687,371,1058
861,87,948
685,106,791
170,742,912
174,411,585
173,121,294
573,824,1397
632,64,696
354,475,829
18,599,617
714,499,1213
722,987,1709
928,145,1073
236,202,438
322,498,820
946,602,1548
896,756,1652
622,416,1038
289,22,311
403,681,1084
800,902,1702
593,206,799
843,131,974
327,661,988
159,963,1122
476,450,926
154,126,280
912,821,1733
11,171,182
732,223,955
351,841,1192
488,453,941
964,675,1639
457,969,1426
216,854,1070
934,12,946
162,346,508
317,816,1133
727,244,971
16,688,704
376,259,635
873,324,1197
118,261,379
315,76,391
377,261,638
303,904,1207
707,807,1514
854,658,1512
641,288,929
241,396,637
695,838,1533
956,173,1129
977,697,1674
177,219,396
561,299,860
79,734,813
270,676,946
407,245,652
506,362,868
426,36,462
523,546,1069
473,816,1289
256,138,394
722,815,1537
193,626,819
244,757,1001
916,150,1066
499,197,696
414,387,801
756,510,1266
267,991,1258
808,957,1765
126,982,1108
817,5,822
469,329,798
385,518,903
65,194,259
551,583,1134
812,145,957
734,7,741
772,888,1660
133,241,374
732,105,837
988,858,1846
20,776,796
158,85,243
618,41,659
941,654,1595
881,513,1394
728,615,1343
260,12,272
168,401,569
278,43,321
613,815,1428
188,2,190
927,687,1614
246,585,831
231,532,763
143,517,660
667,30,697
786,727,1513
671,165,836
807,46,853
452,967,1419
966,57,1023
399,89,488
126,1000,1126
430,715,1145
475,836,1311
531,168,699
36,271,307
95,107,202
365,432,797
77,802,879
232,472,704
980,626,1606
471,948,1419
959,598,1557
486,444,930
3,611,614
434,977,1411
795,703,1498
103,583,686
562,446,1008
833,623,1456
210,935,1145
235,501,736
120,565,685
169,534,703
642,370,1012
733,752,1485
451,683,1134
308,973,1281
653,6,659
715,335,1050
194,100,294
286,618,904
602,428,1030
56,379,435
583,646,1229
838,758,1596
494,857,1351
497,610,1107
748,468,1216
32,554,586
798,432,1230
316,920,1236
464,645,1109
335,633,968
278,897,1175
197,350,547
352,8,360
401,521,922
509,725,1234
530,592,1122
353,628,981
295,326,621
235,203,438
624,735,1359
771,619,1390
582,327,909
194,599,793
996,306,1302
110,201,311
661,121,782
448,142,590
378,359,737
548,762,1310
994,761,1755
75,875,950
112,864,976
934,702,1636
181,783,964
325,160,485
388,493,881
75,879,954
917,654,1571
512,918,1430
59,882,941
772,902,1674
102,760,862
155,385,540
299,430,729
948,198,1146
207,62,269
677,586,1263
365,823,1188
387,718,1105
140,317,457
241,745,986
42,325,367
852,29,881
983,16,999
205,109,314
344,401,745
422,770,1192
968,913,1881
459,415,874
677,659,1336
455,865,1320
404,461,865
58,82,140
21,982,1003
145,599,744
95,257,352
926,64,990
435,987,1422
620,628,1248
936,911,1847
406,919,1325
419,304,723
70,313,383
692,626,1318
451,344,795
732,273,1005
113,826,939
612,863,1475
42,126,168
434,374,808
625,403,1028
633,906,1539
134,579,713
40,749,789
559,793,1352
974,433,1407
973,150,1123
134,803,937
813,589,1402
528,527,1055
1,47,48
20,158,178
396,655,1051
164,535,699
861,928,1789
654,530,1184
35,202,237
67,202,269
614,212,826
659,521,1180
470,583,1053
79,568,647
804,584,1388
620,558,1178
837,12,849
273,799,1072
422,558,980
471,520,991
246,823,1069
591,485,1076
709,869,1578
967,286,1253
32,482,514
540,782,1322
938,45,983
158,810,968
766,625,1391
275,879,1154
548,149,697
870,543,1413
195,406,601
137,841,978
147,424,571
811,814,1625
964,306,1270
100,333,433
668,832,1500
41,893,934
231,534,765
839,318,1157
253,844,1097
569,768,1337
972,625,1597
137,662,799
923,910,1833
469,566,1035
897,627,1524
857,284,1141
857,480,1337
848,291,1139
255,981,1236
668,763,1431
808,488,1296
482,337,819
737,975,1712
653,609,1262
565,777,1342
983,238,1221
803,399,1202
850,175,1025
602,770,1372
213,807,1020
659,89,748
895,813,1708
669,594,1263
861,393,1254
121,50,171
46,728,774
133,945,1078
196,607,803
715,125,840
32,139,171
999,676,1675
132,207,339
264,462,726
338,982,1320
753,658,1411
680,394,1074
386,923,1309
671,848,1519
218,833,1051
571,641,1212
792,278,1070
812,435,1247
800,333,1133
78,953,1031
425,920,1345
75,842,917
40,862,902
999,413,1412
955,294,1249
282,822,1104
150,534,684
309,802,1111
710,451,1161
555,862,1417
751,659,1410
267,273,540
309,988,1297
609,815,1424
82,899,981
271,919,1190
132,254,386
821,229,1050
103,384,487
403,538,941
1,438,439
833,955,1788
207,535,742
550,564,1114
683,909,1592
737,936,1673
347,276,623
546,397,943
581,151,732
514,996,1510
774,331,1105
541,944,1485
441,690,1131
126,739,865
978,251,1229
609,143,752
283,523,806
483,376,859
384,382,766
499,33,532
17,493,510
932,108,1040
703,393,1096
204,823,1027
658,4,662
115,389,504
434,911,1345
368,945,1313
20,830,850
677,486,1163
542,843,1385
41,237,278
580,670,1250
340,65,405
146,224,370
590,666,1256
805,496,1301
131,933,1064
590,493,1083
131,649,780
903,531,1434
367,614,981
648,780,1428
411,270,681
194,312,506
972,132,1104
643,304,947
126,585,711
599,910,1509
935,525,1460
473,179,652
924,476,1400
390,342,732
638,194,832
165,427,592
183,483,666
591,24,615
599,701,1300
310,608,918
778,618,1396
454,273,727
507,233,740
1,745,746
591,75,666
422,90,512
312,187,499
195,891,1086
369,953,1322
487,35,522
130,131,261
602,473,1075
52,268,320
122,404,526
837,471,1308
779,546,1325
519,288,807
322,82,404
884,778,1662
952,308,1260
233,40,273
164,358,522
605,102,707
235,759,994
974,438,1412
0,765,765
454,730,1184
84,395,479
125,425,550
100,605,705
828,584,1412
404,886,1290
394,624,1018
479,298,777
41,941,982
512,531,1043
473,904,1377
284,992,1276
43,382,425
558,193,751
690,78,768
871,226,1097
580,965,1545
394,711,1105
321,721,1042
372,651,1023
325,555,880
541,663,1204
997,398,1395
191,46,237
366,318,684
948,815,1763
6,847,853
536,854,1390
993,359,1352
438,655,1093
258,460,718
928,352,1280
430,525,955
881,908,1789
577,982,1559
746,44,790
43,139,182
851,955,1806
369,479,848
797,457,1254
477,458,935
134,791,925
645,41,686
64,363,427
641,365,1006
264,343,607
814,578,1392
148,218,366
29,233,262
574,436,1010
860,707,1567
321,444,765
485,603,1088
278,855,1133
650,345,995
2,866,868
0,911,911
983,550,1533
671,825,1496
210,293,503
139,669,808
477,845,1322
507,643,1150
51,262,313
358,834,1192
715,127,842
804,510,1314
526,672,1198
724,691,1415
829,906,1735
140,45,185
503,168,671
936,175,1111
325,88,413
532,157,689
597,472,1069
149,181,330
730,151,881
298,504,802
443,801,1244
824,493,1317
23,38,61
422,539,961
571,493,1064
89,331,420
542,300,842
443,664,1107
594,549,1143
424,399,823
617,705,1322
552,821,1373
10,917,927
384,567,951
97,523,620
281,322,603
25,113,138
972,159,1131
586,743,1329
545,43,588
927,22,949
168,602,770
89,32,121
392,107,499
684,814,1498
722,739,1461
955,766,1721
208,584,792
114,429,543
73,859,932
433,119,552
822,330,1152
311,329,640
946,195,1141
308,721,1029
448,337,785
51,329,380
964,804,1768
294,534,828
547,757,1304
253,356,609
246,171,417
142,197,339
572,187,759
63,438,501
937,135,1072
158,145,303
66,743,809
49,635,684
321,152,473
37,97,134
72,457,529
444,240,684
322,706,1028
62,291,353
719,193,912
822,411,1233
769,572,1341
910,644,1554
271,879,1150
227,155,382
935,244,1179
823,694,1517
488,717,1205
453,240,693
291,808,1099
755,479,1234
238,659,897
380,165,545
859,978,1837
662,410,1072
420,227,647
228,798,1026
360,691,1051
855,306,1161
809,121,930
357,202,559
672,681,1353
806,705,1511
912,976,1888
478,369,847
570,838,1408
731,663,1394
848,694,1542
694,418,1112
528,458,986
476,83,559
768,564,1332
844,973,1817
67,139,206
481,827,1308
944,407,1351
270,636,906
598,681,1279
713,721,1434
827,418,1245
360,38,398
549,683,1232
202,404,606
185,806,991
163,497,660
784,41,825
43,588,631
283,49,332
469,12,481
117,981,1098
972,706,1678
917,35,952
623,809,1432
57,530,587
123,330,453
627,588,1215
685,368,1053
366,905,1271
530,14,544
776,5,781
649,378,1027
289,558,847
890,638,1528
863,1,864
658,939,1597
644,914,1558
492,423,915
696,896,1592
980,234,1214
554,532,1086
206,570,776
930,449,1379
532,241,773
224,670,894
696,454,1150
565,869,1434
147,330,477
12,734,746
236,98,334
917,300,1217
495,817,1312
781,965,1746
588,21,609
538,817,1355
279,928,1207
954,968,1922
770,691,1461
641,434,1075
424,940,1364
205,509,714
247,625,872
625,614,1239
487,62,549
121,333,454
499,510,1009
48,538,586
276,838,1114
650,450,1100
878,952,1830
130,19,149
554,467,1021
172,923,1095
156,141,297
906,809,1715
135,524,659
999,587,1586
731,881,1612
881,588,1469
859,307,1166
645,519,1164
282,871,1153
344,838,1182
941,590,1531
250,596,846
936,599,1535
871,226,1097
653,476,1129
121,316,437
316,435,751
563,819,1382
516,465,981
419,936,1355
103,428,531
606,404,1010
821,121,942
815,253,1068
86,840,926
733,74,807
116,965,1081
846,785,1631
241,664,905
254,679,933
705,689,1394
155,463,618
233,686,919
100,902,1002
736,668,1404
684,895,1579
652,422,1074
236,207,443
509,697,1206
82,748,830
190,769,959
349,335,684
917,348,1265
213,462,675
972,59,1031
788,467,1255
620,389,1009
200,71,271
909,383,1292
433,305,738
273,409,682
2,405,407
925,598,1523
492,277,769
746,787,1533
130,407,537
251,995,1246
30,291,321
666,261,927
656,615,1271
278,866,1144
917,66,983
299,609,908
770,574,1344
822,573,1395
613,786,1399
20,999,1019
822,644,1466
400,70,470
142,434,576
391,577,968
502,646,1148
472,789,1261
708,784,1492
955,139,1094
570,515,1085
620,152,772
709,619,1328
995,721,1716
69,967,1036
920,692,1612
517,441,958
567,494,1061
754,883,1637
871,255,1126
722,194,916
589,334,923
641,327,968
155,488,643
985,323,1308
559,401,960
277,891,1168
288,474,762
436,908,1344
490,964,1454
550,739,1289
493,313,806
203,170,373
51,59,110
224,907,1131
827,836,1663
208,156,364
869,882,1751
909,620,1529
333,842,1175
123,407,530
672,198,870
368,488,856
583,660,1243
938,308,1246
639,99,738
646,523,1169
831,215,1046
282,887,1169
107,258,365
393,649,1042
251,360,611
614,329,943
10,211,221
411,916,1327
434,103,537
92,321,413
344,572,916
125,893,1018
179,402,581
419,516,935
448,99,547
7,195,202
91,34,125
403,966,1369
580,906,1486
260,139,399
32,433,465
678,693,1371
739,891,1630
338,306,644
313,303,616
478,980,1458
403,137,540
947,440,1387
847,941,1788
637,465,1102
712,753,1465
626,349,975
28,863,891
689,629,1318
574,40,614
108,423,531
589,306,895
570,785,1355
753,701,1454
609,293,902
807,537,1344
636,620,1256
913,141,1054
694,434,1128
304,783,1087
522,92,614
349,295,644
331,258,589
4,115,119
615,258,873
639,984,1623
285,728,1013
604,844,1448
315,302,617
381,952,1333
666,612,1278
567,671,1238
604,320,924
130,735,865
443,181,624
803,884,1687
641,738,1379
478,294,772
809,504,1313
35,717,752
805,234,1039
901,539,1440
58,299,357
689,160,849
510,961,1471
954,315,1269
813,766,1579
249,520,769
606,413,1019
650,924,1574
817,145,962
239,196,435
8,994,1002
509,438,947
576,552,1128
817,712,1529
666,372,1038
107,53,160
609,614,1223
663,793,1456
782,676,1458
734,209,943
849,121,970
353,685,1038
486,420,906
263,27,290
82,810,892
687,184,871
588,726,1314
642,930,1572
727,11,738
256,478,734
24,14,38
609,630,1239
951,725,1676
155,204,359
125,298,423
800,937,1737
783,500,1283
614,974,1588
172,103,275
118,511,629
45,333,378
553,51,604
103,140,243
366,397,763
931,486,1417
972,769,1741
93,209,302
963,111,1074
67,846,913
738,719,1457
138,378,516
424,692,1116
772,977,1749
754,880,1634
311,261,572
637,901,1538
142,506,648
705,392,1097
138,717,855
981,884,1865
463,403,866
322,971,1293
148,221,369
230,139,369
969,851,1820
125,170,295
478,726,1204
682,4,686
381,3,384
101,447,548
165,876,1041
100,373,473
250,709,959
189,438,627
929,389,1318
511,703,1214
876,816,1692
829,919,1748
594,249,843
834,293,1127
885,943,1828
311,175,486
437,532,969
930,2,932
303,615,918
804,249,1053
572,368,940
413,346,759
143,831,974
817,131,948
719,925,1644
452,773,1225
857,839,1696
178,16,194
917,103,1020
836,544,1380
977,386,1363
576,803,1379
672,755,1427
891,11,902
889,653,1542
351,343,694
13,963,976
695,609,1304
802,92,894
406,994,1400
710,396,1106
189,850,1039
3,99,102
282,189,471
306,368,674
470,869,1339
443,868,1311
840,840,1680
267,36,303
492,679,1171
267,349,616
200,196,396
931,381,1312
294,548,842
317,409,726
101,685,786
359,272,631
82,825,907
315,65,380
6,221,227
494,135,629
636,496,1132
858,223,1081
388,762,1150
673,745,1418
493,57,550
843,934,1777
942,964,1906
167,743,910
617,876,1493
205,890,1095
461,976,1437
957,228,1185
950,373,1323
766,297,1063
91,607,698
837,96,933
962,855,1817
632,19,651
665,604,1269
479,419,898
823,389,1212
456,25,481
506,62,568
144,349,493
205,616,821
890,550,1440
372,223,595
816,658,1474
663,815,1478
854,993,1847
423,825,1248
10,707,717
278,443,721
806,222,1028
667,209,876
430,933,1363
37,455,492
829,596,1425
301,828,1129
44,750,794
375,255,630
665,80,745
697,757,1454
923,756,1679
420,477,897
586,308,894
506,155,661
612,99,711
333,11,344
408,263,671
838,263,1101
498,684,1182
22,297,319
144,421,565
637,848,1485
477,219,696
771,337,1108
659,925,1584
580,848,1428
171,291,462
166,55,221
283,890,1173
552,246,798
964,231,1195
267,449,716
49,460,509
98,569,667
827,281,1108
717,6,723
439,54,493
773,107,880
378,56,434
665,929,1594
590,235,825
140,872,1012
150,639,789
736,497,1233
54,874,928
169,964,1133
743,90,833
86,252,338
841,888,1729
553,951,1504
916,65,981
498,512,1010
328,487,815
350,315,665
488,992,1480
219,837,1056
28,662,690
44,304,348
251,826,1077
162,15,177
19,539,558
778,519,1297
196,488,684
616,118,734
195,587,782
355,334,689
781,706,1487
410,441,851
44,299,343
989,497,1486
963,79,1042
279,333,612
963,315,1278
78,192,270
543,316,859
79,37,116
598,306,904
308,255,563
263,292,555
576,792,1368
626,238,864
286,465,751
729,430,1159
256,183,439
995,887,1882
611,668,1279
183,847,1030
658,315,973
989,251,1240
493,613,1106
726,818,1544
114,526,640
775,482,1257
600,266,866
937,831,1768
589,36,625
333,216,549
50,252,302
87,128,215
403,789,1192
137,823,960
347,640,987
382,281,663
127,125,252
136,778,914
422,638,1060
996,628,1624
990,630,1620
999,465,1464
684,363,1047
496,672,1168
180,788,968
484,453,937
322,576,898
695,974,1669
647,186,833
268,36,304
234,26,260
207,568,775
17,544,561
296,214,510
601,340,941
930,590,1520
625,172,797
217,604,821
135,849,984
363,839,1202
5,833,838
602,115,717
996,449,1445
297,753,1050
763,767,1530
889,783,1672
38,913,951
563,501,1064
56,575,631
423,1000,1423
235,774,1009
922,382,1304
275,486,761
300,581,881
498,956,1454
670,857,1527
556,571,1127
824,549,1373
251,558,809
277,688,965
849,204,1053
640,767,1407
700,326,1026
747,788,1535
290,399,689
613,47,660
679,75,754
537,316,853
703,893,1596
748,516,1264
51,954,1005
37,156,193
119,380,499
161,196,357
176,685,861
974,49,1023
384,853,1237
571,858,1429
173,356,529
86,186,272
619,351,970
182,899,1081
818,624,1442
918,483,1401
257,970,1227
953,349,1302
76,24,100
855,119,974
139,367,506
201,153,354
281,795,1076
716,452,1168
498,529,1027
573,480,1053
595,155,750
6,134,140
368,458,826
698,208,906
519,967,1486
289,968,1257
40,433,473
600,91,691
82,774,856
696,625,1321
395,461,856
309,355,664
110,14,124
477,695,1172
839,517,1356
466,659,1125
32,793,825
171,459,630
241,255,496
569,440,1009
465,190,655
202,138,340
947,375,1322
261,850,1111
480,970,1450
723,903,1626
384,942,1326
621,6,627
727,859,1586
315,947,1262
649,656,1305
318,714,1032
791,308,1099
400,435,835
23,154,177
765,368,1133
607,910,1517
201,375,576
511,605,1116
859,258,1117
511,180,691
684,783,1467
480,730,1210
201,250,451
510,212,722
882,433,1315
697,927,1624
423,265,688
441,545,986
256,988,1244
697,455,1152
328,55,383
514,1000,1514
988,689,1677
768,981,1749
927,88,1015
837,814,1651
305,150,455
744,198,942
490,718,1208
789,48,837
965,551,1516
70,8,78
925,390,1315
117,159,276
809,906,1715
895,725,1620
392,48,440
596,313,909
733,881,1614
153,73,226
694,262,956
516,388,904
302,772,1074
107,185,292
90,880,970
449,838,1287
722,995,1717
958,257,1215
940,110,1050
643,638,1281
230,176,406
728,795,1523
306,927,1233
673,406,1079
635,827,1462
560,139,699
340,758,1098
463,576,1039
84,976,1060
277,765,1042
508,654,1162
157,516,673
332,461,793
617,803,1420
194,653,847
227,886,1113
946,532,1478
826,798,1624
762,128,890
103,755,858
552,817,1369
485,983,1468
905,256,1161
429,363,792
297,959,1256
319,532,851
718,887,1605
105,624,729
445,511,956
597,914,1511
497,325,822
560,898,1458
928,366,1294
541,483,1024
721,436,1157
886,754,1640
767,168,935
940,223,1163
937,413,1350
149,40,189
228,265,493
814,782,1596
26,7,33
556,775,1331
987,270,1257
569,35,604
127,488,615
109,300,409
846,445,1291
347,534,881
85,279,364
966,940,1906
473,113,586
614,431,1045
99,321,420
903,506,1409
288,639,927
152,725,877
734,71,805
114,127,241
362,839,1201
828,451,1279
535,417,952
810,671,1481
246,218,464
405,932,1337
944,641,1585
354,446,800
329,316,645
912,861,1773
938,773,1711
353,188,541
884,196,1080
487,406,893
862,522,1384
856,996,1852
559,527,1086
660,106,766
914,348,1262
933,135,1068
1000,128,1128
238,723,961
963,649,1612
311,7,318
921,754,1675
115,94,209
189,190,379
957,357,1314
801,742,1543
19,738,757
249,987,1236
596,420,1016
565,702,1267
426,813,1239
83,170,253
956,122,1078
1000,866,1866
103,171,274
392,832,1224
664,340,1004
447,144,591
785,870,1655
510,734,1244
724,590,1314
748,119,867
335,932,1267
34,476,510
892,828,1720
676,195,871
931,744,1675
321,24,345
96,396,492
32,514,546
500,387,887
426,184,610
812,258,1070
744,195,939
193,130,323
75,120,195
434,473,907
197,527,724
935,47,982
151,115,266
226,765,991
949,345,1294
169,140,309
42,188,230
885,177,1062
654,698,1352
222,464,686
202,285,487
517,409,926
937,296,1233
162,830,992
950,445,1395
899,51,950
57,338,395
310,35,345
339,19,358
437,851,1288
489,546,1035
784,432,1216
879,515,1394
405,161,566
259,873,1132
848,715,1563
124,296,420
917,554,1471
429,170,599
331,296,627
844,397,1241
622,809,1431
215,755,970
197,295,492
106,852,958
140,348,488
195,613,808
466,704,1170
702,759,1461
271,777,1048
314,504,818
264,996,1260
957,808,1765
948,667,1615
545,8,553
266,832,1098
189,999,1188
979,635,1614
427,513,940
176,211,387
384,596,980
745,728,1473
72,30,102
402,89,491
465,801,1266
699,437,1136
39,248,287
824,856,1680
631,389,1020
834,305,1139
312,804,1116
542,719,1261
524,9,533
568,19,587
823,663,1486
452,5,457
704,178,882
856,859,1715
309,418,727
145,29,174
62,295,357
771,800,1571
59,602,661
190,818,1008
809,757,1566
916,741,1657
529,156,685
395,545,940
640,633,1273
947,823,1770
562,215,777
188,876,1064
159,947,1106
102,98,200
280,479,759
684,157,841
980,777,1757
50,218,268
767,30,797
321,412,733
857,328,1185
799,819,1618
328,721,1049
603,270,873
623,272,895
283,797,1080
446,601,1047
747,383,1130
283,902,1185
898,819,1717
407,199,606
364,165,529
759,767,1526
478,886,1364
857,691,1548
426,228,654
987,480,1467
938,553,1491
26,142,168
132,138,270
747,944,1691
897,309,1206
942,891,1833
547,387,934
668,132,800
404,27,431
721,134,855
723,341,1064
606,852,1458
467,857,1324
779,311,1090
683,715,1398
735,647,1382
550,624,1174
134,650,784
223,171,394
308,308,616
222,74,296
212,784,996
47,917,964
76,921,997
364,470,834
806,317,1123
41,227,268
101,406,507
586,115,701
990,560,1550
140,923,1063
408,48,456
517,996,1513
451,750,1201
945,262,1207
245,313,558
751,571,1322
926,101,1027
665,399,1064
962,383,1345
117,265,382
107,46,153
429,394,823
135,662,797
200,445,645
451,814,1265
591,305,896
560,429,989
869,470,1339
819,366,1185
288,545,833
269,941,1210
962,333,1295
312,504,816
847,527,1374
222,398,620
536,147,683
92,74,166
303,189,492
242,102,344
332,514,846
530,502,1032
829,873,1702
732,21,753
931,943,1874
940,912,1852
403,247,650
637,586,1223
322,387,709
912,808,1720
899,123,1022
296,564,860
979,918,1897
386,985,1371
983,418,1401
375,68,443
746,524,1270
502,966,1468
638,592,1230
308,95,403
42,475,517
832,389,1221
829,54,883
804,361,1165
986,579,1565
242,23,265
411,392,803
289,889,1178
207,479,686
186,886,1072
542,937,1479
811,136,947
140,279,419
990,975,1965
615,332,947
741,160,901
336,995,1331
95,423,518
164,241,405
874,414,1288
201,220,421
975,921,1896
92,971,1063
94,369,463
245,569,814
59,269,328
90,57,147
415,652,1067
586,386,972
112,505,617
298,131,429
551,225,776
596,960,1556
556,275,831
776,295,1071
449,400,849
999,724,1723
487,383,870
534,187,721
926,250,1176
203,93,296
70,625,695
290,771,1061
840,338,1178
592,2,594
278,709,987
519,218,737
547,240,787
678,593,1271
248,416,664
203,983,1186
399,282,681
217,289,506
480,854,1334
287,496,783
307,389,696
270,530,800
217,297,514
799,236,1035
255,472,727
136,997,1133
489,303,792
195,110,305
876,184,1060
477,393,870
786,762,1548
607,808,1415
442,151,593
597,880,1477
948,795,1743
835,565,1400
644,446,1090
738,1000,1738
563,730,1293
593,962,1555
769,225,994
225,578,803
162,352,514
591,346,937
859,765,1624
635,841,1476
418,363,781
817,611,1428
211,431,642
442,616,1058
585,787,1372
55,186,241
889,20,909
833,171,1004
71,79,150
204,287,491
804,269,1073
513,138,651
456,211,667
669,580,1249
434,914,1348
340,593,933
421,88,509
739,512,1251
197,743,940
7,968,975
765,676,1441
426,356,782
381,114,495
538,487,1025
621,131,752
486,284,770
111,293,404
193,456,649
186,203,389
125,439,564
825,804,1629
80,343,423
537,290,827
142,209,351
932,87,1019
928,91,1019
216,494,710
933,410,1343
396,297,693
844,888,1732
12,195,207
771,381,1152
519,4,523
310,218,528
219,909,1128
555,836,1391
843,136,979
464,600,1064
307,934,1241
354,344,698
239,6,245
116,615,731
672,830,1502
819,358,1177
444,316,760
270,786,1056
988,90,1078
851,881,1732
20,710,730
516,388,904
851,608,1459
139,280,419
450,713,1163
569,293,862
18,118,136
157,207,364
164,894,1058
195,823,1018
815,830,1645
887,477,1364
552,179,731
346,747,1093
432,525,957
862,65,927
55,577,632
421,714,1135
817,425,1242
116,281,397
219,443,662
637,938,1575
763,968,1731
51,417,468
153,901,1054
149,970,1119
893,863,1756
907,878,1785
917,863,1780
164,616,780
976,290,1266
191,576,767
782,826,1608
493,772,1265
497,22,519
183,189,372
111,642,753
721,53,774
509,583,1092
138,568,706
55,590,645
480,797,1277
374,72,446
933,311,1244
648,844,1492
766,521,1287
241,685,926
71,329,400
34,415,449
419,916,1335
986,577,1563
203,230,433
271,396,667
202,77,279
486,121,607
463,69,532
171,125,296
819,182,1001
451,99,550
997,253,1250
91,921,1012
436,211,647
442,242,684
251,911,1162
100,203,303
467,471,938
716,355,1071
497,672,1169
79,392,471
770,142,912
947,781,1728
833,492,1325
114,683,797
909,305,1214
214,712,926
128,312,440
800,622,1422
270,515,785
864,113,977
873,243,1116
399,334,733
108,943,1051
108,124,232
757,47,804
419,830,1249
774,468,1242
428,915,1343
71,326,397
582,822,1404
286,194,480
87,764,851
168,486,654
680,908,1588
170,39,209
511,191,702
799,295,1094
872,21,893
801,401,1202
420,801,1221
452,53,505
895,318,1213
969,462,1431
698,467,1165
20,242,262
528,193,721
344,799,1143
175,562,737
933,516,1449
220,880,1100
217,484,701
763,71,834
930,397,1327
677,924,1601
550,136,686
716,802,1518
292,861,1153
330,33,363
857,385,1242
679,141,820
920,368,1288
270,101,371
534,247,781
995,514,1509
812,254,1066
859,176,1035
945,922,1867
932,913,1845
590,59,649
593,30,623
90,201,291
743,98,841
542,317,859
785,470,1255
93,565,658
282,256,538
138,567,705
117,905,1022
201,846,1047
830,134,964
423,609,1032
328,808,1136
547,774,1321
547,821,1368
940,793,1733
936,980,1916
639,474,1113
647,796,1443
781,467,1248
703,98,801
542,862,1404
679,207,886
511,899,1410
106,402,508
684,817,1501
853,952,1805
469,27,496
879,549,1428
297,68,365
51,610,661
260,86,346
937,405,1342
963,589,1552
557,624,1181
409,767,1176
212,198,410
677,911,1588
218,170,388
304,349,653
246,755,1001
912,451,1363
463,743,1206
979,45,1024
797,496,1293
738,830,1568
487,28,515
568,951,1519
924,379,1303
912,179,1091
896,910,1806
451,225,676
603,260,863
728,614,1342
430,627,1057
422,882,1304
687,469,1156
367,251,618
405,379,784
392,313,705
658,119,777
104,314,418
534,676,1210
870,81,951
318,865,1183
993,753,1746
896,215,1111
36,911,947
885,919,1804
509,588,1097
481,324,805
664,9,673
267,499,766
879,818,1697
388,440,828
142,983,1125
671,836,1507
25,237,262
465,388,853
682,533,1215
221,156,377
339,13,352
786,935,1721
361,752,1113
922,972,1894
745,247,992
918,242,1160
568,825,1393
100,352,452
451,79,530
924,103,1027
66,669,735
285,870,1155
734,574,1308
358,258,616
26,227,253
712,256,968
494,577,1071
603,144,747
604,880,1484
472,635,1107
552,297,849
903,388,1291
259,373,632
500,985,1485
717,924,1641
881,771,1652
423,15,438
786,651,1437
191,810,1001
239,424,663
245,588,833
297,966,1263
695,898,1593
642,599,1241
650,605,1255
610,165,775
499,423,922
70,438,508
93,214,307
336,636,972
628,188,816
347,560,907
312,626,938
829,896,1725
764,311,1075
740,677,1417
804,510,1314
91,452,543
651,554,1205
97,837,934
50,670,720
853,812,1665
391,287,678
794,593,1387
104,239,343
551,565,1116
247,152,399
442,913,1355
372,348,720
991,689,1680
358,859,1217
106,749,855
655,221,876
749,486,1235
147,427,574
438,700,1138
539,240,779
737,551,1288
125,255,380
948,459,1407
240,266,506
678,202,880
336,488,824
520,495,1015
322,64,386
360,961,1321
910,154,1064
241,337,578
857,173,1030
392,310,702
156,5,161
994,115,1109
573,685,1258
849,653,1502
200,778,978
427,178,605
76,701,777
675,781,1456
945,398,1343
799,845,1644
385,718,1103
95,382,477
172,515,687
697,783,1480
446,633,1079
706,219,925
538,612,1150
71,892,963
766,827,1593
84,52,136
11,574,585
242,335,577
154,912,1066
407,958,1365
13,719,732
910,45,955
629,202,831
869,880,1749
151,369,520
279,159,438
280,840,1120
856,440,1296
439,157,596
455,850,1305
86,654,740
194,71,265
52,280,332
261,497,758
413,957,1370
124,50,174
974,948,1922
911,133,1044
247,280,527
151,64,215
76,367,443
626,132,758
94,676,770
90,726,816
259,20,279
861,589,1450
900,172,1072
894,479,1373
477,262,739
834,641,1475
520,766,1286
422,852,1274
132,406,538
524,187,711
926,503,1429
276,170,446
304,591,895
462,401,863
461,919,1380
708,871,1579
326,827,1153
39,929,968
269,323,592
991,749,1740
28,418,446
55,928,983
626,990,1616
485,463,948
469,230,699
203,407,610
191,167,358
422,12,434
584,761,1345
158,820,978
164,732,896
310,553,863
864,161,1025
182,936,1118
846,706,1552
984,454,1438
280,465,745
174,164,338
516,711,1227
329,872,1201
462,739,1201
562,440,1002
678,254,932
348,318,666
198,879,1077
232,9,241
245,875,1120
480,707,1187
347,867,1214
663,727,1390
397,683,1080
308,800,1108
686,748,1434
844,25,869
471,750,1221
72,200,272
132,207,339
422,236,658
761,430,1191
468,426,894
221,941,1162
659,543,1202
427,771,1198
522,359,881
790,408,1198
838,309,1147
281,129,410
528,427,955
194,863,1057
598,123,721
206,199,405
108,290,398
598,657,1255
501,529,1030
919,274,1193
706,290,996
244,693,937
693,869,1562
658,927,1585
274,582,856
731,17,748
505,249,754
971,883,1854
146,171,317
48,578,626
210,54,264
29,672,701
306,649,955
44,163,207
861,316,1177
763,550,1313
742,962,1704
323,782,1105
803,962,1765
442,711,1153
355,849,1204
816,36,852
819,261,1080
979,948,1927
82,60,142
262,582,844
92,786,878
342,452,794
905,15,920
156,406,562
763,744,1507
568,627,1195
501,392,893
269,634,903
888,824,1712
158,68,226
225,539,764
520,119,639
585,253,838
464,70,534
888,736,1624
985,230,1215
193,39,232
892,769,1661
687,793,1480
994,203,1197
910,245,1155
858,372,1230
507,228,735
290,73,363
767,527,1294
591,894,1485
45,617,662
316,572,888
645,692,1337
11,957,968
487,581,1068
528,164,692
152,713,865
934,657,1591
738,674,1412
645,383,1028
853,291,1144
127,526,653
546,880,1426
194,46,240
614,815,1429
689,929,1618
25,304,329
165,292,457
629,159,788
270,606,876
278,570,848
257,195,452
648,19,667
591,5,596
364,638,1002
292,260,552
219,653,872
281,963,1244
769,94,863
160,534,694
667,937,1604
68,896,964
579,980,1559
503,381,884
189,656,845
836,284,1120
687,585,1272
829,934,1763
974,139,1113
764,831,1595
763,205,968
819,325,1144
658,160,818
973,651,1624
362,994,1356
408,462,870
545,649,1194
946,109,1055
359,123,482
461,153,614
550,341,891
575,411,986
829,204,1033
548,290,838
103,4,107
44,86,130
952,683,1635
763,755,1518
345,722,1067
762,233,995
893,380,1273
648,323,971
251,519,770
55,700,755
290,297,587
881,81,962
641,558,1199
848,312,1160
340,685,1025
690,825,1515
417,350,767
500,501,1001
22,969,991
998,234,1232
603,844,1447
479,314,793
914,212,1126
111,502,613
945,7,952
402,498,900
759,944,1703
1000,666,1666
388,328,716
401,972,1373
801,618,1419
218,207,425
111,379,490
524,429,953
186,587,773
865,595,1460
265,702,967
123,306,429
757,531,1288
753,133,886
746,616,1362
611,239,850
180,579,759
343,400,743
505,9,514
692,731,1423
882,584,1466
820,28,848
119,913,1032
37,545,582
972,585,1557
738,939,1677
848,337,1185
373,836,1209
510,645,1155
476,238,714
567,564,1131
399,974,1373
978,35,1013
753,158,911
386,244,630
510,412,922
589,470,1059
415,832,1247
381,905,1286
900,390,1290
807,920,1727
393,973,1366
176,641,817
90,839,929
754,939,1693
886,4,890
218,582,800
845,338,1183
289,840,1129
671,132,803
926,777,1703
210,411,621
937,8,945
534,616,1150
988,548,1536
700,31,731
478,162,640
83,401,484
986,84,1070
674,980,1654
121,753,874
457,37,494
702,618,1320
237,773,1010
12,998,1010
166,59,225
586,901,1487
600,161,761
660,240,900
185,353,538
383,788,1171
118,299,417
266,677,943
747,332,1079
245,908,1153
499,964,1463
39,381,420
412,69,481
283,911,1194
100,537,637
37,27,64
850,874,1724
929,79,1008
216,11,227
259,780,1039
19,516,535
854,697,1551
818,542,1360
275,6,281
623,134,757
732,62,794
238,663,901
104,249,353
477,283,760
413,136,549
399,934,1333
179,650,829
375,93,468
954,772,1726
445,949,1394
944,491,1435
556,369,925
804,956,1760
422,239,661
469,203,672
43,993,1036
534,938,1472
259,949,1208
419,914,1333
921,264,1185
527,843,1370
992,404,1396
961,148,1109
419,911,1330
891,140,1031
622,836,1458
739,563,1302
487,996,1483
415,900,1315
469,671,1140
943,292,1235
191,208,399
880,801,1681
811,546,1357
992,798,1790
872,606,1478
190,670,860
147,626,773
614,929,1543
769,467,1236
122,444,566
616,228,844
182,661,843
1,458,459
331,568,899
945,807,1752
457,699,1156
761,203,964
334,53,387
729,785,1514
898,977,1875
376,580,956
328,863,1191
905,283,1188
765,789,1554
380,824,1204
252,916,1168
337,188,525
252,520,772
145,168,313
510,49,559
516,638,1154
553,92,645
233,972,1205
540,62,602
83,349,432
643,31,674
927,857,1784
446,46,492
750,733,1483
437,704,1141
907,348,1255
549,176,725
771,362,1133
890,326,1216
922,973,1895
862,505,1367
297,356,653
154,696,850
733,441,1174
314,163,477
261,656,917
340,919,1259
537,705,1242
146,408,554
527,982,1509
965,364,1329
257,482,739
313,135,448
418,549,967
352,493,845
962,393,1355
224,665,889
806,112,918
781,132,913
801,825,1626
504,667,1171
163,242,405
770,258,1028
435,837,1272
11,448,459
178,270,448
558,942,1500
253,752,1005
167,244,411
927,886,1813
209,975,1184
403,916,1319
839,436,1275
18,413,431
687,404,1091
80,973,1053
697,862,1559
852,228,1080
973,185,1158
444,501,945
17,864,881
312,650,962
966,45,1011
262,743,1005
742,711,1453
389,514,903
467,947,1414
610,299,909
712,792,1504
348,897,1245
348,281,629
715,34,749
642,264,906
250,352,602
497,883,1380
749,190,939
26,60,86
166,337,503
796,620,1416
303,258,561
91,601,692
971,649,1620
668,840,1508
624,792,1416
764,714,1478
992,35,1027
831,460,1291
565,373,938
978,37,1015
646,38,684
483,280,763
526,60,586
676,274,950
527,548,1075
43,624,667
343,377,720
353,267,620
57,101,158
170,512,682
411,195,606
344,606,950
840,531,1371
785,769,1554
561,136,697
937,91,1028
939,142,1081
989,793,1782
653,700,1353
506,869,1375
614,415,1029
627,647,1274
546,560,1106
92,406,498
155,52,207
398,34,432
851,17,868
932,90,1022
880,607,1487
346,709,1055
951,301,1252
89,392,481
836,54,890
404,556,960
286,257,543
108,678,786
292,37,329
512,850,1362
587,656,1243
832,344,1176
454,487,941
182,613,795
989,450,1439
401,834,1235
732,51,783
324,512,836
250,876,1126
530,464,994
125,54,179
804,920,1724
766,376,1142
839,454,1293
795,397,1192
173,237,410
192,701,893
474,846,1320
766,264,1030
571,307,878
658,894,1552
522,458,980
869,244,1113
119,644,763
445,474,919
440,3,443
168,210,378
621,59,680
61,399,460
616,170,786
455,994,1449
562,511,1073
220,830,1050
245,964,1209
82,28,110
254,479,733
652,339,991
229,102,331
457,990,1447
983,479,1462
145,805,950
354,835,1189
348,210,558
639,869,1508
326,915,1241
224,640,864
619,916,1535
729,856,1585
924,690,1614
76,725,801
80,221,301
590,9,599
294,254,548
793,163,956
360,771,1131
466,188,654
787,886,1673
685,786,1471
119,905,1024
977,209,1186
790,37,827
675,150,825
868,120,988
15,125,140
570,546,1116
604,557,1161
880,782,1662
756,344,1100
704,926,1630
533,250,783
140,812,952
468,841,1309
605,882,1487
463,23,486
190,614,804
406,603,1009
633,406,1039
710,485,1195
517,401,918
682,70,752
750,512,1262
684,416,1100
429,530,959
35,823,858
259,189,448
442,862,1304
848,551,1399
867,7,874
297,84,381
892,335,1227
978,712,1690
763,691,1454
614,270,884
635,298,933
620,985,1605
9,74,83
803,117,920
904,572,1476
247,583,830
175,355,530
555,858,1413
583,43,626
302,363,665
507,664,1171
652,944,1596
607,82,689
584,597,1181
164,694,858
99,990,1089
354,398,752
318,276,594
413,353,766
692,322,1014
976,32,1008
146,423,569
159,30,189
180,835,1015
740,357,1097
348,546,894
522,833,1355
276,830,1106
559,349,908
418,568,986
257,158,415
38,188,226
322,497,819
337,947,1284
977,176,1153
645,119,764
340,481,821
312,724,1036
161,543,704
144,38,182
636,875,1511
865,905,1770
613,282,895
134,801,935
598,702,1300
530,310,840
668,751,1419
498,999,1497
694,327,1021
976,189,1165
392,141,533
404,859,1263
305,112,417
950,637,1587
418,102,520
779,506,1285
605,947,1552
943,5,948
840,475,1315
799,216,1015
116,626,742
706,283,989
228,180,408
666,117,783
831,254,1085
250,44,294
337,907,1244
734,481,1215
36,478,514
99,460,559
714,429,1143
179,281,460
965,131,1096
767,559,1326
588,45,633
30,247,277
936,882,1818
640,919,1559
697,203,900
776,943,1719
154,390,544
592,297,889
959,595,1554
826,388,1214
905,944,1849
839,153,992
93,696,789
888,655,1543
211,149,360
667,317,984
691,921,1612
878,364,1242
870,526,1396
497,435,932
223,410,633
64,229,293
50,979,1029
255,475,730
433,172,605
556,610,1166
128,301,429
544,435,979
988,371,1359
422,393,815
686,380,1066
138,100,238
936,590,1526
258,229,487
408,381,789
610,570,1180
624,254,878
721,728,1449
874,654,1528
861,752,1613
642,459,1101
137,6,143
417,127,544
525,398,923
282,428,710
33,763,796
474,275,749
50,472,522
529,852,1381
699,361,1060
146,994,1140
918,203,1121
499,49,548
741,973,1714
711,20,731
573,799,1372
261,935,1196
971,315,1286
524,824,1348
571,542,1113
593,465,1058
801,805,1606
861,952,1813
817,541,1358
720,577,1297
843,807,1650
561,306,867
564,867,1431
617,982,1599
465,888,1353
863,413,1276
909,838,1747
236,303,539
875,633,1508
927,827,1754
34,556,590
926,80,1006
892,668,1560
470,929,1399
133,841,974
467,473,940
72,663,735
552,464,1016
789,154,943
315,366,681
605,864,1469
299,250,549
364,19,383
868,570,1438
688,142,830
171,103,274
305,658,963
349,822,1171
48,492,540
396,121,517
924,812,1736
922,351,1273
108,942,1050
111,368,479
439,380,819
515,631,1146
674,612,1286
688,386,1074
162,697,859
509,485,994
871,489,1360
908,163,1071
344,350,694
752,124,876
0,496,496
733,764,1497
620,6,626
140,522,662
14,160,174
828,2,830
200,275,475
354,143,497
388,275,663
436,125,561
570,371,941
961,612,1573
575,375,950
203,409,612
709,982,1691
804,763,1567
102,993,1095
98,102,200
23,225,248
999,986,1985
485,673,1158
36,4,40
384,249,633
153,747,900
785,501,1286
990,608,1598
47,751,798
375,204,579
313,42,355
871,308,1179
154,508,662
391,849,1240
251,892,1143
156,269,425
666,578,1244
889,736,1625
502,554,1056
355,563,918
599,795,1394
120,390,510
414,79,493
65,914,979
566,704,1270
149,339,488
638,616,1254
876,878,1754
745,519,1264
980,123,1103
527,727,1254
296,324,620
472,948,1420
909,906,1815
415,364,779
595,489,1084
841,59,900
297,754,1051
347,687,1034
224,990,1214
705,458,1163
494,889,1383
728,740,1468
705,523,1228
346,435,781
258,501,759
596,57,653
909,496,1405
738,417,1155
691,919,1610
336,501,837
536,930,1466
829,784,1613
618,987,1605
538,99,637
942,315,1257
811,313,1124
665,572,1237
690,144,834
438,773,1211
613,114,727
584,577,1161
776,303,1079
511,998,1509
527,311,838
103,511,614
919,973,1892
873,395,1268
169,883,1052
876,212,1088
909,160,1069
540,961,1501
575,164,739
39,908,947
498,265,763
59,487,546
723,993,1716
312,408,720
174,509,683
478,693,1171
390,974,1364
832,908,1740
718,998,1716
950,30,980
825,213,1038
788,820,1608
826,848,1674
813,835,1648
51,676,727
673,221,894
964,908,1872
715,312,1027
205,92,297
507,133,640
358,733,1091
826,333,1159
977,786,1763
947,925,1872
353,483,836
736,338,1074
130,314,444
195,795,990
539,360,899
842,622,1464
562,594,1156
900,46,946
938,200,1138
298,12,310
128,402,530
236,512,748
986,664,1650
900,74,974
502,717,1219
745,542,1287
147,750,897
925,820,1745
828,873,1701
320,448,768
1,140,141
353,277,630
226,305,531
876,193,1069
916,884,1800
748,58,806
307,904,1211
361,548,909
474,351,825
230,246,476
828,8,836
57,598,655
614,841,1455
315,439,754
25,36,61
41,601,642
736,8,744
23,393,416
532,675,1207
654,266,920
229,33,262
610,60,670
665,22,687
120,535,655
157,114,271
745,232,977
803,255,1058
616,948,1564
683,857,1540
143,785,928
680,837,1517
381,780,1161
672,470,1142
424,24,448
782,775,1557
766,998,1764
633,469,1102
766,382,1148
894,858,1752
726,355,1081
712,28,740
364,786,1150
609,89,698
948,926,1874
520,35,555
127,824,951
821,818,1639
205,911,1116
129,763,892
129,832,961
436,669,1105
31,996,1027
719,27,746
347,438,785
590,421,1011
532,982,1514
410,820,1230
162,622,784
92,493,585
244,886,1130
127,551,678
850,234,1084
659,482,1141
186,486,672
708,697,1405
765,818,1583
378,282,660
587,196,783
944,358,1302
278,579,857
594,933,1527
104,309,413
645,158,803
747,283,1030
961,874,1835
165,641,806
182,448,630
679,960,1639
764,319,1083
756,540,1296
567,772,1339
203,220,423
850,718,1568
279,803,1082
591,845,1436
52,846,898
405,142,547
475,942,1417
755,237,992
311,432,743
677,474,1151
410,300,710
486,862,1348
745,835,1580
782,379,1161
160,179,339
411,322,733
610,791,1401
542,878,1420
630,534,1164
760,442,1202
918,258,1176
693,455,1148
262,602,864
667,829,1496
929,688,1617
796,211,1007
924,980,1904
507,780,1287
609,431,1040
404,353,757
410,773,1183
151,526,677
304,804,1108
383,824,1207
878,946,1824
524,500,1024
937,610,1547
202,249,451
539,37,576
769,10,779
730,724,1454
712,479,1191
207,621,828
605,435,1040
617,105,722
519,397,916
855,101,956
553,679,1232
263,933,1196
382,207,589
57,54,111
821,932,1753
757,974,1731
334,969,1303
398,803,1201
857,378,1235
246,691,937
957,361,1318
616,180,796
890,292,1182
951,749,1700
579,571,1150
81,190,271
958,734,1692
642,883,1525
199,990,1189
867,904,1771
741,937,1678
340,24,364
597,246,843
857,711,1568
800,666,1466
749,506,1255
73,172,245
544,526,1070
390,805,1195
219,38,257
736,214,950
825,823,1648
632,354,986
404,598,1002
373,588,961
510,855,1365
144,969,1113
199,72,271
880,203,1083
648,3,651
492,413,905
978,362,1340
883,242,1125
387,707,1094
863,356,1219
761,120,881
989,105,1094
79,36,115
879,567,1446
725,423,1148
668,691,1359
64,599,663
818,85,903
697,797,1494
822,908,1730
686,974,1660
653,762,1415
395,934,1329
357,605,962
259,280,539
292,483,775
627,742,1369
236,464,700
160,678,838
200,193,393
699,271,970
523,103,626
729,424,1153
891,218,1109
8,128,136
63,924,987
966,59,1025
932,207,1139
890,218,1108
840,724,1564
582,462,1044
902,498,1400
615,953,1568
196,256,452
830,523,1353
262,167,429
192,442,634
672,632,1304
956,467,1423
164,297,461
505,800,1305
51,399,450
678,637,1315
974,37,1011
352,489,841
122,656,778
138,759,897
753,703,1456
8,805,813
275,931,1206
181,739,920
327,488,815
721,393,1114
346,716,1062
704,819,1523
682,651,1333
97,235,332
314,183,497
321,727,1048
914,560,1474
506,367,873
909,566,1475
722,285,1007
373,580,953
774,97,871
96,952,1048
931,707,1638
595,354,949
78,245,323
115,415,530
256,602,858
894,257,1151
383,555,938
728,165,893
533,92,625
155,559,714
62,126,188
266,603,869
822,439,1261
21,997,1018
107,50,157
917,844,1761
966,209,1175
997,9,1006
486,639,1125
339,440,779
442,397,839
610,881,1491
169,922,1091
402,686,1088
902,573,1475
233,558,791
687,223,910
542,576,1118
687,347,1034
598,667,1265
917,438,1355
924,547,1471
58,30,88
66,393,459
964,788,1752
461,443,904
189,470,659
166,99,265
68,676,744
462,989,1451
103,540,643
144,270,414
322,151,473
194,199,393
505,547,1052
85,713,798
579,949,1528
11,799,810
723,488,1211
220,112,332
886,190,1076
833,499,1332
233,131,364
604,880,1484
239,585,824
801,692,1493
810,720,1530
234,908,1142
900,410,1310
212,100,312
804,850,1654
163,944,1107
474,848,1322
603,452,1055
747,722,1469
378,303,681
336,442,778
70,367,437
16,974,990
457,691,1148
291,243,534
991,962,1953
831,647,1478
996,226,1222
226,832,1058
237,716,953
796,806,1602
93,945,1038
869,552,1421
291,36,327
432,779,1211
364,148,512
721,381,1102
702,629,1331
577,931,1508
239,493,732
782,196,978
226,808,1034
353,718,1071
814,724,1538
264,823,1087
238,41,279
885,998,1883
226,329,555
351,752,1103
47,822,869
215,251,466
272,432,704
133,858,991
188,583,771
378,318,696
117,927,1044
547,747,1294
659,80,739
484,993,1477
806,442,1248
959,617,1576
94,890,984
776,354,1130
86,701,787
243,385,628
926,895,1821
798,600,1398
418,59,477
600,838,1438
295,288,583
721,265,986
500,230,730
329,480,809
198,649,847
458,488,946
956,379,1335
972,446,1418
672,159,831
182,794,976
967,407,1374
714,171,885
309,659,968
463,518,981
938,746,1684
734,166,900
394,871,1265
669,403,1072
939,765,1704
376,219,595
201,879,1080
15,458,473
444,625,1069
811,799,1610
349,159,508
117,152,269
938,233,1171
529,346,875
279,705,984
310,851,1161
233,699,932
339,576,915
330,328,658
378,882,1260
946,70,1016
552,125,677
697,444,1141
423,219,642
85,37,122
963,309,1272
986,348,1334
634,92,726
710,797,1507
925,507,1432
215,600,815
783,285,1068
32,679,711
111,361,472
596,660,1256
607,466,1073
601,619,1220
347,930,1277
390,604,994
945,901,1846
414,756,1170
726,855,1581
616,346,962
148,614,762
936,439,1375
677,413,1090
631,329,960
431,234,665
613,941,1554
853,15,868
586,325,911
76,290,366
932,745,1677
676,831,1507
674,655,1329
638,794,1432
477,976,1453
982,245,1227
880,247,1127
279,511,790
418,730,1148
196,460,656
390,295,685
300,28,328
665,764,1429
704,367,1071
931,377,1308
788,606,1394
740,288,1028
62,448,510
156,802,958
816,868,1684
12,879,891
726,15,741
658,718,1376
85,374,459
120,692,812
957,888,1845
540,91,631
649,581,1230
556,859,1415
689,245,934
718,972,1690
152,183,335
568,821,1389
896,162,1058
720,132,852
590,265,855
944,206,1150
92,262,354
154,223,377
219,957,1176
560,738,1298
496,454,950
291,73,364
663,983,1646
693,373,1066
486,306,792
644,153,797
610,159,769
455,921,1376
933,376,1309
497,852,1349
215,282,497
890,789,1679
833,346,1179
221,820,1041
483,403,886
532,605,1137
356,961,1317
824,907,1731
138,376,514
833,730,1563
998,743,1741
150,693,843
869,555,1424
774,50,824
996,142,1138
803,915,1718
5,506,511
502,663,1165
675,235,910
948,126,1074
315,243,558
902,772,1674
682,363,1045
824,865,1689
739,766,1505
304,618,922
535,733,1268
956,951,1907
501,119,620
467,909,1376
28,516,544
575,703,1278
583,1000,1583
123,175,298
392,36,428
26,84,110
417,717,1134
67,787,854
861,978,1839
548,557,1105
856,760,1616
712,670,1382
933,56,989
705,724,1429
693,540,1233
664,924,1588
172,774,946
851,905,1756
428,225,653
228,12,240
438,93,531
727,491,1218
412,156,568
982,928,1910
632,628,1260
585,48,633
818,947,1765
424,90,514
529,889,1418
72,389,461
360,130,490
549,543,1092
63,193,256
288,959,1247
73,410,483
832,267,1099
153,676,829
666,718,1384
871,993,1864
508,462,970
763,696,1459
935,167,1102
748,822,1570
946,137,1083
395,505,900
588,849,1437
370,754,1124
208,87,295
438,969,1407
58,904,962
902,455,1357
629,715,1344
893,829,1722
706,513,1219
954,311,1265
831,966,1797
344,78,422
962,634,1596
38,734,772
17,992,1009
218,406,624
965,966,1931
647,183,830
72,846,918
296,423,719
725,473,1198
897,780,1677
420,749,1169
952,543,1495
938,83,1021
294,474,768
246,589,835
524,12,536
276,764,1040
335,913,1248
769,917,1686
646,984,1630
56,77,133
881,524,1405
798,492,1290
164,71,235
745,461,1206
238,187,425
112,94,206
768,944,1712
184,767,951
974,713,1687
261,78,339
416,548,964
160,75,235
656,231,887
419,900,1319
899,160,1059
461,446,907
414,92,506
135,295,430
420,236,656
757,730,1487
344,309,653
905,711,1616
709,657,1366
552,638,1190
242,871,1113
912,950,1862
179,794,973
9,464,473
861,558,1419
721,726,1447
489,811,1300
581,83,664
887,51,938
393,922,1315
147,969,1116
628,944,1572
879,560,1439
519,416,935
608,727,1335
751,160,911
609,262,871
168,669,837
853,927,1780
664,209,873
398,477,875
356,871,1227
741,51,792
572,400,972
20,940,960
465,100,565
249,473,722
337,222,559
430,375,805
812,197,1009
832,275,1107
401,267,668
605,885,1490
46,850,896
390,471,861
842,639,1481
84,33,117
462,420,882
328,809,1137
412,200,612
539,867,1406
961,665,1626
892,82,974
965,855,1820
161,874,1035
878,734,1612
998,91,1089
474,167,641
617,33,650
810,790,1600
130,684,814
356,253,609
159,535,694
510,602,1112
243,213,456
704,45,749
443,394,837
552,386,938
561,389,950
756,925,1681
727,801,1528
96,439,535
175,558,733
185,52,237
255,990,1245
151,187,338
511,238,749
790,820,1610
929,25,954
895,787,1682
404,473,877
469,730,1199
591,835,1426
32,309,341
204,803,1007
554,533,1087
304,600,904
890,728,1618
221,353,574
598,187,785
4,958,962
358,417,775
638,911,1549
479,329,808
89,914,1003
225,922,1147
900,676,1576
804,556,1360
487,44,531
518,617,1135
4,24,28
167,506,673
876,347,1223
330,448,778
297,558,855
441,453,894
387,522,909
278,101,379
376,186,562
537,276,813
59,978,1037
844,742,1586
319,225,544
831,79,910
585,19,604
202,823,1025
71,873,944
676,394,1070
829,749,1578
550,460,1010
575,684,1259
654,617,1271
733,56,789
573,841,1414
755,392,1147
17,72,89
980,160,1140
512,173,685
588,108,696
383,514,897
980,342,1322
583,605,1188
390,217,607
40,466,506
688,615,1303
44,397,441
720,930,1650
728,967,1695
785,694,1479
803,379,1182
446,327,773
983,874,1857
360,93,453
39,123,162
261,804,1065
249,829,1078
577,156,733
231,144,375
864,578,1442
692,823,1515
37,52,89
940,748,1688
759,836,1595
213,532,745
473,477,950
890,673,1563
300,705,1005
517,836,1353
148,235,383
486,520,1006
798,424,1222
432,612,1044
670,725,1395
121,882,1003
933,294,1227
495,175,670
443,295,738
685,576,1261
877,849,1726
214,961,1175
840,925,1765
136,405,541
703,897,1600
593,327,920
351,739,1090
684,821,1505
191,18,209
194,472,666
985,911,1896
615,7,622
480,935,1415
162,286,448
348,973,1321
120,230,350
752,53,805
471,750,1221
25,919,944
471,879,1350
667,287,954
135,663,798
882,214,1096
535,54,589
521,360,881
104,932,1036
261,106,367
289,898,1187
898,91,989
286,198,484
920,60,980
997,636,1633
341,197,538
845,485,1330
82,986,1068
591,95,686
878,814,1692
781,458,1239
702,824,1526
424,493,917
912,543,1455
629,888,1517
343,924,1267
343,148,491
302,56,358
464,990,1454
755,937,1692
900,428,1328
374,898,1272
640,985,1625
184,221,405
314,273,587
1000,559,1559
467,684,1151
908,603,1511
491,247,738
301,924,1225
353,61,414
774,165,939
115,715,830
627,37,664
669,338,1007
498,660,1158
334,808,1142
478,324,802
501,478,979
33,635,668
893,449,1342
988,809,1797
932,862,1794
764,493,1257
181,289,470
498,475,973
736,1,737
822,486,1308
251,911,1162
777,179,956
302,596,898
411,90,501
140,803,943
639,795,1434
659,851,1510
166,647,813
472,415,887
603,520,1123
77,87,164
194,931,1125
220,312,532
284,834,1118
967,147,1114
933,535,1468
670,933,1603
608,231,839
580,313,893
814,431,1245
579,175,754
23,102,125
932,304,1236
513,233,746
427,102,529
360,171,531
404,272,676
646,778,1424
271,305,576
388,164,552
397,129,526
139,432,571
47,250,297
990,531,1521
225,570,795
987,516,1503
201,905,1106
457,309,766
121,847,968
484,11,495
394,614,1008
439,256,695
759,60,819
766,219,985
471,755,1226
469,238,707
820,330,1150
738,993,1731
576,720,1296
487,29,516
205,870,1075
57,190,247
368,443,811
396,178,574
295,257,552
554,291,845
869,156,1025
904,734,1638
990,266,1256
763,47,810
84,727,811
637,493,1130
677,654,1331
411,264,675
289,867,1156
871,54,925
457,28,485
710,628,1338
375,486,861
140,201,341
339,396,735
808,450,1258
258,111,369
176,733,909
718,53,771
557,775,1332
602,802,1404
276,56,332
983,511,1494
511,476,987
398,928,1326
478,140,618
225,711,936
648,585,1233
940,308,1248
795,895,1690
96,842,938
118,310,428
312,28,340
819,758,1577
404,348,752
695,629,1324
553,278,831
548,407,955
562,322,884
388,171,559
335,86,421
529,585,1114
892,989,1881
272,351,623
116,781,897
215,149,364
843,486,1329
532,535,1067
715,740,1455
234,924,1158
614,290,904
55,988,1043
482,238,720
700,561,1261
887,850,1737
387,237,624
958,255,1213
362,249,611
825,291,1116
892,405,1297
548,533,1081
73,850,923
510,335,845
474,196,670
956,442,1398
560,593,1153
426,930,1356
11,35,46
279,621,900
529,912,1441
908,70,978
638,426,1064
426,983,1409
654,332,986
17,889,906
990,608,1598
555,25,580
680,321,1001
130,575,705
906,522,1428
111,237,348
980,23,1003
201,189,390
694,836,1530
757,490,1247
93,276,369
919,810,1729
750,670,1420
495,826,1321
303,560,863
979,520,1499
61,835,896
398,962,1360
541,652,1193
158,792,950
243,645,888
272,529,801
226,672,898
375,441,816
162,529,691
708,398,1106
442,431,873
957,124,1081
511,91,602
309,450,759
364,859,1223
655,274,929
728,417,1145
585,489,1074
551,140,691
193,590,783
164,204,368
328,28,356
439,183,622
163,997,1160
511,817,1328
582,792,1374
353,317,670
195,203,398
716,156,872
71,809,880
498,774,1272
815,345,1160
963,449,1412
971,580,1551
623,52,675
859,405,1264
150,993,1143
870,997,1867
716,43,759
207,588,795
185,36,221
521,690,1211
384,92,476
495,815,1310
71,289,360
389,550,939
374,355,729
689,414,1103
224,685,909
340,224,564
798,492,1290
843,785,1628
665,224,889
267,568,835
816,278,1094
341,736,1077
924,91,1015
354,277,631
897,31,928
491,828,1319
126,318,444
96,181,277
303,754,1057
771,3,774
948,81,1029
530,104,634
80,879,959
152,529,681
380,138,518
507,75,582
144,410,554
11,687,698
622,334,956
347,101,448
53,55,108
450,340,790
796,273,1069
896,322,1218
948,449,1397
783,595,1378
715,504,1219
180,816,996
507,147,654
940,750,1690
688,123,811
887,262,1149
633,608,1241
853,567,1420
343,507,850
651,269,920
659,65,724
213,535,748
579,241,820
57,616,673
504,488,992
746,506,1252
52,50,102
948,438,1386
393,215,608
492,652,1144
199,190,389
167,789,956
69,737,806
901,79,980
200,67,267
65,840,905
814,401,1215
212,749,961
983,160,1143
140,981,1121
841,759,1600
258,750,1008
385,47,432
785,645,1430
718,703,1421
367,324,691
78,365,443
500,208,708
674,161,835
689,777,1466
931,7,938
725,815,1540
225,617,842
757,308,1065
642,771,1413
18,540,558
875,219,1094
953,997,1950
302,115,417
573,685,1258
585,310,895
572,994,1566
235,188,423
55,493,548
368,305,673
501,173,674
889,873,1762
692,40,732
575,795,1370
90,992,1082
524,383,907
606,851,1457
945,315,1260
221,625,846
458,315,773
233,960,1193
148,137,285
840,584,1424
726,404,1130
31,299,330
148,653,801
126,106,232
907,711,1618
312,913,1225
92,740,832
466,535,1001
407,18,425
761,893,1654
689,235,924
526,426,952
605,273,878
915,806,1721
127,172,299
443,923,1366
749,182,931
324,938,1262
261,601,862
590,14,604
439,696,1135
680,592,1272
694,788,1482
55,19,74
968,503,1471
253,99,352
700,377,1077
162,303,465
596,467,1063
575,505,1080
564,557,1121
938,481,1419
195,237,432
936,269,1205
902,827,1729
565,292,857
489,435,924
564,141,705
810,872,1682
127,898,1025
416,389,805
925,823,1748
57,884,941
682,112,794
745,40,785
896,383,1279
503,856,1359
789,629,1418
122,268,390
560,524,1084
279,697,976
647,504,1151
967,242,1209
282,62,344
6,721,727
951,673,1624
986,739,1725
624,254,878
967,693,1660
190,899,1089
152,704,856
657,778,1435
929,32,961
661,993,1654
92,738,830
623,349,972
239,480,719
845,478,1323
246,606,852
77,563,640
455,595,1050
432,512,944
318,233,551
93,697,790
798,803,1601
72,325,397
628,521,1149
803,432,1235
31,34,65
652,811,1463
600,926,1526
606,847,1453
775,10,785
702,662,1364
416,751,1167
247,994,1241
447,624,1071
402,776,1178
239,495,734
872,733,1605
819,567,1386
544,892,1436
648,236,884
769,778,1547
877,477,1354
995,329,1324
877,650,1527
296,57,353
564,702,1266
506,716,1222
854,868,1722
56,182,238
975,574,1549
967,790,1757
31,949,980
252,334,586
275,727,1002
357,992,1349
496,110,606
437,164,601
409,272,681
588,849,1437
735,945,1680
96,547,643
235,623,858
408,206,614
625,832,1457
406,840,1246
326,365,691
833,234,1067
411,29,440
633,836,1469
562,164,726
377,565,942
976,385,1361
291,216,507
982,208,1190
437,299,736
226,217,443
146,866,1012
225,917,1142
893,847,1740
327,584,911
673,560,1233
795,522,1317
570,246,816
652,563,1215
995,546,1541
403,571,974
863,892,1755
891,792,1683
281,258,539
249,389,638
36,496,532
396,206,602
820,340,1160
9,887,896
149,991,1140
19,428,447
541,357,898
182,229,411
916,708,1624
569,249,818
561,986,1547
793,555,1348
718,808,1526
814,966,1780
695,387,1082
678,218,896
365,990,1355
674,560,1234
130,884,1014
903,790,1693
880,436,1316
7,567,574
851,920,1771
154,223,377
388,368,756
626,902,1528
177,785,962
105,470,575
805,719,1524
104,913,1017
347,460,807
823,754,1577
989,554,1543
1000,53,1053
342,941,1283
771,999,1770
534,99,633
394,448,842
147,994,1141
198,868,1066
951,751,1702
820,723,1543
638,436,1074
159,722,881
589,964,1553
496,317,813
789,825,1614
328,662,990
297,408,705
223,214,437
562,454,1016
905,3,908
994,611,1605
325,156,481
96,227,323
105,572,677
941,79,1020
162,958,1120
915,980,1895
571,332,903
514,976,1490
807,909,1716
121,230,351
421,957,1378
332,784,1116
928,497,1425
644,999,1643
988,347,1335
501,67,568
272,370,642
481,48,529
980,721,1701
806,8,814
751,168,919
618,195,813
506,611,1117
104,434,538
557,263,820
660,105,765
228,46,274
820,970,1790
927,283,1210
376,767,1143
207,438,645
915,580,1495
167,363,530
559,69,628
175,611,786
257,79,336
599,967,1566
280,523,803
733,283,1016
740,608,1348
459,61,520
867,509,1376
640,875,1515
697,429,1126
275,960,1235
698,666,1364
874,824,1698
604,492,1096
621,305,926
148,286,434
272,602,874
166,439,605
631,908,1539
978,577,1555
477,563,1040
496,85,581
75,790,865
460,305,765
603,988,1591
377,763,1140
33,78,111
606,587,1193
921,325,1246
498,484,982
351,38,389
75,266,341
809,178,987
468,947,1415
584,989,1573
875,650,1525
899,965,1864
201,906,1107
271,4,275
457,574,1031
316,360,676
914,403,1317
920,759,1679
322,567,889
849,879,1728
516,89,605
318,356,674
411,178,589
761,693,1454
301,414,715
324,231,555
456,309,765
882,388,1270
487,410,897
489,210,699
228,855,1083
954,165,1119
737,83,820
312,631,943
148,138,286
487,285,772
987,71,1058
175,460,635
815,954,1769
687,659,1346
713,575,1288
556,663,1219
440,993,1433
591,646,1237
269,335,604
877,70,947
710,727,1437
441,530,971
14,602,616
514,113,627
783,510,1293
231,660,891
870,720,1590
390,908,1298
274,218,492
683,447,1130
394,562,956
502,651,1153
565,618,1183
832,357,1189
214,689,903
886,204,1090
856,870,1726
121,90,211
402,332,734
831,906,1737
157,676,833
837,24,861
868,292,1160
696,636,1332
757,72,829
600,516,1116
182,560,742
772,591,1363
980,975,1955
370,876,1246
945,392,1337
670,400,1070
248,823,1071
271,553,824
802,644,1446
674,962,1636
10,731,741
470,867,1337
249,624,873
36,910,946
65,416,481
462,689,1151
484,20,504
316,380,696
602,364,966
532,289,821
972,952,1924
404,569,973
63,160,223
572,651,1223
265,742,1007
42,910,952
546,388,934
838,781,1619
804,235,1039
733,226,959
170,463,633
697,926,1623
162,571,733
904,799,1703
204,723,927
432,607,1039
892,563,1455
723,747,1470
179,354,533
996,335,1331
813,55,868
473,848,1321
912,741,1653
756,79,835
902,251,1153
668,96,764
364,25,389
896,400,1296
98,822,920
133,381,514
944,432,1376
8,922,930
892,879,1771
591,468,1059
504,757,1261
230,122,352
284,235,519
176,515,691
285,724,1009
969,226,1195
297,481,778
737,4,741
439,578,1017
323,152,475
250,490,740
590,813,1403
834,404,1238
973,577,1550
752,847,1599
241,527,768
21,329,350
681,380,1061
515,478,993
165,943,1108
327,346,673
989,112,1101
665,848,1513
125,480,605
455,686,1141
642,349,991
323,616,939
866,885,1751
394,659,1053
186,385,571
624,35,659
909,600,1509
856,109,965
134,823,957
160,833,993
890,570,1460
901,982,1883
391,957,1348
840,301,1141
774,886,1660
243,310,553
344,652,996
295,109,404
644,615,1259
73,38,111
959,62,1021
98,262,360
840,84,924
366,690,1056
623,280,903
141,61,202
212,441,653
887,445,1332
729,166,895
535,129,664
479,758,1237
599,599,1198
378,294,672
141,631,772
886,845,1731
636,100,736
880,773,1653
873,430,1303
54,613,667
539,66,605
49,558,607
504,867,1371
713,469,1182
796,437,1233
782,88,870
144,465,609
40,58,98
330,100,430
124,421,545
398,471,869
453,798,1251
235,246,481
864,630,1494
43,20,63
382,18,400
837,814,1651
14,463,477
944,137,1081
377,569,946
66,0,66
273,728,1001
812,256,1068
547,710,1257
736,24,760
155,218,373
270,245,515
651,169,820
653,314,967
892,680,1572
546,457,1003
951,460,1411
83,605,688
445,629,1074
829,169,998
286,946,1232
858,48,906
539,243,782
293,134,427
430,363,793
199,815,1014
858,487,1345
151,49,200
901,182,1083
312,483,795
794,939,1733
579,573,1152
683,151,834
337,318,655
917,693,1610
348,821,1169
825,702,1527
830,39,869
57,593,650
28,92,120
282,96,378
834,991,1825
770,321,1091
829,177,1006
966,246,1212
849,792,1641
425,414,839
282,160,442
270,650,920
335,408,743
930,66,996
540,654,1194
732,794,1526
838,358,1196
771,240,1011
206,618,824
295,376,671
764,667,1431
73,120,193
770,511,1281
670,138,808
751,244,995
643,336,979
793,968,1761
616,807,1423
541,14,555
812,245,1057
959,35,994
563,918,1481
20,359,379
107,823,930
311,684,995
192,564,756
432,217,649
642,86,728
951,57,1008
547,86,633
331,560,891
518,495,1013
984,916,1900
946,601,1547
830,568,1398
285,973,1258
452,756,1208
795,909,1704
860,772,1632
397,673,1070
349,667,1016
755,829,1584
802,411,1213
660,594,1254
905,514,1419
106,790,896
672,71,743
603,323,926
543,711,1254
909,773,1682
70,375,445
280,567,847
698,936,1634
49,772,821
432,685,1117
959,195,1154
529,315,844
745,307,1052
529,634,1163
692,967,1659
39,831,870
527,15,542
464,639,1103
637,640,1277
432,835,1267
716,236,952
40,231,271
229,88,317
383,120,503
667,699,1366
478,233,711
862,431,1293
488,774,1262
767,100,867
125,180,305
585,174,759
337,584,921
715,678,1393
627,395,1022
36,303,339
235,270,505
926,482,1408
36,545,581
821,697,1518
267,717,984
597,751,1348
813,242,1055
11,94,105
239,163,402
36,200,236
586,790,1376
38,746,784
215,372,587
878,126,1004
934,882,1816
949,855,1804
794,720,1514
416,890,1306
653,646,1299
219,734,953
522,37,559
766,543,1309
92,12,104
11,639,650
165,719,884
503,533,1036
809,662,1471
295,764,1059
307,995,1302
622,288,910
727,977,1704
576,423,999
933,671,1604
828,21,849
784,881,1665
499,361,860
335,183,518
188,719,907
217,545,762
995,245,1240
550,448,998
710,683,1393
91,381,472
395,276,671
946,175,1121
375,552,927
828,219,1047
220,224,444
818,561,1379
448,515,963
648,880,1528
227,12,239
599,976,1575
520,109,629
919,525,1444
275,575,850
66,281,347
623,277,900
61,230,291
842,87,929
417,770,1187
951,23,974
633,983,1616
359,457,816
490,731,1221
925,583,1508
213,823,1036
991,885,1876
110,765,875
695,440,1135
75,862,937
756,709,1465
865,267,1132
873,807,1680
449,628,1077
746,718,1464
172,43,215
111,937,1048
950,891,1841
936,320,1256
126,246,372
440,561,1001
748,164,912
202,864,1066
145,842,987
348,735,1083
324,784,1108
48,934,982
33,117,150
593,520,1113
213,781,994
250,517,767
506,822,1328
706,520,1226
433,791,1224
96,913,1009
531,140,671
364,380,744
982,493,1475
829,421,1250
687,985,1672
347,83,430
561,24,585
598,446,1044
756,414,1170
283,633,916
124,45,169
152,96,248
412,145,557
513,317,830
560,756,1316
272,779,1051
891,332,1223
276,343,619
351,565,916
913,4,917
898,784,1682
679,874,1553
954,755,1709
950,479,1429
340,558,898
559,67,626
955,693,1648
812,814,1626
507,860,1367
388,942,1330
978,980,1958
879,758,1637
816,274,1090
21,876,897
385,455,840
996,381,1377
375,92,467
764,323,1087
248,451,699
336,163,499
467,929,1396
486,782,1268
838,812,1650
602,818,1420
135,9,144
175,388,563
659,293,952
398,826,1224
228,655,883
183,956,1139
519,864,1383
909,302,1211
866,207,1073
616,723,1339
955,736,1691
420,354,774
755,797,1552
383,263,646
47,718,765
680,120,800
709,721,1430
333,9,342
412,130,542
351,2,353
112,676,788
107,738,845
397,7,404
584,327,911
186,969,1155
186,416,602
411,823,1234
918,136,1054
311,699,1010
506,701,1207
369,44,413
334,474,808
381,762,1143
901,254,1155
342,888,1230
108,437,545
131,511,642
877,789,1666
633,788,1421
632,624,1256
897,256,1153
233,171,404
429,671,1100
620,747,1367
778,451,1229
240,409,649
244,916,1160
31,226,257
808,867,1675
998,197,1195
17,200,217
798,587,1385
55,916,971
769,798,1567
361,993,1354
75,264,339
302,566,868
474,992,1466
325,44,369
21,863,884
68,602,670
345,507,852
299,592,891
748,678,1426
687,987,1674
401,490,891
416,781,1197
264,232,496
505,739,1244
934,169,1103
87,398,485
930,698,1628
821,195,1016
841,729,1570
308,815,1123
294,482,776
349,879,1228
338,999,1337
189,815,1004
394,131,525
535,665,1200
234,534,768
527,561,1088
363,757,1120
356,549,905
290,830,1120
845,582,1427
772,232,1004
167,630,797
855,601,1456
283,949,1232
254,244,498
940,986,1926
921,516,1437
521,103,624
15,141,156
902,91,993
852,512,1364
232,803,1035
387,973,1360
970,112,1082
33,840,873
818,479,1297
483,787,1270
386,66,452
148,968,1116
514,571,1085
321,979,1300
905,806,1711
283,817,1100
112,850,962
782,888,1670
635,631,1266
397,814,1211
399,707,1106
382,932,1314
647,109,756
566,915,1481
212,188,400
482,933,1415
265,958,1223
323,186,509
323,782,1105
524,268,792
454,964,1418
814,124,938
944,243,1187
850,681,1531
397,944,1341
614,532,1146
234,142,376
154,363,517
628,89,717
283,543,826
997,292,1289
491,985,1476
710,1,711
856,943,1799
744,410,1154
11,284,295
386,518,904
346,573,919
184,55,239
423,264,687
553,792,1345
633,751,1384
421,430,851
963,86,1049
336,605,941
32,773,805
112,792,904
823,674,1497
589,270,859
251,856,1107
908,817,1725
496,395,891
202,46,248
115,999,1114
316,607,923
296,56,352
125,688,813
560,109,669
74,398,472
61,369,430
515,940,1455
780,151,931
116,826,942
557,535,1092
643,7,650
694,965,1659
384,88,472
395,707,1102
926,432,1358
606,218,824
394,122,516
64,133,197
496,962,1458
502,109,611
414,799,1213
263,434,697
283,647,930
544,753,1297
104,846,950
373,530,903
132,773,905
963,297,1260
34,319,353
373,27,400
352,209,561
858,585,1443
127,298,425
699,745,1444
76,707,783
983,461,1444
576,863,1439
896,123,1019
682,199,881
63,379,442
395,779,1174
394,936,1330
568,595,1163
639,224,863
518,569,1087
555,419,974
898,873,1771
723,882,1605
376,767,1143
69,276,345
602,533,1135
239,575,814
998,166,1164
802,11,813
552,492,1044
252,898,1150
571,409,980
389,443,832
558,263,821
825,539,1364
621,447,1068
716,38,754
506,714,1220
99,812,911
210,650,860
27,168,195
696,819,1515
64,526,590
61,341,402
303,408,711
930,402,1332
1,39,40
654,982,1636
362,613,975
876,559,1435
172,143,315
601,270,871
797,390,1187
833,334,1167
561,513,1074
645,591,1236
917,708,1625
755,857,1612
940,965,1905
558,715,1273
557,326,883
379,480,859
358,112,470
244,396,640
806,962,1768
436,939,1375
586,837,1423
691,415,1106
555,346,901
231,662,893
729,883,1612
243,330,573
770,820,1590
299,758,1057
815,249,1064
885,591,1476
218,890,1108
428,958,1386
578,729,1307
585,979,1564
332,726,1058
831,868,1699
206,427,633
634,876,1510
576,951,1527
933,945,1878
788,141,929
52,544,596
921,478,1399
357,146,503
62,701,763
613,841,1454
115,546,661
350,684,1034
538,105,643
788,215,1003
201,217,418
700,873,1573
232,682,914
32,220,252
63,580,643
41,927,968
23,33,56
928,653,1581
964,516,1480
334,731,1065
411,503,914
423,569,992
849,987,1836
681,113,794
569,233,802
973,358,1331
239,148,387
395,490,885
274,101,375
34,103,137
653,911,1564
525,757,1282
1,793,794
79,22,101
457,171,628
365,208,573
227,532,759
923,121,1044
581,896,1477
901,622,1523
676,47,723
645,92,737
881,234,1115
179,490,669
114,135,249
958,212,1170
726,327,1053
91,11,102
664,134,798
673,743,1416
511,352,863
530,11,541
260,444,704
403,213,616
962,740,1702
140,209,349
597,289,886
256,942,1198
8,317,325
280,908,1188
427,228,655
397,997,1394
928,902,1830
221,558,779
434,319,753
977,908,1885
847,58,905
278,66,344
96,493,589
443,547,990
938,936,1874
219,442,661
593,149,742
37,72,109
118,889,1007
412,199,611
557,258,815
405,289,694
41,796,837
352,879,1231
256,756,1012
697,298,995
732,301,1033
871,538,1409
506,882,1388
469,928,1397
193,472,665
484,540,1024
710,917,1627
840,800,1640
221,357,578
653,548,1201
819,140,959
742,230,972
136,181,317
375,859,1234
363,930,1293
847,981,1828
354,737,1091
860,730,1590
693,445,1138
417,764,1181
384,898,1282
495,299,794
90,179,269
369,891,1260
801,929,1730
691,325,1016
377,199,576
802,52,854
634,126,760
547,64,611
206,867,1073
747,98,845
647,504,1151
302,155,457
269,948,1217
729,107,836
873,253,1126
213,736,949
609,78,687
593,405,998
704,395,1099
940,525,1465
672,34,706
6,969,975
929,308,1237
626,141,767
944,402,1346
831,366,1197
931,684,1615
387,336,723
143,769,912
752,429,1181
868,454,1322
798,603,1401
86,533,619
231,841,1072
436,965,1401
460,608,1068
819,632,1451
809,650,1459
85,972,1057
194,363,557
819,56,875
506,910,1416
850,691,1541
726,798,1524
207,941,1148
732,105,837
103,820,923
987,435,1422
823,311,1134
665,946,1611
415,106,521
733,371,1104
57,756,813
769,466,1235
291,339,630
363,892,1255
30,661,691
474,260,734
925,397,1322
316,605,921
667,653,1320
870,394,1264
116,33,149
576,35,611
831,943,1774
645,419,1064
574,426,1000
420,272,692
26,154,180
972,340,1312
787,237,1024
526,678,1204
696,446,1142
841,422,1263
487,657,1144
120,32,152
878,894,1772
563,104,667
784,95,879
118,822,940
423,87,510
334,354,688
33,143,176
908,205,1113
494,760,1254
626,431,1057
958,435,1393
365,214,579
271,789,1060
636,40,676
995,870,1865
11,675,686
607,28,635
458,87,545
916,649,1565
930,52,982
625,52,677
299,497,796
175,290,465
381,806,1187
458,48,506
878,15,893
139,422,561
86,516,602
802,170,972
716,775,1491
792,822,1614
48,250,298
276,90,366
601,576,1177
913,682,1595
990,855,1845
143,154,297
58,726,784
788,916,1704
213,156,369
385,52,437
618,627,1245
791,900,1691
915,451,1366
575,184,759
610,113,723
438,598,1036
128,492,620
879,738,1617
235,949,1184
707,108,815
93,726,819
309,618,927
161,574,735
648,577,1225
41,191,232
829,308,1137
939,182,1121
870,220,1090
891,703,1594
451,83,534
337,324,661
499,60,559
467,39,506
587,233,820
260,440,700
62,408,470
554,398,952
971,183,1154
158,868,1026
973,491,1464
880,310,1190
316,335,651
489,509,998
311,89,400
529,600,1129
915,491,1406
509,20,529
670,771,1441
392,672,1064
112,313,425
434,257,691
173,746,919
31,987,1018
882,908,1790
42,672,714
128,646,774
349,449,798
313,111,424
924,231,1155
774,376,1150
594,418,1012
358,637,995
553,583,1136
747,168,915
349,44,393
590,479,1069
751,950,1701
411,105,516
938,814,1752
799,269,1068
968,921,1889
753,413,1166
583,989,1572
494,181,675
853,738,1591
182,841,1023
37,343,380
582,86,668
589,983,1572
820,907,1727
932,271,1203
307,190,497
536,600,1136
858,30,888
670,260,930
832,206,1038
145,592,737
123,778,901
135,851,986
713,263,976
13,713,726
126,488,614
481,170,651
25,890,915
98,104,202
288,872,1160
748,157,905
810,848,1658
631,13,644
204,801,1005
184,934,1118
667,305,972
768,922,1690
424,26,450
581,241,822
631,628,1259
711,43,754
742,503,1245
810,246,1056
375,385,760
996,855,1851
740,600,1340
453,514,967
386,582,968
31,241,272
937,202,1139
862,538,1400
313,301,614
180,957,1137
170,502,672
866,27,893
754,600,1354
869,984,1853
488,512,1000
183,462,645
12,795,807
753,321,1074
506,672,1178
535,976,1511
153,28,181
313,765,1078
24,27,51
791,184,975
229,552,781
156,535,691
305,335,640
639,991,1630
626,732,1358
473,382,855
681,557,1238
57,664,721
460,583,1043
800,966,1766
377,408,785
544,813,1357
533,279,812
451,48,499
108,858,966
429,561,990
133,11,144
59,301,360
181,276,457
262,3,265
122,604,726
197,681,878
730,85,815
410,258,668
746,493,1239
810,211,1021
584,625,1209
495,727,1222
681,848,1529
255,30,285
568,441,1009
263,784,1047
965,340,1305
504,189,693
286,111,397
928,641,1569
456,347,803
273,203,476
307,278,585
102,623,725
87,677,764
611,946,1557
958,923,1881
225,858,1083
312,503,815
332,26,358
714,14,728
414,25,439
545,595,1140
459,113,572
451,409,860
141,60,201
25,646,671
161,94,255
207,418,625
996,713,1709
535,571,1106
783,166,949
727,623,1350
875,623,1498
271,452,723
442,964,1406
5,976,981
936,928,1864
580,725,1305
263,939,1202
29,415,444
392,532,924
147,68,215
453,309,762
69,373,442
292,949,1241
635,55,690
292,823,1115
921,854,1775
735,375,1110
475,343,818
732,605,1337
952,206,1158
40,30,70
591,649,1240
493,401,894
286,913,1199
399,635,1034
938,693,1631
781,418,1199
719,199,918
147,191,338
145,585,730
72,603,675
550,156,706
515,889,1404
619,687,1306
788,285,1073
977,451,1428
608,644,1252
573,446,1019
249,274,523
135,1000,1135
642,389,1031
701,629,1330
475,29,504
110,131,241
902,293,1195
489,228,717
154,257,411
400,440,840
169,321,490
824,624,1448
334,156,490
90,967,1057
12,161,173
893,115,1008
923,923,1846
241,953,1194
328,129,457
176,558,734
332,589,921
467,48,515
902,278,1180
763,49,812
212,204,416
279,158,437
493,977,1470
648,67,715
908,877,1785
750,468,1218
340,742,1082
243,979,1222
963,831,1794
722,593,1315
450,814,1264
388,204,592
718,788,1506
135,72,207
498,295,793
841,506,1347
96,270,366
664,266,930
930,165,1095
423,629,1052
503,748,1251
379,222,601
241,356,597
878,899,1777
579,623,1202
473,70,543
348,844,1192
816,15,831
625,873,1498
431,339,770
797,983,1780
294,325,619
946,556,1502
79,520,599
231,207,438
962,435,1397
435,497,932
986,986,1972
208,849,1057
936,852,1788
136,299,435
167,723,890
259,302,561
474,521,995
307,239,546
759,159,918
232,308,540
553,831,1384
53,793,846
261,327,588
996,985,1981
5,897,902
264,827,1091
219,895,1114
171,899,1070
174,76,250
948,268,1216
577,47,624
360,366,726
184,716,900
695,619,1314
672,419,1091
719,630,1349
406,838,1244
239,926,1165
407,4,411
352,28,380
718,947,1665
984,625,1609
51,887,938
393,603,996
855,310,1165
883,15,898
177,859,1036
550,942,1492
306,288,594
823,64,887
541,496,1037
763,597,1360
141,430,571
544,702,1246
660,714,1374
716,267,983
52,693,745
914,583,1497
700,488,1188
914,640,1554
159,562,721
989,277,1266
593,611,1204
542,678,1220
241,770,1011
78,687,765
942,528,1470
6,911,917
776,424,1200
622,496,1118
331,966,1297
901,310,1211
398,422,820
424,626,1050
793,306,1099
955,856,1811
569,922,1491
625,577,1202
122,52,174
464,456,920
668,583,1251
810,774,1584
592,462,1054
729,350,1079
962,519,1481
696,250,946
729,955,1684
517,535,1052
403,678,1081
26,994,1020
278,279,557
94,969,1063
869,136,1005
191,61,252
56,29,85
583,64,647
938,541,1479
537,822,1359
356,214,570
510,700,1210
668,657,1325
129,223,352
667,262,929
455,970,1425
168,33,201
408,361,769
325,815,1140
896,926,1822
682,98,780
568,29,597
806,581,1387
741,976,1717
735,693,1428
334,120,454
399,573,972
364,699,1063
807,172,979
647,739,1386
904,139,1043
733,257,990
194,416,610
963,321,1284
884,467,1351
209,325,534
799,576,1375
158,42,200
781,323,1104
232,469,701
817,945,1762
597,618,1215
614,154,768
924,153,1077
435,776,1211
203,840,1043
295,60,355
344,449,793
646,470,1116
97,216,313
360,483,843
304,93,397
821,150,971
574,399,973
293,765,1058
128,319,447
558,666,1224
141,344,485
457,675,1132
878,908,1786
648,381,1029
557,143,700
185,227,412
735,197,932
909,29,938
600,957,1557
77,971,1048
945,519,1464
704,343,1047
776,384,1160
617,946,1563
428,97,525
104,778,882
42,937,979
981,777,1758
77,673,750
36,573,609
424,564,988
786,237,1023
221,167,388
147,222,369
254,831,1085
734,645,1379
940,152,1092
486,777,1263
910,790,1700
406,281,687
56,131,187
580,507,1087
697,981,1678
257,678,935
611,581,1192
848,762,1610
927,864,1791
351,737,1088
409,686,1095
58,545,603
455,148,603
108,522,630
141,68,209
534,582,1116
898,342,1240
670,627,1297
780,148,928
403,702,1105
400,166,566
214,994,1208
905,855,1760
969,112,1081
890,729,1619
638,740,1378
309,612,921
339,232,571
195,452,647
969,411,1380
985,550,1535
906,249,1155
508,2,510
836,590,1426
153,201,354
643,821,1464
405,511,916
678,847,1525
879,434,1313
708,649,1357
460,292,752
448,773,1221
637,814,1451
783,110,893
788,512,1300
316,254,570
636,359,995
875,538,1413
591,108,699
540,980,1520
208,860,1068
236,820,1056
244,886,1130
487,301,788
774,122,896
65,933,998
839,718,1557
911,372,1283
813,124,937
992,820,1812
694,234,928
461,591,1052
19,872,891
738,915,1653
36,671,707
545,41,586
900,945,1845
929,633,1562
990,810,1800
747,180,927
179,763,942
515,935,1450
828,989,1817
794,436,1230
638,378,1016
660,401,1061
841,569,1410
18,832,850
268,651,919
834,86,920
681,762,1443
504,650,1154
843,289,1132
826,932,1758
701,605,1306
694,247,941
782,464,1246
697,489,1186
174,141,315
681,792,1473
566,400,966
604,630,1234
615,979,1594
126,448,574
910,907,1817
841,925,1766
542,503,1045
913,418,1331
620,293,913
63,162,225
306,859,1165
196,881,1077
721,12,733
210,142,352
100,13,113
259,935,1194
436,993,1429
924,500,1424
52,738,790
130,465,595
343,379,722
129,41,170
672,551,1223
807,867,1674
248,772,1020
629,87,716
245,979,1224
612,782,1394
576,870,1446
426,393,819
78,132,210
290,951,1241
605,691,1296
12,283,295
16,547,563
804,829,1633
551,457,1008
402,186,588
825,496,1321
883,573,1456
310,80,390
769,303,1072
32,169,201
561,183,744
375,704,1079
464,840,1304
899,845,1744
177,562,739
223,930,1153
671,55,726
653,523,1176
1,689,690
292,111,403
414,309,723
404,105,509
133,997,1130
629,320,949
103,972,1075
312,984,1296
861,272,1133
58,343,401
432,540,972
241,52,293
861,265,1126
317,874,1191
659,152,811
560,316,876
422,716,1138
102,96,198
344,568,912
548,558,1106
958,559,1517
630,834,1464
429,818,1247
213,447,660
57,878,935
86,393,479
689,535,1224
852,350,1202
316,916,1232
226,784,1010
27,12,39
483,866,1349
979,512,1491
158,546,704
960,150,1110
616,131,747
961,144,1105
323,815,1138
54,51,105
211,301,512
502,535,1037
3,70,73
910,569,1479
14,745,759
351,625,976
111,178,289
349,990,1339
167,46,213
602,727,1329
971,696,1667
165,518,683
150,729,879
338,172,510
27,191,218
815,716,1531
320,901,1221
63,22,85
469,888,1357
822,469,1291
802,965,1767
177,859,1036
608,332,940
270,98,368
108,975,1083
368,470,838
861,556,1417
606,731,1337
781,95,876
440,621,1061
315,214,529
789,91,880
791,713,1504
34,901,935
290,525,815
592,995,1587
710,64,774
827,556,1383
274,172,446
223,710,933
896,879,1775
805,273,1078
221,539,760
971,313,1284
578,905,1483
477,867,1344
693,446,1139
307,303,610
875,946,1821
943,747,1690
730,455,1185
467,601,1068
161,138,299
299,571,870
275,704,979
502,214,716
739,424,1163
287,317,604
539,130,669
498,21,519
290,105,395
178,174,352
507,210,717
251,746,997
888,575,1463
109,795,904
459,617,1076
109,549,658
879,968,1847
393,718,1111
215,508,723
114,423,537
829,103,932
911,869,1780
904,966,1870
449,790,1239
55,704,759
908,799,1707
249,475,724
287,608,895
957,873,1830
1,305,306
434,674,1108
728,128,856
51,419,470
235,712,947
209,709,918
628,859,1487
800,683,1483
624,771,1395
303,32,335
403,205,608
102,192,294
791,705,1496
891,378,1269
729,505,1234
823,11,834
819,681,1500
908,729,1637
924,790,1714
988,971,1959
856,688,1544
100,630,730
820,14,834
691,910,1601
723,633,1356
785,349,1134
862,46,908
449,6,455
931,776,1707
485,60,545
578,150,728
27,18,45
194,259,453
339,876,1215
183,209,392
508,266,774
732,740,1472
546,125,671
782,296,1078
134,621,755
991,487,1478
456,566,1022
138,723,861
136,450,586
423,155,578
642,390,1032
690,49,739
320,440,760
753,908,1661
329,508,837
884,809,1693
401,416,817
843,270,1113
647,341,988
492,469,961
211,570,781
610,878,1488
923,883,1806
229,990,1219
442,205,647
125,206,331
474,242,716
519,137,656
533,248,781
297,13,310
494,82,576
991,213,1204
532,444,976
350,567,917
515,355,870
76,86,162
151,138,289
191,835,1026
573,435,1008
273,413,686
533,311,844
215,86,301
260,203,463
27,440,467
545,292,837
186,235,421
906,229,1135
4,219,223
726,84,810
263,919,1182
344,616,960
374,18,392
698,636,1334
923,986,1909
742,177,919
846,285,1131
640,982,1622
187,776,963
408,678,1086
989,393,1382
138,713,851
790,600,1390
884,975,1859
90,882,972
172,287,459
567,465,1032
950,788,1738
889,400,1289
580,55,635
642,807,1449
722,336,1058
704,460,1164
877,426,1303
59,280,339
390,992,1382
421,526,947
866,221,1087
345,500,845
16,329,345
39,874,913
270,49,319
894,169,1063
847,848,1695
961,179,1140
65,699,764
822,317,1139
319,995,1314
83,243,326
219,285,504
418,844,1262
197,153,350
490,913,1403
690,3,693
907,547,1454
503,140,643
93,560,653
283,86,369
926,900,1826
438,308,746
826,977,1803
945,500,1445
892,508,1400
237,588,825
391,676,1067
807,244,1051
837,840,1677
136,159,295
708,864,1572
924,218,1142
680,963,1643
483,664,1147
709,126,835
903,816,1719
14,24,38
235,180,415
145,256,401
45,864,909
454,396,850
528,175,703
325,816,1141
480,390,870
414,281,695
163,179,342
733,892,1625
709,394,1103
376,61,437
975,99,1074
751,642,1393
897,867,1764
477,763,1240
997,664,1661
527,840,1367
148,467,615
148,461,609
250,459,709
73,4,77
163,82,245
198,485,683
53,734,787
563,282,845
954,745,1699
898,147,1045
348,507,855
195,622,817
377,9,386
640,690,1330
85,276,361
801,356,1157
486,999,1485
486,595,1081
658,24,682
636,624,1260
706,143,849
579,920,1499
865,414,1279
644,749,1393
854,697,1551
142,384,526
662,425,1087
968,394,1362
917,320,1237
619,554,1173
836,969,1805
827,911,1738
134,407,541
851,324,1175
657,638,1295
370,876,1246
346,639,985
500,962,1462
905,111,1016
638,97,735
338,545,883
703,124,827
842,789,1631
94,796,890
90,879,969
479,352,831
964,940,1904
556,876,1432
797,677,1474
960,158,1118
867,533,1400
915,138,1053
856,821,1677
490,963,1453
845,731,1576
400,539,939
184,675,859
968,45,1013
198,478,676
724,611,1335
757,611,1368
319,110,429
480,246,726
816,203,1019
180,343,523
188,888,1076
316,323,639
493,218,711
715,645,1360
738,448,1186
865,634,1499
965,251,1216
86,255,341
417,47,464
373,604,977
96,878,974
591,608,1199
408,603,1011
33,188,221
411,479,890
419,301,720
153,235,388
403,365,768
711,774,1485
847,894,1741
76,806,882
257,243,500
417,890,1307
374,431,805
446,455,901
831,622,1453
65,595,660
11,18,29
245,630,875
719,65,784
461,440,901
728,348,1076
240,971,1211
68,49,117
877,79,956
441,8,449
375,145,520
302,804,1106
89,412,501
155,892,1047
718,924,1642
584,56,640
723,34,757
620,628,1248
571,408,979
720,374,1094
581,763,1344
327,61,388
628,825,1453
507,425,932
276,97,373
165,670,835
233,233,466
287,955,1242
504,544,1048
601,95,696
833,481,1314
16,725,741
711,822,1533
375,884,1259
617,965,1582
387,849,1236
587,385,972
601,368,969
785,542,1327
494,61,555
24,245,269
594,259,853
318,358,676
304,316,620
190,120,310
613,103,716
869,198,1067
71,480,551
634,525,1159
25,43,68
520,732,1252
175,943,1118
2,376,378
614,135,749
384,873,1257
211,95,306
70,170,240
132,580,712
254,894,1148
516,78,594
594,800,1394
435,649,1084
402,21,423
523,476,999
791,936,1727
591,611,1202
620,148,768
946,888,1834
693,526,1219
644,830,1474
482,462,944
617,347,964
826,775,1601
873,522,1395
301,363,664
94,591,685
497,938,1435
813,45,858
632,868,1500
772,72,844
683,649,1332
353,856,1209
520,186,706
197,220,417
937,274,1211
277,74,351
844,279,1123
458,811,1269
572,37,609
149,882,1031
812,503,1315
629,148,777
868,509,1377
798,696,1494
677,773,1450
198,203,401
131,173,304
55,20,75
1,814,815
853,564,1417
505,417,922
797,656,1453
765,871,1636
723,370,1093
780,703,1483
71,560,631
243,307,550
368,572,940
889,428,1317
424,367,791
160,258,418
103,127,230
945,812,1757
712,846,1558
447,299,746
85,939,1024
693,6,699
572,606,1178
811,705,1516
332,78,410
900,687,1587
869,686,1555
598,878,1476
973,435,1408
474,319,793
711,912,1623
886,518,1404
753,521,1274
690,363,1053
657,882,1539
469,222,691
255,230,485
725,114,839
471,424,895
929,835,1764
231,785,1016
995,131,1126
798,747,1545
389,842,1231
144,690,834
596,681,1277
335,407,742
813,270,1083
864,170,1034
865,187,1052
417,504,921
706,601,1307
477,658,1135
144,843,987
234,835,1069
439,57,496
290,165,455
485,635,1120
196,282,478
681,707,1388
954,996,1950
525,945,1470
328,412,740
948,101,1049
308,352,660
947,827,1774
540,822,1362
854,260,1114
987,362,1349
40,787,827
846,216,1062
501,828,1329
833,645,1478
246,937,1183
528,648,1176
805,500,1305
335,321,656
718,63,781
522,60,582
113,736,849
845,586,1431
969,540,1509
962,30,992
263,106,369
500,767,1267
125,137,262
711,354,1065
565,525,1090
433,431,864
136,827,963
886,929,1815
85,457,542
443,322,765
247,753,1000
40,153,193
117,146,263
746,108,854
7,291,298
695,560,1255
883,682,1565
90,580,670
553,420,973
179,834,1013
5,65,70
229,402,631
234,121,355
531,639,1170
903,209,1112
996,990,1986
217,681,898
3,784,787
955,843,1798
192,693,885
927,103,1030
611,36,647
613,582,1195
565,922,1487
621,875,1496
825,517,1342
663,551,1214
366,180,546
622,790,1412
329,581,910
507,869,1376
193,592,785
751,440,1191
417,145,562
462,797,1259
42,568,610
968,887,1855
256,429,685
71,608,679
421,494,915
643,814,1457
625,595,1220
641,990,1631
891,744,1635
426,263,689
923,201,1124
591,430,1021
839,132,971
1,995,996
208,25,233
653,933,1586
876,366,1242
922,53,975
561,385,946
641,639,1280
490,478,968
914,58,972
755,803,1558
342,337,679
790,517,1307
647,921,1568
444,168,612
361,272,633
784,967,1751
546,595,1141
841,458,1299
864,98,962
96,391,487
681,414,1095
932,640,1572
522,219,741
644,512,1156
999,892,1891
250,50,300
286,587,873
816,938,1754
227,161,388
347,906,1253
466,311,777
386,862,1248
958,175,1133
62,271,333
341,36,377
928,561,1489
576,268,844
40,142,182
604,698,1302
760,735,1495
802,262,1064
38,599,637
995,476,1471
499,925,1424
398,98,496
410,895,1305
2,733,735
516,420,936
515,558,1073
471,11,482
812,606,1418
310,625,935
951,330,1281
906,344,1250
559,604,1163
775,371,1146
781,745,1526
482,556,1038
765,963,1728
266,706,972
484,179,663
708,617,1325
955,999,1954
915,570,1485
337,298,635
101,613,714
638,24,662
335,272,607
476,545,1021
968,22,990
116,364,480
888,713,1601
552,894,1446
272,562,834
443,920,1363
999,869,1868
979,999,1978
441,713,1154
52,781,833
277,476,753
879,680,1559
20,459,479
498,917,1415
725,260,985
267,18,285
304,529,833
438,264,702
980,451,1431
400,886,1286
908,127,1035
152,493,645
587,45,632
33,568,601
102,381,483
81,330,411
434,306,740
889,403,1292
548,201,749
538,628,1166
950,531,1481
839,655,1494
629,241,870
654,733,1387
574,608,1182
358,173,531
47,346,393
428,828,1256
874,964,1838
1,770,771
133,774,907
192,720,912
867,740,1607
12,752,764
857,176,1033
264,275,539
22,362,384
63,582,645
961,423,1384
53,544,597
438,288,726
87,590,677
76,773,849
336,624,960
360,398,758
960,262,1222
97,56,153
127,362,489
855,559,1414
168,313,481
94,60,154
288,180,468
31,40,71
722,861,1583
208,557,765
769,463,1232
251,729,980
129,533,662
794,178,972
343,209,552
159,603,762
63,575,638
754,500,1254
945,183,1128
906,672,1578
263,204,467
650,263,913
738,820,1558
473,650,1123
709,865,1574
696,61,757
266,869,1135
376,327,703
364,212,576
239,602,841
873,798,1671
548,485,1033
472,986,1458
219,932,1151
161,902,1063
177,229,406
332,610,942
548,591,1139
722,918,1640
119,623,742
800,347,1147
58,142,200
337,142,479
773,202,975
818,241,1059
385,11,396
360,672,1032
292,234,526
92,421,513
254,962,1216
374,672,1046
554,371,925
62,669,731
994,601,1595
948,667,1615
251,905,1156
184,908,1092
921,556,1477
514,446,960
668,945,1613
708,19,727
256,926,1182
374,958,1332
475,178,653
662,519,1181
368,727,1095
16,402,418
196,351,547
714,986,1700
193,559,752
904,89,993
93,976,1069
628,520,1148
856,928,1784
436,283,719
148,372,520
831,441,1272
582,531,1113
464,764,1228
873,549,1422
189,767,956
708,498,1206
715,296,1011
682,825,1507
556,21,577
868,663,1531
782,942,1724
905,263,1168
585,817,1402
965,385,1350
667,922,1589
53,110,163
502,475,977
694,400,1094
110,868,978
161,928,1089
977,977,1954
82,650,732
510,870,1380
869,347,1216
441,499,940
210,328,538
21,218,239
342,786,1128
563,623,1186
26,617,643
668,360,1028
629,208,837
970,326,1296
794,582,1376
715,680,1395
316,539,855
474,661,1135
176,2,178
736,141,877
244,962,1206
212,620,832
933,336,1269
295,290,585
627,73,700
29,858,887
194,797,991
773,773,1546
826,598,1424
804,133,937
432,519,951
184,527,711
127,190,317
224,916,1140
144,439,583
130,587,717
478,56,534
821,633,1454
919,640,1559
7,116,123
456,372,828
820,937,1757
582,517,1099
406,457,863
901,25,926
309,749,1058
177,750,927
13,503,516
974,748,1722
548,460,1008
719,457,1176
658,994,1652
812,941,1753
480,569,1049
760,917,1677
890,821,1711
213,468,681
741,636,1377
339,281,620
870,117,987
424,506,930
221,396,617
214,775,989
430,843,1273
871,905,1776
159,953,1112
890,3,893
503,560,1063
69,459,528
207,51,258
631,589,1220
250,325,575
299,880,1179
749,447,1196
413,264,677
122,278,400
853,348,1201
870,910,1780
592,240,832
524,965,1489
909,53,962
254,912,1166
897,668,1565
787,546,1333
970,690,1660
141,394,535
990,549,1539
667,616,1283
507,446,953
1000,38,1038
567,9,576
665,510,1175
786,260,1046
688,76,764
742,488,1230
948,151,1099
904,707,1611
821,498,1319
141,715,856
197,759,956
482,26,508
165,891,1056
420,950,1370
713,622,1335
531,729,1260
169,207,376
319,363,682
41,330,371
573,400,973
348,783,1131
226,472,698
715,460,1175
173,297,470
818,144,962
198,787,985
57,738,795
409,664,1073
126,701,827
271,535,806
545,860,1405
531,147,678
852,453,1305
727,207,934
543,333,876
319,578,897
26,683,709
289,710,999
796,79,875
578,768,1346
327,887,1214
693,17,710
419,351,770
963,148,1111
687,789,1476
460,592,1052
303,666,969
891,111,1002
29,909,938
399,640,1039
217,270,487
840,342,1182
744,249,993
888,304,1192
452,16,468
300,496,796
301,594,895
390,191,581
123,750,873
494,562,1056
977,18,995
855,73,928
27,48,75
261,293,554
211,197,408
386,199,585
831,837,1668
164,978,1142
776,677,1453
567,803,1370
247,56,303
277,467,744
569,854,1423
680,947,1627
510,597,1107
243,562,805
30,116,146
39,968,1007
34,755,789
39,48,87
552,597,1149
745,594,1339
157,754,911
2,517,519
1000,178,1178
32,173,205
934,819,1753
502,488,990
258,362,620
634,340,974
498,258,756
796,221,1017
948,569,1517
675,953,1628
196,438,634
484,876,1360
828,382,1210
746,491,1237
140,844,984
341,46,387
666,944,1610
535,789,1324
954,375,1329
70,443,513
732,451,1183
103,782,885
732,36,768
162,981,1143
226,653,879
388,793,1181
603,290,893
58,890,948
316,708,1024
606,964,1570
905,704,1609
556,80,636
693,387,1080
146,100,246
965,638,1603
364,431,795
433,960,1393
276,725,1001
446,85,531
130,26,156
356,667,1023
296,409,705
695,764,1459
412,981,1393
299,509,808
15,671,686
122,395,517
385,876,1261
48,15,63
693,613,1306
715,601,1316
179,742,921
392,287,679
46,50,96
470,96,566
906,104,1010
1,558,559
131,709,840
261,67,328
917,972,1889
795,67,862
489,751,1240
943,55,998
930,970,1900
264,271,535
622,436,1058
931,454,1385
2,984,986
194,231,425
338,113,451
749,455,1204
935,45,980
808,524,1332
824,76,900
183,376,559
974,343,1317
229,508,737
719,147,866
861,156,1017
665,71,736
720,489,1209
925,221,1146
691,448,1139
776,8,784
725,368,1093
174,828,1002
923,233,1156
375,606,981
817,912,1729
734,653,1387
202,308,510
78,858,936
697,660,1357
278,357,635
333,20,353
534,293,827
731,161,892
819,218,1037
457,535,992
863,695,1558
210,368,578
248,147,395
691,906,1597
547,378,925
322,310,632
842,143,985
692,259,951
256,689,945
800,483,1283
398,985,1383
492,761,1253
78,852,930
676,639,1315
536,78,614
697,66,763
400,503,903
683,199,882
386,178,564
50,924,974
337,747,1084
912,53,965
380,667,1047
571,637,1208
940,234,1174
433,495,928
664,508,1172
712,218,930
90,566,656
463,877,1340
539,215,754
961,655,1616
66,626,692
80,62,142
819,639,1458
653,192,845
471,149,620
835,382,1217
286,641,927
284,476,760
86,11,97
161,878,1039
905,468,1373
885,658,1543
35,125,160
695,87,782
296,579,875
487,667,1154
174,978,1152
797,440,1237
699,742,1441
169,108,277
115,958,1073
288,261,549
982,240,1222
841,436,1277
853,566,1419
934,438,1372
493,982,1475
345,136,481
775,656,1431
446,521,967
463,451,914
398,799,1197
496,317,813
501,168,669
974,275,1249
87,56,143
983,752,1735
183,297,480
959,606,1565
521,146,667
557,572,1129
765,935,1700
22,810,832
486,705,1191
455,103,558
156,344,500
928,610,1538
127,7,134
176,53,229
404,625,1029
849,123,972
452,766,1218
64,349,413
368,29,397
768,483,1251
638,99,737
30,483,513
942,329,1271
967,226,1193
960,459,1419
253,142,395
992,103,1095
400,780,1180
542,885,1427
505,765,1270
655,146,801
23,455,478
475,445,920
631,698,1329
729,407,1136
281,367,648
192,6,198
350,293,643
884,688,1572
366,81,447
320,362,682
417,80,497
478,419,897
780,593,1373
781,791,1572
926,632,1558
408,220,628
248,801,1049
697,954,1651
393,750,1143
538,315,853
479,576,1055
806,251,1057
133,188,321
662,521,1183
109,197,306
295,698,993
928,884,1812
425,143,568
407,162,569
344,200,544
10,229,239
977,900,1877
666,252,918
722,419,1141
942,226,1168
47,235,282
25,64,89
593,24,617
589,439,1028
835,267,1102
304,930,1234
606,874,1480
224,407,631
712,735,1447
624,809,1433
493,60,553
517,19,536
860,867,1727
821,309,1130
945,876,1821
361,151,512
558,646,1204
938,580,1518
835,678,1513
74,191,265
758,313,1071
366,215,581
431,796,1227
291,405,696
306,797,1103
184,404,588
61,314,375
80,406,486
881,10,891
766,968,1734
79,303,382
252,707,959
664,496,1160
480,879,1359
291,142,433
775,244,1019
704,592,1296
393,673,1066
60,765,825
520,751,1271
567,887,1454
515,809,1324
758,584,1342
723,911,1634
881,931,1812
740,906,1646
979,987,1966
326,329,655
286,750,1036
150,467,617
773,81,854
425,77,502
592,683,1275
714,657,1371
360,903,1263
837,342,1179
53,925,978
697,551,1248
260,414,674
851,73,924
551,8,559
89,873,962
827,393,1220
390,414,804
510,287,797
977,196,1173
164,189,353
337,596,933
852,203,1055
207,799,1006
968,614,1582
112,782,894
626,671,1297
666,664,1330
891,120,1011
391,930,1321
668,999,1667
601,852,1453
749,840,1589
950,414,1364
49,361,410
379,723,1102
266,972,1238
589,286,875
343,984,1327
77,792,869
596,908,1504
350,136,486
167,207,374
42,533,575
105,42,147
953,971,1924
402,962,1364
862,188,1050
691,392,1083
920,83,1003
932,727,1659
949,974,1923
356,895,1251
939,761,1700
195,302,497
881,243,1124
524,471,995
833,310,1143
360,809,1169
399,442,841
264,310,574
450,792,1242
618,604,1222
709,946,1655
149,883,1032
664,199,863
92,674,766
764,304,1068
448,683,1131
568,620,1188
758,333,1091
159,840,999
987,269,1256
320,20,340
315,249,564
45,196,241
113,548,661
163,174,337
826,906,1732
808,801,1609
444,424,868
960,439,1399
134,341,475
373,55,428
327,837,1164
866,306,1172
179,51,230
347,42,389
240,984,1224
672,122,794
217,411,628
219,177,396
287,167,454
471,618,1089
500,242,742
599,389,988
169,370,539
505,363,868
499,447,946
810,389,1199
479,986,1465
471,408,879
415,28,443
607,856,1463
355,108,463
407,20,427
570,414,984
147,612,759
785,441,1226
977,101,1078
378,504,882
119,838,957
975,974,1949
83,901,984
125,80,205
574,998,1572
718,882,1600
196,744,940
715,491,1206
220,71,291
435,108,543
555,992,1547
688,19,707
6,581,587
352,103,455
786,266,1052
138,270,408
646,620,1266
278,277,555
279,57,336
169,813,982
390,708,1098
135,567,702
201,682,883
112,205,317
251,370,621
743,580,1323
570,841,1411
71,380,451
315,578,893
934,518,1452
627,858,1485
578,491,1069
120,727,847
929,15,944
507,778,1285
205,660,865
951,482,1433
167,77,244
136,572,708
497,694,1191
183,358,541
919,87,1006
705,604,1309
169,142,311
804,107,911
496,33,529
910,557,1467
537,92,629
203,541,744
739,645,1384
156,91,247
554,498,1052
382,789,1171
399,531,930
922,239,1161
801,227,1028
289,480,769
946,39,985
350,424,774
567,991,1558
88,131,219
552,545,1097
899,607,1506
316,33,349
374,323,697
163,139,302
813,765,1578
558,512,1070
329,791,1120
854,475,1329
443,880,1323
241,482,723
639,62,701
571,336,907
648,600,1248
32,971,1003
310,103,413
179,708,887
107,278,385
895,71,966
294,74,368
864,135,999
886,507,1393
132,115,247
930,117,1047
49,74,123
313,461,774
723,584,1307
105,877,982
268,804,1072
616,600,1216
484,822,1306
667,8,675
368,221,589
113,914,1027
410,101,511
990,384,1374
53,66,119
947,48,995
162,975,1137
364,245,609
421,996,1417
765,164,929
393,701,1094
686,526,1212
228,405,633
849,598,1447
457,458,915
810,1000,1810
895,999,1894
865,710,1575
222,603,825
259,10,269
54,679,733
441,157,598
931,126,1057
810,721,1531
651,191,842
794,537,1331
32,415,447
433,201,634
735,904,1639
316,483,799
931,310,1241
414,714,1128
380,611,991
125,844,969
771,919,1690
100,439,539
810,620,1430
381,828,1209
542,125,667
166,203,369
593,414,1007
629,455,1084
654,841,1495
73,55,128
365,599,964
116,452,568
129,308,437
584,850,1434
340,89,429
759,413,1172
137,597,734
37,40,77
539,578,1117
713,292,1005
707,536,1243
596,682,1278
477,537,1014
241,897,1138
483,228,711
729,221,950
28,408,436
525,999,1524
913,130,1043
41,429,470
419,931,1350
854,115,969
393,111,504
567,43,610
559,331,890
808,478,1286
892,499,1391
608,492,1100
909,912,1821
582,973,1555
500,126,626
300,868,1168
865,756,1621
846,160,1006
99,561,660
68,257,325
103,636,739
7,572,579
656,877,1533
386,913,1299
48,746,794
103,146,249
21,834,855
483,326,809
779,560,1339
110,92,202
814,400,1214
954,180,1134
448,172,620
747,259,1006
48,717,765
615,631,1246
940,20,960
258,559,817
964,177,1141
277,570,847
29,993,1022
949,977,1926
760,557,1317
478,32,510
481,231,712
675,366,1041
142,866,1008
107,582,689
77,687,764
96,829,925
165,359,524
378,525,903
178,850,1028
548,723,1271
529,624,1153
639,19,658
750,720,1470
936,970,1906
610,811,1421
724,980,1704
919,576,1495
174,643,817
339,631,970
100,250,350
708,185,893
922,436,1358
961,841,1802
990,673,1663
477,408,885
93,610,703
379,153,532
288,215,503
878,713,1591
953,691,1644
358,259,617
133,378,511
813,365,1178
537,749,1286
933,31,964
63,707,770
593,214,807
839,866,1705
851,334,1185
968,758,1726
665,577,1242
743,351,1094
741,490,1231
587,639,1226
820,188,1008
103,566,669
45,477,522
732,253,985
681,840,1521
898,49,947
646,871,1517
780,419,1199
533,332,865
256,466,722
444,286,730
536,241,777
633,542,1175
72,366,438
812,631,1443
324,884,1208
542,833,1375
932,311,1243
768,7,775
370,123,493
713,343,1056
455,256,711
915,798,1713
504,170,674
45,281,326
196,466,662
474,582,1056
581,917,1498
720,837,1557
997,376,1373
605,818,1423
702,126,828
911,788,1699
842,968,1810
653,577,1230
975,248,1223
287,603,890
707,758,1465
50,48,98
504,418,922
691,910,1601
958,39,997
192,199,391
680,234,914
641,885,1526
476,387,863
405,55,460
828,805,1633
558,901,1459
60,355,415
654,125,779
827,884,1711
26,416,442
240,79,319
674,679,1353
304,947,1251
860,89,949
814,421,1235
438,321,759
557,471,1028
606,135,741
526,859,1385
941,726,1667
515,389,904
843,389,1232
853,243,1096
586,7,593
598,530,1128
758,198,956
323,829,1152
640,23,663
713,778,1491
595,956,1551
361,108,469
922,272,1194
980,608,1588
201,230,431
599,151,750
330,646,976
625,914,1539
513,259,772
709,858,1567
943,692,1635
697,600,1297
756,956,1712
624,454,1078
338,634,972
505,863,1368
316,448,764
950,359,1309
583,998,1581
384,31,415
621,405,1026
313,457,770
780,853,1633
430,389,819
892,818,1710
59,63,122
622,67,689
271,346,617
800,580,1380
938,517,1455
400,521,921
730,729,1459
849,188,1037
574,774,1348
729,288,1017
516,760,1276
680,98,778
740,486,1226
792,478,1270
901,598,1499
535,803,1338
3,246,249
780,793,1573
464,864,1328
764,274,1038
982,325,1307
110,938,1048
580,297,877
228,999,1227
397,521,918
867,958,1825
739,199,938
715,953,1668
401,109,510
251,276,527
724,609,1333
921,61,982
247,835,1082
601,374,975
961,646,1607
960,473,1433
572,187,759
204,812,1016
418,599,1017
889,931,1820
872,443,1315
716,419,1135
301,58,359
27,933,960
836,708,1544
727,473,1200
434,840,1274
210,191,401
178,568,746
464,479,943
125,549,674
728,659,1387
823,354,1177
242,821,1063
26,160,186
205,267,472
672,478,1150
47,722,769
450,509,959
610,852,1462
305,644,949
304,182,486
989,970,1959
590,177,767
565,797,1362
32,15,47
966,264,1230
894,8,902
929,4,933
872,110,982
684,353,1037
554,415,969
120,307,427
700,355,1055
327,653,980
998,31,1029
718,257,975
321,4,325
461,788,1249
442,907,1349
205,145,350
993,307,1300
546,470,1016
705,959,1664
769,653,1422
536,995,1531
399,690,1089
972,249,1221
668,771,1439
981,92,1073
358,327,685
294,419,713
403,343,746
725,248,973
22,270,292
3,6,9
399,168,567
225,994,1219
921,919,1840
567,616,1183
534,617,1151
767,287,1054
870,146,1016
98,996,1094
369,970,1339
704,644,1348
942,873,1815
213,584,797
504,314,818
111,63,174
413,221,634
861,925,1786
257,412,669
854,270,1124
215,371,586
296,627,923
507,411,918
94,998,1092
897,369,1266
708,263,971
72,990,1062
790,76,866
305,394,699
850,691,1541
737,261,998
993,926,1919
731,222,953
583,20,603
601,863,1464
725,230,955
904,434,1338
280,784,1064
226,522,748
97,487,584
605,545,1150
319,62,381
621,850,1471
201,666,867
949,933,1882
947,907,1854
180,571,751
579,862,1441
352,269,621
102,140,242
676,84,760
576,871,1447
226,847,1073
163,596,759
377,847,1224
537,88,625
459,523,982
204,943,1147
207,930,1137
506,831,1337
457,153,610
264,294,558
854,340,1194
975,945,1920
955,139,1094
987,771,1758
395,429,824
247,301,548
735,993,1728
272,391,663
209,73,282
187,737,924
167,377,544
426,703,1129
177,336,513
602,93,695
316,199,515
905,564,1469
720,720,1440
535,537,1072
875,303,1178
413,808,1221
135,257,392
632,836,1468
586,474,1060
973,525,1498
665,840,1505
616,902,1518
200,894,1094
79,31,110
761,810,1571
578,890,1468
808,136,944
460,548,1008
467,334,801
543,113,656
577,177,754
377,487,864
432,380,812
8,938,946
857,607,1464
773,388,1161
648,595,1243
403,918,1321
588,197,785
137,73,210
87,177,264
507,68,575
955,427,1382
352,355,707
919,240,1159
584,920,1504
971,482,1453
260,20,280
98,290,388
979,597,1576
345,959,1304
961,926,1887
260,469,729
940,195,1135
218,751,969
136,738,874
116,997,1113
833,335,1168
210,516,726
312,980,1292
692,912,1604
263,900,1163
792,80,872
940,243,1183
253,251,504
489,686,1175
917,208,1125
432,530,962
431,809,1240
57,746,803
516,996,1512
692,192,884
506,930,1436
178,539,717
838,737,1575
902,722,1624
796,323,1119
926,795,1721
74,101,175
374,763,1137
490,166,656
738,24,762
486,628,1114
76,587,663
462,681,1143
18,843,861
421,625,1046
147,328,475
691,525,1216
467,488,955
495,626,1121
484,547,1031
23,351,374
950,61,1011
43,874,917
249,652,901
744,186,930
289,296,585
4,779,783
438,371,809
807,710,1517
496,825,1321
338,377,715
444,809,1253
177,342,519
131,758,889
28,891,919
308,229,537
629,665,1294
272,624,896
66,493,559
983,906,1889
315,23,338
822,806,1628
390,330,720
260,655,915
918,992,1910
18,129,147
165,389,554
816,46,862
438,243,681
203,318,521
223,128,351
432,132,564
305,63,368
592,180,772
174,117,291
429,3,432
281,981,1262
349,585,934
53,808,861
89,71,160
523,751,1274
975,196,1171
748,818,1566
666,299,965
844,2,846
165,918,1083
730,591,1321
416,707,1123
728,682,1410
726,965,1691
642,205,847
274,180,454
828,666,1494
707,568,1275
459,832,1291
974,972,1946
525,201,726
599,796,1395
251,591,842
20,663,683
771,520,1291
475,392,867
472,257,729
268,806,1074
628,574,1202
846,394,1240
457,674,1131
480,879,1359
384,961,1345
116,505,621
852,460,1312
125,21,146
965,866,1831
323,832,1155
103,366,469
792,880,1672
220,486,706
974,326,1300
889,966,1855
714,459,1173
228,844,1072
86,753,839
745,362,1107
998,825,1823
915,909,1824
941,126,1067
68,42,110
259,596,855
534,137,671
961,213,1174
611,790,1401
897,737,1634
48,63,111
122,312,434
327,799,1126
51,472,523
189,670,859
400,376,776
68,332,400
94,327,421
70,22,92
882,365,1247
798,647,1445
987,613,1600
428,316,744
95,528,623
811,720,1531
562,548,1110
361,842,1203
926,742,1668
367,740,1107
35,842,877
457,687,1144
606,22,628
5,583,588
13,607,620
467,361,828
344,246,590
303,538,841
862,535,1397
529,816,1345
671,323,994
366,958,1324
161,644,805
606,888,1494
177,659,836
907,12,919
809,429,1238
670,268,938
310,632,942
185,278,463
823,849,1672
877,425,1302
449,577,1026
444,553,997
695,442,1137
929,520,1449
762,282,1044
93,420,513
312,9,321
33,841,874
959,582,1541
939,178,1117
476,112,588
961,301,1262
721,955,1676
686,158,844
603,765,1368
287,905,1192
103,370,473
221,13,234
632,792,1424
11,828,839
136,93,229
595,217,812
879,161,1040
883,837,1720
100,194,294
898,892,1790
105,408,513
78,224,302
102,656,758
303,129,432
560,179,739
357,168,525
862,652,1514
515,684,1199
479,111,590
131,708,839
157,333,490
585,983,1568
261,788,1049
632,956,1588
553,373,926
82,707,789
520,101,621
360,254,614
640,3,643
751,818,1569
30,216,246
896,313,1209
42,996,1038
887,538,1425
223,679,902
801,133,934
692,934,1626
731,557,1288
236,611,847
642,418,1060
144,225,369
921,708,1629
560,673,1233
467,431,898
552,139,691
211,98,309
536,174,710
846,231,1077
399,809,1208
685,756,1441
263,962,1225
297,916,1213
252,796,1048
809,632,1441
289,561,850
387,244,631
881,1,882
325,932,1257
438,66,504
283,652,935
782,867,1649
452,176,628
167,134,301
638,598,1236
145,357,502
492,577,1069
455,699,1154
401,49,450
184,103,287
538,691,1229
924,882,1806
923,299,1222
343,386,729
287,188,475
815,614,1429
842,722,1564
685,461,1146
579,474,1053
151,447,598
406,688,1094
135,946,1081
21,104,125
598,295,893
918,269,1187
652,206,858
516,220,736
476,268,744
920,570,1490
775,84,859
693,244,937
966,835,1801
383,784,1167
506,146,652
452,84,536
599,649,1248
971,414,1385
807,403,1210
420,893,1313
689,20,709
227,764,991
222,842,1064
71,143,214
365,435,800
413,319,732
196,22,218
348,391,739
99,790,889
140,414,554
95,590,685
831,241,1072
83,729,812
346,65,411
69,723,792
64,888,952
629,643,1272
603,653,1256
104,755,859
387,116,503
256,564,820
661,206,867
440,385,825
601,622,1223
479,386,865
732,325,1057
735,978,1713
188,215,403
55,470,525
942,192,1134
765,76,841
532,460,992
837,718,1555
489,596,1085
101,129,230
130,517,647
840,614,1454
616,438,1054
736,903,1639
455,289,744
994,336,1330
787,655,1442
424,210,634
685,406,1091
462,726,1188
87,880,967
750,804,1554
819,813,1632
803,443,1246
34,666,700
857,169,1026
528,399,927
720,20,740
65,23,88
441,930,1371
484,630,1114
909,483,1392
879,839,1718
422,557,979
603,440,1043
804,77,881
843,246,1089
476,298,774
273,988,1261
623,510,1133
21,480,501
477,125,602
78,140,218
296,905,1201
732,636,1368
454,865,1319
88,358,446
792,706,1498
896,785,1681
561,502,1063
220,371,591
415,571,986
122,983,1105
681,208,889
724,976,1700
303,128,431
235,401,636
76,606,682
613,436,1049
924,738,1662
903,421,1324
860,263,1123
627,751,1378
388,970,1358
713,958,1671
411,237,648
433,591,1024
908,501,1409
152,176,328
940,863,1803
749,161,910
911,243,1154
72,601,673
26,131,157
42,90,132
146,999,1145
126,548,674
825,624,1449
685,3,688
982,736,1718
422,477,899
75,381,456
857,270,1127
857,364,1221
597,372,969
178,414,592
143,752,895
614,288,902
101,892,993
54,959,1013
984,450,1434
975,497,1472
312,877,1189
964,901,1865
403,935,1338
782,741,1523
193,236,429
544,324,868
799,119,918
350,605,955
701,363,1064
766,133,899
906,883,1789
167,247,414
230,870,1100
653,24,677
211,594,805
161,445,606
579,986,1565
510,778,1288
110,777,887
535,519,1054
857,762,1619
67,530,597
192,589,781
973,719,1692
711,149,860
288,180,468
338,674,1012
515,335,850
704,126,830
614,725,1339
340,371,711
396,928,1324
964,467,1431
520,237,757
17,222,239
382,378,760
684,693,1377
843,96,939
972,248,1220
508,57,565
535,423,958
679,254,933
846,578,1424
419,399,818
465,517,982
500,419,919
346,143,489
646,293,939
923,733,1656
5,143,148
415,633,1048
39,670,709
378,780,1158
429,360,789
204,210,414
525,342,867
485,678,1163
926,435,1361
665,458,1123
139,851,990
310,608,918
192,918,1110
658,935,1593
571,271,842
459,481,940
155,506,661
488,43,531
511,702,1213
624,527,1151
659,302,961
668,781,1449
920,723,1643
504,166,670
614,984,1598
469,491,960
838,762,1600
56,999,1055
727,652,1379
951,985,1936
303,704,1007
409,828,1237
159,744,903
373,250,623
708,362,1070
806,500,1306
608,309,917
881,302,1183
778,561,1339
13,173,186
477,942,1419
17,655,672
213,767,980
786,143,929
870,186,1056
837,512,1349
278,771,1049
317,477,794
675,390,1065
605,552,1157
685,245,930
178,339,517
204,852,1056
202,985,1187
857,794,1651
788,476,1264
134,169,303
307,346,653
291,120,411
970,374,1344
859,151,1010
729,681,1410
485,731,1216
539,420,959
401,436,837
264,317,581
565,528,1093
987,444,1431
997,922,1919
993,61,1054
36,961,997
267,781,1048
829,838,1667
436,69,505
311,390,701
752,430,1182
46,695,741
598,701,1299
260,881,1141
943,924,1867
291,583,874
358,887,1245
709,262,971
259,159,418
665,151,816
772,321,1093
494,217,711
90,474,564
395,575,970
678,621,1299
470,308,778
1000,512,1512
472,547,1019
910,202,1112
544,737,1281
482,446,928
894,29,923
582,629,1211
184,704,888
58,836,894
572,55,627
100,240,340
903,848,1751
603,387,990
558,570,1128
297,167,464
921,990,1911
305,378,683
880,306,1186
119,153,272
652,935,1587
668,81,749
914,993,1907
768,137,905
720,417,1137
140,388,528
929,14,943
144,197,341
904,958,1862
108,398,506
647,281,928
1,308,309
73,586,659
123,748,871
755,501,1256
914,776,1690
47,906,953
882,271,1153
527,289,816
970,495,1465
771,10,781
644,254,898
779,532,1311
495,944,1439
114,917,1031
294,770,1064
354,621,975
58,70,128
777,60,837
102,594,696
499,389,888
284,514,798
369,505,874
723,822,1545
900,663,1563
729,403,1132
949,379,1328
533,962,1495
537,774,1311
929,880,1809
363,317,680
740,285,1025
886,205,1091
721,1,722
774,108,882
290,733,1023
655,1000,1655
628,343,971
868,980,1848
426,870,1296
164,3,167
401,124,525
187,949,1136
324,401,725
489,253,742
583,605,1188
514,201,715
382,751,1133
346,596,942
88,977,1065
242,948,1190
901,96,997
483,657,1140
912,944,1856
609,289,898
564,228,792
35,386,421
26,526,552
225,590,815
723,369,1092
564,495,1059
316,315,631
503,74,577
561,218,779
613,562,1175
40,998,1038
800,250,1050
663,389,1052
911,695,1606
565,282,847
618,202,820
345,238,583
843,787,1630
42,708,750
331,269,600
495,98,593
494,737,1231
670,223,893
933,219,1152
186,832,1018
994,92,1086
869,604,1473
20,602,622
605,387,992
961,705,1666
754,621,1375
542,18,560
866,835,1701
507,574,1081
41,800,841
110,706,816
172,723,895
102,461,563
893,385,1278
213,864,1077
922,944,1866
457,560,1017
891,447,1338
438,211,649
883,972,1855
528,797,1325
924,402,1326
771,963,1734
903,643,1546
192,907,1099
84,572,656
996,775,1771
997,409,1406
233,525,758
229,402,631
489,97,586
758,821,1579
656,895,1551
378,93,471
941,997,1938
299,716,1015
689,477,1166
95,995,1090
636,150,786
404,692,1096
654,210,864
650,328,978
270,626,896
486,805,1291
731,219,950
38,709,747
493,177,670
538,877,1415
514,940,1454
228,632,860
945,903,1848
703,555,1258
68,271,339
718,869,1587
922,621,1543
845,704,1549
874,259,1133
430,878,1308
150,640,790
557,906,1463
645,876,1521
405,641,1046
630,455,1085
79,346,425
424,603,1027
64,591,655
976,551,1527
739,719,1458
202,187,389
383,458,841
265,22,287
102,19,121
686,108,794
160,617,777
921,568,1489
87,691,778
230,425,655
252,295,547
199,293,492
246,724,970
0,313,313
896,461,1357
906,127,1033
230,273,503
711,501,1212
972,443,1415
234,662,896
405,347,752
24,916,940
83,278,361
810,969,1779
485,468,953
821,257,1078
828,474,1302
978,59,1037
501,833,1334
499,534,1033
724,790,1514
821,633,1454
946,216,1162
802,541,1343
688,120,808
252,26,278
933,901,1834
32,474,506
525,590,1115
274,438,712
133,846,979
384,945,1329
201,841,1042
178,443,621
427,620,1047
190,705,895
387,362,749
364,310,674
482,677,1159
209,456,665
401,608,1009
633,287,920
150,233,383
230,106,336
368,571,939
281,986,1267
628,737,1365
314,725,1039
570,15,585
588,196,784
369,239,608
99,397,496
572,755,1327
763,436,1199
351,280,631
290,21,311
667,658,1325
269,910,1179
852,790,1642
949,906,1855
422,41,463
852,601,1453
0,405,405
460,369,829
876,649,1525
612,520,1132
164,819,983
596,212,808
668,393,1061
434,109,543
140,308,448
779,147,926
374,408,782
973,360,1333
673,467,1140
874,830,1704
199,50,249
488,338,826
499,642,1141
572,616,1188
956,511,1467
142,44,186
171,404,575
535,475,1010
993,837,1830
86,930,1016
536,560,1096
551,667,1218
182,97,279
293,755,1048
135,715,850
261,87,348
711,586,1297
785,166,951
663,748,1411
174,285,459
660,684,1344
370,385,755
955,462,1417
508,75,583
439,123,562
645,118,763
625,230,855
182,603,785
790,980,1770
661,351,1012
979,233,1212
134,87,221
458,344,802
8,492,500
72,738,810
998,773,1771
40,598,638
50,299,349
433,94,527
489,467,956
919,390,1309
335,654,989
941,557,1498
524,853,1377
441,676,1117
882,760,1642
882,509,1391
823,138,961
274,266,540
706,644,1350
449,851,1300
965,690,1655
360,924,1284
933,362,1295
828,595,1423
821,987,1808
378,249,627
643,219,862
27,959,986
893,413,1306
701,472,1173
735,419,1154
573,201,774
808,729,1537
829,183,1012
433,186,619
656,640,1296
981,499,1480
918,753,1671
149,574,723
187,29,216
150,163,313
26,918,944
114,836,950
967,952,1919
25,340,365
330,104,434
855,429,1284
759,609,1368
579,90,669
893,472,1365
259,331,590
82,419,501
172,85,257
526,131,657
398,702,1100
624,414,1038
150,489,639
713,292,1005
322,27,349
885,736,1621
468,185,653
284,825,1109
48,793,841
35,945,980
318,828,1146
514,901,1415
178,831,1009
702,751,1453
801,137,938
113,371,484
301,531,832
381,750,1131
764,615,1379
387,625,1012
800,698,1498
346,748,1094
735,229,964
590,912,1502
993,341,1334
256,23,279
200,148,348
148,737,885
291,208,499
155,344,499
549,86,635
221,622,843
607,646,1253
21,298,319
454,472,926
234,795,1029
430,724,1154
619,82,701
554,856,1410
147,702,849
8,535,543
354,888,1242
553,213,766
879,248,1127
540,226,766
845,534,1379
21,536,557
527,513,1040
794,784,1578
216,781,997
272,398,670
237,203,440
116,476,592
401,85,486
364,652,1016
754,447,1201
558,285,843
248,660,908
736,254,990
617,477,1094
427,717,1144
593,721,1314
680,580,1260
672,899,1571
951,932,1883
763,794,1557
713,819,1532
801,204,1005
965,805,1770
483,460,943
594,997,1591
578,320,898
948,54,1002
694,790,1484
675,241,916
796,594,1390
533,614,1147
742,239,981
825,22,847
90,913,1003
483,315,798
243,553,796
211,20,231
881,710,1591
980,325,1305
873,350,1223
499,783,1282
616,324,940
238,62,300
99,290,389
678,597,1275
797,120,917
230,51,281
587,515,1102
452,622,1074
34,842,876
675,557,1232
474,588,1062
713,642,1355
453,213,666
650,477,1127
58,278,336
280,396,676
288,721,1009
641,859,1500
471,928,1399
34,44,78
77,837,914
913,462,1375
90,379,469
217,61,278
889,542,1431
44,359,403
815,856,1671
732,506,1238
335,54,389
426,428,854
920,860,1780
176,32,208
674,878,1552
131,946,1077
474,886,1360
627,806,1433
146,716,862
262,319,581
537,746,1283
58,623,681
175,77,252
624,142,766
761,203,964
199,538,737
352,258,610
820,192,1012
737,354,1091
199,155,354
289,156,445
614,735,1349
941,946,1887
223,738,961
402,969,1371
833,843,1676
988,566,1554
704,569,1273
405,658,1063
242,902,1144
259,636,895
111,664,775
57,833,890
929,940,1869
278,182,460
731,697,1428
863,570,1433
610,486,1096
801,570,1371
617,959,1576
598,633,1231
859,519,1378
479,445,924
226,465,691
839,804,1643
130,299,429
182,330,512
894,678,1572
821,500,1321
242,78,320
180,976,1156
527,815,1342
352,915,1267
255,635,890
228,811,1039
832,416,1248
340,317,657
419,370,789
620,205,825
918,463,1381
174,459,633
705,846,1551
553,283,836
14,974,988
971,214,1185
475,900,1375
935,838,1773
550,368,918
448,403,851
834,927,1761
359,732,1091
93,327,420
945,127,1072
440,874,1314
609,92,701
761,234,995
530,393,923
47,892,939
821,1000,1821
404,391,795
877,140,1017
782,349,1131
658,362,1020
884,51,935
507,835,1342
627,856,1483
269,928,1197
869,676,1545
794,515,1309
143,53,196
149,831,980
802,977,1779
433,871,1304
540,361,901
760,200,960
687,368,1055
628,306,934
632,778,1410
354,411,765
652,368,1020
158,604,762
219,263,482
624,545,1169
543,991,1534
642,213,855
103,765,868
22,912,934
89,961,1050
782,717,1499
53,803,856
112,430,542
676,285,961
273,20,293
374,370,744
693,141,834
821,46,867
20,64,84
772,425,1197
964,659,1623
785,223,1008
287,749,1036
931,10,941
766,331,1097
523,729,1252
17,95,112
767,89,856
522,293,815
611,365,976
41,595,636
529,684,1213
418,873,1291
561,667,1228
810,439,1249
911,676,1587
950,252,1202
29,81,110
825,167,992
5,247,252
888,632,1520
658,59,717
571,995,1566
666,693,1359
825,854,1679
236,451,687
783,15,798
54,440,494
871,853,1724
169,233,402
893,925,1818
907,677,1584
590,970,1560
716,562,1278
210,215,425
627,971,1598
487,188,675
233,431,664
282,730,1012
672,978,1650
253,560,813
845,105,950
971,226,1197
355,394,749
798,1,799
203,571,774
372,114,486
770,651,1421
906,984,1890
831,487,1318
80,191,271
573,985,1558
841,864,1705
395,356,751
141,402,543
157,269,426
85,209,294
13,98,111
999,866,1865
950,681,1631
124,917,1041
200,545,745
343,817,1160
930,158,1088
738,63,801
685,161,846
134,168,302
34,669,703
108,582,690
881,715,1596
864,784,1648
496,827,1323
260,649,909
624,533,1157
100,863,963
570,975,1545
997,174,1171
205,42,247
345,698,1043
560,247,807
312,951,1263
619,81,700
829,455,1284
33,807,840
825,969,1794
381,466,847
17,164,181
677,571,1248
318,557,875
389,912,1301
348,924,1272
737,221,958
523,586,1109
250,218,468
754,522,1276
478,883,1361
740,78,818
746,57,803
579,614,1193
998,287,1285
644,204,848
927,126,1053
262,426,688
205,55,260
349,450,799
156,320,476
771,519,1290
713,418,1131
428,275,703
92,742,834
307,583,890
850,68,918
640,582,1222
627,323,950
402,788,1190
299,473,772
320,610,930
461,381,842
746,369,1115
519,181,700
712,664,1376
328,527,855
592,870,1462
48,366,414
826,499,1325
653,510,1163
930,242,1172
152,734,886
281,370,651
157,641,798
936,595,1531
628,812,1440
942,245,1187
75,967,1042
48,843,891
288,48,336
738,462,1200
762,874,1636
479,541,1020
41,309,350
770,726,1496
107,888,995
893,919,1812
571,618,1189
113,510,623
682,934,1616
878,42,920
995,584,1579
931,242,1173
570,770,1340
187,839,1026
715,254,969
95,557,652
104,776,880
960,724,1684
219,299,518
208,956,1164
878,567,1445
398,468,866
969,115,1084
330,909,1239
817,402,1219
235,572,807
808,199,1007
566,378,944
589,417,1006
539,437,976
443,349,792
345,405,750
27,357,384
229,816,1045
573,479,1052
485,899,1384
313,46,359
291,366,657
779,540,1319
525,533,1058
546,984,1530
481,490,971
349,739,1088
435,376,811
271,120,391
460,865,1325
517,683,1200
703,176,879
773,899,1672
385,101,486
198,432,630
7,785,792
433,279,712
999,935,1934
176,741,917
153,413,566
487,119,606
311,205,516
49,8,57
994,479,1473
355,571,926
258,493,751
942,926,1868
608,33,641
169,176,345
437,812,1249
834,825,1659
953,833,1786
753,270,1023
777,724,1501
778,891,1669
502,525,1027
900,632,1532
752,779,1531
783,158,941
188,767,955
647,799,1446
281,499,780
402,171,573
825,622,1447
79,644,723
616,291,907
166,866,1032
209,712,921
839,85,924
207,999,1206
911,962,1873
239,424,663
473,332,805
314,915,1229
577,34,611
809,943,1752
58,596,654
469,565,1034
758,599,1357
877,599,1476
704,389,1093
628,67,695
499,112,611
757,659,1416
825,956,1781
159,211,370
430,515,945
900,947,1847
747,868,1615
333,977,1310
263,686,949
13,386,399
872,511,1383
324,198,522
269,910,1179
256,559,815
659,624,1283
35,960,995
393,673,1066
582,719,1301
597,853,1450
26,828,854
305,552,857
763,488,1251
46,23,69
496,617,1113
754,462,1216
898,71,969
392,934,1326
501,797,1298
698,456,1154
767,770,1537
104,743,847
535,395,930
393,788,1181
644,244,888
201,737,938
174,841,1015
464,344,808
183,923,1106
259,900,1159
740,283,1023
674,451,1125
939,432,1371
105,701,806
657,185,842
828,320,1148
807,563,1370
956,928,1884
730,559,1289
71,926,997
480,154,634
826,918,1744
338,106,444
626,824,1450
134,174,308
912,497,1409
172,868,1040
921,490,1411
978,858,1836
142,862,1004
790,0,790
266,472,738
840,836,1676
10,115,125
969,360,1329
865,830,1695
360,782,1142
707,889,1596
148,505,653
673,688,1361
250,668,918
963,595,1558
662,723,1385
724,536,1260
345,63,408
418,819,1237
914,544,1458
639,90,729
79,989,1068
850,888,1738
180,706,886
947,13,960
186,737,923
304,93,397
428,10,438
635,160,795
756,956,1712
712,67,779
73,809,882
793,169,962
949,734,1683
355,978,1333
86,532,618
150,269,419
986,457,1443
452,339,791
364,496,860
183,584,767
491,28,519
394,945,1339
384,89,473
473,14,487
584,640,1224
926,19,945
875,341,1216
87,793,880
480,924,1404
991,37,1028
444,208,652
171,842,1013
916,272,1188
363,576,939
835,481,1316
488,764,1252
26,67,93
796,498,1294
146,180,326
1,407,408
824,498,1322
646,545,1191
136,106,242
388,473,861
130,218,348
192,395,587
665,200,865
650,256,906
88,146,234
43,29,72
564,168,732
87,607,694
29,940,969
736,846,1582
749,104,853
951,345,1296
65,840,905
744,727,1471
91,752,843
217,247,464
85,882,967
865,225,1090
835,180,1015
993,281,1274
247,304,551
523,549,1072
73,385,458
314,814,1128
907,332,1239
718,443,1161
238,798,1036
31,531,562
41,905,946
294,304,598
625,836,1461
769,124,893
419,921,1340
721,413,1134
86,84,170
864,887,1751
583,287,870
514,223,737
768,921,1689
593,36,629
745,522,1267
171,881,1052
691,530,1221
707,556,1263
326,997,1323
195,15,210
860,585,1445
152,26,178
224,951,1175
260,363,623
393,713,1106
655,661,1316
965,135,1100
505,477,982
82,101,183
947,556,1503
621,455,1076
885,614,1499
397,518,915
316,743,1059
960,446,1406
686,534,1220
4,399,403
971,990,1961
35,328,363
978,807,1785
887,90,977
708,772,1480
570,879,1449
671,224,895
536,129,665
495,388,883
786,296,1082
262,448,710
52,767,819
13,503,516
545,76,621
568,551,1119
735,932,1667
77,992,1069
675,671,1346
881,426,1307
776,272,1048
346,328,674
615,989,1604
509,954,1463
754,396,1150
436,585,1021
475,951,1426
850,919,1769
468,899,1367
7,707,714
574,31,605
323,749,1072
611,122,733
997,578,1575
543,671,1214
577,163,740
771,72,843
747,502,1249
228,852,1080
658,394,1052
663,944,1607
182,532,714
394,367,761
110,404,514
437,11,448
377,823,1200
480,235,715
861,839,1700
591,801,1392
260,303,563
650,261,911
529,11,540
574,42,616
714,68,782
687,806,1493
665,11,676
311,555,866
354,321,675
247,522,769
716,780,1496
405,443,848
421,600,1021
197,474,671
101,27,128
560,23,583
555,972,1527
155,180,335
988,696,1684
289,172,461
60,996,1056
213,419,632
76,938,1014
427,200,627
289,710,999
922,542,1464
824,733,1557
57,454,511
420,551,971
930,710,1640
526,282,808
938,85,1023
387,295,682
10,465,475
208,707,915
691,721,1412
588,993,1581
660,35,695
548,582,1130
328,229,557
663,950,1613
215,364,579
886,848,1734
790,590,1380
172,345,517
494,173,667
967,360,1327
386,165,551
200,88,288
994,844,1838
679,387,1066
541,999,1540
408,500,908
492,624,1116
961,758,1719
812,760,1572
670,408,1078
824,147,971
98,360,458
618,885,1503
85,485,570
855,534,1389
28,416,444
23,977,1000
406,141,547
13,225,238
229,264,493
940,860,1800
402,344,746
813,990,1803
347,332,679
186,984,1170
828,434,1262
566,552,1118
546,213,759
676,687,1363
588,439,1027
581,256,837
70,721,791
367,517,884
972,558,1530
21,810,831
849,662,1511
202,318,520
96,684,780
612,35,647
469,468,937
835,885,1720
959,415,1374
92,79,171
655,579,1234
459,279,738
63,199,262
999,94,1093
415,776,1191
83,145,228
219,619,838
779,907,1686
98,862,960
327,403,730
88,908,996
496,61,557
228,429,657
363,6,369
801,710,1511
412,790,1202
951,968,1919
236,463,699
195,707,902
204,522,726
60,957,1017
362,362,724
588,812,1400
486,192,678
166,356,522
278,180,458
840,163,1003
633,840,1473
942,612,1554
814,214,1028
931,623,1554
64,828,892
829,348,1177
860,324,1184
755,224,979
78,652,730
892,677,1569
581,893,1474
617,119,736
132,235,367
398,842,1240
877,711,1588
600,136,736
829,444,1273
450,546,996
254,135,389
179,385,564
941,624,1565
417,198,615
788,187,975
983,906,1889
935,155,1090
860,899,1759
633,804,1437
668,870,1538
214,4,218
960,30,990
101,19,120
574,875,1449
293,35,328
633,808,1441
952,644,1596
838,538,1376
598,775,1373
981,551,1532
170,919,1089
308,648,956
528,158,686
48,63,111
481,855,1336
848,618,1466
522,277,799
872,66,938
261,343,604
400,483,883
109,740,849
393,685,1078
411,460,871
931,327,1258
746,889,1635
704,811,1515
783,153,936
341,106,447
503,574,1077
500,50,550
695,32,727
16,363,379
999,521,1520
999,988,1987
727,933,1660
978,293,1271
934,190,1124
713,63,776
342,275,617
206,16,222
809,686,1495
233,938,1171
316,64,380
296,96,392
346,620,966
218,95,313
250,785,1035
231,588,819
710,706,1416
281,837,1118
536,518,1054
398,98,496
574,842,1416
473,543,1016
812,720,1532
523,612,1135
986,169,1155
350,526,876
169,764,933
677,502,1179
137,500,637
429,561,990
790,703,1493
656,316,972
949,774,1723
621,714,1335
869,257,1126
897,10,907
615,268,883
842,471,1313
409,36,445
834,686,1520
621,461,1082
266,724,990
804,323,1127
306,727,1033
940,794,1734
914,931,1845
903,421,1324
81,128,209
776,936,1712
161,297,458
516,904,1420
469,119,588
219,379,598
484,227,711
465,857,1322
716,94,810
889,641,1530
108,419,527
934,890,1824
99,944,1043
209,693,902
576,262,838
448,575,1023
952,921,1873
929,948,1877
560,338,898
985,142,1127
284,689,973
534,414,948
471,476,947
351,928,1279
687,362,1049
148,705,853
522,63,585
717,235,952
481,542,1023
906,408,1314
858,980,1838
475,45,520
443,219,662
175,593,768
704,493,1197
443,310,753
394,615,1009
923,582,1505
468,725,1193
493,10,503
641,370,1011
425,838,1263
510,672,1182
854,498,1352
124,311,435
949,746,1695
570,128,698
387,95,482
595,848,1443
801,576,1377
269,769,1038
7,496,503
388,124,512
53,269,322
161,707,868
315,40,355
232,633,865
583,660,1243
29,652,681
603,527,1130
798,240,1038
675,673,1348
181,787,968
768,374,1142
832,23,855
52,549,601
837,591,1428
555,69,624
534,791,1325
300,340,640
61,27,88
133,662,795
38,872,910
51,254,305
544,470,1014
107,369,476
214,572,786
159,519,678
342,357,699
88,713,801
86,709,795
195,988,1183
314,960,1274
864,881,1745
667,444,1111
538,638,1176
20,739,759
173,700,873
679,349,1028
509,546,1055
75,544,619
915,157,1072
827,270,1097
14,126,140
669,743,1412
292,901,1193
533,655,1188
700,422,1122
602,10,612
679,735,1414
540,632,1172
463,595,1058
243,445,688
721,308,1029
182,720,902
26,77,103
913,484,1397
578,174,752
511,97,608
634,2,636
373,376,749
342,167,509
949,509,1458
706,909,1615
523,191,714
401,427,828
140,218,358
966,918,1884
237,798,1035
806,138,944
718,385,1103
577,932,1509
144,723,867
872,268,1140
311,58,369
317,739,1056
519,313,832
192,233,425
212,581,793
467,358,825
379,98,477
5,894,899
829,505,1334
339,526,865
344,651,995
931,191,1122
554,77,631
577,474,1051
834,455,1289
142,915,1057
236,751,987
207,153,360
560,0,560
14,398,412
156,339,495
52,391,443
105,408,513
601,483,1084
275,533,808
201,107,308
287,986,1273
389,89,478
629,988,1617
965,237,1202
936,968,1904
324,979,1303
899,914,1813
62,557,619
890,766,1656
527,210,737
806,96,902
602,912,1514
396,236,632
732,165,897
914,326,1240
151,986,1137
765,665,1430
543,260,803
414,213,627
590,904,1494
691,560,1251
181,99,280
348,812,1160
945,853,1798
681,789,1470
53,835,888
415,403,818
868,991,1859
849,634,1483
748,206,954
280,556,836
331,543,874
855,365,1220
115,865,980
66,926,992
210,187,397
350,713,1063
883,974,1857
262,423,685
716,530,1246
937,87,1024
697,309,1006
225,250,475
196,168,364
286,869,1155
736,729,1465
338,670,1008
735,831,1566
993,652,1645
219,1000,1219
440,404,844
410,243,653
669,126,795
904,10,914
947,456,1403
283,807,1090
166,862,1028
800,122,922
901,509,1410
497,717,1214
25,773,798
498,183,681
519,791,1310
321,371,692
258,496,754
305,306,611
315,242,557
848,28,876
945,41,986
40,201,241
820,388,1208
926,234,1160
253,322,575
963,680,1643
846,289,1135
389,81,470
509,894,1403
273,301,574
57,543,600
142,67,209
261,713,974
374,468,842
140,816,956
414,77,491
460,248,708
109,97,206
396,522,918
729,679,1408
930,161,1091
673,793,1466
934,610,1544
13,629,642
906,846,1752
477,901,1378
434,721,1155
111,659,770
103,865,968
147,503,650
34,413,447
158,288,446
98,165,263
780,198,978
29,749,778
974,848,1822
971,402,1373
708,329,1037
978,859,1837
853,702,1555
31,819,850
875,340,1215
329,75,404
914,138,1052
22,1000,1022
589,830,1419
908,826,1734
676,977,1653
944,661,1605
866,656,1522
959,431,1390
664,478,1142
583,453,1036
917,652,1569
924,849,1773
357,580,937
700,19,719
437,664,1101
201,646,847
897,496,1393
398,600,998
139,136,275
729,725,1454
260,407,667
859,540,1399
133,848,981
472,353,825
695,575,1270
994,604,1598
235,912,1147
212,209,421
527,306,833
855,803,1658
389,38,427
407,416,823
971,191,1162
768,794,1562
274,813,1087
951,284,1235
922,262,1184
785,630,1415
391,561,952
907,452,1359
157,550,707
713,793,1506
994,747,1741
494,315,809
357,901,1258
735,283,1018
87,670,757
325,40,365
310,363,673
251,520,771
789,990,1779
106,610,716
334,633,967
377,418,795
420,892,1312
167,174,341
102,46,148
364,729,1093
25,347,372
777,780,1557
761,158,919
620,969,1589
835,927,1762
409,573,982
825,38,863
343,766,1109
444,878,1322
124,506,630
483,142,625
375,69,444
145,650,795
638,557,1195
571,921,1492
502,832,1334
864,250,1114
350,904,1254
970,599,1569
617,848,1465
822,472,1294
862,384,1246
771,381,1152
647,970,1617
740,379,1119
406,193,599
946,524,1470
147,158,305
89,571,660
96,972,1068
157,710,867
693,113,806
322,547,869
532,173,705
84,261,345
997,529,1526
777,79,856
218,902,1120
137,57,194
498,350,848
65,370,435
393,958,1351
753,12,765
294,472,766
840,276,1116
196,165,361
764,895,1659
982,290,1272
734,297,1031
201,160,361
466,663,1129
733,71,804
714,167,881
116,7,123
43,200,243
671,236,907
991,166,1157
920,995,1915
179,100,279
136,69,205
703,922,1625
351,90,441
648,425,1073
107,387,494
443,341,784
946,534,1480
378,191,569
704,84,788
658,614,1272
288,242,530
293,598,891
16,403,419
739,125,864
586,236,822
676,16,692
218,230,448
946,62,1008
239,753,992
694,120,814
132,604,736
992,725,1717
809,628,1437
992,948,1940
519,555,1074
292,771,1063
564,940,1504
521,487,1008
264,938,1202
880,678,1558
309,502,811
547,581,1128
859,909,1768
43,971,1014
831,369,1200
117,374,491
514,799,1313
511,575,1086
289,937,1226
236,605,841
508,456,964
630,980,1610
711,653,1364
77,741,818
481,774,1255
447,702,1149
812,782,1594
734,547,1281
274,890,1164
818,105,923
76,852,928
618,618,1236
426,568,994
961,726,1687
858,695,1553
404,746,1150
548,418,966
701,274,975
365,10,375
705,549,1254
745,211,956
381,622,1003
163,980,1143
418,153,571
544,845,1389
72,755,827
883,631,1514
285,187,472
674,752,1426
754,258,1012
831,712,1543
801,575,1376
741,725,1466
297,613,910
193,52,245
282,170,452
174,898,1072
68,239,307
498,489,987
888,881,1769
301,267,568
323,659,982
391,676,1067
193,497,690
79,402,481
989,384,1373
196,786,982
178,372,550
414,816,1230
406,421,827
118,655,773
995,296,1291
170,332,502
818,495,1313
499,334,833
640,774,1414
738,747,1485
47,560,607
504,385,889
8,588,596
33,459,492
597,919,1516
842,685,1527
871,606,1477
103,212,315
974,197,1171
821,81,902
385,470,855
699,70,769
905,559,1464
386,226,612
74,292,366
646,912,1558
972,430,1402
823,579,1402
486,22,508
296,400,696
284,447,731
460,634,1094
758,807,1565
662,444,1106
953,732,1685
494,142,636
296,321,617
476,778,1254
326,84,410
908,198,1106
838,416,1254
101,784,885
57,206,263
214,962,1176
132,130,262
676,90,766
945,735,1680
593,792,1385
942,901,1843
56,659,715
426,964,1390
566,46,612
522,868,1390
967,160,1127
195,467,662
679,655,1334
480,428,908
885,829,1714
337,241,578
38,289,327
66,633,699
935,449,1384
717,617,1334
283,110,393
68,999,1067
261,524,785
935,805,1740
112,892,1004
369,60,429
479,105,584
519,121,640
109,809,918
63,192,255
840,338,1178
243,301,544
155,798,953
899,52,951
149,841,990
831,968,1799
955,628,1583
526,17,543
569,470,1039
729,151,880
255,310,565
759,7,766
473,511,984
214,772,986
931,209,1140
490,646,1136
173,733,906
774,821,1595
976,833,1809
207,189,396
84,878,962
149,684,833
718,510,1228
190,162,352
407,33,440
411,556,967
969,350,1319
38,464,502
33,94,127
221,360,581
916,363,1279
458,447,905
615,520,1135
185,931,1116
194,740,934
457,579,1036
827,522,1349
96,244,340
861,575,1436
629,672,1301
63,218,281
663,529,1192
60,717,777
28,994,1022
677,972,1649
733,874,1607
684,363,1047
391,701,1092
490,837,1327
827,837,1664
737,952,1689
666,532,1198
474,52,526
120,281,401
592,75,667
219,950,1169
523,107,630
576,970,1546
516,369,885
352,253,605
545,677,1222
562,824,1386
242,400,642
558,608,1166
224,875,1099
82,882,964
107,83,190
85,279,364
792,48,840
992,819,1811
610,646,1256
415,960,1375
199,838,1037
543,519,1062
129,930,1059
504,429,933
908,234,1142
741,287,1028
550,169,719
27,24,51
804,879,1683
997,269,1266
763,855,1618
337,915,1252
802,605,1407
848,118,966
714,212,926
736,515,1251
202,78,280
498,684,1182
382,262,644
919,947,1866
484,328,812
62,917,979
665,722,1387
511,289,800
926,176,1102
685,952,1637
967,654,1621
440,194,634
551,933,1484
357,5,362
395,760,1155
113,49,162
226,913,1139
715,399,1114
191,754,945
24,112,136
471,694,1165
170,14,184
638,616,1254
81,253,334
47,578,625
688,146,834
323,214,537
403,482,885
279,59,338
264,177,441
446,223,669
652,356,1008
510,249,759
673,566,1239
326,420,746
556,691,1247
156,585,741
752,624,1376
495,457,952
689,81,770
925,595,1520
352,816,1168
822,608,1430
901,501,1402
339,849,1188
532,352,884
0,902,902
142,987,1129
266,117,383
663,99,762
356,74,430
735,977,1712
716,259,975
633,124,757
104,536,640
367,775,1142
758,28,786
273,702,975
961,294,1255
131,49,180
797,850,1647
477,469,946
340,240,580
725,997,1722
131,307,438
925,845,1770
785,624,1409
402,297,699
666,683,1349
673,229,902
627,697,1324
613,793,1406
257,863,1120
284,579,863
37,791,828
941,537,1478
400,503,903
491,693,1184
779,341,1120
845,75,920
647,524,1171
325,312,637
90,684,774
691,17,708
233,861,1094
747,31,778
112,819,931
98,934,1032
950,224,1174
118,119,237
544,43,587
610,252,862
86,210,296
127,835,962
65,794,859
604,584,1188
297,269,566
431,958,1389
18,80,98
732,786,1518
245,572,817
647,508,1155
343,340,683
810,918,1728
40,272,312
684,437,1121
356,95,451
214,791,1005
529,564,1093
439,756,1195
27,149,176
709,498,1207
434,778,1212
460,709,1169
303,189,492
90,959,1049
528,346,874
478,139,617
762,663,1425
716,771,1487
179,377,556
775,456,1231
721,940,1661
623,359,982
571,83,654
572,41,613
142,954,1096
554,746,1300
194,852,1046
484,724,1208
84,346,430
797,994,1791
408,490,898
238,235,473
637,968,1605
651,971,1622
701,818,1519
706,427,1133
782,503,1285
918,873,1791
232,331,563
244,181,425
802,151,953
487,340,827
47,214,261
857,63,920
547,284,831
977,694,1671
521,130,651
744,71,815
700,759,1459
766,28,794
450,64,514
624,440,1064
61,573,634
244,273,517
886,470,1356
143,816,959
22,34,56
647,425,1072
402,475,877
654,106,760
780,265,1045
767,222,989
702,991,1693
590,177,767
204,10,214
525,636,1161
114,874,988
367,432,799
835,873,1708
441,2,443
793,237,1030
974,434,1408
654,640,1294
228,525,753
499,894,1393
840,798,1638
386,102,488
842,982,1824
705,569,1274
827,479,1306
760,15,775
147,407,554
365,204,569
673,78,751
369,597,966
661,188,849
319,546,865
528,535,1063
853,116,969
594,976,1570
89,679,768
840,561,1401
137,695,832
854,849,1703
205,866,1071
336,588,924
730,226,956
632,510,1142
91,467,558
179,652,831
810,9,819
441,204,645
105,692,797
769,601,1370
47,252,299
576,409,985
124,789,913
45,369,414
11,190,201
465,939,1404
308,458,766
613,35,648
626,359,985
81,252,333
706,143,849
714,112,826
499,68,567
448,944,1392
839,136,975
17,749,766
71,742,813
243,226,469
938,639,1577
273,722,995
160,348,508
353,277,630
547,462,1009
963,917,1880
569,454,1023
258,843,1101
767,420,1187
146,197,343
219,901,1120
614,963,1577
891,45,936
969,49,1018
268,61,329
198,643,841
516,791,1307
4,858,862
197,763,960
622,81,703
115,622,737
77,613,690
637,998,1635
947,954,1901
654,693,1347
573,842,1415
40,380,420
232,367,599
630,682,1312
279,345,624
392,160,552
274,62,336
835,401,1236
332,844,1176
535,535,1070
774,311,1085
883,850,1733
300,400,700
81,60,141
519,365,884
492,289,781
804,927,1731
561,154,715
821,413,1234
74,516,590
32,767,799
552,762,1314
256,322,578
362,30,392
442,820,1262
260,431,691
315,885,1200
557,734,1291
335,41,376
426,447,873
1000,943,1943
723,693,1416
153,943,1096
673,642,1315
908,203,1111
346,458,804
44,761,805
955,810,1765
408,718,1126
415,556,971
233,525,758
727,400,1127
37,738,775
981,324,1305
629,626,1255
591,779,1370
418,817,1235
440,690,1130
861,790,1651
601,298,899
608,865,1473
498,254,752
327,433,760
599,956,1555
285,999,1284
947,976,1923
979,750,1729
184,11,195
420,740,1160
503,339,842
225,523,748
845,9,854
202,995,1197
215,939,1154
85,175,260
141,375,516
139,648,787
129,327,456
246,252,498
62,422,484
38,828,866
130,334,464
129,413,542
782,748,1530
532,479,1011
604,802,1406
756,512,1268
384,630,1014
823,832,1655
177,824,1001
111,351,462
993,490,1483
923,129,1052
946,764,1710
361,240,601
169,699,868
341,483,824
77,755,832
311,975,1286
656,86,742
644,190,834
690,888,1578
454,910,1364
753,166,919
947,71,1018
434,761,1195
241,79,320
576,348,924
170,704,874
864,946,1810
203,792,995
466,464,930
656,145,801
915,343,1258
190,182,372
207,73,280
910,525,1435
869,661,1530
133,533,666
134,645,779
293,109,402
624,151,775
92,481,573
330,549,879
124,776,900
432,31,463
951,788,1739
580,772,1352
283,921,1204
833,111,944
10,648,658
239,760,999
230,282,512
118,870,988
735,140,875
410,5,415
511,265,776
365,337,702
29,732,761
553,926,1479
659,876,1535
174,230,404
23,239,262
507,355,862
186,446,632
769,660,1429
31,390,421
266,638,904
628,828,1456
361,541,902
175,109,284
519,835,1354
348,55,403
483,991,1474
857,459,1316
244,650,894
664,231,895
875,668,1543
876,357,1233
29,237,266
393,995,1388
91,817,908
477,299,776
501,54,555
343,56,399
172,802,974
582,771,1353
494,122,616
175,644,819
467,235,702
516,676,1192
29,664,693
33,530,563
228,75,303
381,31,412
427,979,1406
322,680,1002
192,885,1077
332,641,973
491,141,632
818,878,1696
603,61,664
937,158,1095
111,196,307
16,693,709
978,591,1569
92,261,353
463,295,758
988,797,1785
179,114,293
670,447,1117
645,983,1628
567,722,1289
111,728,839
802,336,1138
567,215,782
481,402,883
721,976,1697
193,315,508
625,501,1126
443,418,861
140,220,360
726,965,1691
74,813,887
278,161,439
66,588,654
197,996,1193
199,581,780
250,400,650
539,675,1214
27,819,846
656,548,1204
368,781,1149
198,326,524
423,768,1191
452,246,698
859,965,1824
124,796,920
573,237,810
484,366,850
960,5,965
184,840,1024
181,782,963
742,160,902
554,238,792
814,683,1497
412,547,959
778,514,1292
519,522,1041
983,216,1199
242,627,869
602,25,627
642,899,1541
862,266,1128
898,854,1752
870,852,1722
154,52,206
448,613,1061
985,434,1419
334,335,669
293,240,533
378,727,1105
935,907,1842
64,836,900
438,605,1043
436,953,1389
910,679,1589
91,198,289
318,268,586
199,117,316
321,548,869
404,581,985
9,273,282
782,978,1760
960,244,1204
826,946,1772
32,350,382
869,246,1115
312,663,975
934,326,1260
688,323,1011
904,97,1001
515,336,851
978,653,1631
690,258,948
852,817,1669
42,956,998
767,401,1168
553,339,892
8,742,750
755,827,1582
683,376,1059
647,510,1157
226,430,656
716,839,1555
918,328,1246
257,67,324
84,565,649
17,168,185
344,466,810
251,462,713
881,525,1406
882,895,1777
329,745,1074
205,526,731
346,734,1080
152,101,253
360,154,514
426,206,632
408,264,672
122,242,364
735,749,1484
502,613,1115
974,834,1808
86,63,149
507,543,1050
862,168,1030
984,67,1051
364,874,1238
409,14,423
100,847,947
865,395,1260
811,331,1142
557,450,1007
861,846,1707
333,541,874
889,97,986
790,137,927
639,86,725
567,63,630
830,498,1328
526,680,1206
488,209,697
762,876,1638
649,171,820
903,27,930
542,586,1128
961,378,1339
651,629,1280
234,376,610
177,438,615
139,874,1013
526,965,1491
307,107,414
568,151,719
218,573,791
563,582,1145
673,405,1078
433,81,514
720,295,1015
181,472,653
904,560,1464
322,122,444
599,782,1381
180,642,822
574,397,971
803,919,1722
339,424,763
0,412,412
28,485,513
24,14,38
716,725,1441
96,587,683
575,390,965
949,388,1337
554,20,574
622,342,964
261,163,424
477,986,1463
318,513,831
566,340,906
706,69,775
325,46,371
474,19,493
976,216,1192
401,85,486
195,181,376
556,13,569
710,811,1521
179,304,483
565,534,1099
983,796,1779
677,119,796
913,981,1894
983,25,1008
986,839,1825
957,249,1206
4,824,828
668,355,1023
127,754,881
457,953,1410
875,496,1371
30,609,639
328,464,792
143,757,900
548,871,1419
838,939,1777
129,352,481
698,446,1144
574,825,1399
540,115,655
247,461,708
136,319,455
938,405,1343
845,533,1378
360,30,390
745,832,1577
119,592,711
162,487,649
762,871,1633
945,918,1863
841,715,1556
751,643,1394
149,158,307
263,993,1256
801,337,1138
853,7,860
637,791,1428
933,211,1144
726,971,1697
106,576,682
225,606,831
895,201,1096
678,904,1582
937,192,1129
982,536,1518
745,896,1641
342,193,535
402,743,1145
929,788,1717
45,543,588
788,377,1165
100,7,107
679,909,1588
190,324,514
342,146,488
729,144,873
728,643,1371
8,589,597
716,391,1107
234,67,301
353,914,1267
575,738,1313
822,60,882
779,771,1550
654,976,1630
757,105,862
133,999,1132
488,250,738
423,705,1128
514,752,1266
101,579,680
631,46,677
756,892,1648
597,19,616
316,759,1075
738,75,813
729,346,1075
121,441,562
3,98,101
478,549,1027
370,85,455
740,878,1618
367,998,1365
210,798,1008
486,128,614
246,643,889
749,455,1204
295,58,353
15,684,699
961,877,1838
456,234,690
279,494,773
423,857,1280
416,874,1290
191,634,825
121,312,433
489,250,739
685,282,967
750,622,1372
237,38,275
742,830,1572
253,565,818
756,467,1223
376,53,429
169,582,751
189,496,685
221,27,248
190,405,595
813,790,1603
196,708,904
502,484,986
330,41,371
396,635,1031
119,18,137
413,192,605
368,499,867
89,374,463
454,393,847
111,511,622
358,872,1230
502,134,636
387,237,624
752,43,795
247,285,532
494,679,1173
322,54,376
774,820,1594
242,906,1148
877,173,1050
91,320,411
367,461,828
605,99,704
510,735,1245
63,427,490
368,374,742
206,138,344
305,265,570
581,465,1046
412,43,455
754,524,1278
813,757,1570
919,338,1257
195,727,922
100,995,1095
420,180,600
574,500,1074
235,794,1029
151,754,905
764,139,903
92,786,878
284,239,523
152,406,558
592,503,1095
823,458,1281
578,676,1254
825,83,908
641,367,1008
986,376,1362
849,930,1779
872,38,910
273,75,348
188,778,966
574,696,1270
34,643,677
486,481,967
370,387,757
591,637,1228
7,689,696
176,408,584
607,538,1145
306,189,495
947,541,1488
862,738,1600
187,653,840
235,922,1157
4,197,201
893,487,1380
349,791,1140
780,329,1109
672,374,1046
126,411,537
372,721,1093
991,933,1924
544,668,1212
959,651,1610
551,583,1134
255,449,704
788,210,998
390,147,537
155,881,1036
241,776,1017
760,850,1610
725,652,1377
976,175,1151
695,650,1345
639,977,1616
389,847,1236
531,767,1298
812,652,1464
849,359,1208
690,146,836
894,259,1153
230,446,676
449,879,1328
943,492,1435
20,840,860
729,177,906
813,812,1625
920,73,993
88,131,219
80,594,674
702,224,926
221,484,705
522,592,1114
201,174,375
737,704,1441
982,270,1252
180,236,416
719,177,896
565,419,984
117,740,857
575,349,924
997,432,1429
519,131,650
756,989,1745
479,360,839
617,549,1166
675,352,1027
156,997,1153
419,977,1396
882,448,1330
370,318,688
624,140,764
787,109,896
554,825,1379
900,53,953
748,445,1193
592,322,914
539,414,953
60,621,681
690,24,714
643,184,827
670,506,1176
246,1,247
328,315,643
450,902,1352
100,791,891
937,549,1486
250,104,354
457,653,1110
179,223,402
209,413,622
543,812,1355
253,278,531
747,996,1743
370,274,644
320,730,1050
401,521,922
395,641,1036
199,869,1068
971,71,1042
979,121,1100
314,32,346
454,33,487
1000,351,1351
672,604,1276
476,270,746
901,809,1710
850,126,976
150,462,612
182,918,1100
814,829,1643
586,159,745
427,54,481
19,718,737
767,914,1681
59,650,709
876,525,1401
95,116,211
15,292,307
134,204,338
589,127,716
360,279,639
609,406,1015
667,911,1578
478,101,579
208,17,225
872,136,1008
847,915,1762
769,795,1564
937,723,1660
488,405,893
360,837,1197
792,84,876
33,418,451
523,212,735
499,954,1453
453,328,781
949,3,952
496,900,1396
635,380,1015
966,827,1793
809,430,1239
337,186,523
369,203,572
504,693,1197
997,938,1935
588,447,1035
331,81,412
644,937,1581
333,667,1000
36,504,540
34,26,60
207,803,1010
781,211,992
386,590,976
599,591,1190
342,961,1303
155,905,1060
872,196,1068
743,451,1194
179,843,1022
615,904,1519
300,662,962
552,152,704
946,999,1945
835,840,1675
886,712,1598
119,697,816
595,283,878
619,393,1012
518,826,1344
878,526,1404
83,960,1043
543,966,1509
929,83,1012
129,812,941
470,584,1054
169,81,250
467,994,1461
49,543,592
87,751,838
137,293,430
475,144,619
849,631,1480
417,101,518
235,862,1097
520,177,697
845,745,1590
181,480,661
932,908,1840
260,866,1126
149,455,604
136,333,469
449,587,1036
816,516,1332
91,764,855
386,816,1202
936,644,1580
70,266,336
176,356,532
163,759,922
416,183,599
156,482,638
630,442,1072
477,777,1254
120,423,543
370,929,1299
772,482,1254
111,815,926
200,996,1196
170,281,451
289,429,718
715,159,874
66,626,692
266,342,608
250,595,845
401,928,1329
425,111,536
698,139,837
845,178,1023
258,419,677
23,767,790
212,81,293
784,973,1757
980,367,1347
609,935,1544
697,786,1483
821,68,889
541,246,787
438,821,1259
474,303,777
351,250,601
528,889,1417
551,208,759
93,603,696
67,389,456
810,39,849
595,832,1427
598,192,790
841,747,1588
87,332,419
837,865,1702
723,967,1690
327,877,1204
749,784,1533
598,188,786
928,938,1866
117,716,833
618,912,1530
258,665,923
509,332,841
43,546,589
531,636,1167
24,846,870
31,532,563
221,690,911
140,694,834
250,555,805
570,278,848
875,223,1098
310,949,1259
774,776,1550
551,841,1392
832,147,979
350,311,661
961,376,1337
28,751,779
776,677,1453
881,231,1112
617,815,1432
546,568,1114
666,803,1469
509,980,1489
482,150,632
786,849,1635
722,419,1141
568,930,1498
569,974,1543
756,517,1273
630,138,768
679,319,998
50,989,1039
782,942,1724
920,271,1191
95,801,896
973,843,1816
682,846,1528
520,823,1343
945,121,1066
305,799,1104
462,573,1035
116,973,1089
386,871,1257
86,470,556
963,430,1393
237,126,363
956,660,1616
792,194,986
825,537,1362
866,699,1565
29,470,499
104,657,761
367,542,909
597,227,824
293,688,981
648,855,1503
805,60,865
561,561,1122
625,951,1576
575,254,829
193,965,1158
674,621,1295
206,460,666
76,127,203
775,653,1428
323,269,592
679,968,1647
76,227,303
39,150,189
900,421,1321
678,990,1668
726,121,847
862,319,1181
663,732,1395
965,233,1198
13,79,92
623,570,1193
503,928,1431
430,291,721
278,134,412
627,342,969
872,808,1680
824,663,1487
231,152,383
507,66,573
104,560,664
204,532,736
314,864,1178
495,423,918
878,680,1558
374,581,955
244,855,1099
213,783,996
530,183,713
269,120,389
488,922,1410
143,419,562
693,987,1680
786,749,1535
400,945,1345
708,423,1131
191,723,914
741,793,1534
68,303,371
754,960,1714
626,941,1567
488,35,523
316,904,1220
164,561,725
289,721,1010
157,86,243
397,740,1137
487,74,561
190,439,629
431,492,923
201,577,778
947,111,1058
673,45,718
605,762,1367
31,13,44
688,401,1089
831,707,1538
879,440,1319
173,893,1066
899,746,1645
10,876,886
895,664,1559
765,12,777
912,108,1020
384,466,850
966,393,1359
555,814,1369
278,595,873
741,29,770
406,875,1281
540,575,1115
474,758,1232
694,427,1121
433,596,1029
217,579,796
49,799,848
783,176,959
366,700,1066
15,215,230
816,645,1461
820,490,1310
201,603,804
977,762,1739
242,146,388
779,9,788
324,346,670
725,57,782
14,717,731
547,283,830
502,666,1168
527,41,568
973,555,1528
370,480,850
683,808,1491
660,776,1436
291,716,1007
934,348,1282
292,103,395
636,786,1422
903,3,906
260,358,618
452,33,485
427,563,990
3,383,386
77,820,897
311,664,975
719,605,1324
711,979,1690
240,196,436
277,459,736
358,352,710
243,380,623
148,266,414
945,102,1047
43,160,203
654,452,1106
428,319,747
477,773,1250
347,452,799
533,50,583
913,417,1330
956,232,1188
580,299,879
274,16,290
170,815,985
831,260,1091
367,112,479
322,57,379
629,865,1494
61,644,705
218,286,504
775,951,1726
608,772,1380
65,666,731
329,981,1310
462,351,813
350,998,1348
134,77,211
669,884,1553
21,680,701
259,305,564
974,773,1747
232,621,853
633,395,1028
571,459,1030
378,886,1264
429,502,931
265,413,678
179,412,591
569,491,1060
822,583,1405
382,686,1068
155,344,499
431,855,1286
173,202,375
208,293,501
331,307,638
71,93,164
783,605,1388
572,892,1464
411,670,1081
541,645,1186
237,92,329
940,297,1237
749,916,1665
267,985,1252
460,79,539
306,908,1214
538,930,1468
248,210,458
239,126,365
607,262,869
952,920,1872
407,654,1061
393,617,1010
977,702,1679
434,797,1231
45,304,349
10,276,286
781,538,1319
527,705,1232
239,604,843
470,956,1426
933,885,1818
215,56,271
677,300,977
21,720,741
281,633,914
9,746,755
676,276,952
485,176,661
984,191,1175
905,50,955
456,912,1368
933,984,1917
264,964,1228
848,639,1487
992,459,1451
453,986,1439
47,439,486
566,391,957
922,311,1233
805,701,1506
953,234,1187
81,880,961
667,544,1211
550,77,627
757,587,1344
408,408,816
910,140,1050
453,439,892
51,250,301
526,32,558
284,890,1174
934,938,1872
377,169,546
75,54,129
537,962,1499
660,432,1092
450,901,1351
733,223,956
829,936,1765
189,344,533
736,984,1720
963,14,977
161,21,182
935,121,1056
645,59,704
188,249,437
752,607,1359
366,254,620
81,703,784
80,173,253
408,897,1305
148,581,729
231,633,864
300,350,650
450,110,560
19,456,475
959,815,1774
615,379,994
491,355,846
441,946,1387
538,297,835
734,499,1233
76,588,664
649,691,1340
882,164,1046
102,572,674
695,874,1569
897,844,1741
727,525,1252
65,150,215
494,755,1249
608,761,1369
838,799,1637
816,831,1647
157,519,676
189,943,1132
251,367,618
551,183,734
163,848,1011
205,562,767
842,916,1758
851,884,1735
570,208,778
225,15,240
935,428,1363
425,293,718
96,10,106
666,592,1258
765,83,848
544,325,869
898,549,1447
117,784,901
354,310,664
627,349,976
226,217,443
347,803,1150
829,986,1815
290,349,639
697,762,1459
551,564,1115
247,974,1221
211,946,1157
658,887,1545
333,480,813
650,994,1644
625,245,870
469,332,801
836,931,1767
374,508,882
934,380,1314
601,682,1283
331,35,366
166,134,300
589,427,1016
143,567,710
105,23,128
272,616,888
633,29,662
708,433,1141
711,461,1172
116,483,599
918,905,1823
938,445,1383
164,55,219
242,174,416
522,447,969
940,681,1621
326,10,336
27,215,242
627,984,1611
205,167,372
300,479,779
334,290,624
93,957,1050
576,9,585
454,834,1288
311,75,386
512,165,677
963,372,1335
548,923,1471
66,664,730
206,904,1110
246,930,1176
943,820,1763
918,929,1847
848,849,1697
202,970,1172
523,775,1298
306,84,390
712,208,920
683,841,1524
942,23,965
407,423,830
322,231,553
471,874,1345
318,453,771
57,126,183
36,845,881
486,372,858
914,448,1362
30,152,182
555,111,666
747,390,1137
810,211,1021
300,185,485
549,125,674
934,38,972
563,725,1288
178,560,738
599,373,972
32,307,339
304,199,503
728,551,1279
67,59,126
616,6,622
267,205,472
651,775,1426
920,209,1129
211,8,219
769,701,1470
530,737,1267
892,288,1180
222,440,662
3,304,307
551,737,1288
794,752,1546
992,99,1091
860,352,1212
506,822,1328
343,605,948
379,78,457
952,46,998
564,230,794
688,696,1384
776,726,1502
802,599,1401
532,980,1512
69,774,843
842,2,844
375,688,1063
567,996,1563
553,468,1021
710,507,1217
131,515,646
584,898,1482
531,586,1117
964,571,1535
844,731,1575
105,609,714
674,39,713
92,219,311
692,122,814
627,941,1568
608,249,857
40,846,886
421,21,442
972,933,1905
803,676,1479
739,804,1543
413,689,1102
90,935,1025
49,750,799
686,948,1634
511,15,526
721,576,1297
859,188,1047
327,592,919
319,670,989
879,574,1453
632,930,1562
630,410,1040
383,862,1245
433,600,1033
7,600,607
838,116,954
567,429,996
163,915,1078
316,679,995
92,856,948
552,494,1046
716,390,1106
745,72,817
680,384,1064
480,120,600
752,691,1443
310,917,1227
760,418,1178
166,223,389
620,410,1030
300,390,690
933,774,1707
827,250,1077
735,689,1424
726,404,1130
989,237,1226
813,337,1150
811,696,1507
2,548,550
24,434,458
432,213,645
321,251,572
401,546,947
133,449,582
912,347,1259
451,165,616
294,880,1174
999,314,1313
957,768,1725
191,472,663
915,801,1716
6,91,97
329,100,429
313,388,701
691,633,1324
965,324,1289
330,698,1028
529,166,695
63,559,622
272,603,875
320,292,612
864,877,1741
149,940,1089
328,256,584
638,604,1242
622,139,761
369,678,1047
73,965,1038
686,792,1478
916,599,1515
410,896,1306
181,86,267
787,487,1274
452,522,974
717,16,733
949,849,1798
854,821,1675
141,718,859
228,96,324
391,711,1102
517,310,827
989,987,1976
674,538,1212
269,992,1261
387,876,1263
597,361,958
414,196,610
208,180,388
73,867,940
53,88,141
154,284,438
69,54,123
227,440,667
647,375,1022
119,657,776
845,321,1166
727,80,807
839,331,1170
505,764,1269
219,415,634
727,260,987
853,711,1564
815,872,1687
303,718,1021
610,992,1602
369,360,729
528,484,1012
292,15,307
921,976,1897
22,801,823
835,271,1106
140,176,316
571,947,1518
243,953,1196
301,63,364
838,41,879
863,494,1357
643,189,832
988,979,1967
338,452,790
472,615,1087
996,480,1476
785,519,1304
243,109,352
62,780,842
357,360,717
760,165,925
683,177,860
219,567,786
412,615,1027
683,233,916
472,285,757
874,252,1126
908,640,1548
108,90,198
705,58,763
616,151,767
44,92,136
361,303,664
771,19,790
442,67,509
636,284,920
711,614,1325
514,750,1264
296,158,454
191,255,446
766,29,795
102,860,962
14,124,138
619,654,1273
585,3,588
19,231,250
499,475,974
359,972,1331
453,217,670
306,172,478
309,28,337
336,198,534
826,709,1535
137,249,386
865,138,1003
456,290,746
182,703,885
958,737,1695
640,429,1069
563,766,1329
588,434,1022
483,466,949
812,880,1692
849,698,1547
266,889,1155
392,58,450
398,168,566
769,204,973
418,62,480
964,209,1173
147,69,216
754,994,1748
642,525,1167
903,885,1788
55,27,82
384,263,647
27,298,325
720,401,1121
384,917,1301
487,978,1465
74,586,660
753,219,972
253,538,791
913,814,1727
923,568,1491
44,361,405
124,660,784
378,620,998
942,10,952
222,615,837
208,786,994
396,87,483
262,955,1217
660,870,1530
602,662,1264
3,278,281
99,936,1035
535,152,687
869,198,1067
223,933,1156
8,682,690
441,417,858
658,350,1008
881,682,1563
456,364,820
693,104,797
439,930,1369
615,889,1504
172,847,1019
655,680,1335
60,852,912
973,563,1536
753,956,1709
851,360,1211
291,92,383
915,56,971
542,28,570
568,42,610
719,778,1497
655,963,1618
547,768,1315
327,946,1273
106,332,438
657,764,1421
671,163,834
363,468,831
221,385,606
467,120,587
626,454,1080
289,95,384
149,921,1070
648,372,1020
84,150,234
47,274,321
622,814,1436
741,287,1028
68,453,521
651,34,685
214,74,288
953,696,1649
598,454,1052
255,945,1200
430,165,595
452,903,1355
719,653,1372
257,854,1111
645,399,1044
264,835,1099
427,315,742
653,822,1475
332,816,1148
194,184,378
311,757,1068
538,848,1386
763,132,895
788,996,1784
347,479,826
132,104,236
834,992,1826
961,590,1551
756,417,1173
986,896,1882
857,691,1548
309,649,958
883,395,1278
504,408,912
591,40,631
267,642,909
615,213,828
476,128,604
348,953,1301
418,246,664
659,128,787
594,456,1050
249,283,532
936,768,1704
964,937,1901
738,41,779
935,153,1088
541,446,987
619,504,1123
75,307,382
668,970,1638
512,278,790
9,217,226
217,946,1163
533,2,535
662,74,736
122,917,1039
258,97,355
885,258,1143
351,770,1121
611,278,889
232,588,820
7,295,302
626,787,1413
478,922,1400
18,678,696
168,299,467
461,568,1029
329,606,935
344,831,1175
695,249,944
268,73,341
935,978,1913
430,537,967
719,310,1029
717,579,1296
791,863,1654
643,136,779
399,324,723
307,901,1208
850,583,1433
820,264,1084
63,687,750
381,326,707
607,184,791
960,86,1046
412,261,673
224,218,442
141,290,431
20,771,791
540,375,915
879,211,1090
917,698,1615
255,564,819
367,171,538
911,578,1489
888,59,947
752,837,1589
276,993,1269
804,958,1762
521,375,896
420,699,1119
614,697,1311
74,146,220
484,822,1306
807,445,1252
227,759,986
553,772,1325
756,268,1024
862,799,1661
32,429,461
563,420,983
955,102,1057
415,409,824
263,824,1087
583,834,1417
415,243,658
848,413,1261
885,26,911
998,824,1822
209,45,254
79,363,442
726,146,872
849,248,1097
112,261,373
409,821,1230
48,250,298
872,274,1146
626,157,783
38,66,104
167,924,1091
972,362,1334
209,407,616
187,18,205
222,355,577
839,846,1685
703,441,1144
731,121,852
736,685,1421
29,113,142
949,256,1205
666,705,1371
17,450,467
692,50,742
680,296,976
650,710,1360
419,106,525
641,355,996
0,128,128
505,286,791
437,607,1044
835,344,1179
642,146,788
931,607,1538
138,163,301
433,896,1329
358,688,1046
87,954,1041
499,478,977
93,456,549
525,133,658
632,795,1427
606,125,731
764,597,1361
633,193,826
74,762,836
183,412,595
476,366,842
484,738,1222
385,34,419
379,130,509
193,25,218
159,896,1055
765,683,1448
140,540,680
311,789,1100
379,853,1232
993,982,1975
7,678,685
386,539,925
727,26,753
557,682,1239
449,42,491
237,160,397
609,211,820
949,924,1873
157,30,187
613,674,1287
165,465,630
291,60,351
163,260,423
760,754,1514
305,582,887
162,549,711
216,413,629
653,162,815
776,991,1767
243,270,513
164,220,384
504,432,936
422,966,1388
12,588,600
708,127,835
71,432,503
869,462,1331
553,844,1397
785,903,1688
887,713,1600
990,805,1795
950,514,1464
825,194,1019
514,914,1428
942,171,1113
827,708,1535
362,421,783
521,304,825
127,197,324
687,359,1046
22,489,511
365,795,1160
876,504,1380
887,201,1088
268,84,352
567,274,841
913,317,1230
392,199,591
365,140,505
105,619,724
677,5,682
291,75,366
552,189,741
778,29,807
891,75,966
177,923,1100
644,673,1317
286,76,362
382,639,1021
744,590,1334
523,571,1094
142,835,977
187,277,464
711,845,1556
518,55,573
473,503,976
971,332,1303
571,61,632
151,229,380
565,329,894
477,294,771
78,640,718
272,891,1163
421,810,1231
312,855,1167
426,535,961
209,774,983
301,962,1263
798,260,1058
910,506,1416
341,613,954
105,790,895
770,939,1709
266,668,934
540,710,1250
875,328,1203
522,428,950
227,615,842
635,95,730
132,307,439
743,186,929
352,645,997
922,890,1812
592,691,1283
162,950,1112
752,220,972
22,470,492
624,56,680
636,148,784
77,336,413
362,817,1179
377,422,799
161,18,179
67,819,886
213,58,271
564,641,1205
162,210,372
239,214,453
634,116,750
851,117,968
518,380,898
579,666,1245
974,622,1596
746,687,1433
896,768,1664
312,986,1298
152,26,178
909,387,1296
636,767,1403
35,931,966
58,71,129
38,799,837
665,73,738
651,323,974
44,476,520
674,345,1019
374,610,984
893,53,946
661,945,1606
963,361,1324
142,954,1096
302,146,448
418,52,470
352,610,962
899,725,1624
608,703,1311
103,909,1012
794,330,1124
696,485,1181
962,819,1781
111,957,1068
968,550,1518
967,842,1809
213,453,666
147,435,582
155,511,666
865,620,1485
722,603,1325
291,85,376
483,716,1199
438,533,971
546,324,870
882,690,1572
109,294,403
830,187,1017
976,346,1322
769,856,1625
563,660,1223
516,859,1375
699,848,1547
990,780,1770
736,200,936
841,154,995
146,13,159
426,771,1197
783,321,1104
456,738,1194
772,707,1479
341,367,708
780,626,1406
867,292,1159
898,392,1290
94,214,308
780,553,1333
686,879,1565
831,231,1062
572,579,1151
76,173,249
279,210,489
922,67,989
121,282,403
752,502,1254
759,620,1379
65,766,831
407,397,804
842,318,1160
145,143,288
981,96,1077
454,130,584
718,149,867
840,77,917
596,675,1271
63,143,206
582,522,1104
465,412,877
921,561,1482
115,673,788
304,18,322
377,351,728
927,594,1521
651,270,921
257,224,481
847,148,995
766,497,1263
910,422,1332
661,401,1062
195,251,446
648,315,963
234,649,883
843,458,1301
685,982,1667
950,538,1488
999,537,1536
897,670,1567
406,481,887
646,686,1332
622,256,878
927,415,1342
670,869,1539
513,874,1387
127,30,157
625,221,846
921,191,1112
127,247,374
959,549,1508
181,539,720
759,736,1495
148,725,873
876,527,1403
616,346,962
848,216,1064
890,358,1248
247,658,905
440,870,1310
756,432,1188
453,546,999
542,527,1069
567,338,905
993,615,1608
550,867,1417
821,607,1428
957,527,1484
313,232,545
400,265,665
228,87,315
625,556,1181
30,209,239
26,494,520
605,196,801
790,116,906
185,673,858
677,585,1262
324,331,655
875,255,1130
723,643,1366
961,788,1749
360,478,838
189,448,637
292,918,1210
735,818,1553
869,785,1654
304,480,784
365,576,941
79,419,498
765,138,903
878,550,1428
41,702,743
499,983,1482
199,734,933
450,164,614
245,965,1210
815,914,1729
371,430,801
398,863,1261
838,459,1297
949,579,1528
92,294,386
804,753,1557
943,925,1868
308,287,595
896,255,1151
711,146,857
703,298,1001
319,885,1204
204,529,733
119,468,587
312,843,1155
47,503,550
85,24,109
958,96,1054
145,699,844
893,739,1632
191,109,300
41,196,237
28,386,414
323,834,1157
149,170,319
99,815,914
796,903,1699
474,511,985
558,850,1408
520,906,1426
674,625,1299
63,581,644
64,520,584
657,866,1523
980,132,1112
753,561,1314
861,304,1165
711,844,1555
533,820,1353
435,900,1335
555,843,1398
86,971,1057
696,516,1212
33,372,405
77,315,392
499,468,967
107,140,247
902,466,1368
509,786,1295
1000,649,1649
620,432,1052
546,632,1178
385,829,1214
731,134,865
666,308,974
588,87,675
552,800,1352
559,999,1558
40,805,845
41,554,595
49,164,213
473,638,1111
245,526,771
919,928,1847
71,752,823
953,982,1935
196,794,990
494,879,1373
184,294,478
887,322,1209
225,710,935
293,969,1262
991,713,1704
988,53,1041
120,968,1088
460,381,841
88,168,256
70,904,974
269,591,860
657,289,946
307,708,1015
97,982,1079
147,639,786
152,302,454
70,59,129
359,968,1327
792,971,1763
415,217,632
973,760,1733
774,157,931
142,244,386
675,76,751
395,326,721
919,994,1913
18,537,555
857,607,1464
388,882,1270
12,11,23
329,922,1251
606,727,1333
760,321,1081
490,478,968
272,145,417
465,219,684
694,503,1197
556,520,1076
981,362,1343
881,591,1472
306,91,397
15,18,33
173,365,538
477,88,565
877,816,1693
906,475,1381
111,771,882
544,242,786
830,140,970
719,136,855
629,476,1105
359,703,1062
789,413,1202
174,960,1134
814,75,889
916,459,1375
456,869,1325
204,226,430
513,961,1474
468,493,961
960,559,1519
427,755,1182
67,327,394
101,157,258
409,142,551
666,236,902
823,526,1349
190,604,794
419,692,1111
863,969,1832
496,759,1255
241,910,1151
1000,241,1241
537,642,1179
754,305,1059
44,700,744
756,699,1455
437,512,949
64,520,584
259,114,373
237,903,1140
935,396,1331
643,235,878
955,994,1949
245,867,1112
522,432,954
867,542,1409
37,202,239
985,157,1142
279,893,1172
547,615,1162
11,957,968
334,398,732
397,492,889
73,999,1072
115,725,840
26,325,351
684,785,1469
930,972,1902
251,701,952
67,353,420
973,204,1177
57,324,381
733,707,1440
145,819,964
464,958,1422
635,75,710
519,662,1181
156,336,492
457,706,1163
138,276,414
266,297,563
415,807,1222
815,791,1606
338,523,861
831,259,1090
304,314,618
540,237,777
807,786,1593
909,193,1102
638,498,1136
796,527,1323
926,231,1157
354,226,580
295,752,1047
354,847,1201
501,329,830
894,878,1772
233,342,575
220,685,905
688,298,986
888,967,1855
782,832,1614
23,854,877
689,14,703
623,303,926
179,425,604
809,895,1704
508,17,525
949,393,1342
258,827,1085
39,957,996
706,625,1331
683,384,1067
20,481,501
412,129,541
420,271,691
905,908,1813
276,5,281
983,993,1976
702,462,1164
550,476,1026
716,756,1472
412,477,889
106,240,346
624,744,1368
153,365,518
949,741,1690
194,591,785
49,827,876
675,438,1113
95,822,917
5,946,951
59,22,81
602,488,1090
546,700,1246
444,755,1199
421,884,1305
921,39,960
114,693,807
479,204,683
963,219,1182
854,365,1219
67,899,966
259,655,914
815,136,951
995,218,1213
529,445,974
163,491,654
590,603,1193
916,349,1265
614,626,1240
769,56,825
944,811,1755
981,795,1776
268,378,646
910,913,1823
440,555,995
277,616,893
680,932,1612
864,849,1713
669,938,1607
998,55,1053
632,539,1171
294,3,297
631,217,848
794,870,1664
751,607,1358
593,783,1376
312,192,504
207,154,361
410,911,1321
675,638,1313
816,70,886
152,284,436
38,422,460
876,321,1197
262,631,893
491,23,514
748,867,1615
146,341,487
819,950,1769
992,917,1909
313,719,1032
605,153,758
323,719,1042
223,620,843
943,514,1457
859,614,1473
49,750,799
574,777,1351
556,15,571
929,770,1699
803,859,1662
808,517,1325
720,269,989
369,69,438
883,917,1800
262,282,544
943,254,1197
304,306,610
45,737,782
863,22,885
756,502,1258
696,825,1521
764,776,1540
825,659,1484
807,882,1689
138,469,607
596,572,1168
464,412,876
312,860,1172
885,725,1610
84,601,685
205,735,940
23,376,399
288,674,962
951,84,1035
160,487,647
52,499,551
910,229,1139
468,338,806
798,852,1650
296,362,658
783,60,843
239,250,489
541,148,689
51,594,645
504,271,775
496,366,862
545,633,1178
286,606,892
745,297,1042
244,964,1208
831,694,1525
406,102,508
356,140,496
732,69,801
699,597,1296
308,804,1112
265,94,359
58,65,123
161,336,497
137,564,701
590,49,639
932,802,1734
994,686,1680
325,202,527
332,616,948
483,694,1177
268,11,279
450,434,884
323,217,540
773,784,1557
90,319,409
853,413,1266
408,95,503
960,714,1674
253,90,343
156,608,764
100,784,884
872,852,1724
176,894,1070
864,771,1635
859,966,1825
231,333,564
531,240,771
837,614,1451
576,745,1321
88,766,854
85,332,417
253,414,667
379,858,1237
63,82,145
592,765,1357
885,406,1291
212,534,746
533,0,533
839,736,1575
770,311,1081
537,532,1069
641,507,1148
552,187,739
15,251,266
936,991,1927
665,594,1259
965,817,1782
498,7,505
153,195,348
588,138,726
9,214,223
203,702,905
389,575,964
449,786,1235
308,41,349
671,671,1342
887,475,1362
390,929,1319
489,175,664
734,206,940
67,554,621
28,710,738
661,303,964
545,765,1310
48,487,535
379,276,655
852,707,1559
300,535,835
410,363,773
4,157,161
949,161,1110
818,218,1036
627,158,785
768,716,1484
939,169,1108
582,125,707
26,17,43
887,492,1379
903,752,1655
637,314,951
948,17,965
170,171,341
618,101,719
550,629,1179
550,757,1307
846,28,874
150,749,899
456,12,468
981,871,1852
901,923,1824
388,941,1329
301,236,537
220,416,636
953,435,1388
210,179,389
915,731,1646
936,254,1190
444,973,1417
311,529,840
549,498,1047
520,362,882
699,860,1559
313,109,422
943,43,986
950,440,1390
130,150,280
564,569,1133
510,679,1189
323,796,1119
349,669,1018
703,607,1310
852,33,885
942,631,1573
328,817,1145
252,219,471
800,936,1736
881,101,982
285,524,809
836,471,1307
757,305,1062
482,236,718
266,786,1052
74,893,967
796,489,1285
771,133,904
91,161,252
161,142,303
191,933,1124
785,854,1639
724,376,1100
280,659,939
586,898,1484
711,67,778
677,564,1241
662,922,1584
338,593,931
815,340,1155
947,285,1232
888,251,1139
351,760,1111
309,778,1087
194,306,500
923,221,1144
723,515,1238
720,109,829
79,274,353
667,848,1515
407,360,767
276,806,1082
443,805,1248
406,620,1026
571,952,1523
590,427,1017
516,106,622
824,908,1732
404,165,569
14,46,60
732,500,1232
767,191,958
754,71,825
637,53,690
742,931,1673
557,2,559
629,879,1508
866,321,1187
117,153,270
23,536,559
615,448,1063
23,797,820
640,25,665
156,303,459
49,609,658
532,271,803
390,905,1295
908,591,1499
651,275,926
501,381,882
607,931,1538
276,537,813
978,598,1576
532,436,968
49,811,860
857,855,1712
641,374,1015
752,160,912
861,795,1656
94,620,714
286,819,1105
476,421,897
325,891,1216
875,128,1003
639,778,1417
142,880,1022
870,215,1085
550,874,1424
622,501,1123
68,452,520
596,229,825
170,454,624
109,753,862
753,560,1313
257,747,1004
647,30,677
29,655,684
573,855,1428
101,591,692
765,409,1174
640,716,1356
504,644,1148
797,986,1783
644,928,1572
928,396,1324
350,631,981
915,516,1431
110,948,1058
380,305,685
146,363,509
164,895,1059
529,355,884
154,918,1072
46,251,297
851,212,1063
787,642,1429
450,518,968
230,311,541
416,167,583
778,862,1640
825,526,1351
153,676,829
806,528,1334
674,404,1078
355,45,400
501,469,970
685,910,1595
95,337,432
547,796,1343
154,116,270
463,170,633
732,79,811
158,510,668
520,639,1159
427,580,1007
978,86,1064
398,739,1137
145,765,910
538,624,1162
115,818,933
674,913,1587
518,823,1341
985,740,1725
961,255,1216
209,416,625
725,491,1216
184,489,673
146,897,1043
747,661,1408
146,566,712
909,804,1713
875,671,1546
601,591,1192
934,866,1800
478,347,825
885,824,1709
999,921,1920
780,128,908
235,359,594
738,22,760
279,143,422
238,235,473
6,834,840
155,148,303
82,365,447
819,473,1292
646,239,885
358,978,1336
85,466,551
186,429,615
377,458,835
410,136,546
742,251,993
749,153,902
278,875,1153
810,561,1371
740,119,859
619,689,1308
157,911,1068
705,337,1042
664,526,1190
557,72,629
255,15,270
476,503,979
384,647,1031
299,384,683
620,862,1482
999,493,1492
19,311,330
375,949,1324
143,145,288
417,675,1092
449,38,487
948,357,1305
899,501,1400
26,686,712
305,672,977
588,710,1298
845,563,1408
962,363,1325
207,106,313
967,568,1535
402,419,821
262,530,792
860,51,911
406,730,1136
746,973,1719
549,810,1359
418,521,939
210,718,928
149,74,223
804,39,843
887,434,1321
309,291,600
788,585,1373
264,289,553
844,333,1177
487,468,955
88,53,141
861,585,1446
497,443,940
521,640,1161
616,697,1313
230,636,866
764,789,1553
204,85,289
294,269,563
507,272,779
110,27,137
204,698,902
334,951,1285
973,521,1494
73,503,576
992,703,1695
796,279,1075
436,324,760
731,854,1585
403,625,1028
844,56,900
119,638,757
956,810,1766
273,789,1062
797,287,1084
423,768,1191
678,221,899
822,856,1678
141,74,215
236,240,476
660,706,1366
829,214,1043
145,686,831
694,644,1338
144,224,368
835,321,1156
317,2,319
431,229,660
899,481,1380
511,864,1375
129,352,481
697,521,1218
383,333,716
752,290,1042
751,256,1007
730,544,1274
612,781,1393
219,544,763
669,496,1165
281,136,417
953,935,1888
767,293,1060
599,365,964
80,16,96
251,412,663
450,993,1443
14,151,165
377,468,845
197,615,812
934,21,955
604,643,1247
366,198,564
242,258,500
829,748,1577
749,18,767
628,351,979
696,228,924
919,173,1092
732,38,770
831,946,1777
110,847,957
538,106,644
954,655,1609
414,626,1040
158,806,964
902,245,1147
692,289,981
308,649,957
711,885,1596
676,792,1468
696,583,1279
741,47,788
263,129,392
678,405,1083
788,409,1197
783,50,833
941,299,1240
963,72,1035
683,450,1133
796,504,1300
230,405,635
245,651,896
151,814,965
905,798,1703
406,418,824
755,47,802
153,278,431
977,732,1709
120,850,970
375,501,876
767,975,1742
982,215,1197
920,114,1034
64,948,1012
668,904,1572
462,989,1451
20,738,758
787,296,1083
555,0,555
752,798,1550
555,418,973
810,245,1055
101,78,179
775,949,1724
920,32,952
717,790,1507
434,369,803
730,100,830
671,815,1486
185,658,843
786,871,1657
321,275,596
691,757,1448
79,319,398
639,625,1264
640,819,1459
968,773,1741
349,876,1225
667,361,1028
696,627,1323
82,538,620
946,554,1500
375,10,385
316,548,864
975,815,1790
313,29,342
546,962,1508
95,112,207
190,710,900
168,673,841
322,783,1105
118,608,726
417,805,1222
357,967,1324
122,300,422
262,619,881
935,19,954
855,189,1044
13,696,709
194,363,557
743,445,1188
999,388,1387
615,717,1332
684,620,1304
937,979,1916
777,780,1557
629,195,824
871,925,1796
411,30,441
346,88,434
707,741,1448
369,655,1024
916,402,1318
561,772,1333
215,759,974
324,464,788
173,251,424
777,207,984
852,367,1219
260,69,329
221,384,605
431,594,1025
165,777,942
204,378,582
544,183,727
615,14,629
563,841,1404
925,593,1518
298,803,1101
909,590,1499
558,347,905
139,901,1040
418,409,827
134,948,1082
213,357,570
180,144,324
803,753,1556
901,899,1800
266,823,1089
418,461,879
509,362,871
684,508,1192
179,772,951
463,942,1405
571,552,1123
73,627,700
443,334,777
184,297,481
60,843,903
640,535,1175
571,412,983
339,390,729
744,124,868
109,993,1102
798,189,987
630,74,704
691,624,1315
572,770,1342
887,657,1544
307,426,733
245,227,472
61,220,281
162,287,449
18,51,69
38,745,783
223,570,793
49,974,1023
601,902,1503
174,707,881
563,944,1507
245,402,647
450,897,1347
877,17,894
429,479,908
679,72,751
807,12,819
829,196,1025
233,772,1005
330,271,601
252,486,738
397,301,698
560,158,718
292,341,633
495,992,1487
504,402,906
836,906,1742
350,32,382
278,707,985
687,983,1670
520,410,930
761,167,928
998,110,1108
258,791,1049
434,849,1283
626,443,1069
208,29,237
596,241,837
938,832,1770
818,400,1218
213,56,269
205,96,301
141,66,207
668,598,1266
959,110,1069
256,959,1215
454,429,883
777,793,1570
834,530,1364
303,741,1044
598,747,1345
642,894,1536
403,161,564
170,768,938
14,416,430
282,697,979
264,59,323
425,330,755
174,410,584
435,111,546
833,111,944
414,577,991
886,318,1204
67,742,809
805,447,1252
403,978,1381
251,276,527
762,137,899
316,588,904
132,914,1046
11,339,350
624,773,1397
354,551,905
110,61,171
455,480,935
277,32,309
160,779,939
859,768,1627
946,936,1882
653,619,1272
289,666,955
663,865,1528
365,424,789
278,224,502
710,106,816
410,481,891
996,716,1712
589,369,958
321,833,1154
529,347,876
570,365,935
544,61,605
726,257,983
993,113,1106
826,353,1179
606,185,791
90,487,577
424,557,981
614,308,922
368,663,1031
415,738,1153
871,665,1536
693,296,989
849,679,1528
992,988,1980
728,978,1706
961,373,1334
870,33,903
417,817,1234
905,649,1554
710,465,1175
613,877,1490
477,260,737
7,335,342
821,385,1206
202,368,570
480,461,941
676,117,793
656,681,1337
761,747,1508
477,410,887
621,755,1376
949,288,1237
279,327,606
940,49,989
102,678,780
136,213,349
326,449,775
302,255,557
234,999,1233
399,30,429
392,128,520
857,812,1669
958,742,1700
835,807,1642
497,645,1142
239,582,821
837,310,1147
457,792,1249
638,169,807
319,486,805
592,858,1450
592,959,1551
130,568,698
952,143,1095
971,923,1894
432,14,446
518,705,1223
159,282,441
837,867,1704
807,893,1700
676,206,882
296,609,905
675,883,1558
28,485,513
143,85,228
348,310,658
575,60,635
632,356,988
19,921,940
999,962,1961
992,205,1197
374,925,1299
112,602,714
439,37,476
306,264,570
408,782,1190
26,917,943
294,436,730
127,753,880
460,362,822
92,741,833
884,852,1736
46,837,883
629,132,761
952,294,1246
198,127,325
89,623,712
122,454,576
294,974,1268
289,30,319
575,505,1080
276,84,360
135,65,200
643,673,1316
456,164,620
96,295,391
311,520,831
28,630,658
907,546,1453
367,851,1218
96,586,682
624,228,852
140,680,820
177,565,742
638,981,1619
618,932,1550
631,202,833
410,442,852
480,500,980
908,763,1671
171,669,840
750,639,1389
580,474,1054
737,910,1647
891,442,1333
617,696,1313
297,754,1051
20,674,694
621,580,1201
840,930,1770
467,511,978
375,24,399
36,919,955
928,859,1787
49,556,605
714,119,833
68,618,686
238,639,877
304,52,356
872,604,1476
293,132,425
982,947,1929
986,398,1384
214,748,962
153,477,630
111,34,145
94,522,616
574,421,995
390,18,408
383,572,955
693,900,1593
15,219,234
565,69,634
823,885,1708
388,307,695
654,25,679
812,554,1366
173,799,972
904,482,1386
978,648,1626
487,893,1380
868,286,1154
233,458,691
928,195,1123
853,418,1271
212,348,560
887,282,1169
571,409,980
335,408,743
764,778,1542
169,730,899
256,184,440
893,270,1163
280,560,840
372,176,548
167,559,726
560,543,1103
174,983,1157
225,294,519
546,460,1006
80,323,403
354,940,1294
82,256,338
782,859,1641
777,583,1360
175,462,637
737,320,1057
394,375,769
927,74,1001
501,665,1166
206,330,536
460,610,1070
477,344,821
381,922,1303
226,725,951
325,389,714
322,201,523
890,392,1282
137,404,541
326,649,975
716,210,926
514,498,1012
541,116,657
422,802,1224
498,879,1377
707,315,1022
169,393,562
246,339,585
652,315,967
686,401,1087
376,973,1349
495,385,880
468,651,1119
456,954,1410
410,366,776
399,967,1366
980,245,1225
59,53,112
78,28,106
876,663,1539
585,451,1036
745,969,1714
7,942,949
537,460,997
578,103,681
743,679,1422
369,392,761
464,893,1357
592,966,1558
703,75,778
460,644,1104
997,951,1948
201,643,844
158,474,632
363,594,957
593,54,647
526,84,610
407,405,812
44,514,558
293,100,393
287,526,813
99,928,1027
983,389,1372
964,975,1939
968,931,1899
996,239,1235
365,967,1332
533,904,1437
588,192,780
917,488,1405
960,627,1587
744,331,1075
298,511,809
306,902,1208
374,661,1035
876,658,1534
11,315,326
96,785,881
855,215,1070
682,296,978
430,405,835
273,123,396
577,248,825
523,28,551
946,405,1351
470,74,544
557,806,1363
279,834,1113
822,754,1576
889,804,1693
604,329,933
600,965,1565
359,9,368
928,700,1628
267,54,321
9,992,1001
392,216,608
900,743,1643
767,245,1012
260,498,758
94,670,764
566,523,1089
34,172,206
414,331,745
633,533,1166
730,555,1285
134,9,143
269,591,860
717,155,872
272,236,508
427,731,1158
132,413,545
986,90,1076
791,366,1157
851,769,1620
767,781,1548
996,552,1548
768,718,1486
984,420,1404
317,402,719
957,980,1937
868,456,1324
312,218,530
636,899,1535
380,437,817
7,705,712
977,940,1917
786,311,1097
468,243,711
127,563,690
639,943,1582
205,555,760
508,866,1374
951,473,1424
296,259,555
341,36,377
951,775,1726
123,31,154
653,494,1147
439,366,805
498,480,978
822,463,1285
154,917,1071
377,544,921
778,491,1269
912,926,1838
93,488,581
166,913,1079
917,645,1562
25,919,944
720,963,1683
280,366,646
765,20,785
542,939,1481
820,673,1493
916,267,1183
312,566,878
887,582,1469
104,317,421
758,677,1435
822,173,995
786,296,1082
16,389,405
639,757,1396
951,534,1485
496,374,870
708,687,1395
35,544,579
750,483,1233
231,593,824
670,367,1037
146,407,553
141,53,194
480,723,1203
39,747,786
510,558,1068
626,499,1125
443,361,804
229,652,881
885,465,1350
754,861,1615
713,543,1256
100,666,766
997,120,1117
213,527,740
755,279,1034
42,302,344
555,50,605
113,998,1111
206,938,1144
463,463,926
503,585,1088
952,328,1280
114,461,575
802,505,1307
795,847,1642
815,225,1040
256,973,1229
62,692,754
304,84,388
52,891,943
355,733,1088
420,419,839
100,488,588
352,664,1016
705,603,1308
905,29,934
216,689,905
366,100,466
170,49,219
480,764,1244
389,526,915
896,294,1190
775,294,1069
558,119,677
680,667,1347
283,79,362
771,764,1535
124,503,627
482,251,733
591,727,1318
522,596,1118
28,856,884
317,302,619
140,472,612
142,821,963
17,334,351
511,817,1328
593,851,1444
421,333,754
629,541,1170
417,734,1151
714,191,905
256,647,903
951,776,1727
359,861,1220
29,172,201
269,264,533
188,927,1115
298,497,795
82,674,756
173,547,720
58,612,670
754,509,1263
582,495,1077
544,38,582
697,103,800
880,425,1305
1000,39,1039
800,677,1477
589,698,1287
951,470,1421
670,910,1580
753,408,1161
150,831,981
735,978,1713
135,683,818
314,836,1150
976,882,1858
861,598,1459
423,692,1115
169,319,488
356,884,1240
817,155,972
846,768,1614
410,30,440
825,807,1632
488,151,639
29,220,249
223,228,451
972,239,1211
811,626,1437
543,40,583
62,385,447
989,537,1526
488,111,599
347,378,725
599,233,832
903,896,1799
423,890,1313
502,64,566
51,243,294
964,813,1777
322,137,459
495,974,1469
793,860,1653
647,404,1051
398,877,1275
234,223,457
403,667,1070
321,188,509
284,834,1118
711,601,1312
735,358,1093
141,247,388
173,831,1004
222,833,1055
624,995,1619
360,5,365
666,909,1575
450,657,1107
704,693,1397
128,173,301
149,915,1064
965,437,1402
464,182,646
544,7,551
237,127,364
410,513,923
873,921,1794
3,554,557
860,706,1566
652,276,928
686,374,1060
448,538,986
527,139,666
587,234,821
128,251,379
751,755,1506
470,543,1013
42,298,340
684,773,1457
359,896,1255
269,900,1169
732,370,1102
14,921,935
885,512,1397
773,110,883
956,992,1948
195,576,771
740,631,1371
57,109,166
706,778,1484
936,72,1008
187,810,997
58,65,123
53,796,849
974,812,1786
823,168,991
619,83,702
172,6,178
269,359,628
732,467,1199
185,693,878
93,669,762
235,367,602
700,398,1098
554,276,830
956,26,982
529,801,1330
155,166,321
524,191,715
221,172,393
281,746,1027
212,863,1075
565,672,1237
553,889,1442
412,572,984
562,265,827
695,651,1346
707,169,876
430,65,495
870,961,1831
983,711,1694
161,39,200
819,628,1447
96,97,193
278,885,1163
878,882,1760
413,767,1180
447,278,725
549,867,1416
928,14,942
312,605,917
291,389,680
580,525,1105
461,310,771
376,508,884
412,458,870
757,321,1078
877,684,1561
537,221,758
292,248,540
286,466,752
151,925,1076
657,501,1158
91,300,391
58,8,66
209,830,1039
573,628,1201
418,630,1048
285,172,457
970,207,1177
283,200,483
783,572,1355
774,131,905
603,76,679
711,85,796
174,280,454
203,166,369
709,291,1000
24,428,452
966,47,1013
774,797,1571
459,712,1171
63,210,273
876,981,1857
669,846,1515
865,672,1537
475,510,985
342,354,696
475,985,1460
212,754,966
184,976,1160
784,426,1210
107,840,947
146,368,514
295,85,380
667,863,1530
226,163,389
263,7,270
532,536,1068
943,964,1907
292,374,666
130,479,609
176,406,582
434,5,439
894,11,905
110,915,1025
306,226,532
97,512,609
308,819,1127
874,907,1781
738,380,1118
681,756,1437
132,548,680
665,683,1348
376,480,856
159,542,701
521,950,1471
678,707,1385
184,976,1160
972,529,1501
975,786,1761
190,255,445
115,128,243
867,850,1717
35,557,592
743,472,1215
440,86,526
698,456,1154
870,634,1504
704,827,1531
937,306,1243
229,494,723
795,702,1497
863,120,983
673,731,1404
843,458,1301
71,931,1002
58,329,387
181,92,273
6,464,470
336,991,1327
390,798,1188
762,809,1571
564,159,723
960,829,1789
531,207,738
182,145,327
520,419,939
856,988,1844
13,209,222
531,908,1439
503,90,593
662,412,1074
603,319,922
653,822,1475
502,19,521
225,721,946
888,664,1552
260,883,1143
835,76,911
172,680,852
856,564,1420
161,942,1103
223,620,843
207,200,407
867,366,1233
331,219,550
631,505,1136
39,830,869
809,760,1569
950,857,1807
776,131,907
909,276,1185
735,574,1309
115,460,575
81,392,473
893,627,1520
442,984,1426
897,255,1152
410,787,1197
314,662,976
892,249,1141
384,971,1355
191,592,783
816,541,1357
7,755,762
21,831,852
213,499,712
938,403,1341
941,251,1192
210,536,746
413,990,1403
605,112,717
129,24,153
857,423,1280
794,387,1181
253,9,262
214,364,578
804,384,1188
944,353,1297
188,661,849
830,516,1346
60,741,801
602,623,1225
971,776,1747
701,706,1407
423,10,433
482,995,1477
304,422,726
8,143,151
341,492,833
376,720,1096
19,74,93
784,684,1468
502,896,1398
1000,972,1972
230,451,681
204,564,768
136,289,425
857,770,1627
546,394,940
376,7,383
105,686,791
321,487,808
2,57,59
30,999,1029
667,369,1036
666,70,736
965,73,1038
896,29,925
862,119,981
35,687,722
60,186,246
54,768,822
940,729,1669
688,757,1445
326,135,461
952,852,1804
161,922,1083
756,897,1653
82,362,444
604,221,825
899,877,1776
705,26,731
258,721,979
128,931,1059
667,754,1421
760,70,830
939,727,1666
423,22,445
263,646,909
929,445,1374
199,130,329
980,497,1477
471,189,660
820,534,1354
166,671,837
250,401,651
585,557,1142
479,477,956
467,424,891
375,608,983
321,136,457
153,663,816
660,210,870
516,883,1399
129,965,1094
517,307,824
362,238,600
280,25,305
37,671,708
83,337,420
460,142,602
386,236,622
673,907,1580
122,763,885
249,648,897
802,304,1106
711,633,1344
458,680,1138
199,226,425
484,440,924
937,752,1689
288,453,741
846,955,1801
944,901,1845
668,942,1610
742,466,1208
714,772,1486
261,949,1210
63,294,357
810,446,1256
880,322,1202
39,25,64
820,285,1105
378,347,725
564,899,1463
864,406,1270
919,34,953
174,267,441
565,76,641
277,703,980
283,59,342
794,834,1628
729,893,1622
848,963,1811
468,714,1182
719,594,1313
275,189,464
97,784,881
162,647,809
557,837,1394
987,256,1243
774,146,920
508,752,1260
935,567,1502
826,940,1766
150,235,385
932,892,1824
659,530,1189
568,635,1203
337,830,1167
18,476,494
736,821,1557
791,455,1246
551,90,641
676,235,911
959,479,1438
50,839,889
25,268,293
508,550,1058
382,481,863
348,198,546
132,773,905
565,206,771
728,628,1356
894,324,1218
379,773,1152
227,878,1105
796,95,891
472,626,1098
794,264,1058
84,530,614
261,332,593
477,745,1222
594,488,1082
529,112,641
680,441,1121
737,524,1261
726,191,917
881,558,1439
260,439,699
384,47,431
462,96,558
38,84,122
942,307,1249
441,301,742
197,567,764
223,501,724
521,984,1505
660,413,1073
412,664,1076
149,387,536
129,358,487
483,152,635
825,345,1170
592,992,1584
450,568,1018
599,159,758
439,361,800
662,383,1045
790,301,1091
451,198,649
386,767,1153
149,741,890
457,677,1134
740,660,1400
176,251,427
344,510,854
505,64,569
627,194,821
370,482,852
840,507,1347
346,299,645
307,591,898
157,627,784
460,754,1214
594,611,1205
918,736,1654
389,843,1232
447,138,585
588,787,1375
880,879,1759
480,356,836
645,310,955
54,677,731
996,769,1765
521,382,903
175,928,1103
142,55,197
286,75,361
239,7,246
900,380,1280
609,198,807
650,204,854
243,243,486
525,329,854
233,58,291
804,839,1643
305,232,537
500,284,784
674,807,1481
944,967,1911
591,580,1171
297,531,828
558,882,1440
97,794,891
975,549,1524
199,598,797
629,397,1026
421,548,969
453,701,1154
350,207,557
336,596,932
526,760,1286
304,914,1218
996,742,1738
907,24,931
243,563,806
271,524,795
708,498,1206
330,366,696
992,413,1405
450,197,647
389,746,1135
428,874,1302
594,60,654
600,859,1459
367,928,1295
777,631,1408
793,550,1343
234,649,883
486,149,635
665,991,1656
400,865,1265
39,9,48
99,671,770
597,891,1488
567,268,835
603,864,1467
170,233,403
511,27,538
120,968,1088
554,274,828
277,852,1129
622,792,1414
169,452,621
44,127,171
460,652,1112
896,599,1495
73,929,1002
532,408,940
99,729,828
855,40,895
486,466,952
168,615,783
883,997,1880
612,57,669
467,544,1011
622,458,1080
399,646,1045
634,847,1481
593,603,1196
280,225,505
739,303,1042
272,834,1106
809,842,1651
330,976,1306
546,970,1516
383,903,1286
68,338,406
854,738,1592
929,376,1305
437,752,1189
934,44,978
892,14,906
387,600,987
740,431,1171
628,883,1511
349,532,881
303,105,408
372,768,1140
940,142,1082
848,438,1286
479,133,612
468,325,793
540,319,859
865,440,1305
102,171,273
195,816,1011
222,649,871
734,594,1328
660,326,986
59,228,287
441,302,743
875,675,1550
715,182,897
464,479,943
568,147,715
427,305,732
985,892,1877
85,241,326
499,295,794
178,921,1099
483,362,845
320,380,700
122,848,970
777,974,1751
619,947,1566
249,249,498
887,847,1734
947,959,1906
365,414,779
721,900,1621
189,40,229
329,185,514
577,594,1171
442,507,949
714,472,1186
367,592,959
403,10,413
745,351,1096
404,115,519
272,216,488
849,527,1376
451,520,971
342,226,568
664,76,740
553,556,1109
329,647,976
452,711,1163
320,95,415
5,964,969
641,944,1585
560,388,948
641,165,806
672,858,1530
734,286,1020
200,674,874
830,417,1247
568,982,1550
63,982,1045
313,889,1202
904,749,1653
485,443,928
114,540,654
115,186,301
405,108,513
710,911,1621
640,154,794
885,55,940
972,13,985
847,535,1382
594,542,1136
457,4,461
559,745,1304
24,194,218
335,921,1256
803,499,1302
734,399,1133
770,64,834
983,194,1177
435,391,826
51,211,262
630,275,905
774,317,1091
94,885,979
687,172,859
997,359,1356
768,227,995
911,3,914
458,776,1234
163,342,505
505,391,896
369,835,1204
24,767,791
704,444,1148
942,894,1836
433,820,1253
240,598,838
706,808,1514
613,607,1220
219,683,902
8,707,715
199,992,1191
910,665,1575
124,283,407
273,306,579
856,749,1605
721,566,1287
505,250,755
676,659,1335
531,106,637
472,80,552
297,427,724
99,151,250
593,880,1473
189,52,241
614,871,1485
704,151,855
612,456,1068
859,318,1177
251,690,941
442,519,961
927,573,1500
124,480,604
696,927,1623
60,963,1023
643,667,1310
145,31,176
157,640,797
526,65,591
86,849,935
285,814,1099
518,907,1425
948,299,1247
854,334,1188
1,864,865
807,588,1395
173,723,896
119,841,960
587,511,1098
266,611,877
794,754,1548
546,146,692
295,234,529
575,419,994
637,895,1532
583,999,1582
218,141,359
807,427,1234
5,358,363
434,361,795
586,549,1135
979,112,1091
368,595,963
841,147,988
195,769,964
17,391,408
582,387,969
926,14,940
711,751,1462
632,235,867
276,613,889
900,595,1495
944,730,1674
129,105,234
158,862,1020
34,251,285
74,885,959
19,594,613
31,171,202
938,165,1103
802,371,1173
941,16,957
164,298,462
379,535,914
900,78,978
711,193,904
879,374,1253
566,908,1474
311,528,839
518,762,1280
405,453,858
998,270,1268
100,451,551
986,297,1283
402,740,1142
118,574,692
884,408,1292
958,753,1711
939,945,1884
837,708,1545
416,198,614
115,544,659
948,496,1444
51,492,543
43,433,476
786,726,1512
94,158,252
321,607,928
746,633,1379
735,743,1478
324,218,542
138,763,901
258,253,511
929,915,1844
760,584,1344
402,93,495
480,580,1060
326,985,1311
749,738,1487
157,259,416
111,471,582
779,871,1650
937,828,1765
457,737,1194
158,252,410
125,994,1119
257,23,280
278,598,876
392,265,657
907,269,1176
442,322,764
18,791,809
315,211,526
583,191,774
547,214,761
740,755,1495
396,420,816
454,583,1037
267,589,856
44,920,964
687,930,1617
321,239,560
866,25,891
0,528,528
977,359,1336
722,708,1430
344,71,415
752,237,989
532,1,533
182,581,763
529,437,966
702,883,1585
970,483,1453
435,694,1129
286,468,754
112,210,322
486,177,663
3,48,51
870,596,1466
140,702,842
209,71,280
821,246,1067
125,46,171
464,839,1303
201,470,671
46,498,544
455,767,1222
157,676,833
875,522,1397
159,720,879
92,118,210
699,330,1029
346,914,1260
343,373,716
265,252,517
42,120,162
71,891,962
277,420,697
563,592,1155
888,509,1397
635,329,964
134,15,149
794,336,1130
139,158,297
672,780,1452
412,854,1266
58,376,434
866,899,1765
643,741,1384
62,540,602
829,333,1162
318,220,538
917,729,1646
359,219,578
987,601,1588
630,934,1564
419,696,1115
52,344,396
167,685,852
233,988,1221
922,768,1690
112,109,221
654,676,1330
307,491,798
696,242,938
595,977,1572
665,498,1163
760,978,1738
126,507,633
672,928,1600
225,450,675
40,384,424
773,493,1266
428,977,1405
739,642,1381
517,287,804
395,330,725
975,354,1329
489,672,1161
523,30,553
986,583,1569
528,553,1081
722,333,1055
58,724,782
892,216,1108
530,450,980
711,940,1651
224,765,989
677,833,1510
773,952,1725
916,881,1797
479,287,766
960,245,1205
228,733,961
85,271,356
661,654,1315
243,349,592
100,556,656
48,884,932
140,717,857
369,205,574
496,292,788
928,982,1910
438,670,1108
249,968,1217
238,45,283
383,596,979
627,503,1130
759,572,1331
520,785,1305
449,43,492
384,221,605
579,217,796
712,255,967
495,145,640
183,986,1169
573,354,927
468,797,1265
715,797,1512
508,104,612
632,760,1392
670,708,1378
75,788,863
128,283,411
155,695,850
411,964,1375
950,398,1348
812,569,1381
366,615,981
425,13,438
563,341,904
213,587,800
797,700,1497
362,303,665
860,814,1674
851,691,1542
983,145,1128
561,144,705
99,580,679
480,646,1126
614,955,1569
427,343,770
691,902,1593
882,663,1545
840,736,1576
720,594,1314
220,171,391
41,494,535
498,883,1381
545,483,1028
93,48,141
34,423,457
27,531,558
832,799,1631
403,584,987
839,671,1510
392,756,1148
169,966,1135
571,39,610
288,235,523
394,69,463
583,475,1058
867,396,1263
97,357,454
898,325,1223
588,533,1121
279,957,1236
795,646,1441
371,284,655
281,145,426
552,370,922
491,792,1283
805,836,1641
370,732,1102
146,118,264
18,304,322
355,621,976
566,241,807
739,920,1659
234,965,1199
624,714,1338
534,933,1467
714,857,1571
613,881,1494
449,921,1370
321,534,855
865,588,1453
9,615,624
515,168,683
161,901,1062
145,729,874
379,875,1254
484,915,1399
857,183,1040
435,995,1430
467,458,925
6,381,387
545,265,810
577,629,1206
113,298,411
175,200,375
848,925,1773
490,620,1110
440,410,850
671,7,678
469,365,834
279,337,616
549,160,709
272,131,403
546,378,924
507,337,844
507,122,629
372,293,665
335,696,1031
188,708,896
987,409,1396
955,778,1733
777,357,1134
264,832,1096
113,853,966
400,664,1064
866,507,1373
388,933,1321
878,592,1470
70,336,406
755,902,1657
713,104,817
223,47,270
191,16,207
309,792,1101
859,207,1066
239,377,616
55,397,452
49,926,975
212,383,595
428,265,693
123,220,343
759,578,1337
833,66,899
691,332,1023
855,555,1410
299,431,730
938,108,1046
760,157,917
36,915,951
887,364,1251
644,387,1031
70,687,757
497,542,1039
228,294,522
271,704,975
980,931,1911
319,875,1194
168,366,534
809,468,1277
471,265,736
887,607,1494
527,920,1447
108,760,868
228,328,556
320,659,979
727,960,1687
935,741,1676
539,647,1186
313,246,559
859,153,1012
906,904,1810
676,588,1264
565,84,649
927,251,1178
78,632,710
875,980,1855
97,569,666
324,864,1188
367,727,1094
269,819,1088
122,852,974
147,795,942
318,984,1302
264,372,636
337,417,754
695,828,1523
2,380,382
517,518,1035
291,406,697
352,109,461
814,685,1499
584,390,974
305,998,1303
76,136,212
21,285,306
548,228,776
14,125,139
387,428,815
482,465,947
4,375,379
890,748,1638
106,683,789
265,110,375
894,507,1401
64,485,549
70,425,495
957,523,1480
158,825,983
7,811,818
44,360,404
758,887,1645
426,515,941
419,153,572
335,842,1177
750,448,1198
241,335,576
839,696,1535
125,327,452
717,771,1488
429,66,495
238,518,756
558,580,1138
707,941,1648
594,26,620
184,768,952
211,93,304
22,254,276
614,738,1352
244,151,395
108,656,764
458,538,996
549,245,794
928,204,1132
917,80,997
700,67,767
840,839,1679
777,526,1303
947,869,1816
892,483,1375
452,227,679
1000,180,1180
330,125,455
635,290,925
14,398,412
535,716,1251
249,383,632
28,905,933
792,508,1300
704,618,1322
431,682,1113
41,47,88
543,246,789
667,493,1160
267,98,365
130,856,986
310,298,608
909,644,1553
302,935,1237
75,188,263
442,932,1374
635,920,1555
730,289,1019
627,228,855
453,224,677
815,896,1711
16,440,456
499,384,883
778,914,1692
829,353,1182
31,314,345
294,165,459
821,192,1013
335,711,1046
470,229,699
302,73,375
831,487,1318
551,705,1256
513,779,1292
587,799,1386
662,922,1584
521,139,660
331,204,535
711,314,1025
72,171,243
726,307,1033
812,858,1670
115,311,426
11,340,351
97,872,969
296,997,1293
203,304,507
289,792,1081
483,766,1249
715,192,907
90,414,504
946,619,1565
646,910,1556
273,508,781
509,252,761
342,334,676
539,265,804
552,259,811
390,668,1058
868,140,1008
985,352,1337
767,885,1652
644,500,1144
508,195,703
363,836,1199
445,423,868
391,868,1259
668,5,673
998,159,1157
268,830,1098
638,172,810
886,546,1432
326,850,1176
102,905,1007
753,211,964
229,534,763
761,431,1192
399,733,1132
76,651,727
399,648,1047
779,683,1462
369,855,1224
308,396,704
549,70,619
445,568,1013
507,906,1413
984,902,1886
390,75,465
602,109,711
687,393,1080
185,53,238
409,945,1354
496,668,1164
277,647,924
874,711,1585
597,927,1524
219,575,794
250,484,734
849,678,1527
394,131,525
722,8,730
658,687,1345
641,873,1514
369,735,1104
814,971,1785
552,965,1517
359,608,967
94,214,308
633,40,673
244,177,421
206,755,961
53,51,104
396,965,1361
304,841,1145
978,436,1414
25,999,1024
388,67,455
493,788,1281
529,83,612
639,567,1206
694,370,1064
722,317,1039
191,213,404
365,313,678
998,826,1824
516,833,1349
646,825,1471
123,384,507
12,416,428
255,926,1181
585,557,1142
789,263,1052
933,938,1871
962,585,1547
941,863,1804
942,520,1462
850,784,1634
840,547,1387
315,380,695
210,578,788
451,713,1164
306,426,732
765,897,1662
769,780,1549
406,454,860
909,150,1059
642,969,1611
913,338,1251
187,104,291
509,527,1036
321,42,363
964,894,1858
884,41,925
145,116,261
412,426,838
145,179,324
206,314,520
154,591,745
422,881,1303
855,926,1781
352,375,727
714,279,993
215,934,1149
537,245,782
925,307,1232
833,678,1511
366,465,831
754,171,925
200,122,322
25,962,987
155,146,301
294,188,482
708,626,1334
888,990,1878
38,697,735
993,904,1897
29,446,475
521,940,1461
279,724,1003
67,722,789
141,660,801
44,47,91
806,750,1556
611,301,912
545,431,976
261,822,1083
836,183,1019
377,743,1120
763,300,1063
62,724,786
506,449,955
275,63,338
207,712,919
137,833,970
924,785,1709
47,893,940
388,160,548
986,270,1256
730,274,1004
773,109,882
962,964,1926
45,237,282
272,772,1044
584,193,777
836,218,1054
79,493,572
783,660,1443
826,852,1678
935,9,944
809,869,1678
900,81,981
68,221,289
120,915,1035
704,995,1699
744,369,1113
284,275,559
847,260,1107
978,763,1741
174,690,864
716,186,902
395,310,705
840,794,1634
757,199,956
420,671,1091
448,805,1253
666,320,986
195,296,491
828,32,860
762,233,995
38,15,53
460,550,1010
619,251,870
200,89,289
321,507,828
287,168,455
535,81,616
8,497,505
56,743,799
726,857,1583
17,755,772
996,775,1771
354,777,1131
441,168,609
78,355,433
235,556,791
698,502,1200
613,684,1297
785,852,1637
31,774,805
36,84,120
294,238,532
458,541,999
455,637,1092
440,332,772
289,151,440
545,905,1450
609,919,1528
217,655,872
705,166,871
766,628,1394
349,704,1053
221,88,309
469,995,1464
164,433,597
965,539,1504
356,204,560
373,741,1114
265,803,1068
984,716,1700
716,737,1453
42,402,444
281,548,829
727,120,847
565,158,723
964,570,1534
507,22,529
362,940,1302
123,970,1093
434,707,1141
437,277,714
948,339,1287
648,983,1631
803,977,1780
812,92,904
947,874,1821
861,128,989
986,949,1935
31,99,130
54,117,171
810,889,1699
219,96,315
131,854,985
358,928,1286
680,659,1339
711,290,1001
220,954,1174
413,973,1386
828,834,1662
474,990,1464
190,366,556
662,29,691
558,528,1086
198,967,1165
515,950,1465
70,293,363
421,365,786
303,807,1110
198,436,634
662,45,707
536,241,777
838,859,1697
505,38,543
324,324,648
265,680,945
931,285,1216
247,48,295
826,815,1641
235,100,335
8,331,339
324,664,988
404,318,722
831,15,846
107,240,347
212,137,349
16,325,341
87,212,299
998,265,1263
409,864,1273
687,70,757
710,230,940
997,721,1718
783,961,1744
992,994,1986
62,468,530
322,233,555
374,997,1371
427,701,1128
974,74,1048
795,59,854
948,542,1490
234,840,1074
654,455,1109
967,67,1034
480,334,814
238,516,754
711,127,838
858,774,1632
582,90,672
55,803,858
37,284,321
491,493,984
68,694,762
787,51,838
632,368,1000
488,652,1140
85,371,456
499,806,1305
731,651,1382
626,667,1293
445,982,1427
886,301,1187
402,229,631
862,996,1858
243,670,913
144,965,1109
274,591,865
296,167,463
761,676,1437
717,986,1703
453,258,711
487,382,869
901,980,1881
713,769,1482
392,215,607
96,569,665
953,347,1300
192,962,1154
728,201,929
35,697,732
729,834,1563
868,153,1021
425,78,503
468,810,1278
120,613,733
548,899,1447
8,868,876
63,846,909
190,299,489
12,230,242
900,537,1437
947,765,1712
815,706,1521
107,47,154
978,330,1308
870,192,1062
0,81,81
804,364,1168
708,699,1407
168,46,214
154,86,240
739,492,1231
744,17,761
600,198,798
107,806,913
732,78,810
252,671,923
341,290,631
379,414,793
550,150,700
448,703,1151
537,186,723
438,322,760
89,33,122
204,295,499
834,307,1141
806,194,1000
670,380,1050
809,485,1294
337,641,978
902,154,1056
674,518,1192
234,798,1032
899,879,1778
877,711,1588
705,753,1458
415,333,748
60,415,475
60,67,127
826,222,1048
906,650,1556
4,649,653
404,876,1280
846,596,1442
252,400,652
335,679,1014
284,77,361
348,462,810
222,431,653
322,742,1064
245,506,751
795,34,829
593,367,960
921,981,1902
793,441,1234
14,211,225
954,948,1902
421,176,597
237,163,400
660,333,993
96,922,1018
76,873,949
331,578,909
888,320,1208
510,619,1129
992,477,1469
551,298,849
568,27,595
141,100,241
333,496,829
809,935,1744
473,760,1233
836,319,1155
136,911,1047
370,88,458
948,884,1832
633,1000,1633
926,994,1920
360,773,1133
208,29,237
939,527,1466
33,307,340
990,842,1832
92,330,422
561,953,1514
192,253,445
375,200,575
829,292,1121
326,505,831
926,383,1309
871,394,1265
217,900,1117
769,636,1405
177,273,450
933,374,1307
135,680,815
339,263,602
459,410,869
62,868,930
983,950,1933
81,429,510
41,262,303
374,956,1330
574,978,1552
188,650,838
217,766,983
171,220,391
129,272,401
815,12,827
635,143,778
276,355,631
484,123,607
137,363,500
256,765,1021
180,602,782
692,358,1050
471,193,664
172,850,1022
365,602,967
396,658,1054
589,405,994
430,890,1320
773,920,1693
477,759,1236
575,761,1336
567,634,1201
678,753,1431
441,349,790
471,920,1391
494,656,1150
494,506,1000
546,905,1451
706,414,1120
103,611,714
575,673,1248
880,299,1179
225,44,269
267,357,624
201,531,732
686,517,1203
385,699,1084
32,434,466
962,30,992
577,231,808
522,514,1036
514,78,592
732,695,1427
339,486,825
746,852,1598
723,658,1381
603,701,1304
981,192,1173
999,62,1061
514,354,868
368,607,975
432,244,676
985,321,1306
919,861,1780
887,750,1637
904,29,933
41,955,996
674,517,1191
959,761,1720
961,569,1530
413,790,1203
883,621,1504
997,562,1559
151,773,924
438,112,550
468,860,1328
356,865,1221
101,203,304
846,957,1803
572,103,675
961,73,1034
442,278,720
200,853,1053
192,572,764
346,99,445
942,206,1148
730,743,1473
485,38,523
197,297,494
733,753,1486
181,799,980
194,69,263
124,203,327
367,535,902
46,548,594
375,363,738
670,729,1399
470,48,518
293,511,804
613,880,1493
998,472,1470
308,888,1196
772,658,1430
637,978,1615
755,238,993
482,307,789
106,698,804
523,487,1010
451,98,549
392,4,396
702,299,1001
45,365,410
631,469,1100
126,562,688
112,418,530
190,92,282
105,443,548
587,545,1132
100,370,470
270,439,709
307,624,931
292,477,769
861,22,883
246,56,302
805,963,1768
166,57,223
696,126,822
898,351,1249
218,433,651
122,992,1114
223,6,229
653,39,692
986,423,1409
67,757,824
624,81,705
812,388,1200
470,773,1243
547,34,581
290,45,335
990,610,1600
213,776,989
213,110,323
745,448,1193
53,764,817
675,238,913
498,198,696
287,62,349
100,868,968
687,384,1071
146,898,1044
277,428,705
943,741,1684
246,635,881
150,206,356
601,0,601
547,533,1080
117,489,606
404,154,558
605,481,1086
251,343,594
891,891,1782
799,617,1416
306,800,1106
300,986,1286
229,601,830
854,658,1512
913,746,1659
184,298,482
870,771,1641
309,10,319
699,993,1692
27,855,882
709,832,1541
832,939,1771
746,763,1509
187,787,974
757,518,1275
339,407,746
539,481,1020
711,636,1347
29,781,810
819,651,1470
660,365,1025
744,452,1196
784,227,1011
523,544,1067
253,250,503
996,986,1982
610,135,745
416,28,444
190,291,481
979,460,1439
871,596,1467
928,748,1676
419,576,995
149,578,727
753,712,1465
776,940,1716
841,207,1048
868,858,1726
410,186,596
628,157,785
92,796,888
425,727,1152
328,718,1046
665,185,850
310,389,699
207,161,368
973,126,1099
169,250,419
912,804,1716
327,473,800
31,101,132
227,461,688
291,57,348
816,623,1439
209,833,1042
770,333,1103
540,795,1335
2,699,701
514,320,834
546,26,572
360,958,1318
603,426,1029
861,275,1136
45,41,86
806,465,1271
171,676,847
192,963,1155
819,80,899
61,481,542
194,320,514
171,207,378
28,650,678
341,533,874
661,239,900
732,193,925
215,405,620
321,86,407
721,804,1525
815,172,987
931,913,1844
909,322,1231
375,335,710
308,805,1113
329,15,344
687,566,1253
868,523,1391
109,609,718
453,471,924
332,314,646
619,288,907
236,202,438
677,915,1592
630,0,630
71,961,1032
470,777,1247
757,95,852
400,484,884
340,877,1217
248,602,850
991,808,1799
927,32,959
676,420,1096
412,788,1200
538,649,1187
850,699,1549
933,457,1390
355,496,851
889,459,1348
439,850,1289
853,618,1471
706,99,805
283,503,786
499,718,1217
835,418,1253
330,122,452
993,2,995
713,573,1286
419,822,1241
276,306,582
271,267,538
995,980,1975
437,140,577
903,285,1188
958,607,1565
106,61,167
727,762,1489
408,511,919
12,754,766
176,499,675
103,344,447
832,264,1096
136,711,847
233,768,1001
87,326,413
682,541,1223
444,268,712
858,182,1040
392,184,576
169,491,660
334,614,948
615,212,827
159,115,274
147,332,479
758,179,937
433,489,922
922,773,1695
353,163,516
640,506,1146
774,944,1718
199,864,1063
702,128,830
26,127,153
864,814,1678
972,390,1362
378,670,1048
187,825,1012
471,515,986
435,588,1023
190,998,1188
164,291,455
823,12,835
387,99,486
514,511,1025
120,46,166
599,433,1032
392,294,686
457,139,596
899,258,1157
570,113,683
367,760,1127
283,891,1174
256,155,411
534,937,1471
485,79,564
669,782,1451
398,263,661
969,604,1573
228,429,657
455,268,723
146,504,650
950,224,1174
940,647,1587
84,518,602
393,611,1004
573,16,589
876,221,1097
56,704,760
531,757,1288
520,260,780
656,391,1047
669,686,1355
374,128,502
265,792,1057
786,568,1354
746,911,1657
696,228,924
380,817,1197
212,20,232
783,885,1668
946,743,1689
373,43,416
236,650,886
291,352,643
794,911,1705
149,387,536
622,81,703
695,741,1436
769,384,1153
923,5,928
663,630,1293
783,470,1253
42,790,832
545,580,1125
501,577,1078
742,977,1719
386,301,687
808,992,1800
255,955,1210
492,662,1154
715,247,962
484,401,885
493,308,801
411,259,670
314,622,936
413,98,511
357,430,787
188,742,930
868,97,965
993,416,1409
45,315,360
137,136,273
492,548,1040
837,147,984
567,691,1258
223,851,1074
546,584,1130
966,797,1763
580,572,1152
565,331,896
172,878,1050
556,87,643
456,396,852
468,736,1204
748,816,1564
948,534,1482
649,935,1584
191,874,1065
803,743,1546
923,595,1518
159,398,557
582,990,1572
471,896,1367
874,630,1504
525,920,1445
768,487,1255
9,494,503
726,869,1595
595,991,1586
326,880,1206
996,133,1129
154,943,1097
864,559,1423
105,6,111
151,59,210
188,552,740
318,600,918
892,668,1560
329,968,1297
711,229,940
781,170,951
746,980,1726
159,310,469
97,982,1079
746,280,1026
676,253,929
892,637,1529
339,493,832
767,984,1751
168,802,970
956,462,1418
890,895,1785
581,437,1018
924,405,1329
2,785,787
924,342,1266
877,554,1431
641,978,1619
609,892,1501
483,294,777
580,128,708
445,889,1334
608,106,714
923,670,1593
790,735,1525
68,427,495
375,476,851
13,7,20
292,645,937
386,796,1182
953,831,1784
650,563,1213
320,86,406
46,17,63
820,741,1561
97,400,497
493,408,901
919,827,1746
746,77,823
635,883,1518
748,864,1612
607,646,1253
218,674,892
514,831,1345
950,940,1890
849,905,1754
688,715,1403
605,161,766
155,507,662
455,538,993
400,155,555
456,391,847
951,476,1427
311,335,646
547,855,1402
814,75,889
37,681,718
982,12,994
378,564,942
794,770,1564
226,438,664
243,373,616
678,671,1349
339,791,1130
803,644,1447
803,4,807
445,505,950
374,890,1264
105,870,975
29,680,709
916,791,1707
230,882,1112
978,579,1557
625,485,1110
391,773,1164
525,776,1301
609,263,872
570,366,936
62,897,959
319,816,1135
87,134,221
624,569,1193
772,441,1213
616,326,942
441,641,1082
519,866,1385
1,819,820
785,10,795
549,586,1135
207,635,842
579,583,1162
202,111,313
64,441,505
823,605,1428
344,653,997
998,275,1273
780,830,1610
844,326,1170
840,771,1611
826,826,1652
67,59,126
87,545,632
588,966,1554
1000,126,1126
14,513,527
157,100,257
668,422,1090
775,994,1769
270,158,428
508,198,706
905,137,1042
886,804,1690
298,974,1272
365,397,762
876,948,1824
892,710,1602
215,669,884
351,775,1126
558,988,1546
478,779,1257
794,925,1719
972,848,1820
579,140,719
562,991,1553
865,283,1148
364,760,1124
863,602,1465
506,551,1057
116,92,208
72,527,599
530,741,1271
339,983,1322
519,18,537
846,83,929
776,367,1143
368,870,1238
610,147,757
911,737,1648
936,761,1697
68,844,912
474,870,1344
145,685,830
721,6,727
524,590,1114
256,88,344
221,753,974
490,713,1203
635,142,777
926,543,1469
944,127,1071
623,479,1102
67,748,815
217,402,619
122,580,702
603,48,651
893,129,1022
837,485,1322
823,761,1584
908,975,1883
341,765,1106
975,437,1412
277,770,1047
366,197,563
665,380,1045
593,432,1025
216,563,779
216,458,674
63,306,369
678,855,1533
633,884,1517
937,569,1506
105,700,805
646,777,1423
242,902,1144
810,977,1787
760,283,1043
473,32,505
354,949,1303
288,523,811
18,965,983
38,77,115
539,821,1360
415,190,605
793,274,1067
597,82,679
569,810,1379
892,362,1254
832,756,1588
600,967,1567
891,560,1451
753,268,1021
11,984,995
281,987,1268
238,542,780
229,948,1177
891,481,1372
263,425,688
314,141,455
444,993,1437
394,423,817
467,764,1231
503,160,663
306,801,1107
167,743,910
443,808,1251
520,576,1096
465,628,1093
544,224,768
212,172,384
924,860,1784
524,583,1107
316,230,546
78,945,1023
861,896,1757
971,283,1254
645,965,1610
853,986,1839
666,13,679
249,861,1110
230,681,911
694,230,924
584,359,943
895,916,1811
667,232,899
307,742,1049
713,61,774
630,79,709
20,85,105
132,56,188
950,988,1938
711,167,878
500,489,989
15,689,704
64,866,930
73,518,591
206,807,1013
578,371,949
88,134,222
709,458,1167
759,751,1510
906,500,1406
646,277,923
843,881,1724
176,788,964
289,543,832
312,61,373
565,296,861
159,558,717
895,375,1270
394,704,1098
63,287,350
97,651,748
383,157,540
299,994,1293
554,10,564
225,382,607
503,414,917
578,24,602
204,373,577
10,810,820
147,197,344
39,695,734
499,338,837
380,943,1323
253,30,283
660,590,1250
541,350,891
368,838,1206
478,334,812
978,515,1493
469,833,1302
979,448,1427
564,783,1347
967,131,1098
318,481,799
508,909,1417
948,10,958
132,920,1052
610,638,1248
305,557,862
53,573,626
542,897,1439
61,733,794
269,450,719
963,812,1775
125,720,845
343,603,946
250,878,1128
863,306,1169
824,30,854
677,677,1354
695,444,1139
506,405,911
940,288,1228
18,197,215
12,924,936
867,812,1679
181,378,559
547,66,613
399,264,663
444,436,880
560,643,1203
742,356,1098
61,984,1045
339,40,379
204,383,587
254,815,1069
918,215,1133
119,102,221
862,161,1023
667,15,682
247,908,1155
412,492,904
114,142,256
398,72,470
725,334,1059
629,485,1114
375,895,1270
919,953,1872
565,791,1356
381,151,532
126,256,382
32,715,747
930,903,1833
729,929,1658
862,906,1768
6,24,30
447,958,1405
898,106,1004
369,792,1161
364,179,543
142,164,306
409,505,914
359,803,1162
750,314,1064
737,879,1616
774,209,983
418,580,998
153,691,844
72,621,693
467,476,943
253,379,632
801,836,1637
487,662,1149
553,454,1007
898,1,899
521,323,844
23,293,316
888,402,1290
329,776,1105
664,572,1236
536,509,1045
568,848,1416
980,559,1539
109,272,381
473,992,1465
930,71,1001
463,479,942
727,846,1573
737,409,1146
753,414,1167
56,110,166
496,896,1392
515,375,890
893,750,1643
986,217,1203
214,116,330
416,699,1115
518,215,733
416,402,818
285,279,564
129,352,481
407,693,1100
337,933,1270
953,595,1548
49,869,918
969,93,1062
987,96,1083
509,84,593
805,713,1518
725,254,979
73,393,466
824,632,1456
7,680,687
462,810,1272
578,174,752
726,317,1043
981,23,1004
490,578,1068
137,989,1126
573,812,1385
431,528,959
80,468,548
16,807,823
156,899,1055
382,216,598
737,842,1579
999,816,1815
24,144,168
841,884,1725
118,914,1032
648,120,768
916,52,968
109,212,321
163,539,702
668,477,1145
615,790,1405
136,787,923
311,267,578
40,810,850
105,603,708
577,294,871
179,749,928
269,415,684
27,572,599
118,459,577
672,475,1147
534,700,1234
112,496,608
415,462,877
657,614,1271
776,200,976
704,378,1082
458,230,688
129,10,139
98,304,402
93,658,751
197,697,894
492,441,933
437,558,995
715,451,1166
178,972,1150
545,193,738
82,623,705
343,475,818
372,906,1278
942,19,961
679,230,909
280,801,1081
185,875,1060
904,466,1370
138,744,882
398,334,732
398,275,673
596,610,1206
98,837,935
265,94,359
377,54,431
999,292,1291
275,748,1023
80,709,789
296,397,693
53,740,793
78,791,869
84,888,972
713,254,967
651,355,1006
338,32,370
638,160,798
735,202,937
161,536,697
767,124,891
109,892,1001
876,638,1514
99,371,470
337,729,1066
147,797,944
607,223,830
162,146,308
707,850,1557
399,916,1315
93,978,1071
747,377,1124
310,505,815
429,197,626
634,909,1543
54,334,388
774,242,1016
775,919,1694
982,761,1743
761,587,1348
395,691,1086
89,974,1063
410,18,428
871,71,942
181,680,861
142,356,498
323,624,947
168,143,311
928,293,1221
46,731,777
263,861,1124
867,392,1259
768,816,1584
269,549,818
617,839,1456
269,305,574
514,915,1429
706,719,1425
336,115,451
520,746,1266
716,783,1499
250,366,616
940,761,1701
517,427,944
603,127,730
719,652,1371
966,995,1961
822,621,1443
946,543,1489
828,647,1475
357,60,417
518,387,905
423,336,759
877,713,1590
277,453,730
579,133,712
954,678,1632
495,341,836
145,150,295
676,86,762
402,743,1145
160,843,1003
686,722,1408
580,538,1118
129,14,143
663,236,899
758,688,1446
580,796,1376
334,733,1067
824,154,978
918,112,1030
875,700,1575
995,834,1829
561,53,614
48,332,380
274,570,844
650,614,1264
472,978,1450
792,577,1369
930,316,1246
623,427,1050
166,942,1108
157,839,996
872,592,1464
760,586,1346
525,589,1114
88,482,570
219,241,460
156,533,689
260,976,1236
431,510,941
334,464,798
736,223,959
264,889,1153
262,356,618
357,167,524
242,253,495
529,7,536
948,694,1642
858,986,1844
216,833,1049
134,613,747
525,933,1458
366,340,706
358,391,749
103,869,972
895,425,1320
933,68,1001
193,708,901
233,955,1188
205,446,651
2,561,563
115,813,928
533,736,1269
96,230,326
749,874,1623
561,632,1193
950,500,1450
664,159,823
593,934,1527
681,23,704
15,536,551
396,16,412
683,962,1645
903,439,1342
282,154,436
940,376,1316
987,985,1972
617,630,1247
702,329,1031
285,43,328
964,976,1940
443,877,1320
957,978,1935
794,150,944
924,908,1832
999,147,1146
735,98,833
501,844,1345
419,895,1314
977,869,1846
330,985,1315
603,870,1473
255,13,268
901,663,1564
264,456,720
300,348,648
164,223,387
955,575,1530
631,360,991
587,766,1353
97,228,325
810,92,902
350,363,713
999,217,1216
467,288,755
630,43,673
131,752,883
593,879,1472
335,702,1037
551,600,1151
313,82,395
487,70,557
573,161,734
569,345,914
387,607,994
809,355,1164
515,54,569
80,60,140
252,578,830
950,808,1758
649,681,1330
290,511,801
389,95,484
973,180,1153
675,186,861
997,658,1655
379,466,845
273,754,1027
43,759,802
792,315,1107
97,552,649
67,44,111
641,758,1399
68,47,115
22,265,287
172,402,574
489,73,562
627,352,979
541,538,1079
530,636,1166
997,316,1313
68,230,298
235,39,274
238,115,353
805,207,1012
141,916,1057
865,264,1129
713,223,936
22,577,599
974,577,1551
478,86,564
913,677,1590
472,613,1085
211,484,695
156,777,933
125,980,1105
303,346,649
904,378,1282
792,39,831
276,309,585
793,228,1021
25,228,253
968,454,1422
295,315,610
619,958,1577
662,857,1519
360,22,382
930,451,1381
753,722,1475
623,949,1572
821,289,1110
775,401,1176
147,111,258
972,40,1012
353,192,545
249,861,1110
45,210,255
441,928,1369
68,340,408
516,825,1341
514,331,845
1000,950,1950
747,518,1265
510,820,1330
217,947,1164
132,984,1116
967,952,1919
625,201,826
215,687,902
612,9,621
890,774,1664
507,858,1365
622,474,1096
169,929,1098
403,796,1199
234,257,491
948,231,1179
142,356,498
10,988,998
482,467,949
467,747,1214
645,604,1249
986,959,1945
975,245,1220
874,165,1039
655,609,1264
988,997,1985
667,892,1559
473,25,498
441,799,1240
262,777,1039
14,66,80
537,336,873
509,7,516
435,453,888
697,424,1121
109,489,598
187,69,256
171,889,1060
123,620,743
395,662,1057
847,949,1796
715,126,841
48,480,528
562,388,950
327,541,868
483,696,1179
158,43,201
584,603,1187
697,621,1318
73,153,226
574,847,1421
775,155,930
268,586,854
496,790,1286
832,579,1411
44,213,257
577,174,751
800,543,1343
193,884,1077
222,553,775
525,345,870
110,373,483
566,641,1207
307,232,539
45,405,450
252,534,786
715,102,817
99,173,272
338,808,1146
998,696,1694
821,237,1058
905,630,1535
402,376,778
177,809,986
671,261,932
249,244,493
347,89,436
116,553,669
770,919,1689
509,54,563
952,916,1868
187,436,623
811,112,923
590,424,1014
647,705,1352
503,538,1041
39,704,743
529,764,1293
16,57,73
660,227,887
370,669,1039
353,408,761
83,730,813
832,174,1006
896,949,1845
751,954,1705
585,751,1336
815,519,1334
781,916,1697
891,560,1451
460,906,1366
232,964,1196
569,963,1532
906,707,1613
231,578,809
96,82,178
70,878,948
465,418,883
616,93,709
424,514,938
135,717,852
470,245,715
810,472,1282
39,728,767
305,789,1094
688,180,868
180,264,444
971,119,1090
285,381,666
8,472,480
729,693,1422
239,863,1102
894,132,1026
841,142,983
600,949,1549
422,572,994
500,912,1412
612,402,1014
59,410,469
915,396,1311
924,271,1195
150,338,488
352,458,810
606,153,759
559,31,590
944,72,1016
364,153,517
398,601,999
792,134,926
794,95,889
647,252,899
66,604,670
930,168,1098
358,32,390
580,260,840
346,692,1038
781,260,1041
462,170,632
87,785,872
188,549,737
108,468,576
521,39,560
450,5,455
306,172,478
720,800,1520
127,901,1028
688,930,1618
345,535,880
191,347,538
954,134,1088
223,936,1159
552,581,1133
714,311,1025
178,859,1037
263,86,349
231,555,786
764,822,1586
691,690,1381
997,714,1711
635,449,1084
111,869,980
480,647,1127
863,471,1334
965,427,1392
112,556,668
195,931,1126
636,58,694
707,750,1457
292,880,1172
253,987,1240
658,665,1323
889,446,1335
841,437,1278
380,249,629
886,161,1047
433,967,1400
2,754,756
12,644,656
923,638,1561
851,934,1785
63,106,169
101,80,181
616,4,620
168,608,776
997,155,1152
175,8,183
907,637,1544
580,132,712
200,592,792
833,39,872
882,282,1164
232,10,242
556,710,1266
957,325,1282
408,409,817
827,44,871
593,359,952
332,311,643
923,902,1825
838,317,1155
995,177,1172
973,311,1284
482,82,564
714,908,1622
383,403,786
479,893,1372
253,959,1212
881,330,1211
198,935,1133
151,570,721
756,584,1340
343,527,870
170,187,357
334,563,897
971,303,1274
454,562,1016
377,672,1049
899,9,908
233,737,970
10,753,763
822,381,1203
132,447,579
748,774,1522
178,371,549
451,81,532
580,983,1563
946,758,1704
453,297,750
24,230,254
407,460,867
747,965,1712
826,769,1595
702,205,907
770,363,1133
28,976,1004
416,820,1236
867,540,1407
784,581,1365
70,90,160
870,476,1346
436,613,1049
729,174,903
845,704,1549
521,957,1478
824,510,1334
351,154,505
353,143,496
389,754,1143
657,871,1528
893,825,1718
303,495,798
642,663,1305
393,54,447
844,680,1524
147,278,425
577,580,1157
993,510,1503
371,709,1080
297,548,845
333,115,448
77,968,1045
94,454,548
750,215,965
290,29,319
652,926,1578
370,755,1125
129,829,958
289,634,923
249,271,520
79,323,402
22,193,215
45,411,456
514,319,833
408,126,534
384,382,766
797,145,942
769,48,817
963,292,1255
869,222,1091
292,938,1230
963,825,1788
653,433,1086
193,306,499
483,91,574
962,163,1125
782,248,1030
811,412,1223
467,782,1249
553,763,1316
546,713,1259
155,140,295
403,858,1261
816,625,1441
470,448,918
643,820,1463
239,385,624
937,236,1173
740,166,906
179,56,235
103,957,1060
556,465,1021
19,980,999
980,675,1655
360,645,1005
406,991,1397
880,415,1295
322,595,917
458,243,701
809,45,854
960,831,1791
124,948,1072
782,371,1153
438,895,1333
110,383,493
348,503,851
413,73,486
756,717,1473
404,763,1167
165,226,391
791,708,1499
868,41,909
802,494,1296
834,983,1817
270,958,1228
118,698,816
885,342,1227
600,987,1587
856,465,1321
790,830,1620
48,577,625
11,333,344
823,246,1069
122,125,247
130,616,746
477,573,1050
81,954,1035
157,692,849
868,364,1232
779,531,1310
349,851,1200
162,426,588
404,118,522
23,421,444
665,715,1380
861,312,1173
828,589,1417
466,94,560
104,477,581
768,113,881
435,211,646
45,479,524
15,477,492
126,507,633
462,564,1026
129,877,1006
255,963,1218
273,287,560
997,452,1449
182,674,856
226,246,472
503,665,1168
691,301,992
762,433,1195
668,572,1240
401,732,1133
958,135,1093
493,567,1060
324,410,734
842,904,1746
969,343,1312
197,29,226
982,577,1559
813,345,1158
404,35,439
674,646,1320
719,336,1055
769,43,812
27,204,231
894,979,1873
71,732,803
350,35,385
971,316,1287
363,847,1210
957,812,1769
493,990,1483
291,258,549
189,216,405
462,798,1260
932,535,1467
913,27,940
97,348,445
334,368,702
375,311,686
23,455,478
951,576,1527
845,417,1262
74,576,650
154,709,863
365,656,1021
103,862,965
662,554,1216
16,940,956
960,836,1796
837,532,1369
733,80,813
802,200,1002
490,114,604
149,262,411
888,185,1073
39,666,705
641,385,1026
991,647,1638
394,858,1252
907,912,1819
497,978,1475
762,323,1085
452,988,1440
580,150,730
9,190,199
444,739,1183
953,373,1326
799,96,895
702,615,1317
269,525,794
266,620,886
744,49,793
315,295,610
816,864,1680
708,511,1219
877,910,1787
146,496,642
895,852,1747
380,955,1335
722,199,921
870,826,1696
202,812,1014
554,226,780
350,208,558
191,436,627
998,725,1723
109,659,768
635,945,1580
414,195,609
34,698,732
39,870,909
782,935,1717
172,838,1010
511,812,1323
455,973,1428
198,442,640
875,380,1255
668,188,856
155,428,583
823,687,1510
657,241,898
848,169,1017
81,906,987
579,321,900
133,151,284
547,760,1307
337,481,818
1000,471,1471
315,474,789
863,513,1376
519,217,736
652,19,671
903,960,1863
989,841,1830
274,94,368
302,11,313
65,38,103
36,370,406
20,525,545
39,764,803
73,55,128
314,454,768
320,180,500
671,614,1285
654,491,1145
903,418,1321
990,93,1083
325,754,1079
604,134,738
898,722,1620
490,111,601
488,237,725
872,197,1069
809,826,1635
998,740,1738
663,357,1020
77,996,1073
864,981,1845
730,324,1054
580,370,950
653,226,879
270,313,583
386,941,1327
256,665,921
203,814,1017
576,8,584
730,665,1395
186,142,328
57,553,610
922,760,1682
69,737,806
276,902,1178
377,600,977
833,631,1464
813,373,1186
662,52,714
702,914,1616
447,235,682
102,487,589
147,166,313
95,104,199
783,841,1624
555,279,834
487,811,1298
846,884,1730
53,26,79
374,752,1126
481,756,1237
312,162,474
575,995,1570
23,105,128
540,537,1077
395,410,805
65,71,136
583,782,1365
309,411,720
568,530,1098
216,970,1186
713,973,1686
132,547,679
546,222,768
105,206,311
166,403,569
232,263,495
2,119,121
101,566,667
322,606,928
351,42,393
858,55,913
310,727,1037
904,954,1858
8,458,466
234,873,1107
564,413,977
208,685,893
529,238,767
38,57,95
542,226,768
567,482,1049
674,429,1103
137,412,549
592,373,965
262,853,1115
313,700,1013
391,325,716
468,600,1068
289,207,496
910,432,1342
969,823,1792
219,678,897
943,823,1766
104,215,319
877,377,1254
21,677,698
422,115,537
784,303,1087
841,15,856
56,239,295
173,638,811
948,722,1670
814,960,1774
144,916,1060
33,780,813
760,157,917
249,716,965
833,950,1783
904,579,1483
683,329,1012
730,626,1356
255,289,544
409,933,1342
671,542,1213
32,129,161
359,934,1293
200,492,692
750,16,766
618,704,1322
417,523,940
119,118,237
858,755,1613
812,122,934
300,143,443
578,614,1192
911,846,1757
581,174,755
811,974,1785
340,630,970
284,213,497
273,190,463
241,340,581
824,143,967
180,568,748
137,861,998
392,577,969
732,618,1350
207,33,240
971,327,1298
229,463,692
460,794,1254
780,775,1555
642,402,1044
952,918,1870
41,908,949
363,714,1077
796,345,1141
905,903,1808
622,559,1181
411,476,887
159,149,308
700,950,1650
663,104,767
231,502,733
668,496,1164
182,163,345
828,305,1133
41,244,285
762,672,1434
884,538,1422
764,955,1719
166,754,920
241,109,350
604,972,1576
497,476,973
615,98,713
862,976,1838
8,957,965
852,113,965
719,362,1081
558,189,747
253,807,1060
718,400,1118
902,959,1861
785,284,1069
907,49,956
983,669,1652
151,711,862
903,494,1397
498,249,747
740,383,1123
174,6,180
671,974,1645
299,194,493
235,987,1222
389,872,1261
755,842,1597
959,490,1449
1000,759,1759
737,513,1250
918,308,1226
478,957,1435
609,799,1408
856,985,1841
731,171,902
343,163,506
682,762,1444
47,138,185
279,550,829
295,573,868
361,395,756
796,436,1232
770,517,1287
781,582,1363
528,490,1018
72,256,328
460,562,1022
837,222,1059
656,336,992
145,723,868
587,265,852
488,926,1414
295,625,920
229,61,290
96,317,413
672,205,877
442,258,700
78,18,96
656,299,955
728,422,1150
429,719,1148
579,363,942
158,659,817
646,812,1458
251,725,976
844,272,1116
553,263,816
100,165,265
375,487,862
211,238,449
549,955,1504
131,331,462
90,789,879
578,944,1522
423,920,1343
898,869,1767
224,686,910
282,109,391
463,398,861
917,570,1487
125,819,944
845,222,1067
60,806,866
241,8,249
398,768,1166
27,913,940
583,187,770
14,267,281
624,486,1110
711,29,740
668,542,1210
397,46,443
875,896,1771
278,774,1052
198,74,272
798,413,1211
882,620,1502
769,606,1375
611,72,683
518,62,580
273,414,687
394,709,1103
566,916,1482
521,904,1425
327,193,520
272,194,466
881,3,884
200,206,406
309,728,1037
222,528,750
220,802,1022
414,218,632
35,50,85
445,948,1393
383,200,583
324,742,1066
801,150,951
621,725,1346
85,400,485
831,37,868
983,106,1089
381,230,611
970,277,1247
512,40,552
53,28,81
363,985,1348
869,960,1829
674,744,1418
669,384,1053
285,302,587
97,989,1086
239,782,1021
768,829,1597
647,79,726
314,780,1094
71,970,1041
563,90,653
426,161,587
442,884,1326
97,685,782
2,821,823
653,94,747
977,313,1290
753,15,768
461,56,517
675,723,1398
116,882,998
321,667,988
962,134,1096
281,353,634
245,549,794
573,982,1555
200,716,916
142,932,1074
19,637,656
869,190,1059
693,540,1233
37,719,756
252,474,726
470,793,1263
163,398,561
129,21,150
395,196,591
466,699,1165
364,270,634
385,814,1199
255,58,313
515,579,1094
725,851,1576
361,15,376
888,929,1817
809,166,975
365,696,1061
991,726,1717
326,714,1040
203,913,1116
44,993,1037
337,864,1201
794,943,1737
584,817,1401
265,864,1129
458,709,1167
729,461,1190
424,774,1198
619,199,818
99,242,341
998,171,1169
279,363,642
147,550,697
709,333,1042
80,862,942
943,284,1227
876,885,1761
392,822,1214
476,257,733
522,256,778
536,402,938
205,836,1041
8,235,243
663,258,921
577,204,781
708,96,804
409,219,628
888,215,1103
669,227,896
489,172,661
80,734,814
235,687,922
728,826,1554
610,457,1067
706,582,1288
33,872,905
482,447,929
761,541,1302
357,653,1010
131,23,154
832,72,904
239,979,1218
767,211,978
180,609,789
618,330,948
315,753,1068
242,843,1085
689,876,1565
298,613,911
936,442,1378
738,525,1263
236,946,1182
815,28,843
367,324,691
865,4,869
546,330,876
591,778,1369
945,2,947
941,673,1614
212,507,719
171,349,520
302,564,866
556,558,1114
87,924,1011
970,925,1895
314,26,340
527,14,541
749,423,1172
752,229,981
324,935,1259
333,986,1319
995,741,1736
268,992,1260
563,70,633
747,721,1468
78,365,443
471,754,1225
651,232,883
483,729,1212
931,479,1410
436,5,441
922,326,1248
40,101,141
773,517,1290
527,166,693
598,668,1266
803,971,1774
901,67,968
721,803,1524
418,44,462
236,311,547
178,941,1119
892,928,1820
635,798,1433
724,130,854
809,271,1080
558,543,1101
314,506,820
503,412,915
459,768,1227
863,872,1735
873,562,1435
37,750,787
3,862,865
203,953,1156
3,246,249
612,527,1139
450,875,1325
112,196,308
711,523,1234
894,834,1728
528,687,1215
575,207,782
699,821,1520
1,634,635
928,148,1076
156,457,613
71,795,866
797,802,1599
975,569,1544
742,790,1532
260,54,314
89,698,787
402,350,752
227,967,1194
298,926,1224
253,88,341
200,759,959
541,50,591
806,200,1006
940,86,1026
941,255,1196
58,392,450
217,437,654
296,799,1095
156,516,672
937,400,1337
735,756,1491
0,163,163
815,16,831
474,917,1391
99,160,259
66,306,372
434,418,852
467,286,753
14,948,962
369,675,1044
969,946,1915
500,768,1268
121,635,756
158,999,1157
419,697,1116
19,644,663
657,732,1389
856,39,895
639,746,1385
12,599,611
954,267,1221
360,909,1269
662,144,806
265,820,1085
361,819,1180
295,163,458
708,823,1531
412,739,1151
385,676,1061
607,267,874
402,927,1329
53,982,1035
568,743,1311
466,838,1304
820,158,978
487,611,1098
379,755,1134
288,366,654
437,910,1347
844,39,883
169,537,706
881,27,908
797,792,1589
445,112,557
264,211,475
881,764,1645
655,430,1085
712,320,1032
529,705,1234
221,286,507
871,691,1562
187,455,642
79,948,1027
971,264,1235
176,704,880
295,39,334
73,419,492
952,923,1875
207,663,870
909,132,1041
288,87,375
391,963,1354
153,751,904
138,715,853
871,685,1556
882,753,1635
941,651,1592
769,496,1265
629,652,1281
566,395,961
566,15,581
664,145,809
643,585,1228
63,192,255
676,760,1436
916,46,962
746,855,1601
244,146,390
223,813,1036
182,321,503
153,359,512
739,665,1404
358,366,724
527,249,776
389,64,453
496,682,1178
556,890,1446
310,0,310
738,916,1654
611,810,1421
148,208,356
680,149,829
702,618,1320
949,311,1260
881,485,1366
409,489,898
452,217,669
571,55,626
195,64,259
985,427,1412
740,833,1573
297,37,334
59,677,736
459,311,770
250,178,428
17,399,416
654,894,1548
573,184,757
907,655,1562
777,991,1768
972,124,1096
584,892,1476
589,872,1461
892,745,1637
149,835,984
76,608,684
493,255,748
408,318,726
600,696,1296
298,164,462
816,767,1583
796,619,1415
36,380,416
349,188,537
900,951,1851
594,220,814
789,22,811
253,654,907
432,521,953
214,432,646
230,590,820
300,621,921
384,728,1112
328,370,698
933,298,1231
342,268,610
646,850,1496
795,620,1415
134,963,1097
938,905,1843
769,798,1567
636,226,862
497,479,976
578,79,657
364,736,1100
421,681,1102
332,988,1320
45,513,558
94,712,806
519,692,1211
614,205,819
977,813,1790
764,698,1462
763,656,1419
686,96,782
17,387,404
121,408,529
723,575,1298
930,792,1722
835,543,1378
748,582,1330
827,296,1123
491,467,958
131,359,490
150,284,434
513,181,694
257,948,1205
998,228,1226
991,345,1336
851,517,1368
727,738,1465
87,802,889
699,233,932
215,597,812
585,345,930
530,268,798
889,230,1119
68,961,1029
572,678,1250
241,286,527
977,261,1238
627,462,1089
300,622,922
794,566,1360
171,857,1028
343,459,802
411,296,707
722,949,1671
994,341,1335
553,441,994
279,172,451
875,943,1818
618,999,1617
252,645,897
751,860,1611
708,916,1624
399,966,1365
860,274,1134
464,689,1153
782,465,1247
459,78,537
351,69,420
261,695,956
986,363,1349
766,401,1167
674,180,854
480,995,1475
151,520,671
558,957,1515
782,663,1445
511,903,1414
420,933,1353
364,506,870
587,971,1558
259,588,847
71,830,901
680,57,737
523,208,731
30,859,889
980,633,1613
128,399,527
838,845,1683
596,109,705
999,99,1098
785,155,940
35,249,284
473,945,1418
174,864,1038
198,850,1048
530,126,656
906,777,1683
341,144,485
142,486,628
438,584,1022
474,824,1298
599,152,751
555,458,1013
146,524,670
29,575,604
71,252,323
303,525,828
665,782,1447
989,348,1337
483,733,1216
381,424,805
622,309,931
485,926,1411
696,519,1215
995,201,1196
164,764,928
459,905,1364
183,338,521
733,374,1107
576,810,1386
214,979,1193
485,444,929
222,73,295
965,212,1177
493,577,1070
919,482,1401
544,945,1489
647,64,711
661,495,1156
948,960,1908
933,775,1708
215,919,1134
265,882,1147
662,913,1575
962,310,1272
715,651,1366
750,766,1516
1,629,630
291,637,928
514,190,704
865,512,1377
849,306,1155
260,208,468
500,0,500
221,412,633
128,252,380
407,1000,1407
573,952,1525
804,371,1175
548,767,1315
516,472,988
219,389,608
463,901,1364
752,808,1560
554,863,1417
410,570,980
850,706,1556
26,20,46
335,40,375
653,58,711
481,854,1335
874,89,963
265,664,929
465,845,1310
258,554,812
978,97,1075
826,615,1441
749,826,1575
149,655,804
521,791,1312
561,788,1349
62,465,527
3,814,817
395,719,1114
817,711,1528
92,174,266
455,949,1404
277,234,511
102,471,573
175,148,323
790,422,1212
853,631,1484
222,785,1007
749,959,1708
371,943,1314
24,624,648
465,43,508
972,288,1260
541,688,1229
450,882,1332
472,816,1288
669,909,1578
584,61,645
981,903,1884
408,756,1164
171,654,825
84,669,753
839,861,1700
517,153,670
285,504,789
970,181,1151
159,979,1138
363,906,1269
107,728,835
948,555,1503
855,440,1295
680,531,1211
642,933,1575
96,88,184
263,406,669
795,885,1680
798,526,1324
369,312,681
515,989,1504
21,564,585
900,558,1458
817,342,1159
399,39,438
167,935,1102
355,428,783
954,888,1842
330,284,614
805,25,830
556,36,592
175,472,647
568,378,946
355,587,942
440,849,1289
932,639,1571
521,736,1257
833,283,1116
787,803,1590
767,55,822
402,266,668
431,955,1386
990,551,1541
668,131,799
145,350,495
204,634,838
847,637,1484
541,155,696
692,734,1426
554,165,719
383,745,1128
983,997,1980
95,478,573
548,620,1168
416,611,1027
80,211,291
801,228,1029
114,513,627
404,623,1027
994,665,1659
23,66,89
576,422,998
664,5,669
656,18,674
613,290,903
862,359,1221
577,608,1185
787,635,1422
481,809,1290
489,782,1271
715,340,1055
349,107,456
486,408,894
395,918,1313
58,592,650
187,20,207
987,79,1066
154,625,779
457,849,1306
716,517,1233
450,152,602
14,452,466
896,945,1841
445,556,1001
274,558,832
928,276,1204
110,549,659
422,155,577
564,193,757
620,525,1145
304,747,1051
805,826,1631
237,456,693
366,622,988
313,810,1123
710,123,833
480,515,995
163,732,895
675,806,1481
774,239,1013
802,349,1151
662,907,1569
71,259,330
244,78,322
110,788,898
42,991,1033
525,347,872
857,399,1256
778,351,1129
937,372,1309
342,442,784
656,80,736
393,361,754
220,691,911
371,500,871
791,590,1381
486,781,1267
919,77,996
497,544,1041
762,765,1527
848,131,979
47,790,837
833,445,1278
480,531,1011
815,534,1349
307,422,729
241,490,731
829,962,1791
443,1,444
101,241,342
143,124,267
764,229,993
754,233,987
969,338,1307
383,696,1079
130,584,714
74,948,1022
253,458,711
910,513,1423
207,814,1021
211,846,1057
667,914,1581
117,816,933
266,331,597
959,52,1011
835,247,1082
741,304,1045
265,804,1069
233,103,336
78,976,1054
884,114,998
74,100,174
281,451,732
9,883,892
978,885,1863
974,98,1072
205,242,447
535,779,1314
149,167,316
721,81,802
805,656,1461
998,694,1692
576,799,1375
816,835,1651
176,624,800
363,36,399
612,821,1433
261,834,1095
942,432,1374
440,847,1287
906,651,1557
931,558,1489
169,996,1165
419,723,1142
258,43,301
737,914,1651
235,216,451
341,537,878
648,430,1078
7,100,107
19,365,384
700,0,700
922,861,1783
622,865,1487
780,470,1250
652,630,1282
283,963,1246
497,836,1333
581,937,1518
584,635,1219
904,611,1515
997,261,1258
540,248,788
587,647,1234
933,762,1695
459,357,816
491,713,1204
873,669,1542
689,587,1276
26,75,101
978,838,1816
877,674,1551
994,139,1133
135,871,1006
586,448,1034
67,259,326
900,110,1010
752,29,781
999,101,1100
210,111,321
794,333,1127
749,509,1258
652,352,1004
608,355,963
543,228,771
289,996,1285
884,903,1787
931,109,1040
281,68,349
998,872,1870
21,980,1001
286,666,952
546,587,1133
687,929,1616
886,724,1610
723,863,1586
670,335,1005
303,286,589
402,201,603
485,407,892
170,163,333
377,769,1146
496,19,515
823,947,1770
439,392,831
453,813,1266
85,592,677
238,747,985
236,675,911
338,225,563
295,961,1256
686,100,786
1,411,412
664,857,1521
843,901,1744
275,910,1185
851,853,1704
447,509,956
504,649,1153
669,686,1355
38,882,920
112,130,242
567,642,1209
652,610,1262
338,733,1071
962,4,966
996,291,1287
478,681,1159
179,213,392
579,699,1278
889,649,1538
629,619,1248
875,865,1740
656,669,1325
783,367,1150
395,676,1071
452,561,1013
262,603,865
584,584,1168
700,24,724
700,487,1187
781,320,1101
395,944,1339
941,795,1736
463,698,1161
3,331,334
725,342,1067
337,283,620
153,368,521
129,113,242
206,861,1067
733,155,888
721,246,967
541,470,1011
254,13,267
140,713,853
825,138,963
790,894,1684
664,803,1467
908,149,1057
170,435,605
533,350,883
355,537,892
924,354,1278
688,314,1002
638,453,1091
291,490,781
169,754,923
839,931,1770
42,737,779
236,612,848
776,287,1063
490,825,1315
693,348,1041
402,183,585
951,903,1854
666,231,897
831,637,1468
286,150,436
879,391,1270
841,989,1830
541,922,1463
325,334,659
967,396,1363
427,549,976
878,246,1124
956,791,1747
453,15,468
645,104,749
939,384,1323
837,429,1266
846,274,1120
581,705,1286
30,888,918
400,498,898
368,429,797
817,968,1785
811,795,1606
214,503,717
723,507,1230
515,114,629
555,836,1391
175,287,462
437,871,1308
180,602,782
390,822,1212
904,771,1675
380,538,918
77,69,146
4,247,251
339,421,760
866,548,1414
900,65,965
760,842,1602
690,109,799
646,447,1093
811,921,1732
346,340,686
823,517,1340
3,635,638
871,167,1038
253,989,1242
131,213,344
493,642,1135
650,270,920
196,905,1101
652,819,1471
765,205,970
347,963,1310
175,147,322
133,449,582
764,636,1400
798,696,1494
675,135,810
804,14,818
128,9,137
337,983,1320
702,700,1402
672,965,1637
420,151,571
341,536,877
682,348,1030
390,569,959
14,661,675
366,951,1317
615,93,708
427,513,940
537,445,982
604,583,1187
655,624,1279
512,902,1414
100,423,523
764,379,1143
598,571,1169
27,135,162
295,72,367
178,620,798
270,717,987
376,340,716
432,417,849
291,37,328
458,58,516
847,398,1245
402,385,787
663,697,1360
932,627,1559
552,656,1208
31,901,932
557,924,1481
200,173,373
817,265,1082
983,419,1402
704,38,742
506,207,713
623,650,1273
695,52,747
235,156,391
799,134,933
281,197,478
254,185,439
608,133,741
162,191,353
629,676,1305
36,479,515
7,10,17
15,469,484
387,328,715
45,721,766
148,411,559
264,826,1090
908,210,1118
973,298,1271
602,616,1218
830,544,1374
898,485,1383
680,698,1378
7,171,178
642,27,669
470,467,937
795,657,1452
25,396,421
981,562,1543
689,627,1316
486,993,1479
50,407,457
650,954,1604
889,7,896
959,396,1355
131,820,951
187,395,582
546,276,822
244,669,913
862,667,1529
823,17,840
542,402,944
524,517,1041
265,889,1154
909,593,1502
107,975,1082
973,964,1937
531,941,1472
617,102,719
915,697,1612
57,173,230
863,621,1484
974,126,1100
498,397,895
852,68,920
381,445,826
188,546,734
319,378,697
990,144,1134
540,379,919
392,815,1207
560,683,1243
341,455,796
492,627,1119
558,587,1145
385,357,742
313,527,840
64,668,732
394,986,1380
174,146,320
950,820,1770
860,898,1758
520,545,1065
432,123,555
79,558,637
811,536,1347
899,427,1326
973,768,1741
458,880,1338
366,293,659
467,640,1107
677,357,1034
511,508,1019
781,64,845
505,70,575
533,385,918
404,846,1250
26,988,1014
290,567,857
970,492,1462
470,718,1188
817,606,1423
951,457,1408
756,767,1523
88,237,325
470,657,1127
635,952,1587
820,267,1087
422,872,1294
554,479,1033
292,927,1219
736,452,1188
317,620,937
193,735,928
353,676,1029
285,940,1225
939,593,1532
449,71,520
529,943,1472
865,988,1853
95,982,1077
833,843,1676
810,581,1391
516,669,1185
490,151,641
128,529,657
327,608,935
985,817,1802
337,216,553
43,917,960
10,309,319
268,716,984
310,630,940
654,762,1416
199,926,1125
309,499,808
113,670,783
176,905,1081
782,315,1097
233,503,736
540,282,822
936,162,1098
22,409,431
371,360,731
549,166,715
462,204,666
615,248,863
538,51,589
524,528,1052
211,590,801
319,542,861
959,413,1372
606,148,754
448,312,760
127,135,262
358,631,989
766,412,1178
187,73,260
911,843,1754
965,367,1332
567,906,1473
487,298,785
185,885,1070
456,309,765
35,624,659
955,204,1159
443,930,1373
610,317,927
640,145,785
384,40,424
790,790,1580
558,95,653
987,922,1909
533,868,1401
42,724,766
304,508,812
797,793,1590
331,936,1267
349,728,1077
6,146,152
485,67,552
662,512,1174
830,606,1436
29,939,968
931,949,1880
31,633,664
556,332,888
726,76,802
836,874,1710
113,641,754
989,824,1813
980,431,1411
691,632,1323
199,394,593
267,711,978
672,241,913
747,848,1595
385,348,733
30,259,289
952,148,1100
11,964,975
794,923,1717
638,904,1542
156,402,558
614,707,1321
336,927,1263
633,439,1072
895,615,1510
291,553,844
147,487,634
927,814,1741
764,430,1194
701,419,1120
936,473,1409
270,692,962
265,33,298
212,332,544
25,361,386
204,44,248
15,919,934
394,574,968
931,579,1510
499,653,1152
902,250,1152
300,267,567
411,993,1404
589,967,1556
246,790,1036
159,35,194
435,17,452
835,451,1286
625,722,1347
19,167,186
307,150,457
848,124,972
138,956,1094
69,828,897
940,843,1783
857,760,1617
559,512,1071
411,470,881
901,27,928
461,418,879
947,448,1395
839,491,1330
886,957,1843
325,209,534
811,243,1054
742,705,1447
351,236,587
932,405,1337
551,418,969
349,709,1058
676,310,986
409,579,988
546,15,561
70,305,375
258,714,972
675,25,700
356,986,1342
795,800,1595
42,909,951
689,942,1631
895,210,1105
224,915,1139
647,658,1305
467,462,929
690,448,1138
337,835,1172
995,169,1164
790,849,1639
613,262,875
959,373,1332
655,135,790
968,597,1565
217,485,702
555,77,632
500,209,709
949,1000,1949
687,271,958
971,798,1769
653,402,1055
565,806,1371
234,546,780
267,304,571
121,359,480
98,925,1023
956,710,1666
328,863,1191
556,119,675
500,68,568
339,399,738
929,159,1088
530,660,1190
846,459,1305
601,411,1012
244,548,792
661,879,1540
451,816,1267
414,896,1310
697,893,1590
628,975,1603
57,966,1023
185,272,457
902,329,1231
384,206,590
656,803,1459
721,571,1292
831,208,1039
825,937,1762
515,696,1211
450,846,1296
72,1000,1072
321,188,509
128,794,922
91,379,470
976,603,1579
47,836,883
650,665,1315
957,418,1375
948,69,1017
669,231,900
678,489,1167
477,980,1457
909,941,1850
669,462,1131
441,59,500
81,112,193
309,828,1137
344,492,836
427,182,609
941,992,1933
948,976,1924
691,553,1244
775,780,1555
593,563,1156
938,325,1263
194,536,730
360,132,492
697,628,1325
426,808,1234
80,666,746
300,808,1108
34,233,267
272,365,637
445,879,1324
51,65,116
847,277,1124
25,746,771
151,180,331
625,228,853
917,695,1612
455,808,1263
823,637,1460
526,562,1088
821,578,1399
742,181,923
723,41,764
615,313,928
817,937,1754
826,154,980
589,173,762
310,357,667
282,873,1155
626,412,1038
159,312,471
389,257,646
553,557,1110
262,613,875
561,380,941
367,166,533
492,138,630
410,556,966
918,277,1195
973,577,1550
996,106,1102
40,247,287
461,80,541
545,678,1223
530,898,1428
430,402,832
483,44,527
722,408,1130
467,765,1232
998,610,1608
169,58,227
522,649,1171
873,511,1384
181,517,698
542,505,1047
766,349,1115
999,108,1107
956,476,1432
380,935,1315
296,870,1166
64,44,108
176,120,296
260,188,448
685,806,1491
97,30,127
851,884,1735
13,641,654
780,652,1432
901,569,1470
822,557,1379
650,719,1369
430,616,1046
366,160,526
770,993,1763
310,579,889
318,828,1146
746,353,1099
182,405,587
322,599,921
673,364,1037
933,477,1410
496,617,1113
167,797,964
653,806,1459
544,403,947
516,873,1389
664,799,1463
927,557,1484
444,872,1316
688,841,1529
498,88,586
670,654,1324
341,785,1126
54,308,362
207,42,249
836,200,1036
131,719,850
63,705,768
882,845,1727
202,515,717
745,55,800
397,317,714
27,824,851
86,931,1017
12,125,137
486,325,811
531,367,898
118,469,587
291,662,953
631,286,917
261,947,1208
346,410,756
554,857,1411
96,638,734
384,719,1103
782,402,1184
726,342,1068
893,393,1286
787,911,1698
635,57,692
370,543,913
856,576,1432
18,867,885
470,133,603
46,816,862
37,469,506
92,261,353
738,798,1536
89,23,112
130,950,1080
678,91,769
854,344,1198
137,595,732
873,585,1458
455,107,562
994,592,1586
993,136,1129
543,394,937
789,791,1580
941,757,1698
67,64,131
708,964,1672
592,707,1299
925,401,1326
956,596,1552
323,510,833
292,43,335
227,60,287
446,217,663
989,472,1461
436,348,784
835,665,1500
115,426,541
705,424,1129
671,362,1033
438,993,1431
671,512,1183
561,38,599
830,793,1623
203,106,309
711,469,1180
17,302,319
12,416,428
219,288,507
629,668,1297
975,423,1398
364,785,1149
729,913,1642
841,513,1354
491,625,1116
986,420,1406
224,210,434
880,132,1012
426,347,773
952,180,1132
380,115,495
620,45,665
282,632,914
575,257,832
886,212,1098
756,522,1278
476,589,1065
180,318,498
918,990,1908
140,662,802
118,748,866
628,452,1080
410,531,941
73,827,900
728,519,1247
12,357,369
627,799,1426
130,865,995
617,895,1512
255,355,610
820,759,1579
606,102,708
320,546,866
398,279,677
127,23,150
694,791,1485
169,726,895
674,219,893
507,86,593
471,572,1043
956,768,1724
275,895,1170
63,54,117
484,117,601
699,325,1024
442,601,1043
687,569,1256
866,207,1073
225,196,421
558,667,1225
987,166,1153
994,491,1485
628,710,1338
544,719,1263
282,551,833
481,466,947
234,227,461
164,730,894
673,530,1203
403,863,1266
934,374,1308
385,195,580
290,580,870
491,97,588
662,77,739
467,693,1160
796,48,844
490,211,701
386,935,1321
919,482,1401
965,212,1177
247,224,471
411,752,1163
845,334,1179
132,659,791
906,281,1187
716,695,1411
427,751,1178
975,849,1824
859,90,949
298,967,1265
677,220,897
379,787,1166
119,705,824
574,429,1003
846,611,1457
14,799,813
823,894,1717
867,629,1496
924,135,1059
831,31,862
992,389,1381
42,602,644
710,615,1325
735,374,1109
473,708,1181
363,189,552
457,24,481
852,71,923
466,988,1454
584,822,1406
906,128,1034
159,184,343
836,620,1456
188,632,820
954,126,1080
605,55,660
977,438,1415
890,679,1569
297,317,614
211,616,827
944,264,1208
265,770,1035
415,315,730
66,560,626
485,481,966
750,641,1391
106,768,874
993,276,1269
742,987,1729
539,908,1447
642,149,791
16,875,891
620,795,1415
633,843,1476
609,935,1544
688,947,1635
386,953,1339
7,277,284
41,490,531
417,39,456
235,150,385
356,711,1067
658,678,1336
456,204,660
393,435,828
516,51,567
655,219,874
56,175,231
825,304,1129
232,837,1069
871,718,1589
85,214,299
773,442,1215
619,263,882
899,813,1712
450,161,611
23,447,470
125,24,149
442,258,700
598,517,1115
595,314,909
1000,38,1038
202,946,1148
647,687,1334
618,466,1084
506,986,1492
430,913,1343
449,256,705
365,321,686
873,29,902
119,84,203
753,97,850
708,479,1187
791,866,1657
184,0,184
347,243,590
602,381,983
483,227,710
715,178,893
735,533,1268
902,920,1822
394,493,887
92,247,339
272,971,1243
125,793,918
918,717,1635
421,918,1339
731,67,798
722,933,1655
922,192,1114
961,968,1929
355,640,995
999,976,1975
273,519,792
165,194,359
905,785,1690
709,782,1491
981,816,1797
66,497,563
803,290,1093
890,218,1108
829,335,1164
550,334,884
353,724,1077
256,260,516
934,581,1515
125,457,582
258,879,1137
444,824,1268
713,607,1320
322,929,1251
854,486,1340
459,120,579
607,701,1308
997,707,1704
503,21,524
104,492,596
396,855,1251
289,364,653
45,921,966
708,735,1443
760,988,1748
296,280,576
247,538,785
671,918,1589
526,892,1418
225,229,454
21,893,914
950,363,1313
363,870,1233
336,476,812
513,985,1498
455,118,573
992,912,1904
343,506,849
795,41,836
379,455,834
97,717,814
400,222,622
57,172,229
171,827,998
814,583,1397
898,654,1552
263,831,1094
216,702,918
742,127,869
472,708,1180
928,776,1704
192,465,657
193,947,1140
161,803,964
571,518,1089
491,824,1315
106,56,162
59,729,788
197,796,993
949,102,1051
190,357,547
162,220,382
791,316,1107
862,519,1381
376,37,413
854,440,1294
948,988,1936
886,116,1002
836,586,1422
78,725,803
162,227,389
543,224,767
91,71,162
567,925,1492
603,377,980
312,858,1170
851,864,1715
264,132,396
67,953,1020
520,270,790
890,578,1468
372,861,1233
780,604,1384
467,463,930
579,371,950
97,852,949
969,786,1755
178,790,968
357,431,788
566,132,698
645,913,1558
541,15,556
741,267,1008
939,294,1233
450,698,1148
832,752,1584
820,443,1263
419,634,1053
32,790,822
691,182,873
724,20,744
569,329,898
600,298,898
141,543,684
88,701,789
635,947,1582
155,16,171
85,445,530
415,276,691
171,497,668
442,574,1016
786,136,922
657,758,1415
68,975,1043
492,309,801
371,215,586
512,18,530
341,468,809
722,981,1703
366,824,1190
897,215,1112
845,81,926
871,817,1688
592,594,1186
821,134,955
109,765,874
434,256,690
145,54,199
666,642,1308
451,950,1401
884,987,1871
509,666,1175
722,226,948
416,847,1263
939,819,1758
449,797,1246
82,558,640
110,164,274
412,667,1079
442,541,983
786,789,1575
291,631,922
70,969,1039
640,396,1036
387,85,472
457,380,837
608,552,1160
752,323,1075
881,433,1314
576,711,1287
126,316,442
580,873,1453
277,479,756
31,203,234
480,986,1466
537,974,1511
591,169,760
862,678,1540
990,77,1067
436,591,1027
561,721,1282
204,278,482
416,328,744
514,595,1109
536,429,965
902,780,1682
928,557,1485
127,660,787
505,659,1164
343,823,1166
668,536,1204
209,541,750
981,363,1344
501,164,665
720,774,1494
25,760,785
521,314,835
338,1,339
741,399,1140
643,32,675
449,84,533
793,395,1188
663,681,1344
60,653,713
464,170,634
99,630,729
427,889,1316
715,882,1597
875,800,1675
205,545,750
917,917,1834
102,232,334
45,192,237
722,158,880
526,638,1164
626,486,1112
821,460,1281
724,549,1273
226,292,518
181,312,493
679,951,1630
318,831,1149
446,582,1028
217,150,367
104,646,750
408,152,560
891,297,1188
59,460,519
484,978,1462
528,565,1093
840,765,1605
51,909,960
333,506,839
987,968,1955
996,602,1598
803,721,1524
930,436,1366
841,74,915
810,321,1131
833,640,1473
669,497,1166
158,328,486
807,157,964
671,384,1055
649,639,1288
317,343,660
238,756,994
119,853,972
394,508,902
593,978,1571
308,610,918
550,794,1344
831,534,1365
656,596,1252
978,254,1232
61,933,994
893,38,931
132,398,530
115,172,287
831,944,1775
640,858,1498
212,394,606
961,242,1203
998,176,1174
108,247,355
807,299,1106
582,40,622
725,139,864
795,965,1760
811,57,868
0,868,868
242,29,271
116,983,1099
570,186,756
486,713,1199
431,799,1230
708,214,922
967,249,1216
899,847,1746
940,56,996
146,499,645
831,717,1548
142,764,906
867,10,877
969,318,1287
321,917,1238
828,944,1772
604,94,698
756,720,1476
150,303,453
268,201,469
660,106,766
575,626,1201
479,549,1028
792,311,1103
870,943,1813
143,976,1119
833,613,1446
622,15,637
23,136,159
385,266,651
476,503,979
673,381,1054
99,174,273
36,446,482
91,304,395
101,734,835
268,310,578
523,586,1109
22,384,406
917,729,1646
982,166,1148
941,419,1360
520,619,1139
46,997,1043
467,920,1387
77,374,451
248,325,573
422,615,1037
540,898,1438
128,673,801
669,483,1152
175,572,747
55,844,899
126,820,946
514,364,878
884,362,1246
64,43,107
442,610,1052
15,999,1014
826,707,1533
616,78,694
304,367,671
572,825,1397
596,411,1007
17,52,69
521,704,1225
497,423,920
462,497,959
96,120,216
58,629,687
482,463,945
265,454,719
952,180,1132
254,838,1092
761,229,990
698,769,1467
197,888,1085
432,630,1062
883,849,1732
681,864,1545
697,144,841
892,327,1219
996,571,1567
483,916,1399
183,388,571
392,310,702
286,613,899
974,688,1662
656,437,1093
620,13,633
179,922,1101
647,26,673
529,39,568
487,292,779
85,832,917
244,502,746
852,311,1163
849,800,1649
735,645,1380
807,660,1467
148,128,276
193,964,1157
898,627,1525
413,933,1346
540,458,998
492,409,901
374,229,603
623,992,1615
964,427,1391
890,289,1179
831,362,1193
238,673,911
514,654,1168
972,375,1347
437,691,1128
290,113,403
102,10,112
827,98,925
117,234,351
991,859,1850
792,992,1784
62,499,561
440,439,879
273,978,1251
17,544,561
146,876,1022
871,646,1517
661,207,868
344,918,1262
269,62,331
708,540,1248
593,356,949
637,393,1030
279,460,739
61,201,262
264,861,1125
689,684,1373
673,996,1669
981,20,1001
951,231,1182
549,126,675
950,305,1255
537,887,1424
49,269,318
524,803,1327
850,385,1235
296,738,1034
193,264,457
871,946,1817
346,985,1331
144,299,443
343,649,992
775,153,928
225,653,878
613,443,1056
651,49,700
95,880,975
434,524,958
986,963,1949
181,395,576
900,700,1600
864,51,915
392,790,1182
225,797,1022
411,516,927
268,243,511
648,509,1157
924,484,1408
683,702,1385
560,211,771
551,552,1103
637,12,649
122,141,263
653,231,884
399,942,1341
22,140,162
714,269,983
497,887,1384
38,395,433
117,384,501
42,834,876
184,317,501
770,666,1436
362,955,1317
904,569,1473
379,719,1098
962,275,1237
96,866,962
926,599,1525
73,476,549
228,769,997
626,196,822
106,675,781
742,524,1266
800,173,973
340,453,793
125,554,679
251,204,455
942,939,1881
771,320,1091
988,459,1447
514,485,999
506,339,845
2,129,131
902,48,950
327,828,1155
303,126,429
955,500,1455
725,349,1074
774,256,1030
611,203,814
796,230,1026
967,572,1539
582,771,1353
852,424,1276
965,101,1066
830,329,1159
689,479,1168
439,50,489
587,231,818
473,985,1458
37,591,628
374,67,441
765,210,975
546,567,1113
95,812,907
128,930,1058
473,487,960
990,263,1253
963,513,1476
490,604,1094
624,666,1290
902,188,1090
37,900,937
34,649,683
48,571,619
274,142,416
243,247,490
137,539,676
501,854,1355
406,409,815
481,51,532
154,248,402
127,795,922
902,515,1417
612,925,1537
652,733,1385
653,856,1509
318,770,1088
350,30,380
564,65,629
960,688,1648
969,740,1709
854,792,1646
563,806,1369
549,768,1317
220,514,734
296,683,979
676,488,1164
326,298,624
601,680,1281
534,333,867
270,284,554
491,879,1370
683,162,845
880,79,959
27,276,303
264,980,1244
65,953,1018
138,78,216
526,996,1522
1,658,659
370,632,1002
655,270,925
245,190,435
919,372,1291
535,981,1516
283,861,1144
580,144,724
241,352,593
723,871,1594
800,14,814
147,817,964
678,309,987
780,467,1247
237,220,457
697,702,1399
54,611,665
271,852,1123
555,636,1191
205,690,895
134,812,946
476,891,1367
668,144,812
114,423,537
655,740,1395
593,655,1248
862,481,1343
351,13,364
428,217,645
616,507,1123
464,274,738
298,480,778
255,81,336
297,965,1262
166,464,630
78,424,502
769,427,1196
272,887,1159
443,891,1334
593,640,1233
190,957,1147
4,891,895
664,887,1551
637,985,1622
992,903,1895
418,950,1368
446,878,1324
146,272,418
20,30,50
845,718,1563
75,594,669
703,851,1554
837,188,1025
555,608,1163
40,127,167
684,683,1367
478,981,1459
476,127,603
384,924,1308
123,903,1026
217,965,1182
159,152,311
174,726,900
304,258,562
867,368,1235
535,499,1034
416,272,688
447,877,1324
265,32,297
311,383,694
625,80,705
24,146,170
54,995,1049
748,780,1528
588,937,1525
272,177,449
914,410,1324
921,156,1077
798,928,1726
801,642,1443
211,738,949
530,610,1140
646,244,890
822,699,1521
666,53,719
72,270,342
484,485,969
98,460,558
929,699,1628
982,948,1930
247,776,1023
412,27,439
642,86,728
64,617,681
689,703,1392
385,614,999
508,401,909
597,95,692
147,373,520
496,373,869
143,685,828
300,673,973
336,672,1008
712,897,1609
67,36,103
480,578,1058
434,950,1384
580,893,1473
602,376,978
845,325,1170
623,439,1062
30,186,216
822,762,1584
983,315,1298
664,21,685
496,860,1356
225,246,471
125,616,741
437,303,740
990,958,1948
122,112,234
814,362,1176
590,145,735
696,627,1323
212,25,237
695,466,1161
54,52,106
996,657,1653
993,527,1520
216,903,1119
8,455,463
501,446,947
24,385,409
276,313,589
89,916,1005
149,21,170
875,312,1187
518,323,841
648,817,1465
992,247,1239
338,421,759
792,60,852
215,415,630
917,463,1380
331,94,425
881,174,1055
948,73,1021
386,922,1308
480,578,1058
874,729,1603
353,512,865
233,346,579
901,306,1207
613,514,1127
769,47,816
547,860,1407
41,294,335
769,167,936
769,622,1391
756,748,1504
659,141,800
892,517,1409
318,552,870
403,765,1168
693,406,1099
360,959,1319
637,403,1040
861,764,1625
731,724,1455
17,653,670
231,561,792
974,252,1226
161,25,186
642,857,1499
177,68,245
779,954,1733
80,71,151
327,619,946
767,940,1707
61,485,546
889,966,1855
235,86,321
748,306,1054
336,505,841
488,750,1238
947,335,1282
478,203,681
881,572,1453
755,591,1346
611,790,1401
583,765,1348
796,972,1768
677,593,1270
422,321,743
688,282,970
243,628,871
678,637,1315
915,529,1444
645,160,805
498,816,1314
848,432,1280
209,848,1057
823,624,1447
589,541,1130
943,975,1918
463,49,512
751,536,1287
48,668,716
760,791,1551
819,20,839
354,489,843
588,625,1213
199,839,1038
63,436,499
656,346,1002
129,99,228
800,66,866
339,233,572
781,351,1132
342,946,1288
609,310,919
658,287,945
690,723,1413
753,369,1122
450,557,1007
530,639,1169
371,191,562
662,158,820
106,623,729
574,912,1486
812,783,1595
877,398,1275
658,356,1014
991,462,1453
454,458,912
95,941,1036
522,527,1049
756,712,1468
425,189,614
981,256,1237
201,84,285
276,25,301
812,812,1624
273,165,438
461,422,883
652,175,827
296,897,1193
483,381,864
710,398,1108
93,852,945
982,39,1021
669,602,1271
455,995,1450
354,250,604
815,541,1356
357,687,1044
643,454,1097
13,177,190
690,963,1653
633,864,1497
454,672,1126
530,256,786
888,318,1206
339,525,864
551,270,821
678,861,1539
48,215,263
508,712,1220
274,415,689
685,947,1632
876,939,1815
336,835,1171
513,715,1228
301,185,486
90,953,1043
80,22,102
607,698,1305
290,877,1167
112,778,890
208,122,330
704,755,1459
299,407,706
52,9,61
702,20,722
975,639,1614
113,340,453
117,944,1061
824,655,1479
925,271,1196
574,737,1311
352,736,1088
796,261,1057
112,728,840
456,667,1123
782,630,1412
99,872,971
868,37,905
152,37,189
258,705,963
59,165,224
8,889,897
144,323,467
843,410,1253
887,612,1499
786,733,1519
404,745,1149
694,268,962
199,636,835
152,719,871
214,742,956
826,482,1308
526,315,841
271,915,1186
561,465,1026
539,285,824
5,522,527
76,752,828
522,300,822
700,631,1331
210,192,402
45,903,948
8,744,752
711,272,983
92,529,621
115,463,578
466,566,1032
439,443,882
499,838,1337
995,365,1360
68,710,778
499,32,531
280,931,1211
142,156,298
973,713,1686
797,605,1402
791,515,1306
981,171,1152
541,909,1450
459,103,562
650,314,964
665,861,1526
428,524,952
931,566,1497
621,859,1480
793,115,908
111,1000,1111
726,300,1026
257,645,902
17,970,987
586,281,867
375,675,1050
866,701,1567
87,60,147
907,934,1841
850,857,1707
636,859,1495
408,706,1114
748,749,1497
132,337,469
33,513,546
284,963,1247
159,725,884
434,257,691
832,387,1219
185,371,556
603,116,719
894,827,1721
491,358,849
348,596,944
822,164,986
652,927,1579
411,815,1226
853,733,1586
658,60,718
538,293,831
198,645,843
28,644,672
759,280,1039
151,781,932
485,581,1066
28,734,762
888,185,1073
579,119,698
241,256,497
725,973,1698
811,67,878
926,837,1763
759,21,780
213,657,870
581,347,928
382,315,697
902,472,1374
229,989,1218
364,724,1088
866,827,1693
207,209,416
556,119,675
157,928,1085
773,415,1188
357,84,441
940,353,1293
176,998,1174
553,427,980
177,40,217
753,654,1407
279,895,1174
620,539,1159
276,921,1197
35,146,181
328,335,663
19,562,581
91,828,919
353,89,442
31,98,129
466,853,1319
746,837,1583
106,461,567
803,773,1576
226,730,956
622,641,1263
46,837,883
502,950,1452
771,506,1277
700,742,1442
552,925,1477
932,334,1266
647,497,1144
277,479,756
3,398,401
486,791,1277
930,185,1115
96,953,1049
755,603,1358
937,979,1916
646,888,1534
481,404,885
919,971,1890
234,338,572
264,686,950
515,960,1475
944,739,1683
150,301,451
523,661,1184
854,83,937
67,525,592
66,898,964
802,253,1055
273,117,390
642,808,1450
993,802,1795
44,98,142
252,440,692
699,243,942
963,453,1416
5,641,646
930,260,1190
676,944,1620
531,392,923
824,753,1577
185,285,470
136,623,759
7,103,110
430,287,717
142,510,652
905,476,1381
434,51,485
572,883,1455
157,349,506
89,351,440
169,389,558
983,626,1609
693,70,763
382,415,797
979,727,1706
168,156,324
871,616,1487
981,302,1283
105,722,827
409,896,1305
816,790,1606
107,675,782
994,138,1132
585,677,1262
929,676,1605
406,85,491
156,951,1107
842,590,1432
88,270,358
303,573,876
477,732,1209
551,367,918
904,591,1495
554,772,1326
80,6,86
163,481,644
460,363,823
472,939,1411
323,479,802
611,712,1323
554,34,588
121,353,474
430,944,1374
761,927,1688
117,895,1012
908,626,1534
535,532,1067
775,203,978
333,227,560
71,12,83
604,949,1553
255,316,571
106,247,353
241,685,926
238,411,649
793,515,1308
353,670,1023
324,871,1195
512,279,791
262,122,384
773,907,1680
137,364,501
779,409,1188
285,246,531
744,438,1182
952,462,1414
806,667,1473
539,565,1104
320,681,1001
759,903,1662
101,980,1081
680,995,1675
107,48,155
605,577,1182
539,206,745
166,434,600
924,478,1402
972,990,1962
674,290,964
794,795,1589
640,143,783
235,309,544
949,99,1048
361,901,1262
375,570,945
145,715,860
177,131,308
495,220,715
490,212,702
260,405,665
780,175,955
968,981,1949
116,962,1078
58,718,776
227,470,697
456,904,1360
717,868,1585
155,358,513
600,749,1349
894,91,985
121,761,882
425,374,799
957,863,1820
515,204,719
766,291,1057
585,411,996
352,691,1043
787,936,1723
316,254,570
395,963,1358
630,168,798
846,223,1069
115,792,907
978,983,1961
285,295,580
423,492,915
937,125,1062
919,671,1590
443,399,842
668,493,1161
128,867,995
29,623,652
59,365,424
181,961,1142
173,696,869
573,767,1340
912,833,1745
877,419,1296
16,294,310
572,315,887
553,691,1244
928,650,1578
640,670,1310
584,999,1583
554,83,637
342,763,1105
175,384,559
738,898,1636
34,634,668
434,185,619
576,162,738
648,159,807
940,792,1732
372,43,415
95,802,897
681,105,786
523,863,1386
283,183,466
630,994,1624
872,196,1068
939,232,1171
383,207,590
957,305,1262
116,297,413
998,193,1191
372,768,1140
336,523,859
751,970,1721
755,55,810
649,819,1468
219,486,705
186,678,864
258,559,817
741,975,1716
102,440,542
166,869,1035
250,484,734
591,130,721
507,502,1009
989,121,1110
712,550,1262
978,990,1968
491,923,1414
900,131,1031
844,83,927
882,990,1872
970,584,1554
532,48,580
983,918,1901
699,281,980
897,473,1370
857,306,1163
188,734,922
492,980,1472
318,106,424
442,400,842
104,167,271
562,78,640
327,791,1118
26,770,796
46,288,334
786,745,1531
631,251,882
255,464,719
383,506,889
211,818,1029
633,906,1539
708,798,1506
427,806,1233
883,267,1150
675,132,807
761,558,1319
244,48,292
245,597,842
542,33,575
820,313,1133
442,831,1273
778,892,1670
826,430,1256
928,110,1038
67,375,442
615,903,1518
948,530,1478
661,196,857
476,794,1270
823,728,1551
190,52,242
372,963,1335
133,492,625
416,221,637
123,487,610
81,939,1020
160,314,474
386,419,805
414,775,1189
82,914,996
987,590,1577
360,164,524
518,545,1063
877,35,912
679,831,1510
192,710,902
12,168,180
391,238,629
772,287,1059
17,841,858
840,531,1371
228,600,828
600,416,1016
148,556,704
799,767,1566
698,952,1650
260,668,928
955,469,1424
13,50,63
241,574,815
545,440,985
685,370,1055
265,338,603
909,531,1440
918,169,1087
927,970,1897
209,983,1192
86,770,856
339,300,639
295,646,941
715,333,1048
468,853,1321
761,301,1062
566,317,883
726,579,1305
668,188,856
528,660,1188
668,271,939
872,106,978
237,588,825
396,39,435
369,872,1241
759,835,1594
926,965,1891
766,391,1157
477,876,1353
530,459,989
440,705,1145
923,689,1612
52,897,949
390,522,912
749,487,1236
642,921,1563
183,391,574
480,197,677
530,992,1522
763,475,1238
942,657,1599
153,100,253
589,1000,1589
422,618,1040
986,751,1737
706,761,1467
227,173,400
265,865,1130
157,550,707
793,592,1385
749,483,1232
754,247,1001
943,721,1664
432,36,468
26,458,484
238,436,674
491,446,937
674,258,932
135,178,313
432,57,489
224,820,1044
461,786,1247
485,876,1361
964,250,1214
879,739,1618
129,250,379
471,160,631
529,0,529
293,64,357
237,229,466
164,695,859
537,225,762
943,16,959
909,123,1032
359,672,1031
272,983,1255
556,302,858
717,102,819
862,594,1456
511,28,539
261,762,1023
96,318,414
268,233,501
343,936,1279
351,591,942
352,238,590
215,122,337
210,728,938
668,447,1115
908,977,1885
103,757,860
678,127,805
7,644,651
840,989,1829
959,778,1737
642,351,993
319,595,914
275,526,801
967,909,1876
289,838,1127
502,799,1301
325,725,1050
200,320,520
18,824,842
641,824,1465
485,735,1220
475,310,785
262,594,856
421,218,639
726,381,1107
378,323,701
307,276,583
423,985,1408
277,6,283
763,247,1010
755,638,1393
523,137,660
462,259,721
868,519,1387
513,595,1108
735,111,846
961,871,1832
238,991,1229
458,11,469
697,658,1355
598,765,1363
11,926,937
889,802,1691
496,111,607
948,287,1235
46,422,468
605,125,730
403,599,1002
955,702,1657
975,470,1445
735,65,800
49,605,654
803,888,1691
452,665,1117
17,310,327
199,563,762
744,276,1020
208,396,604
252,579,831
124,328,452
796,318,1114
827,810,1637
550,253,803
555,295,850
461,780,1241
759,14,773
374,913,1287
542,844,1386
792,114,906
478,708,1186
252,930,1182
10,669,679
786,181,967
386,985,1371
115,752,867
244,556,800
612,547,1159
689,234,923
137,544,681
536,732,1268
108,357,465
828,35,863
832,360,1192
313,839,1152
285,470,755
589,765,1354
661,670,1331
442,836,1278
22,262,284
361,42,403
825,695,1520
847,404,1251
70,722,792
169,446,615
571,401,972
946,152,1098
752,784,1536
715,673,1388
469,760,1229
342,2,344
474,301,775
891,242,1133
205,658,863
902,950,1852
839,399,1238
776,414,1190
497,567,1064
558,746,1304
681,789,1470
882,711,1593
659,998,1657
770,377,1147
102,688,790
347,853,1200
195,875,1070
885,339,1224
293,952,1245
159,140,299
341,661,1002
501,909,1410
936,13,949
799,118,917
570,818,1388
561,665,1226
434,84,518
800,95,895
288,507,795
512,60,572
797,139,936
782,871,1653
54,224,278
73,452,525
507,948,1455
704,759,1463
179,927,1106
609,971,1580
642,858,1500
670,624,1294
454,996,1450
980,665,1645
512,231,743
484,888,1372
208,91,299
50,673,723
136,406,542
252,901,1153
475,22,497
116,827,943
462,287,749
195,339,534
661,11,672
0,329,329
569,105,674
979,763,1742
175,794,969
992,529,1521
870,428,1298
54,447,501
655,901,1556
89,613,702
717,120,837
103,460,563
422,487,909
611,415,1026
635,747,1382
184,15,199
171,880,1051
288,987,1275
965,739,1704
809,53,862
241,989,1230
451,696,1147
726,327,1053
720,986,1706
95,910,1005
447,138,585
394,295,689
553,345,898
89,332,421
765,539,1304
380,866,1246
290,299,589
1,205,206
635,645,1280
250,564,814
268,958,1226
932,103,1035
920,92,1012
499,289,788
608,469,1077
586,891,1477
79,575,654
362,778,1140
348,38,386
171,559,730
199,236,435
189,446,635
655,58,713
697,330,1027
840,220,1060
255,662,917
944,649,1593
825,805,1630
639,633,1272
511,758,1269
400,909,1309
122,27,149
352,804,1156
453,959,1412
184,183,367
563,794,1357
237,215,452
221,504,725
905,273,1178
36,532,568
360,696,1056
201,764,965
782,845,1627
597,32,629
13,588,601
179,355,534
170,447,617
215,729,944
674,829,1503
405,153,558
592,254,846
435,748,1183
555,595,1150
384,274,658
472,545,1017
89,342,431
551,118,669
555,716,1271
667,850,1517
529,22,551
147,142,289
319,18,337
953,419,1372
119,24,143
203,900,1103
492,937,1429
713,975,1688
123,611,734
968,567,1535
689,970,1659
434,884,1318
144,182,326
872,901,1773
308,770,1078
850,356,1206
739,749,1488
871,840,1711
470,300,770
696,967,1663
448,772,1220
12,482,494
709,660,1369
787,486,1273
509,362,871
120,520,640
988,879,1867
366,442,808
775,291,1066
863,894,1757
762,620,1382
670,196,866
889,6,895
187,675,862
990,293,1283
9,952,961
482,963,1445
330,92,422
993,185,1178
787,259,1046
174,713,887
365,863,1228
320,83,403
440,809,1249
166,958,1124
756,592,1348
729,166,895
170,883,1053
623,711,1334
406,645,1051
19,293,312
806,976,1782
59,702,761
257,921,1178
980,954,1934
547,300,847
545,772,1317
374,971,1345
994,191,1185
363,504,867
442,151,593
225,952,1177
565,719,1284
957,784,1741
910,916,1826
600,390,990
775,709,1484
857,886,1743
695,35,730
6,506,512
689,966,1655
851,728,1579
249,526,775
186,375,561
40,497,537
957,19,976
155,876,1031
235,296,531
776,171,947
917,294,1211
50,742,792
834,9,843
241,691,932
982,641,1623
989,538,1527
730,225,955
113,471,584
829,688,1517
629,178,807
272,999,1271
564,49,613
148,814,962
521,314,835
584,125,709
309,602,911
516,141,657
17,388,405
923,22,945
680,56,736
826,522,1348
847,668,1515
520,384,904
998,257,1255
701,949,1650
94,976,1070
930,459,1389
355,191,546
513,875,1388
493,108,601
31,876,907
635,128,763
214,328,542
290,453,743
78,336,414
521,566,1087
947,226,1173
595,919,1514
971,281,1252
622,693,1315
400,381,781
534,438,972
99,307,406
73,820,893
240,398,638
589,642,1231
366,12,378
139,479,618
932,4,936
582,404,986
156,579,735
350,150,500
804,287,1091
766,88,854
306,658,964
74,63,137
901,227,1128
869,833,1702
712,224,936
388,268,656
934,794,1728
850,56,906
257,773,1030
743,151,894
402,762,1164
336,380,716
711,686,1397
493,58,551
166,275,441
312,67,379
232,324,556
878,980,1858
518,284,802
966,924,1890
43,13,56
970,585,1555
630,761,1391
235,804,1039
243,96,339
701,64,765
82,494,576
530,295,825
596,855,1451
396,694,1090
104,467,571
297,513,810
957,905,1862
179,696,875
975,552,1527
324,515,839
602,609,1211
636,491,1127
634,209,843
521,840,1361
902,512,1414
922,468,1390
39,982,1021
359,896,1255
826,272,1098
4,143,147
525,143,668
473,509,982
216,494,710
32,228,260
795,576,1371
663,812,1475
183,430,613
26,55,81
629,321,950
336,980,1316
308,675,983
303,274,577
234,782,1016
533,73,606
515,467,982
465,589,1054
430,394,824
335,562,897
992,101,1093
50,521,571
983,686,1669
704,710,1414
688,286,974
904,819,1723
91,793,884
714,117,831
741,585,1326
831,262,1093
558,459,1017
796,81,877
294,553,847
29,373,402
725,865,1590
623,982,1605
27,990,1017
276,388,664
136,868,1004
839,680,1519
319,160,479
193,958,1151
123,916,1039
192,122,314
682,695,1377
759,192,951
599,649,1248
29,978,1007
238,60,298
627,933,1560
336,712,1048
269,198,467
548,544,1092
173,712,885
363,312,675
950,246,1196
457,783,1240
747,298,1045
192,117,309
22,163,185
303,691,994
85,925,1010
243,868,1111
149,121,270
974,458,1432
133,132,265
321,532,853
930,577,1507
270,595,865
307,415,722
625,42,667
234,353,587
661,2,663
641,34,675
842,967,1809
727,439,1166
855,108,963
886,211,1097
612,330,942
78,891,969
376,334,710
394,682,1076
911,377,1288
317,615,932
406,756,1162
124,605,729
643,629,1272
129,577,706
60,698,758
295,205,500
814,614,1428
157,780,937
451,880,1331
288,156,444
493,426,919
922,411,1333
329,331,660
927,328,1255
902,420,1322
364,371,735
884,207,1091
255,751,1006
36,273,309
427,412,839
642,277,919
754,856,1610
389,721,1110
214,973,1187
177,502,679
576,387,963
575,130,705
297,905,1202
163,746,909
430,397,827
755,457,1212
979,898,1877
441,7,448
585,650,1235
881,334,1215
920,721,1641
16,166,182
163,294,457
966,762,1728
740,4,744
41,450,491
38,26,64
625,681,1306
186,990,1176
997,163,1160
158,898,1056
832,199,1031
461,929,1390
345,40,385
993,498,1491
736,131,867
760,174,934
194,797,991
927,750,1677
448,414,862
765,450,1215
23,686,709
736,896,1632
409,734,1143
975,462,1437
509,27,536
694,108,802
207,373,580
630,818,1448
410,20,430
95,182,277
321,957,1278
235,893,1128
216,461,677
980,111,1091
870,380,1250
70,821,891
536,250,786
669,648,1317
752,867,1619
896,831,1727
90,480,570
67,187,254
212,633,845
186,379,565
263,603,866
687,274,961
486,571,1057
345,897,1242
197,873,1070
884,353,1237
18,911,929
645,215,860
606,370,976
851,192,1043
225,810,1035
594,903,1497
319,610,929
233,317,550
251,313,564
972,172,1144
550,441,991
167,403,570
839,3,842
802,91,893
79,677,756
151,803,954
840,464,1304
677,594,1271
483,793,1276
157,513,670
709,494,1203
171,631,802
355,701,1056
487,166,653
562,102,664
290,418,708
77,776,853
719,460,1179
697,269,966
818,233,1051
322,171,493
123,452,575
144,920,1064
251,593,844
133,163,296
424,716,1140
901,933,1834
876,811,1687
910,501,1411
903,337,1240
348,210,558
39,717,756
310,143,453
236,812,1048
267,703,970
806,107,913
793,724,1517
890,341,1231
562,7,569
728,694,1422
315,712,1027
941,770,1711
499,392,891
47,953,1000
835,491,1326
384,834,1218
182,354,536
333,625,958
800,626,1426
496,934,1430
30,202,232
42,1000,1042
232,512,744
974,1000,1974
272,228,500
210,308,518
373,681,1054
398,923,1321
436,696,1132
899,563,1462
926,177,1103
876,948,1824
351,742,1093
486,242,728
990,914,1904
167,178,345
19,742,761
845,424,1269
467,869,1336
853,591,1444
1000,550,1550
304,340,644
428,632,1060
298,325,623
535,553,1088
128,979,1107
631,455,1086
256,533,789
584,121,705
124,820,944
563,306,869
227,646,873
352,936,1288
701,123,824
992,165,1157
735,324,1059
49,869,918
719,751,1470
74,965,1039
908,623,1531
555,350,905
34,846,880
464,795,1259
882,290,1172
616,542,1158
755,828,1583
142,517,659
197,433,630
290,299,589
187,192,379
246,534,780
951,909,1860
194,468,662
460,60,520
100,978,1078
816,171,987
355,50,405
578,158,736
160,41,201
415,854,1269
869,135,1004
957,831,1788
228,5,233
331,20,351
955,322,1277
665,459,1124
680,832,1512
573,328,901
246,339,585
559,461,1020
282,443,725
593,762,1355
188,866,1054
538,793,1331
158,905,1063
478,325,803
677,971,1648
130,828,958
558,754,1312
747,299,1046
803,84,887
764,269,1033
398,346,744
779,518,1297
848,323,1171
426,252,678
249,418,667
606,828,1434
668,76,744
692,434,1126
605,295,900
327,603,930
645,550,1195
1000,314,1314
452,953,1405
911,743,1654
824,770,1594
2,843,845
455,856,1311
756,624,1380
290,736,1026
867,343,1210
616,529,1145
65,905,970
995,47,1042
88,792,880
961,435,1396
356,353,709
96,887,983
346,789,1135
870,479,1349
61,339,400
687,878,1565
11,793,804
411,213,624
236,923,1159
713,46,759
304,72,376
80,410,490
788,633,1421
91,183,274
499,856,1355
246,920,1166
389,399,788
695,817,1512
91,563,654
65,924,989
299,522,821
393,106,499
220,268,488
134,269,403
901,188,1089
364,594,958
911,263,1174
391,722,1113
235,198,433
655,197,852
370,283,653
32,348,380
342,290,632
85,756,841
187,482,669
61,482,543
454,485,939
523,547,1070
858,775,1633
395,406,801
571,295,866
879,346,1225
271,901,1172
748,466,1214
661,514,1175
972,105,1077
478,462,940
873,962,1835
908,111,1019
556,528,1084
737,836,1573
817,119,936
595,547,1142
736,696,1432
885,243,1128
626,441,1067
627,717,1344
388,200,588
578,228,806
662,677,1339
630,309,939
129,387,516
499,212,711
166,495,661
237,329,566
15,241,256
249,148,397
11,116,127
685,645,1330
256,83,339
113,288,401
821,628,1449
963,555,1518
666,12,678
764,73,837
770,24,794
875,123,998
995,402,1397
717,46,763
216,636,852
125,799,924
40,788,828
40,55,95
965,868,1833
19,598,617
936,553,1489
702,73,775
325,114,439
700,862,1562
858,401,1259
382,134,516
475,683,1158
671,243,914
936,195,1131
45,687,732
414,836,1250
580,715,1295
755,280,1035
220,573,793
883,751,1634
573,813,1386
506,935,1441
958,593,1551
494,571,1065
694,792,1486
656,498,1154
78,70,148
353,761,1114
892,387,1279
655,183,838
720,988,1708
190,82,272
361,42,403
647,399,1046
891,632,1523
283,849,1132
163,344,507
123,367,490
489,431,920
86,962,1048
477,613,1090
184,166,350
575,345,920
801,165,966
10,946,956
232,334,566
649,334,983
589,142,731
445,750,1195
47,748,795
37,842,879
48,301,349
611,371,982
764,748,1512
303,276,579
258,405,663
547,166,713
156,772,928
332,596,928
409,158,567
274,749,1023
491,228,719
800,293,1093
57,860,917
855,349,1204
943,948,1891
362,509,871
807,186,993
736,439,1175
279,463,742
224,939,1163
782,51,833
162,378,540
910,386,1296
729,284,1013
343,923,1266
627,252,879
957,444,1401
817,845,1662
248,267,515
981,987,1968
230,421,651
177,22,199
906,677,1583
126,482,608
877,356,1233
320,461,781
200,922,1122
532,822,1354
257,249,506
695,799,1494
765,296,1061
683,760,1443
261,351,612
504,925,1429
724,982,1706
488,871,1359
909,62,971
348,392,740
500,185,685
758,926,1684
79,290,369
519,362,881
548,851,1399
742,477,1219
625,350,975
345,82,427
110,78,188
423,106,529
313,129,442
919,576,1495
559,855,1414
532,262,794
910,326,1236
156,948,1104
941,391,1332
515,981,1496
461,168,629
857,14,871
597,375,972
234,740,974
872,559,1431
341,404,745
382,126,508
626,607,1233
931,861,1792
524,690,1214
497,880,1377
941,35,976
641,882,1523
842,940,1782
61,274,335
412,951,1363
645,825,1470
756,6,762
506,527,1033
293,704,997
673,772,1445
583,86,669
779,240,1019
412,166,578
732,449,1181
688,4,692
891,151,1042
753,372,1125
898,821,1719
726,818,1544
585,848,1433
186,702,888
856,653,1509
888,706,1594
51,898,949
240,424,664
835,578,1413
85,179,264
840,795,1635
330,982,1312
265,662,927
179,66,245
966,104,1070
982,218,1200
204,627,831
902,385,1287
170,525,695
436,305,741
185,198,383
124,116,240
888,998,1886
186,288,474
483,873,1356
681,623,1304
264,161,425
505,687,1192
240,77,317
717,665,1382
996,372,1368
57,990,1047
244,917,1161
827,292,1119
82,120,202
623,921,1544
113,650,763
821,606,1427
379,17,396
312,849,1161
148,321,469
699,659,1358
474,558,1032
44,108,152
582,760,1342
303,90,393
546,202,748
900,59,959
213,909,1122
332,499,831
711,480,1191
389,230,619
132,705,837
824,884,1708
334,507,841
392,283,675
797,38,835
292,100,392
832,190,1022
466,427,893
672,409,1081
529,342,871
963,609,1572
654,5,659
507,899,1406
406,110,516
87,373,460
323,659,982
285,724,1009
445,7,452
787,637,1424
944,8,952
639,275,914
231,11,242
530,633,1163
868,547,1415
394,356,750
422,632,1054
866,752,1618
616,52,668
968,870,1838
512,553,1065
547,441,988
772,313,1085
983,313,1296
425,822,1247
194,399,593
498,890,1388
903,967,1870
788,198,986
692,724,1416
103,949,1052
341,380,721
647,96,743
752,339,1091
777,753,1530
741,568,1309
440,708,1148
650,955,1605
923,275,1198
934,37,971
551,805,1356
842,873,1715
650,254,904
651,606,1257
87,480,567
35,553,588
689,309,998
25,406,431
521,630,1151
109,146,255
947,486,1433
128,810,938
104,166,270
857,385,1242
701,884,1585
176,732,908
966,624,1590
112,549,661
415,364,779
364,17,381
616,296,912
293,521,814
728,565,1293
859,405,1264
454,776,1230
922,687,1609
748,406,1154
578,432,1010
792,642,1434
560,467,1027
470,214,684
821,859,1680
573,841,1414
194,305,499
918,846,1764
589,177,766
439,773,1212
896,490,1386
263,493,756
714,887,1601
226,795,1021
260,229,489
858,435,1293
549,679,1228
318,394,712
720,763,1483
572,883,1455
860,711,1571
888,606,1494
893,287,1180
205,319,524
218,536,754
359,846,1205
875,180,1055
561,451,1012
578,668,1246
425,423,848
488,683,1171
909,286,1195
646,918,1564
858,782,1640
347,457,804
31,274,305
628,486,1114
214,9,223
602,648,1250
922,571,1493
916,311,1227
929,845,1774
531,223,754
666,601,1267
83,697,780
225,549,774
819,711,1530
899,163,1062
609,895,1504
810,981,1791
451,925,1376
266,900,1166
528,415,943
384,910,1294
849,224,1073
427,970,1397
258,717,975
487,510,997
990,159,1149
465,281,746
762,58,820
873,586,1459
595,716,1311
204,211,415
963,851,1814
500,928,1428
413,476,889
139,48,187
173,850,1023
314,295,609
495,487,982
780,14,794
824,722,1546
634,399,1033
319,756,1075
714,699,1413
787,151,938
207,13,220
431,789,1220
171,701,872
753,171,924
263,368,631
699,287,986
0,403,403
468,528,996
687,378,1065
517,373,890
398,403,801
595,432,1027
156,675,831
170,944,1114
233,13,246
945,718,1663
375,820,1195
991,593,1584
38,301,339
818,225,1043
664,251,915
608,394,1002
964,843,1807
10,568,578
284,43,327
715,974,1689
202,665,867
694,458,1152
345,176,521
317,634,951
494,595,1089
56,590,646
579,845,1424
957,514,1471
870,889,1759
641,807,1448
808,564,1372
505,798,1303
254,96,350
67,8,75
662,468,1130
932,732,1664
332,426,758
519,939,1458
459,397,856
997,224,1221
199,678,877
68,37,105
177,131,308
913,479,1392
451,10,461
493,946,1439
592,17,609
849,988,1837
314,278,592
840,31,871
170,704,874
595,16,611
145,651,796
573,176,749
251,91,342
463,586,1049
299,677,976
131,542,673
814,947,1761
863,422,1285
415,528,943
943,721,1664
901,574,1475
809,437,1246
670,24,694
900,456,1356
460,738,1198
647,538,1185
988,590,1578
797,668,1465
913,686,1599
936,986,1922
275,521,796
919,466,1385
527,816,1343
707,904,1611
373,815,1188
29,261,290
589,677,1266
953,159,1112
586,419,1005
966,625,1591
194,979,1173
445,380,825
766,169,935
166,760,926
259,432,691
419,132,551
982,572,1554
502,69,571
342,672,1014
554,229,783
857,374,1231
898,913,1811
181,914,1095
279,847,1126
456,324,780
630,219,849
952,877,1829
493,654,1147
404,247,651
366,144,510
997,252,1249
550,845,1395
203,795,998
657,741,1398
352,705,1057
18,501,519
132,376,508
254,194,448
705,140,845
554,980,1534
710,465,1175
349,972,1321
907,450,1357
596,687,1283
534,178,712
29,606,635
201,852,1053
52,224,276
215,887,1102
400,247,647
603,970,1573
261,565,826
469,410,879
414,0,414
255,715,970
361,484,845
959,655,1614
137,502,639
46,96,142
363,130,493
521,786,1307
621,95,716
621,344,965
184,726,910
48,47,95
981,558,1539
116,352,468
99,222,321
862,184,1046
986,800,1786
274,214,488
679,861,1540
951,915,1866
336,288,624
484,421,905
889,987,1876
446,734,1180
594,138,732
366,93,459
465,695,1160
96,623,719
370,146,516
319,602,921
390,586,976
783,604,1387
350,523,873
682,303,985
280,504,784
425,532,957
505,21,526
120,515,635
425,648,1073
295,748,1043
628,377,1005
49,382,431
151,194,345
534,710,1244
815,910,1725
729,692,1421
776,583,1359
433,508,941
826,190,1016
611,750,1361
697,85,782
635,70,705
54,270,324
113,237,350
902,961,1863
330,799,1129
731,376,1107
103,168,271
554,491,1045
105,620,725
839,149,988
866,334,1200
920,883,1803
471,880,1351
137,172,309
323,448,771
410,271,681
126,460,586
34,371,405
759,95,854
270,6,276
201,668,869
258,278,536
359,618,977
286,866,1152
76,784,860
618,428,1046
957,629,1586
264,434,698
560,13,573
561,486,1047
855,434,1289
562,6,568
564,513,1077
89,833,922
14,877,891
845,306,1151
985,543,1528
666,958,1624
740,287,1027
314,351,665
268,553,821
767,315,1082
108,573,681
108,257,365
96,408,504
965,859,1824
510,101,611
489,516,1005
748,278,1026
743,451,1194
853,674,1527
302,265,567
418,632,1050
654,317,971
437,890,1327
235,419,654
51,686,737
889,265,1154
789,792,1581
494,334,828
525,927,1452
954,869,1823
527,676,1203
757,710,1467
303,867,1170
113,324,437
843,464,1307
174,225,399
33,262,295
254,43,297
258,714,972
682,182,864
605,323,928
628,158,786
95,101,196
890,277,1167
176,299,475
66,945,1011
708,769,1477
145,279,424
930,56,986
716,783,1499
340,395,735
522,576,1098
214,930,1144
714,969,1683
256,462,718
219,544,763
334,440,774
196,650,846
337,602,939
182,366,548
835,824,1659
640,951,1591
860,409,1269
601,273,874
861,484,1345
810,129,939
158,910,1068
67,465,532
313,300,613
389,533,922
378,180,558
11,665,676
738,828,1566
202,938,1140
342,482,824
736,130,866
898,104,1002
257,645,902
773,819,1592
548,87,635
517,803,1320
704,107,811
399,381,780
332,161,493
722,444,1166
628,899,1527
302,132,434
474,209,683
250,476,726
695,860,1555
274,397,671
255,503,758
518,789,1307
434,812,1246
333,447,780
620,287,907
417,240,657
155,851,1006
611,40,651
810,770,1580
150,101,251
652,915,1567
850,590,1440
411,371,782
756,843,1599
897,457,1354
69,881,950
457,461,918
479,158,637
986,18,1004
951,184,1135
506,564,1070
908,7,915
621,118,739
567,631,1198
536,814,1350
74,544,618
184,376,560
774,64,838
818,291,1109
646,666,1312
323,435,758
658,457,1115
713,598,1311
205,521,726
482,583,1065
652,912,1564
640,208,848
673,301,974
556,678,1234
606,597,1203
271,890,1161
727,221,948
60,256,316
929,531,1460
185,660,845
966,342,1308
464,597,1061
720,45,765
992,65,1057
729,221,950
37,969,1006
390,627,1017
837,905,1742
37,855,892
189,770,959
632,899,1531
972,257,1229
5,95,100
96,915,1011
497,214,711
70,946,1016
824,473,1297
821,420,1241
896,935,1831
382,165,547
408,867,1275
451,109,560
713,762,1475
140,279,419
749,52,801
141,325,466
364,819,1183
270,228,498
329,262,591
101,133,234
19,105,124
712,288,1000
7,497,504
502,592,1094
24,741,765
184,862,1046
325,715,1040
206,416,622
169,287,456
768,856,1624
598,465,1063
37,666,703
620,510,1130
582,262,844
448,885,1333
58,902,960
475,150,625
837,685,1522
783,805,1588
253,616,869
199,176,375
184,45,229
883,114,997
586,405,991
627,916,1543
936,126,1062
663,991,1654
608,212,820
173,108,281
429,516,945
585,94,679
819,273,1092
84,725,809
550,415,965
274,530,804
735,570,1305
965,756,1721
851,998,1849
912,689,1601
860,828,1688
726,813,1539
893,167,1060
606,111,717
471,56,527
943,214,1157
494,903,1397
89,455,544
526,386,912
238,358,596
418,542,960
238,641,879
775,882,1657
265,771,1036
904,380,1284
786,92,878
507,517,1024
638,359,997
523,574,1097
830,56,886
936,408,1344
117,512,629
413,111,524
717,362,1079
339,786,1125
530,918,1448
580,37,617
264,355,619
263,642,905
239,331,570
19,317,336
635,950,1585
462,291,753
420,849,1269
232,627,859
954,56,1010
782,876,1658
466,440,906
401,979,1380
258,299,557
539,694,1233
257,995,1252
671,569,1240
828,349,1177
99,393,492
382,572,954
416,627,1043
41,132,173
408,704,1112
794,418,1212
331,406,737
60,325,385
407,333,740
49,228,277
973,326,1299
483,736,1219
713,670,1383
950,305,1255
72,150,222
955,122,1077
391,889,1280
998,936,1934
309,623,932
787,334,1121
486,201,687
311,182,493
328,892,1220
201,586,787
537,932,1469
966,50,1016
53,377,430
881,542,1423
673,271,944
839,711,1550
619,803,1422
293,336,629
441,587,1028
466,103,569
150,617,767
574,63,637
355,173,528
55,390,445
691,639,1330
958,651,1609
386,432,818
819,512,1331
794,471,1265
77,183,260
909,931,1840
862,243,1105
160,311,471
584,451,1035
241,102,343
949,549,1498
626,986,1612
746,920,1666
713,959,1672
65,455,520
866,271,1137
52,298,350
54,762,816
408,982,1390
584,524,1108
501,797,1298
171,450,621
69,568,637
429,9,438
592,382,974
964,117,1081
847,663,1510
137,921,1058
292,245,537
100,999,1099
988,896,1884
223,932,1155
755,355,1110
508,707,1215
185,382,567
844,455,1299
796,911,1707
261,728,989
936,951,1887
743,878,1621
325,63,388
456,241,697
557,167,724
114,626,740
54,998,1052
983,424,1407
120,544,664
728,476,1204
132,367,499
602,812,1414
416,299,715
526,965,1491
222,645,867
172,586,758
952,484,1436
384,998,1382
322,988,1310
151,806,957
613,16,629
238,386,624
81,510,591
925,326,1251
39,962,1001
185,695,880
307,884,1191
959,24,983
704,833,1537
57,101,158
533,673,1206
328,173,501
3,983,986
960,918,1878
893,659,1552
319,862,1181
286,781,1067
60,89,149
1,693,694
968,587,1555
113,95,208
604,487,1091
606,811,1417
478,587,1065
755,839,1594
328,39,367
918,214,1132
305,991,1296
697,868,1565
164,228,392
134,849,983
840,689,1529
647,169,816
452,386,838
221,253,474
398,118,516
906,1,907
520,639,1159
108,939,1047
626,771,1397
67,387,454
431,293,724
544,682,1226
825,89,914
789,215,1004
491,496,987
649,988,1637
628,824,1452
723,861,1584
324,159,483
666,622,1288
798,264,1062
699,564,1263
803,734,1537
8,48,56
776,13,789
859,386,1245
60,609,669
248,593,841
321,581,902
962,706,1668
382,873,1255
745,696,1441
188,944,1132
666,122,788
81,463,544
965,248,1213
333,668,1001
474,3,477
31,451,482
561,570,1131
230,70,300
769,954,1723
928,318,1246
805,62,867
929,110,1039
349,784,1133
699,326,1025
851,167,1018
98,398,496
495,507,1002
39,104,143
198,808,1006
36,536,572
368,52,420
985,195,1180
472,555,1027
442,287,729
704,936,1640
584,474,1058
788,324,1112
145,282,427
501,233,734
502,682,1184
715,668,1383
327,165,492
492,329,821
511,312,823
117,604,721
988,563,1551
440,847,1287
635,726,1361
224,535,759
953,67,1020
475,503,978
606,377,983
67,747,814
15,418,433
219,808,1027
68,685,753
181,874,1055
886,767,1653
655,468,1123
879,205,1084
401,375,776
985,467,1452
727,578,1305
251,939,1190
833,417,1250
996,984,1980
583,480,1063
367,756,1123
515,404,919
717,971,1688
828,768,1596
359,854,1213
343,881,1224
629,734,1363
575,384,959
329,672,1001
217,972,1189
527,204,731
885,443,1328
86,59,145
237,102,339
559,919,1478
441,463,904
788,482,1270
756,41,797
182,603,785
510,679,1189
816,552,1368
734,458,1192
607,949,1556
18,352,370
433,125,558
948,631,1579
305,46,351
429,973,1402
682,822,1504
247,326,573
43,46,89
578,602,1180
595,394,989
545,963,1508
56,640,696
962,828,1790
495,691,1186
272,128,400
184,267,451
935,121,1056
816,341,1157
335,823,1158
498,21,519
674,608,1282
360,738,1098
315,377,692
457,423,880
294,447,741
497,465,962
841,964,1805
49,303,352
425,569,994
706,688,1394
142,513,655
258,349,607
795,276,1071
248,929,1177
692,308,1000
733,316,1049
108,690,798
283,601,884
348,842,1190
493,256,749
467,421,888
872,101,973
923,848,1771
372,862,1234
659,639,1298
930,346,1276
498,213,711
365,705,1070
555,338,893
762,915,1677
232,967,1199
285,471,756
97,889,986
269,357,626
269,796,1065
5,63,68
279,524,803
536,106,642
78,632,710
320,757,1077
742,547,1289
498,580,1078
816,935,1751
539,602,1141
961,212,1173
797,156,953
389,571,960
936,885,1821
825,190,1015
884,507,1391
104,79,183
811,841,1652
92,415,507
94,206,300
338,815,1153
682,123,805
947,789,1736
363,593,956
398,390,788
938,676,1614
744,746,1490
112,551,663
80,535,615
12,930,942
816,570,1386
934,17,951
871,309,1180
923,479,1402
747,918,1665
204,598,802
644,549,1193
360,726,1086
155,432,587
265,177,442
383,693,1076
108,559,667
44,861,905
830,437,1267
745,335,1080
20,681,701
538,303,841
292,11,303
386,242,628
849,92,941
72,84,156
119,700,819
133,620,753
379,354,733
253,702,955
506,477,983
489,413,902
272,472,744
768,980,1748
191,997,1188
951,842,1793
956,74,1030
87,88,175
643,253,896
491,808,1299
544,286,830
702,188,890
147,263,410
815,690,1505
625,187,812
442,858,1300
570,894,1464
435,145,580
455,535,990
521,997,1518
989,788,1777
966,293,1259
22,481,503
387,38,425
71,131,202
344,163,507
886,637,1523
234,66,300
573,107,680
21,981,1002
459,875,1334
362,920,1282
440,29,469
920,292,1212
561,168,729
892,563,1455
349,710,1059
471,4,475
725,234,959
320,725,1045
620,758,1378
254,102,356
126,272,398
515,714,1229
105,352,457
778,610,1388
327,124,451
340,576,916
604,118,722
810,887,1697
87,318,405
270,852,1122
198,498,696
998,729,1727
314,775,1089
55,246,301
744,946,1690
556,896,1452
87,597,684
550,24,574
495,627,1122
445,12,457
625,142,767
946,43,989
780,358,1138
359,132,491
600,983,1583
412,666,1078
558,502,1060
711,778,1489
18,609,627
743,214,957
959,130,1089
971,412,1383
980,227,1207
257,352,609
349,977,1326
180,299,479
546,893,1439
994,36,1030
15,586,601
521,373,894
177,33,210
774,348,1122
742,346,1088
713,829,1542
419,938,1357
75,695,770
271,444,715
439,899,1338
209,182,391
236,389,625
99,616,715
835,890,1725
380,571,951
795,553,1348
357,414,771
670,554,1224
742,120,862
86,293,379
660,894,1554
309,381,690
118,740,858
341,393,734
715,602,1317
670,711,1381
845,751,1596
793,299,1092
423,799,1222
656,241,897
110,829,939
642,982,1624
97,711,808
208,457,665
413,758,1171
273,942,1215
437,852,1289
35,394,429
937,607,1544
985,436,1421
290,453,743
617,854,1471
785,80,865
489,207,696
112,816,928
23,475,498
252,123,375
21,26,47
621,512,1133
39,812,851
137,402,539
643,410,1053
979,279,1258
777,386,1163
398,46,444
322,708,1030
709,210,919
148,597,745
669,790,1459
496,855,1351
114,340,454
117,412,529
558,773,1331
805,414,1219
590,116,706
777,34,811
286,736,1022
324,51,375
61,166,227
884,736,1620
354,70,424
211,915,1126
758,694,1452
539,75,614
961,11,972
764,274,1038
568,151,719
479,708,1187
709,361,1070
142,876,1018
17,949,966
48,690,738
683,469,1152
995,326,1321
907,420,1327
198,108,306
916,88,1004
405,664,1069
70,680,750
921,145,1066
500,775,1275
397,454,851
521,535,1056
452,48,500
250,832,1082
587,111,698
553,705,1258
37,353,390
223,630,853
443,784,1227
311,881,1192
665,716,1381
196,268,464
988,656,1644
990,233,1223
619,54,673
599,654,1253
834,243,1077
423,963,1386
957,784,1741
961,479,1440
4,35,39
750,802,1552
3,130,133
933,737,1670
640,231,871
974,547,1521
421,228,649
911,976,1887
318,309,627
693,288,981
464,314,778
313,286,599
753,59,812
324,310,634
174,390,564
386,420,806
980,936,1916
795,860,1655
141,622,763
374,781,1155
282,629,911
813,159,972
924,690,1614
341,623,964
83,741,824
673,10,683
520,433,953
203,823,1026
951,660,1611
824,910,1734
927,120,1047
763,868,1631
793,64,857
79,565,644
426,582,1008
74,287,361
198,672,870
806,15,821
36,553,589
335,36,371
739,359,1098
222,902,1124
551,232,783
745,538,1283
659,236,895
210,664,874
387,885,1272
780,843,1623
112,771,883
700,680,1380
78,178,256
590,188,778
570,377,947
779,526,1305
528,377,905
969,603,1572
730,658,1388
24,113,137
359,943,1302
713,242,955
231,256,487
557,105,662
290,302,592
901,171,1072
134,517,651
827,912,1739
807,491,1298
352,3,355
881,783,1664
348,666,1014
497,273,770
404,992,1396
368,266,634
69,186,255
436,573,1009
551,16,567
624,838,1462
210,670,880
447,43,490
675,193,868
233,733,966
38,172,210
73,723,796
881,163,1044
909,700,1609
71,427,498
685,892,1577
493,297,790
328,756,1084
225,230,455
729,868,1597
691,436,1127
807,954,1761
196,359,555
68,128,196
255,57,312
251,647,898
68,265,333
581,554,1135
486,457,943
400,767,1167
701,606,1307
377,532,909
981,950,1931
333,950,1283
238,941,1179
763,810,1573
516,116,632
801,943,1744
149,351,500
987,593,1580
819,442,1261
875,2,877
571,323,894
401,403,804
650,344,994
961,46,1007
480,586,1066
60,687,747
638,897,1535
631,531,1162
989,196,1185
61,367,428
419,671,1090
499,277,776
611,758,1369
277,767,1044
661,570,1231
238,793,1031
981,659,1640
908,764,1672
249,9,258
287,465,752
123,83,206
175,281,456
618,368,986
308,323,631
638,189,827
747,543,1290
837,163,1000
24,572,596
400,994,1394
211,237,448
866,869,1735
880,733,1613
293,67,360
302,1,303
578,917,1495
712,540,1252
683,311,994
893,766,1659
37,855,892
871,624,1495
928,556,1484
739,730,1469
312,113,425
210,823,1033
455,870,1325
770,823,1593
976,542,1518
493,661,1154
282,517,799
304,512,816
549,554,1103
142,345,487
382,506,888
86,463,549
470,983,1453
941,433,1374
329,810,1139
832,655,1487
49,850,899
94,243,337
304,341,645
909,711,1620
47,42,89
328,77,405
160,936,1096
977,118,1095
490,845,1335
61,436,497
898,793,1691
675,217,892
52,980,1032
697,330,1027
116,653,769
524,992,1516
243,29,272
865,795,1660
181,660,841
633,203,836
78,492,570
23,870,893
383,960,1343
142,570,712
816,58,874
547,622,1169
100,97,197
987,773,1760
42,177,219
581,475,1056
358,860,1218
392,381,773
309,617,926
472,109,581
251,728,979
397,269,666
857,938,1795
32,284,316
617,76,693
620,730,1350
5,457,462
658,514,1172
172,66,238
304,482,786
404,452,856
884,988,1872
749,706,1455
756,605,1361
283,116,399
769,829,1598
182,947,1129
686,653,1339
831,782,1613
561,990,1551
700,699,1399
257,299,556
891,889,1780
716,852,1568
855,276,1131
947,462,1409
475,213,688
743,681,1424
423,537,960
584,803,1387
942,572,1514
273,862,1135
488,825,1313
449,601,1050
347,497,844
562,314,876
743,249,992
702,726,1428
203,457,660
729,706,1435
959,627,1586
850,813,1663
495,909,1404
970,482,1452
140,665,805
318,495,813
579,911,1490
67,36,103
18,116,134
411,56,467
527,396,923
563,965,1528
435,421,856
340,669,1009
303,945,1248
79,376,455
159,9,168
925,240,1165
622,422,1044
177,407,584
255,292,547
771,680,1451
318,307,625
37,152,189
265,946,1211
854,684,1538
915,854,1769
286,651,937
674,969,1643
653,929,1582
719,850,1569
301,722,1023
626,367,993
862,996,1858
213,320,533
915,683,1598
963,433,1396
342,838,1180
764,41,805
823,277,1100
375,790,1165
827,74,901
116,126,242
960,176,1136
386,490,876
657,225,882
457,633,1090
630,328,958
955,678,1633
645,752,1397
114,707,821
104,261,365
990,590,1580
765,801,1566
497,320,817
116,123,239
613,686,1299
134,480,614
531,789,1320
678,712,1390
416,454,870
38,967,1005
837,686,1523
86,443,529
13,379,392
593,795,1388
254,47,301
768,940,1708
6,816,822
466,830,1296
854,359,1213
653,184,837
709,792,1501
501,323,824
768,475,1243
667,895,1562
46,358,404
327,822,1149
542,250,792
170,706,876
628,45,673
104,459,563
584,497,1081
590,579,1169
711,287,998
562,653,1215
921,257,1178
379,887,1266
835,541,1376
612,839,1451
202,495,697
828,348,1176
931,362,1293
995,772,1767
467,881,1348
97,4,101
279,363,642
114,917,1031
750,1000,1750
371,805,1176
339,550,889
818,1,819
363,924,1287
41,292,333
512,138,650
787,824,1611
246,132,378
991,522,1513
669,905,1574
954,294,1248
551,671,1222
253,321,574
986,170,1156
980,779,1759
585,959,1544
161,589,750
508,432,940
979,180,1159
700,340,1040
44,527,571
852,194,1046
189,758,947
876,890,1766
568,827,1395
166,508,674
256,193,449
723,356,1079
713,683,1396
175,300,475
676,665,1341
873,568,1441
946,477,1423
928,897,1825
380,670,1050
132,770,902
968,709,1677
695,343,1038
738,753,1491
692,137,829
487,453,940
335,720,1055
350,795,1145
649,794,1443
844,872,1716
763,224,987
431,382,813
24,990,1014
407,643,1050
431,126,557
225,145,370
231,954,1185
713,983,1696
117,913,1030
59,33,92
708,311,1019
62,382,444
716,364,1080
537,780,1317
873,74,947
641,330,971
208,920,1128
634,581,1215
47,439,486
729,2,731
113,270,383
722,696,1418
624,532,1156
35,823,858
429,98,527
635,11,646
289,944,1233
129,367,496
597,725,1322
952,18,970
978,963,1941
592,574,1166
841,333,1174
58,512,570
252,371,623
32,949,981
216,751,967
12,555,567
262,547,809
31,874,905
573,820,1393
894,206,1100
482,107,589
194,743,937
411,794,1205
647,5,652
169,303,472
631,273,904
747,652,1399
566,382,948
307,117,424
421,401,822
651,104,755
501,820,1321
379,385,764
73,784,857
362,695,1057
971,556,1527
330,105,435
466,891,1357
203,208,411
819,665,1484
878,938,1816
862,904,1766
173,162,335
0,952,952
559,619,1178
415,851,1266
317,144,461
604,827,1431
443,734,1177
213,995,1208
59,903,962
804,687,1491
650,658,1308
973,985,1958
625,314,939
987,133,1120
745,748,1493
692,694,1386
824,957,1781
93,882,975
618,479,1097
65,161,226
900,931,1831
476,617,1093
746,979,1725
956,18,974
993,386,1379
809,312,1121
266,239,505
309,154,463
587,957,1544
476,85,561
248,499,747
322,403,725
293,190,483
203,167,370
535,812,1347
445,735,1180
835,859,1694
527,651,1178
287,738,1025
418,615,1033
789,209,998
57,699,756
576,363,939
444,90,534
249,648,897
647,144,791
426,763,1189
732,823,1555
675,588,1263
122,421,543
787,864,1651
172,80,252
395,316,711
493,276,769
724,577,1301
321,980,1301
745,964,1709
139,830,969
339,390,729
609,639,1248
620,122,742
821,889,1710
359,554,913
936,230,1166
661,893,1554
502,318,820
239,943,1182
960,456,1416
595,949,1544
588,877,1465
316,812,1128
995,361,1356
933,124,1057
735,525,1260
978,545,1523
178,208,386
319,118,437
725,638,1363
635,949,1584
147,802,949
750,126,876
351,325,676
719,769,1488
407,417,824
582,311,893
200,749,949
910,557,1467
747,118,865
1,103,104
537,661,1198
706,516,1222
598,846,1444
786,991,1777
623,931,1554
607,96,703
85,141,226
699,455,1154
896,488,1384
641,417,1058
602,456,1058
828,543,1371
751,863,1614
848,253,1101
541,238,779
664,900,1564
719,951,1670
317,940,1257
897,794,1691
651,142,793
358,425,783
954,100,1054
308,601,909
897,329,1226
419,782,1201
146,873,1019
914,851,1765
578,264,842
78,33,111
161,646,807
833,69,902
169,116,285
608,495,1103
357,764,1121
35,435,470
549,128,677
971,992,1963
58,555,613
720,131,851
420,178,598
971,348,1319
953,918,1871
371,703,1074
832,660,1492
658,327,985
690,664,1354
879,586,1465
342,44,386
93,833,926
41,872,913
694,403,1097
781,953,1734
651,288,939
457,781,1238
403,214,617
752,106,858
19,9,28
373,69,442
882,708,1590
829,143,972
227,461,688
795,436,1231
68,874,942
70,509,579
189,578,767
489,147,636
354,74,428
149,68,217
661,585,1246
881,373,1254
574,522,1096
232,783,1015
682,708,1390
528,430,958
365,557,922
822,429,1251
303,222,525
928,914,1842
588,368,956
273,247,520
504,74,578
528,646,1174
794,602,1396
869,716,1585
177,735,912
784,518,1302
5,839,844
417,471,888
37,669,706
322,982,1304
713,245,958
319,233,552
384,212,596
404,115,519
353,60,413
3,29,32
44,410,454
511,977,1488
137,928,1065
385,555,940
307,872,1179
47,959,1006
773,516,1289
282,988,1270
825,587,1412
798,571,1369
475,814,1289
890,848,1738
782,546,1328
191,514,705
354,487,841
141,158,299
965,432,1397
897,754,1651
22,846,868
630,376,1006
371,252,623
527,244,771
985,386,1371
821,58,879
369,672,1041
170,289,459
196,420,616
148,546,694
621,498,1119
821,927,1748
337,270,607
858,884,1742
120,118,238
549,820,1369
329,68,397
472,137,609
130,828,958
734,640,1374
317,857,1174
342,243,585
493,806,1299
236,169,405
711,156,867
714,500,1214
424,562,986
188,51,239
991,480,1471
804,489,1293
469,980,1449
737,639,1376
848,348,1196
246,25,271
589,783,1372
140,243,383
997,155,1152
435,701,1136
222,762,984
870,382,1252
802,392,1194
675,780,1455
835,838,1673
334,683,1017
669,558,1227
228,803,1031
697,372,1069
693,714,1407
491,407,898
248,945,1193
68,997,1065
319,564,883
415,394,809
889,799,1688
345,832,1177
548,584,1132
973,883,1856
536,554,1090
468,255,723
224,340,564
497,132,629
152,147,299
588,864,1452
879,49,928
973,17,990
845,761,1606
676,277,953
694,537,1231
341,450,791
874,294,1168
805,933,1738
430,913,1343
686,71,757
501,835,1336
73,700,773
43,948,991
949,158,1107
470,762,1232
869,199,1068
591,454,1045
672,655,1327
485,542,1027
208,109,317
973,225,1198
218,260,478
427,295,722
327,844,1171
633,250,883
824,7,831
686,587,1273
522,228,750
622,834,1456
71,82,153
793,298,1091
308,641,949
740,152,892
791,984,1775
950,868,1818
118,950,1068
108,917,1025
882,87,969
678,647,1325
441,391,832
48,881,929
422,841,1263
389,1000,1389
910,677,1587
539,320,859
362,922,1284
243,358,601
748,335,1083
234,180,414
78,695,773
375,634,1009
855,734,1589
273,216,489
485,973,1458
921,420,1341
169,305,474
517,219,736
26,802,828
987,126,1113
266,11,277
807,108,915
174,697,871
739,572,1311
651,258,909
943,900,1843
917,476,1393
266,57,323
806,643,1449
993,740,1733
670,283,953
34,990,1024
51,359,410
529,665,1194
158,343,501
858,768,1626
269,532,801
693,266,959
153,26,179
660,248,908
792,266,1058
760,694,1454
480,932,1412
631,435,1066
935,136,1071
37,248,285
237,60,297
364,513,877
681,865,1546
750,690,1440
232,143,375
79,800,879
443,996,1439
455,713,1168
848,685,1533
1,81,82
381,498,879
851,867,1718
690,845,1535
740,749,1489
366,981,1347
395,912,1307
617,127,744
685,35,720
547,44,591
119,449,568
900,350,1250
116,8,124
891,320,1211
1,903,904
360,551,911
521,310,831
2,344,346
500,575,1075
52,534,586
463,489,952
414,615,1029
192,622,814
653,297,950
479,118,597
622,417,1039
363,712,1075
70,680,750
561,664,1225
348,101,449
809,261,1070
151,979,1130
819,67,886
788,996,1784
933,128,1061
101,606,707
253,305,558
867,548,1415
383,542,925
553,410,963
90,575,665
132,721,853
278,703,981
287,503,790
165,583,748
414,726,1140
165,656,821
465,136,601
276,666,942
825,695,1520
733,862,1595
512,301,813
249,708,957
704,582,1286
305,435,740
103,938,1041
466,678,1144
781,786,1567
867,893,1760
524,606,1130
857,339,1196
516,176,692
295,250,545
362,840,1202
693,912,1605
611,349,960
670,213,883
300,363,663
65,798,863
338,675,1013
997,458,1455
984,401,1385
561,597,1158
454,288,742
33,979,1012
265,816,1081
885,419,1304
107,675,782
170,210,380
231,247,478
571,150,721
653,947,1600
822,822,1644
891,74,965
961,445,1406
380,861,1241
544,360,904
105,368,473
863,96,959
928,196,1124
180,601,781
869,366,1235
911,356,1267
690,498,1188
953,805,1758
9,205,214
386,355,741
340,902,1242
944,75,1019
885,892,1777
412,133,545
534,564,1098
310,495,805
17,720,737
597,462,1059
475,716,1191
530,317,847
875,451,1326
862,269,1131
737,70,807
590,402,992
416,575,991
225,392,617
841,797,1638
126,725,851
54,309,363
23,824,847
370,477,847
456,827,1283
447,283,730
255,520,775
453,589,1042
298,118,416
197,486,683
804,812,1616
342,808,1150
146,55,201
751,633,1384
140,314,454
304,936,1240
291,17,308
360,922,1282
776,522,1298
981,295,1276
81,91,172
564,847,1411
158,71,229
719,989,1708
266,641,907
92,118,210
326,940,1266
328,632,960
567,547,1114
348,81,429
887,244,1131
636,170,806
124,627,751
192,215,407
464,487,951
645,425,1070
667,137,804
830,856,1686
885,497,1382
67,287,354
106,688,794
351,25,376
814,804,1618
122,839,961
926,294,1220
415,54,469
790,798,1588
191,144,335
407,202,609
115,77,192
275,275,550
391,524,915
351,827,1178
67,479,546
549,327,876
193,122,315
287,176,463
94,734,828
302,781,1083
9,564,573
805,785,1590
726,798,1524
989,173,1162
342,962,1304
242,166,408
699,813,1512
882,517,1399
222,173,395
237,574,811
80,800,880
582,472,1054
852,491,1343
794,501,1295
212,62,274
963,593,1556
978,704,1682
487,530,1017
679,735,1414
892,664,1556
236,639,875
57,559,616
280,806,1086
254,163,417
814,936,1750
181,307,488
275,223,498
160,879,1039
770,853,1623
285,901,1186
56,476,532
560,596,1156
604,448,1052
977,928,1905
120,755,875
847,58,905
143,980,1123
829,427,1256
136,647,783
94,478,572
485,264,749
672,798,1470
777,525,1302
624,294,918
248,874,1122
423,221,644
541,82,623
676,10,686
260,102,362
813,99,912
279,846,1125
488,275,763
687,633,1320
630,420,1050
776,121,897
781,321,1102
117,185,302
195,210,405
41,753,794
722,228,950
245,164,409
928,882,1810
717,147,864
342,774,1116
250,206,456
719,117,836
37,578,615
68,57,125
556,493,1049
53,932,985
450,768,1218
865,10,875
30,215,245
345,565,910
740,93,833
390,275,665
940,75,1015
220,189,409
972,2,974
572,473,1045
81,719,800
11,39,50
33,150,183
600,98,698
857,57,914
700,765,1465
880,573,1453
469,371,840
22,811,833
113,278,391
521,186,707
826,151,977
441,171,612
982,341,1323
650,718,1368
569,436,1005
113,752,865
188,18,206
553,202,755
466,31,497
823,418,1241
586,946,1532
77,610,687
394,194,588
253,330,583
790,259,1049
801,750,1551
526,259,785
342,365,707
759,311,1070
383,583,966
48,459,507
62,109,171
118,881,999
478,852,1330
68,114,182
324,267,591
248,839,1087
530,81,611
651,294,945
709,406,1115
300,490,790
356,919,1275
150,782,932
645,291,936
745,145,890
806,585,1391
757,337,1094
658,515,1173
80,431,511
810,951,1761
862,245,1107
853,100,953
572,526,1098
140,824,964
583,373,956
615,45,660
566,203,769
410,139,549
32,415,447
105,239,344
605,202,807
884,201,1085
169,994,1163
514,227,741
132,706,838
847,473,1320
462,563,1025
926,666,1592
692,994,1686
395,532,927
843,455,1298
313,279,592
770,434,1204
717,915,1632
246,291,537
35,244,279
523,228,751
917,219,1136
522,595,1117
792,967,1759
944,73,1017
549,553,1102
652,105,757
946,350,1296
876,427,1303
454,350,804
105,442,547
688,860,1548
346,400,746
347,425,772
952,50,1002
13,138,151
145,966,1111
99,836,935
756,166,922
221,969,1190
929,389,1318
150,19,169
323,5,328
467,393,860
91,936,1027
409,849,1258
612,230,842
805,650,1455
923,952,1875
550,180,730
926,370,1296
214,625,839
381,694,1075
25,489,514
810,287,1097
674,996,1670
387,339,726
955,213,1168
240,924,1164
819,622,1441
777,27,804
489,252,741
587,569,1156
135,133,268
354,616,970
939,992,1931
412,803,1215
643,751,1394
270,108,378
833,759,1592
567,993,1560
739,938,1677
89,201,290
600,958,1558
869,240,1109
168,268,436
710,329,1039
733,98,831
209,2,211
290,381,671
739,197,936
650,200,850
287,420,707
43,404,447
316,222,538
833,995,1828
390,697,1087
464,495,959
887,537,1424
929,403,1332
441,926,1367
950,0,950
638,466,1104
700,179,879
418,94,512
119,753,872
419,781,1200
552,586,1138
34,533,567
822,504,1326
264,682,946
151,164,315
911,27,938
154,257,411
599,298,897
925,183,1108
185,462,647
403,493,896
680,778,1458
425,55,480
838,475,1313
558,974,1532
766,932,1698
474,391,865
515,553,1068
504,995,1499
861,201,1062
28,932,960
293,596,889
605,707,1312
696,884,1580
989,697,1686
158,878,1036
26,43,69
963,106,1069
468,645,1113
4,908,912
481,39,520
656,215,871
9,496,505
34,147,181
450,831,1281
287,164,451
1,317,318
595,301,896
43,903,946
536,777,1313
185,794,979
109,774,883
531,890,1421
365,831,1196
652,950,1602
864,760,1624
18,66,84
121,1000,1121
43,76,119
947,885,1832
392,843,1235
180,895,1075
312,748,1060
886,827,1713
414,383,797
405,933,1338
938,954,1892
44,367,411
904,746,1650
237,678,915
804,767,1571
9,509,518
794,972,1766
231,998,1229
446,950,1396
829,659,1488
278,776,1054
147,616,763
575,784,1359
147,489,636
897,283,1180
260,106,366
812,248,1060
799,447,1246
596,885,1481
126,150,276
549,431,980
334,192,526
893,931,1824
328,608,936
290,651,941
520,62,582
696,329,1025
86,831,917
294,428,722
437,20,457
623,999,1622
651,594,1245
801,216,1017
859,387,1246
280,294,574
440,601,1041
967,48,1015
767,362,1129
516,657,1173
804,523,1327
56,562,618
475,661,1136
405,364,769
118,102,220
892,40,932
637,439,1076
110,287,397
598,411,1009
937,650,1587
378,780,1158
99,715,814
416,768,1184
237,607,844
610,877,1487
367,571,938
806,170,976
790,648,1438
232,107,339
985,370,1355
344,591,935
392,72,464
858,131,989
969,661,1630
51,215,266
36,942,978
306,221,527
967,719,1686
460,282,742
618,402,1020
339,733,1072
47,998,1045
22,327,349
199,306,505
621,407,1028
103,255,358
900,234,1134
448,726,1174
483,209,692
42,370,412
623,963,1586
749,325,1074
189,487,676
983,303,1286
893,576,1469
121,697,818
97,360,457
100,911,1011
244,20,264
823,363,1186
72,712,784
516,389,905
161,536,697
28,531,559
531,911,1442
817,814,1631
225,871,1096
731,929,1660
532,413,945
505,120,625
587,769,1356
862,981,1843
402,28,430
536,632,1168
810,715,1525
966,624,1590
283,874,1157
421,901,1322
473,8,481
252,271,523
887,799,1686
963,858,1821
884,892,1776
432,510,942
836,527,1363
296,72,368
998,387,1385
229,20,249
769,355,1124
880,18,898
965,776,1741
90,395,485
511,15,526
703,868,1571
240,717,957
986,783,1769
919,691,1610
969,788,1757
448,286,734
304,711,1015
471,917,1388
351,203,554
128,313,441
547,727,1274
223,142,365
510,270,780
445,965,1410
857,5,862
188,339,527
475,362,837
62,397,459
349,860,1209
53,802,855
582,475,1057
240,658,898
248,728,976
527,124,651
891,270,1161
44,422,466
963,998,1961
439,587,1026
657,386,1043
86,169,255
559,757,1316
245,194,439
100,859,959
4,56,60
576,651,1227
769,165,934
96,674,770
722,61,783
498,863,1361
194,810,1004
484,221,705
309,553,862
464,133,597
614,691,1305
30,598,628
19,259,278
726,761,1487
703,19,722
737,296,1033
309,94,403
266,610,876
283,783,1066
136,793,929
304,154,458
5,47,52
446,371,817
646,805,1451
878,409,1287
407,524,931
812,784,1596
298,753,1051
810,29,839
35,155,190
200,477,677
305,67,372
100,813,913
831,469,1300
872,426,1298
764,764,1528
142,758,900
224,997,1221
260,837,1097
924,667,1591
356,273,629
716,691,1407
368,906,1274
60,877,937
853,814,1667
555,746,1301
56,747,803
911,78,989
971,985,1956
500,973,1473
162,227,389
336,356,692
10,373,383
976,26,1002
681,403,1084
3,31,34
354,809,1163
909,389,1298
539,601,1140
582,559,1141
890,643,1533
458,648,1106
641,36,677
840,180,1020
216,484,700
757,749,1506
951,94,1045
493,601,1094
817,270,1087
389,37,426
896,505,1401
533,194,727
147,297,444
772,245,1017
283,802,1085
807,487,1294
279,288,567
386,401,787
441,462,903
724,444,1168
643,275,918
123,895,1018
489,299,788
43,659,702
631,502,1133
679,305,984
15,936,951
504,213,717
770,512,1282
421,87,508
278,49,327
597,872,1469
167,4,171
994,916,1910
521,709,1230
254,974,1228
509,973,1482
343,610,953
652,880,1532
299,472,771
756,297,1053
859,353,1212
866,424,1290
643,938,1581
989,504,1493
729,490,1219
948,959,1907
939,753,1692
950,172,1122
545,466,1011
925,876,1801
573,663,1236
7,130,137
622,16,638
998,23,1021
280,230,510
197,859,1056
490,192,682
363,367,730
554,366,920
394,404,798
330,194,524
255,22,277
949,165,1114
995,783,1778
278,90,368
777,359,1136
940,187,1127
352,225,577
337,254,591
104,95,199
216,767,983
355,255,610
764,737,1501
933,6,939
154,514,668
479,262,741
178,242,420
110,528,638
328,592,920
443,976,1419
576,637,1213
769,734,1503
284,937,1221
142,642,784
397,7,404
301,103,404
592,463,1055
812,828,1640
557,971,1528
606,921,1527
623,114,737
765,918,1683
227,644,871
761,651,1412
89,962,1051
123,100,223
84,770,854
172,5,177
85,49,134
448,994,1442
914,575,1489
431,177,608
743,335,1078
933,380,1313
932,829,1761
489,210,699
275,422,697
500,686,1186
441,337,778
944,881,1825
971,635,1606
470,357,827
324,134,458
137,572,709
199,829,1028
700,434,1134
760,347,1107
98,844,942
710,542,1252
549,548,1097
359,726,1085
122,241,363
5,687,692
574,32,606
156,755,911
452,650,1102
159,9,168
775,576,1351
351,579,930
354,672,1026
872,513,1385
829,458,1287
775,245,1020
324,84,408
985,695,1680
480,300,780
153,928,1081
717,474,1191
96,369,465
490,239,729
362,507,869
217,614,831
418,446,864
867,354,1221
657,243,900
747,146,893
701,211,912
320,202,522
174,668,842
508,463,971
240,9,249
401,66,467
59,54,113
77,959,1036
98,758,856
517,840,1357
41,6,47
163,509,672
724,860,1584
324,555,879
815,128,943
851,723,1574
25,758,783
818,376,1194
54,944,998
607,361,968
124,543,667
461,89,550
647,503,1150
668,338,1006
496,973,1469
662,489,1151
420,313,733
73,426,499
466,942,1408
645,791,1436
79,353,432
139,250,389
284,346,630
580,624,1204
210,983,1193
754,364,1118
500,948,1448
133,315,448
737,31,768
912,872,1784
806,628,1434
596,207,803
496,389,885
231,493,724
657,185,842
206,163,369
265,283,548
611,383,994
429,628,1057
806,498,1304
26,920,946
456,615,1071
864,668,1532
933,703,1636
938,504,1442
786,183,969
512,994,1506
956,959,1915
13,295,308
66,456,522
223,549,772
112,645,757
740,632,1372
372,269,641
8,767,775
419,807,1226
990,175,1165
563,959,1522
879,23,902
97,420,517
64,318,382
874,481,1355
746,270,1016
800,900,1700
721,741,1462
640,962,1602
114,146,260
187,750,937
482,728,1210
60,588,648
789,238,1027
97,293,390
969,679,1648
954,762,1716
347,671,1018
417,27,444
38,290,328
562,972,1534
474,665,1139
719,558,1277
30,217,247
641,454,1095
571,969,1540
542,615,1157
55,974,1029
974,21,995
992,997,1989
254,176,430
57,101,158
473,124,597
656,766,1422
117,285,402
633,914,1547
282,402,684
335,210,545
716,516,1232
652,912,1564
643,169,812
1000,664,1664
548,849,1397
178,772,950
543,94,637
412,977,1389
748,864,1612
595,391,986
999,313,1312
824,672,1496
991,142,1133
668,124,792
657,777,1434
55,913,968
174,648,822
986,685,1671
508,846,1354
655,590,1245
534,369,903
72,944,1016
290,749,1039
771,5,776
415,28,443
386,297,683
45,72,117
428,485,913
244,639,883
676,507,1183
116,582,698
71,846,917
781,896,1677
425,772,1197
888,450,1338
752,840,1592
96,425,521
596,736,1332
896,436,1332
169,280,449
748,292,1040
908,748,1656
525,417,942
209,142,351
878,745,1623
850,277,1127
216,331,547
695,115,810
812,614,1426
863,756,1619
223,656,879
424,963,1387
854,118,972
311,439,750
901,427,1328
495,200,695
432,710,1142
505,529,1034
795,897,1692
183,293,476
944,301,1245
630,326,956
583,579,1162
467,424,891
552,300,852
942,711,1653
970,617,1587
73,496,569
427,663,1090
740,986,1726
530,549,1079
387,897,1284
32,84,116
874,853,1727
446,849,1295
238,122,360
610,270,880
180,990,1170
218,151,369
959,514,1473
984,514,1498
968,867,1835
629,823,1452
776,877,1653
898,161,1059
211,978,1189
540,166,706
47,864,911
226,60,286
265,463,728
166,18,184
964,773,1737
398,416,814
904,615,1519
187,617,804
478,310,788
386,897,1283
328,451,779
668,32,700
707,682,1389
397,137,534
279,272,551
567,335,902
32,435,467
466,874,1340
631,98,729
456,502,958
775,457,1232
513,787,1300
290,421,711
188,50,238
794,105,899
432,244,676
663,834,1497
559,883,1442
521,688,1209
756,795,1551
553,652,1205
384,457,841
483,136,619
722,5,727
856,251,1107
776,950,1726
980,750,1730
488,689,1177
450,890,1340
681,967,1648
462,991,1453
84,567,651
380,983,1363
581,149,730
479,226,705
530,431,961
962,46,1008
663,32,695
593,248,841
551,881,1432
161,180,341
151,590,741
443,904,1347
845,586,1431
456,68,524
104,733,837
848,76,924
377,290,667
272,639,911
251,290,541
938,295,1233
819,976,1795
293,762,1055
305,765,1070
276,206,482
811,406,1217
766,728,1494
667,855,1522
250,263,513
274,377,651
71,3,74
435,484,919
499,933,1432
545,436,981
310,827,1137
477,299,776
395,451,846
679,30,709
197,30,227
783,589,1372
662,897,1559
238,228,466
269,884,1153
740,752,1492
228,202,430
665,623,1288
979,973,1952
385,253,638
186,793,979
722,466,1188
980,497,1477
238,886,1124
27,128,155
965,818,1783
74,487,561
804,45,849
523,142,665
895,391,1286
238,325,563
726,828,1554
409,486,895
571,803,1374
459,897,1356
134,664,798
794,446,1240
976,599,1575
843,698,1541
790,356,1146
464,42,506
415,707,1122
436,81,517
998,778,1776
26,29,55
264,820,1084
2,8,10
968,520,1488
520,240,760
610,902,1512
979,376,1355
743,293,1036
793,678,1471
154,552,706
787,904,1691
358,933,1291
358,49,407
929,616,1545
408,565,973
148,691,839
708,254,962
557,363,920
170,352,522
856,480,1336
559,730,1289
792,696,1488
95,398,493
231,935,1166
191,747,938
97,869,966
803,505,1308
806,811,1617
159,736,895
190,149,339
916,182,1098
109,623,732
428,649,1077
631,921,1552
908,472,1380
973,91,1064
759,51,810
484,167,651
282,226,508
865,278,1143
814,95,909
71,926,997
377,188,565
830,373,1203
481,285,766
765,587,1352
467,845,1312
174,916,1090
259,601,860
739,276,1015
745,194,939
335,782,1117
27,212,239
462,946,1408
63,394,457
262,893,1155
531,590,1121
393,962,1355
168,927,1095
800,855,1655
996,474,1470
691,35,726
236,204,440
809,990,1799
412,914,1326
333,38,371
237,985,1222
355,101,456
858,424,1282
94,44,138
850,552,1402
291,902,1193
690,182,872
426,752,1178
250,499,749
648,220,868
548,572,1120
567,480,1047
39,682,721
87,77,164
384,888,1272
260,683,943
28,12,40
583,346,929
341,496,837
425,265,690
653,775,1428
91,322,413
161,409,570
351,989,1340
516,913,1429
656,339,995
747,432,1179
432,216,648
740,402,1142
394,384,778
130,419,549
54,57,111
522,641,1163
600,579,1179
471,741,1212
690,376,1066
111,89,200
687,287,974
664,673,1337
349,453,802
730,698,1428
279,843,1122
740,743,1483
986,684,1670
712,431,1143
726,133,859
140,21,161
733,286,1019
964,604,1568
519,956,1475
828,409,1237
72,941,1013
716,295,1011
617,899,1516
66,653,719
984,240,1224
817,667,1484
132,841,973
146,627,773
110,877,987
122,788,910
434,408,842
61,4,65
577,757,1334
980,391,1371
287,387,674
683,504,1187
9,985,994
876,3,879
997,919,1916
347,954,1301
324,311,635
517,458,975
376,297,673
516,850,1366
712,976,1688
519,328,847
778,569,1347
545,507,1052
287,735,1022
946,37,983
818,156,974
608,152,760
957,544,1501
569,194,763
209,775,984
641,638,1279
468,440,908
892,757,1649
470,379,849
538,267,805
272,316,588
974,768,1742
256,459,715
200,271,471
379,737,1116
927,520,1447
792,205,997
727,40,767
492,344,836
297,721,1018
971,520,1491
511,714,1225
882,807,1689
858,850,1708
718,407,1125
158,572,730
106,486,592
781,513,1294
245,913,1158
672,291,963
753,925,1678
919,76,995
281,176,457
852,9,861
263,453,716
346,127,473
458,251,709
777,715,1492
869,684,1553
950,604,1554
708,123,831
280,201,481
809,860,1669
579,243,822
112,87,199
119,135,254
466,5,471
989,135,1124
279,511,790
839,421,1260
142,699,841
730,360,1090
987,493,1480
105,864,969
376,121,497
783,197,980
661,621,1282
7,725,732
822,449,1271
46,276,322
795,858,1653
152,868,1020
859,334,1193
397,952,1349
321,671,992
695,555,1250
174,20,194
162,934,1096
536,547,1083
990,656,1646
346,652,998
774,391,1165
771,971,1742
190,401,591
94,127,221
258,232,490
669,203,872
372,998,1370
324,119,443
42,157,199
829,660,1489
676,419,1095
388,961,1349
429,685,1114
78,708,786
267,917,1184
990,732,1722
536,84,620
708,65,773
293,911,1204
98,507,605
93,640,733
865,430,1295
734,180,914
113,262,375
203,514,717
300,993,1293
894,157,1051
482,588,1070
19,301,320
585,143,728
418,302,720
921,298,1219
335,538,873
156,548,704
29,651,680
703,619,1322
684,626,1310
246,144,390
161,429,590
495,133,628
36,246,282
779,648,1427
296,107,403
485,848,1333
3,442,445
651,661,1312
548,255,803
965,475,1440
754,390,1144
938,700,1638
841,219,1060
5,752,757
1,705,706
154,667,821
131,988,1119
345,978,1323
604,930,1534
527,596,1123
304,13,317
748,323,1071
853,107,960
77,397,474
191,154,345
90,461,551
722,746,1468
306,572,878
650,337,987
614,113,727
639,237,876
947,323,1270
394,555,949
218,878,1096
48,420,468
266,57,323
554,141,695
647,814,1461
413,12,425
361,273,634
970,432,1402
587,871,1458
512,332,844
856,548,1404
767,900,1667
595,192,787
205,982,1187
573,739,1312
178,721,899
545,561,1106
274,131,405
184,61,245
85,47,132
528,636,1164
124,398,522
198,615,813
77,32,109
147,583,730
974,112,1086
109,114,223
726,161,887
122,306,428
234,718,952
745,907,1652
769,90,859
441,807,1248
716,539,1255
408,963,1371
347,302,649
951,468,1419
566,394,960
205,355,560
746,60,806
731,946,1677
435,229,664
269,494,763
119,960,1079
192,381,573
648,763,1411
299,376,675
35,947,982
893,920,1813
128,302,430
547,162,709
478,243,721
70,497,567
177,57,234
116,310,426
207,160,367
162,679,841
875,65,940
544,584,1128
556,778,1334
513,282,795
670,958,1628
123,61,184
550,949,1499
34,376,410
816,442,1258
436,460,896
1,316,317
630,730,1360
920,968,1888
701,277,978
24,734,758
330,953,1283
108,97,205
54,212,266
302,919,1221
333,767,1100
513,711,1224
590,541,1131
858,710,1568
552,72,624
310,512,822
949,101,1050
129,158,287
82,745,827
255,399,654
618,956,1574
691,916,1607
95,20,115
282,863,1145
26,166,192
148,855,1003
847,220,1067
897,844,1741
569,441,1010
37,147,184
975,883,1858
376,142,518
294,671,965
205,538,743
575,914,1489
995,699,1694
444,877,1321
0,451,451
697,166,863
216,971,1187
674,9,683
101,241,342
805,103,908
111,341,452
708,5,713
298,283,581
794,958,1752
72,805,877
427,994,1421
253,56,309
684,182,866
789,928,1717
67,994,1061
211,815,1026
578,266,844
471,800,1271
285,401,686
270,179,449
643,385,1028
53,234,287
24,743,767
203,54,257
990,406,1396
767,673,1440
406,838,1244
217,245,462
184,931,1115
46,924,970
124,817,941
469,726,1195
440,664,1104
615,186,801
941,209,1150
911,572,1483
170,92,262
631,1,632
301,284,585
964,551,1515
492,714,1206
745,601,1346
282,752,1034
465,916,1381
702,188,890
182,514,696
271,11,282
750,564,1314
526,355,881
718,91,809
965,923,1888
131,473,604
548,526,1074
965,517,1482
376,696,1072
631,138,769
168,555,723
889,677,1566
231,331,562
370,978,1348
933,568,1501
971,441,1412
266,585,851
3,316,319
458,509,967
847,211,1058
774,190,964
993,410,1403
943,487,1430
737,531,1268
517,924,1441
740,921,1661
742,661,1403
600,932,1532
306,621,927
40,324,364
824,549,1373
483,203,686
901,450,1351
292,594,886
689,506,1195
964,955,1919
778,94,872
455,205,660
379,647,1026
836,984,1820
729,198,927
713,170,883
909,562,1471
11,348,359
510,230,740
758,999,1757
706,281,987
154,361,515
657,851,1508
935,283,1218
201,61,262
946,425,1371
985,366,1351
322,377,699
233,825,1058
873,526,1399
179,636,815
41,132,173
61,180,241
684,654,1338
191,133,324
951,289,1240
832,565,1397
547,409,956
901,45,946
931,969,1900
501,127,628
746,889,1635
131,747,878
338,538,876
870,801,1671
826,971,1797
531,586,1117
400,906,1306
804,526,1330
963,195,1158
480,240,720
529,140,669
114,555,669
370,263,633
483,10,493
955,486,1441
652,196,848
635,307,942
107,93,200
538,9,547
531,871,1402
713,441,1154
718,642,1360
778,558,1336
616,811,1427
883,324,1207
26,472,498
399,336,735
637,220,857
197,701,898
840,477,1317
214,802,1016
145,59,204
313,356,669
411,433,844
328,275,603
203,829,1032
720,33,753
209,293,502
603,386,989
140,172,312
607,0,607
778,86,864
859,476,1335
350,488,838
708,71,779
41,711,752
120,547,667
347,954,1301
400,435,835
22,714,736
131,375,506
479,544,1023
816,461,1277
709,627,1336
159,660,819
228,505,733
631,863,1494
896,621,1517
650,620,1270
554,513,1067
311,932,1243
105,707,812
251,384,635
914,9,923
964,38,1002
847,664,1511
410,458,868
180,133,313
128,104,232
793,850,1643
649,324,973
947,771,1718
964,494,1458
963,453,1416
636,832,1468
676,357,1033
963,893,1856
851,850,1701
576,482,1058
465,388,853
632,129,761
829,310,1139
331,7,338
890,211,1101
900,463,1363
656,960,1616
47,880,927
928,817,1745
604,135,739
228,847,1075
941,909,1850
739,588,1327
108,655,763
726,629,1355
966,178,1144
318,705,1023
482,269,751
185,717,902
22,845,867
425,404,829
237,967,1204
304,375,679
32,358,390
683,936,1619
580,741,1321
325,508,833
478,455,933
440,534,974
815,522,1337
620,859,1479
945,16,961
624,804,1428
214,976,1190
912,556,1468
455,242,697
543,284,827
276,93,369
56,661,717
314,179,493
331,97,428
294,590,884
118,181,299
296,835,1131
55,489,544
539,680,1219
87,564,651
556,245,801
975,274,1249
330,285,615
343,658,1001
965,419,1384
823,815,1638
447,455,902
654,811,1465
819,665,1484
648,99,747
49,160,209
577,370,947
664,404,1068
832,652,1484
203,724,927
744,657,1401
910,588,1498
841,810,1651
95,972,1067
692,218,910
893,16,909
957,957,1914
211,58,269
569,353,922
103,828,931
978,639,1617
415,984,1399
615,366,981
28,216,244
424,500,924
954,922,1876
558,635,1193
330,768,1098
770,37,807
962,141,1103
563,726,1289
421,292,713
372,621,993
593,847,1440
261,561,822
766,828,1594
980,816,1796
930,837,1767
871,788,1659
783,577,1360
131,60,191
222,433,655
506,961,1467
718,323,1041
977,861,1838
712,442,1154
413,672,1085
78,444,522
312,484,796
453,981,1434
134,787,921
63,208,271
42,737,779
950,92,1042
86,996,1082
58,500,558
717,335,1052
555,367,922
818,289,1107
399,97,496
665,22,687
420,769,1189
196,203,399
813,200,1013
150,313,463
542,827,1369
263,760,1023
624,109,733
297,228,525
731,86,817
709,968,1677
697,548,1245
357,1000,1357
725,277,1002
779,769,1548
882,504,1386
819,755,1574
234,871,1105
980,63,1043
487,269,756
217,411,628
312,59,371
875,232,1107
765,262,1027
751,288,1039
687,726,1413
196,374,570
836,505,1341
422,944,1366
49,523,572
305,911,1216
683,297,980
927,970,1897
77,487,564
725,464,1189
193,313,506
83,725,808
8,478,486
15,95,110
971,637,1608
503,999,1502
207,544,751
583,81,664
799,804,1603
128,347,475
566,330,896
88,459,547
901,620,1521
940,907,1847
198,404,602
257,75,332
175,888,1063
494,813,1307
616,295,911
404,418,822
822,194,1016
502,17,519
4,168,172
145,170,315
961,376,1337
148,114,262
741,906,1647
367,457,824
845,830,1675
317,914,1231
108,985,1093
206,665,871
269,346,615
149,883,1032
256,148,404
379,795,1174
563,385,948
834,590,1424
263,201,464
694,969,1663
459,952,1411
309,568,877
742,838,1580
657,291,948
130,304,434
2,212,214
804,356,1160
199,546,745
213,509,722
649,243,892
507,953,1460
537,938,1475
892,596,1488
469,510,979
948,751,1699
382,327,709
466,825,1291
965,422,1387
206,688,894
21,46,67
123,865,988
989,125,1114
807,665,1472
769,296,1065
548,78,626
36,118,154
19,454,473
321,62,383
233,710,943
584,766,1350
862,791,1653
135,854,989
542,721,1263
910,863,1773
683,482,1165
131,156,287
962,760,1722
857,39,896
576,225,801
533,898,1431
820,170,990
405,842,1247
409,992,1401
793,226,1019
654,204,858
893,886,1779
801,87,888
812,122,934
899,218,1117
416,637,1053
26,149,175
629,151,780
605,862,1467
681,204,885
468,216,684
430,498,928
673,879,1552
852,698,1550
373,476,849
879,248,1127
513,880,1393
269,521,790
827,954,1781
0,488,488
875,809,1684
775,366,1141
551,403,954
493,621,1114
18,922,940
708,667,1375
417,821,1238
596,989,1585
453,731,1184
52,393,445
349,943,1292
460,443,903
959,980,1939
559,278,837
604,566,1170
625,1,626
843,262,1105
670,513,1183
788,519,1307
127,324,451
958,534,1492
862,762,1624
752,0,752
671,663,1334
553,792,1345
920,645,1565
13,199,212
278,158,436
315,430,745
151,25,176
911,525,1436
669,579,1248
630,625,1255
85,384,469
619,761,1380
585,485,1070
331,938,1269
535,736,1271
845,838,1683
847,540,1387
294,258,552
939,67,1006
679,787,1466
198,536,734
48,481,529
734,642,1376
16,380,396
177,46,223
575,796,1371
540,400,940
817,666,1483
88,963,1051
605,189,794
274,110,384
354,474,828
670,43,713
652,112,764
624,7,631
162,446,608
293,408,701
462,888,1350
965,801,1766
703,818,1521
345,220,565
378,946,1324
314,56,370
4,370,374
650,214,864
334,396,730
233,486,719
544,755,1299
997,711,1708
226,955,1181
354,327,681
308,661,969
262,899,1161
793,334,1127
432,595,1027
749,986,1735
696,756,1452
670,726,1396
263,755,1018
385,717,1102
569,718,1287
94,343,437
720,581,1301
343,583,926
727,465,1192
718,484,1202
15,981,996
479,6,485
286,14,300
875,743,1618
348,543,891
217,856,1073
226,280,506
211,716,927
385,503,888
889,492,1381
323,342,665
198,898,1096
725,663,1388
147,454,601
85,914,999
159,152,311
179,551,730
858,331,1189
686,731,1417
237,86,323
861,546,1407
419,836,1255
881,955,1836
63,677,740
452,840,1292
838,45,883
649,310,959
322,442,764
947,943,1890
621,729,1350
254,667,921
224,607,831
598,50,648
925,97,1022
433,255,688
876,292,1168
621,878,1499
46,374,420
267,815,1082
618,68,686
224,963,1187
903,400,1303
34,113,147
276,798,1074
288,573,861
720,280,1000
204,517,721
694,207,901
52,633,685
400,261,661
876,32,908
829,87,916
279,114,393
66,194,260
805,965,1770
651,181,832
173,695,868
501,807,1308
92,8,100
352,473,825
741,873,1614
61,641,702
344,53,397
943,148,1091
176,444,620
752,653,1405
344,989,1333
977,746,1723
723,892,1615
496,171,667
786,331,1117
751,422,1173
154,829,983
770,96,866
25,580,605
835,557,1392
305,787,1092
984,866,1850
283,924,1207
596,738,1334
57,326,383
650,334,984
396,573,969
704,763,1467
148,782,930
882,666,1548
751,673,1424
402,773,1175
656,567,1223
10,601,611
735,372,1107
483,312,795
235,967,1202
747,465,1212
690,320,1010
639,704,1343
695,151,846
119,435,554
69,873,942
125,382,507
139,481,620
305,740,1045
97,372,469
394,747,1141
738,130,868
755,152,907
280,811,1091
323,233,556
791,621,1412
879,4,883
813,118,931
449,784,1233
690,493,1183
284,681,965
238,989,1227
75,295,370
446,105,551
36,590,626
552,272,824
610,474,1084
671,548,1219
822,837,1659
0,549,549
199,439,638
455,975,1430
306,772,1078
395,565,960
210,316,526
114,883,997
760,781,1541
80,685,765
551,857,1408
84,462,546
330,682,1012
114,649,763
794,798,1592
204,548,752
468,258,726
857,139,996
764,916,1680
602,73,675
990,455,1445
303,109,412
959,959,1918
987,538,1525
899,565,1464
115,235,350
454,731,1185
767,708,1475
288,538,826
978,901,1879
788,856,1644
124,350,474
425,800,1225
365,961,1326
132,97,229
383,509,892
989,251,1240
237,31,268
907,111,1018
50,820,870
674,747,1421
815,826,1641
313,886,1199
716,369,1085
421,859,1280
321,373,694
270,253,523
158,548,706
397,141,538
123,680,803
255,344,599
197,709,906
578,907,1485
731,655,1386
891,564,1455
558,411,969
535,978,1513
149,941,1090
641,107,748
79,119,198
183,475,658
535,287,822
116,433,549
768,364,1132
915,114,1029
353,216,569
831,318,1149
350,459,809
874,890,1764
591,105,696
220,486,706
884,27,911
160,103,263
27,342,369
898,604,1502
643,143,786
717,786,1503
908,880,1788
639,690,1329
131,877,1008
766,188,954
811,582,1393
769,698,1467
815,284,1099
773,591,1364
948,110,1058
535,591,1126
499,584,1083
727,902,1629
107,361,468
743,754,1497
893,928,1821
958,379,1337
160,473,633
958,991,1949
858,967,1825
792,757,1549
11,287,298
165,332,497
504,734,1238
940,544,1484
592,502,1094
186,919,1105
400,825,1225
505,264,769
764,367,1131
645,359,1004
863,221,1084
877,924,1801
642,5,647
88,976,1064
883,145,1028
629,870,1499
243,314,557
836,971,1807
966,698,1664
199,632,831
266,411,677
337,943,1280
951,388,1339
816,136,952
35,66,101
202,21,223
465,587,1052
620,502,1122
829,559,1388
463,332,795
648,197,845
59,664,723
955,541,1496
399,246,645
979,252,1231
368,661,1029
187,354,541
657,244,901
362,414,776
428,794,1222
845,76,921
515,148,663
694,735,1429
652,64,716
335,372,707
506,470,976
644,312,956
105,947,1052
718,451,1169
755,814,1569
825,773,1598
227,99,326
420,860,1280
669,845,1514
274,960,1234
1000,738,1738
672,978,1650
669,20,689
28,723,751
778,974,1752
303,907,1210
457,158,615
734,291,1025
828,68,896
257,487,744
235,658,893
318,733,1051
453,345,798
663,704,1367
707,163,870
265,135,400
137,705,842
890,494,1384
430,699,1129
10,681,691
390,912,1302
991,702,1693
915,941,1856
700,421,1121
953,229,1182
945,121,1066
532,445,977
756,494,1250
925,231,1156
226,696,922
50,648,698
300,361,661
824,757,1581
985,765,1750
678,237,915
477,844,1321
688,885,1573
796,48,844
695,332,1027
11,3,14
388,277,665
882,337,1219
16,212,228
680,293,973
993,622,1615
280,630,910
787,83,870
466,889,1355
413,588,1001
595,707,1302
306,805,1111
496,256,752
521,659,1180
713,671,1384
974,527,1501
480,98,578
641,473,1114
117,318,435
472,121,593
571,972,1543
91,784,875
131,519,650
716,146,862
40,382,422
636,652,1288
325,513,838
972,914,1886
991,15,1006
576,706,1282
307,574,881
319,222,541
961,834,1795
560,691,1251
342,980,1322
395,254,649
159,571,730
568,966,1534
398,434,832
585,165,750
905,477,1382
609,748,1357
886,223,1109
337,382,719
301,777,1078
115,163,278
269,68,337
872,110,982
509,708,1217
299,999,1298
970,251,1221
238,591,829
809,870,1679
848,107,955
831,542,1373
923,649,1572
505,581,1086
8,905,913
836,945,1781
325,329,654
450,736,1186
896,227,1123
620,616,1236
519,375,894
743,114,857
947,596,1543
667,701,1368
558,941,1499
316,583,899
301,282,583
803,845,1648
599,817,1416
215,355,570
304,190,494
883,283,1166
997,740,1737
865,724,1589
902,878,1780
293,145,438
317,141,458
817,410,1227
107,455,562
55,959,1014
189,559,748
650,798,1448
950,100,1050
766,54,820
226,517,743
942,761,1703
232,938,1170
699,159,858
705,298,1003
851,684,1535
685,30,715
939,487,1426
450,600,1050
90,820,910
630,590,1220
428,145,573
668,317,985
842,496,1338
931,842,1773
905,989,1894
293,540,833
1,14,15
216,212,428
156,503,659
905,458,1363
772,969,1741
712,589,1301
834,322,1156
938,912,1850
913,416,1329
370,718,1088
736,276,1012
62,786,848
507,521,1028
506,48,554
296,85,381
746,859,1605
737,317,1054
308,783,1091
865,553,1418
910,259,1169
711,827,1538
876,998,1874
154,889,1043
887,388,1275
908,470,1378
913,691,1604
178,637,815
227,63,290
276,291,567
750,558,1308
492,590,1082
837,198,1035
609,917,1526
313,819,1132
13,200,213
579,913,1492
996,942,1938
176,324,500
219,79,298
702,961,1663
287,370,657
387,444,831
115,429,544
825,370,1195
170,733,903
201,194,395
338,794,1132
32,990,1022
111,99,210
76,790,866
396,512,908
197,697,894
800,225,1025
3,452,455
245,546,791
28,577,605
229,365,594
594,656,1250
431,601,1032
273,997,1270
404,136,540
57,603,660
180,850,1030
789,387,1176
108,480,588
758,985,1743
73,538,611
934,717,1651
982,456,1438
652,353,1005
274,772,1046
378,229,607
295,452,747
805,469,1274
21,165,186
801,529,1330
752,724,1476
275,553,828
926,626,1552
604,559,1163
662,556,1218
643,679,1322
175,476,651
217,725,942
239,295,534
256,828,1084
205,164,369
680,335,1015
866,151,1017
403,113,516
340,601,941
739,370,1109
434,611,1045
315,301,616
346,331,677
973,690,1663
774,60,834
91,848,939
421,199,620
154,902,1056
821,118,939
598,161,759
543,659,1202
565,822,1387
152,769,921
317,646,963
354,378,732
380,417,797
654,963,1617
175,885,1060
507,866,1373
621,14,635
875,493,1368
750,830,1580
397,572,969
63,117,180
562,878,1440
293,99,392
264,317,581
800,930,1730
419,138,557
45,730,775
252,361,613
871,107,978
87,139,226
168,379,547
384,295,679
724,156,880
273,652,925
885,169,1054
239,549,788
726,624,1350
423,542,965
451,436,887
336,54,390
492,796,1288
954,738,1692
801,987,1788
832,637,1469
169,388,557
794,951,1745
953,847,1800
413,962,1375
436,473,909
902,868,1770
83,7,90
452,284,736
34,247,281
929,301,1230
895,106,1001
241,821,1062
1000,159,1159
238,864,1102
717,687,1404
194,260,454
955,560,1515
367,94,461
349,882,1231
715,680,1395
723,161,884
329,859,1188
450,477,927
754,592,1346
966,940,1906
618,228,846
745,285,1030
520,745,1265
183,326,509
785,927,1712
106,923,1029
710,144,854
10,113,123
481,565,1046
47,458,505
925,126,1051
284,666,950
25,862,887
887,470,1357
437,411,848
759,141,900
745,498,1243
660,967,1627
745,116,861
626,691,1317
414,343,757
543,753,1296
623,836,1459
977,2,979
257,763,1020
700,447,1147
925,425,1350
649,978,1627
62,849,911
585,815,1400
778,31,809
47,291,338
612,476,1088
1000,465,1465
949,630,1579
51,982,1033
32,241,273
873,983,1856
652,147,799
349,590,939
183,593,776
248,992,1240
994,824,1818
328,668,996
253,304,557
416,810,1226
681,890,1571
522,817,1339
977,112,1089
370,17,387
982,919,1901
773,858,1631
725,177,902
572,104,676
954,360,1314
488,895,1383
211,730,941
95,370,465
740,970,1710
179,83,262
341,517,858
506,694,1200
638,10,648
495,470,965
469,959,1428
914,679,1593
796,536,1332
93,233,326
250,684,934
216,637,853
781,815,1596
289,196,485
293,272,565
659,64,723
185,274,459
777,350,1127
344,56,400
280,841,1121
191,742,933
387,241,628
275,109,384
822,436,1258
517,767,1284
931,127,1058
619,206,825
833,830,1663
873,1,874
83,431,514
126,191,317
761,357,1118
816,617,1433
250,349,599
467,925,1392
836,71,907
594,203,797
959,23,982
61,368,429
875,693,1568
830,419,1249
95,446,541
785,472,1257
119,735,854
889,774,1663
132,248,380
897,795,1692
922,251,1173
494,704,1198
656,865,1521
502,626,1128
44,439,483
745,187,932
668,818,1486
84,691,775
754,928,1682
863,67,930
887,920,1807
660,459,1119
315,976,1291
247,363,610
88,569,657
112,94,206
178,8,186
967,826,1793
629,741,1370
735,787,1522
932,120,1052
142,81,223
274,530,804
850,608,1458
376,989,1365
822,331,1153
975,627,1602
965,455,1420
342,52,394
520,312,832
742,413,1155
3,711,714
83,645,728
58,43,101
102,951,1053
484,251,735
492,989,1481
240,88,328
423,144,567
570,769,1339
509,166,675
263,384,647
149,655,804
729,38,767
365,50,415
437,722,1159
460,751,1211
388,359,747
929,75,1004
856,437,1293
958,915,1873
414,290,704
157,307,464
488,991,1479
461,648,1109
355,784,1139
166,266,432
581,218,799
210,110,320
625,906,1531
543,437,980
912,25,937
533,245,778
208,96,304
615,678,1293
41,760,801
443,528,971
546,700,1246
797,948,1745
395,57,452
862,12,874
625,480,1105
57,499,556
46,390,436
822,195,1017
266,189,455
49,317,366
785,600,1385
343,102,445
328,385,713
648,225,873
932,701,1633
121,317,438
678,279,957
960,933,1893
723,975,1698
277,609,886
32,920,952
94,888,982
731,850,1581
699,32,731
514,491,1005
406,203,609
379,839,1218
57,834,891
686,362,1048
32,40,72
657,269,926
626,182,808
175,310,485
524,716,1240
326,883,1209
940,55,995
880,394,1274
939,315,1254
990,18,1008
428,20,448
934,102,1036
270,361,631
47,958,1005
810,918,1728
413,395,808
255,251,506
334,128,462
310,995,1305
521,247,768
956,3,959
168,551,719
122,930,1052
315,695,1010
695,905,1600
933,612,1545
72,37,109
806,559,1365
402,685,1087
402,407,809
558,88,646
209,588,797
541,856,1397
756,420,1176
295,593,888
100,433,533
982,765,1747
938,545,1483
356,536,892
60,405,465
262,42,304
970,490,1460
721,173,894
400,459,859
804,304,1108
504,907,1411
191,839,1030
142,559,701
478,34,512
821,338,1159
683,605,1288
969,737,1706
272,396,668
254,446,700
934,349,1283
698,482,1180
291,662,953
271,318,589
588,120,708
574,215,789
263,944,1207
848,811,1659
59,472,531
14,754,768
162,103,265
396,64,460
866,513,1379
395,543,938
465,393,858
148,713,861
749,170,919
985,265,1250
400,429,829
450,823,1273
939,431,1370
809,843,1652
509,605,1114
496,858,1354
968,494,1462
861,477,1338
885,657,1542
224,875,1099
568,36,604
820,474,1294
855,360,1215
246,394,640
570,367,937
222,826,1048
49,768,817
253,812,1065
479,870,1349
151,248,399
932,111,1043
928,312,1240
128,198,326
585,133,718
83,608,691
337,610,947
88,759,847
395,329,724
876,0,876
676,985,1661
768,253,1021
895,595,1490
977,308,1285
737,469,1206
421,396,817
804,189,993
324,999,1323
644,470,1114
185,865,1050
129,323,452
789,186,975
776,260,1036
756,383,1139
224,189,413
179,78,257
278,294,572
563,651,1214
679,213,892
284,430,714
227,973,1200
638,166,804
437,927,1364
306,689,995
266,140,406
244,888,1132
261,548,809
488,890,1378
563,940,1503
893,177,1070
965,254,1219
989,453,1442
43,308,351
904,273,1177
674,40,714
869,552,1421
168,178,346
318,12,330
248,461,709
917,553,1470
892,412,1304
799,264,1063
557,458,1015
0,871,871
124,664,788
28,822,850
358,430,788
782,840,1622
503,888,1391
22,175,197
765,185,950
575,944,1519
87,341,428
106,780,886
641,385,1026
930,356,1286
587,738,1325
436,168,604
915,588,1503
474,567,1041
808,323,1131
942,105,1047
832,165,997
732,590,1322
236,206,442
190,180,370
332,703,1035
96,559,655
485,531,1016
434,733,1167
879,231,1110
840,900,1740
606,64,670
318,895,1213
221,740,961
744,340,1084
560,451,1011
314,211,525
568,14,582
921,87,1008
624,691,1315
898,927,1825
164,927,1091
705,928,1633
597,315,912
809,943,1752
64,824,888
48,960,1008
310,822,1132
946,357,1303
303,505,808
97,58,155
978,169,1147
49,101,150
860,739,1599
701,121,822
345,331,676
871,678,1549
311,787,1098
537,202,739
774,41,815
601,706,1307
256,346,602
689,630,1319
31,295,326
745,536,1281
706,421,1127
622,770,1392
710,920,1630
76,374,450
328,288,616
864,722,1586
257,880,1137
649,37,686
406,625,1031
544,95,639
207,991,1198
201,320,521
763,706,1469
848,589,1437
442,669,1111
76,790,866
290,390,680
973,841,1814
55,442,497
431,337,768
147,645,792
375,809,1184
241,785,1026
772,549,1321
184,753,937
969,80,1049
695,968,1663
453,696,1149
456,900,1356
253,494,747
362,413,775
714,762,1476
727,180,907
858,42,900
655,653,1308
300,84,384
141,791,932
129,756,885
849,615,1464
647,263,910
679,931,1610
144,53,197
570,889,1459
247,942,1189
349,441,790
570,896,1466
409,896,1305
998,176,1174
51,59,110
810,859,1669
43,148,191
62,787,849
18,187,205
846,455,1301
139,843,982
944,430,1374
886,446,1332
309,632,941
629,852,1481
663,563,1226
435,115,550
679,94,773
617,414,1031
532,285,817
193,6,199
485,745,1230
682,17,699
737,293,1030
144,147,291
769,264,1033
758,374,1132
470,920,1390
304,801,1105
976,162,1138
954,336,1290
953,919,1872
523,964,1487
361,800,1161
682,29,711
428,407,835
42,484,526
774,488,1262
814,769,1583
630,821,1451
138,492,630
901,552,1453
265,692,957
558,709,1267
402,867,1269
379,241,620
483,590,1073
943,917,1860
877,813,1690
963,944,1907
693,773,1466
248,146,394
456,500,956
999,550,1549
594,426,1020
802,428,1230
880,678,1558
824,863,1687
865,727,1592
840,587,1427
690,2,692
930,898,1828
91,308,399
154,567,721
508,148,656
606,896,1502
561,641,1202
584,335,919
141,230,371
665,573,1238
852,730,1582
709,640,1349
634,502,1136
659,773,1432
787,349,1136
419,982,1401
916,845,1761
171,298,469
487,367,854
923,828,1751
675,616,1291
646,49,695
139,436,575
876,26,902
895,989,1884
622,306,928
812,472,1284
555,306,861
559,591,1150
304,845,1149
773,889,1662
847,307,1154
860,784,1644
255,803,1058
356,35,391
53,610,663
765,35,800
309,498,807
744,543,1287
884,505,1389
904,658,1562
232,230,462
305,437,742
493,985,1478
95,890,985
733,712,1445
582,880,1462
612,411,1023
557,259,816
226,834,1060
273,658,931
893,500,1393
597,821,1418
773,147,920
53,501,554
408,40,448
500,153,653
327,842,1169
315,672,987
965,706,1671
395,688,1083
935,300,1235
735,147,882
164,50,214
229,292,521
877,165,1042
709,747,1456
114,889,1003
186,417,603
910,139,1049
853,875,1728
16,827,843
536,123,659
632,438,1070
246,156,402
976,296,1272
458,231,689
102,476,578
280,450,730
744,122,866
348,393,741
470,336,806
819,347,1166
322,950,1272
944,306,1250
641,808,1449
865,577,1442
854,640,1494
993,859,1852
537,997,1534
15,360,375
450,516,966
151,61,212
57,754,811
797,415,1212
401,833,1234
219,393,612
837,825,1662
917,277,1194
156,415,571
870,252,1122
323,356,679
593,286,879
202,157,359
367,961,1328
771,175,946
994,626,1620
804,179,983
787,484,1271
731,253,984
21,377,398
725,355,1080
214,295,509
59,113,172
191,665,856
572,149,721
349,701,1050
352,999,1351
343,131,474
803,888,1691
323,381,704
615,486,1101
529,619,1148
828,205,1033
278,279,557
992,67,1059
630,291,921
164,741,905
941,912,1853
89,377,466
735,723,1458
59,969,1028
326,910,1236
73,69,142
749,751,1500
94,46,140
622,812,1434
719,241,960
469,201,670
854,796,1650
101,157,258
56,352,408
132,422,554
878,286,1164
15,986,1001
290,843,1133
888,448,1336
231,607,838
612,708,1320
800,816,1616
799,79,878
347,456,803
893,519,1412
762,991,1753
781,385,1166
298,746,1044
808,305,1113
832,8,840
759,541,1300
452,868,1320
460,889,1349
837,617,1454
398,596,994
738,396,1134
853,41,894
89,999,1088
210,159,369
162,81,243
214,473,687
142,423,565
769,349,1118
287,680,967
898,460,1358
898,771,1669
336,41,377
980,394,1374
298,746,1044
772,212,984
749,204,953
997,685,1682
668,780,1448
951,639,1590
313,898,1211
693,174,867
14,796,810
977,173,1150
607,357,964
225,805,1030
307,43,350
448,384,832
140,386,526
366,633,999
578,971,1549
987,520,1507
480,860,1340
944,914,1858
81,443,524
251,487,738
726,587,1313
312,185,497
87,67,154
674,585,1259
176,131,307
44,25,69
22,950,972
673,346,1019
309,197,506
657,457,1114
507,277,784
2,160,162
833,807,1640
471,5,476
657,125,782
946,638,1584
428,666,1094
877,568,1445
984,51,1035
349,958,1307
840,236,1076
60,80,140
876,296,1172
957,277,1234
183,374,557
586,799,1385
491,55,546
58,19,77
2,669,671
282,590,872
787,845,1632
567,868,1435
924,495,1419
713,163,876
525,246,771
640,781,1421
523,682,1205
798,586,1384
817,82,899
579,283,862
746,255,1001
823,445,1268
50,104,154
63,82,145
951,28,979
795,28,823
423,987,1410
246,546,792
907,978,1885
40,751,791
962,168,1130
237,27,264
919,710,1629
934,810,1744
4,534,538
253,57,310
173,29,202
668,681,1349
506,440,946
897,274,1171
865,933,1798
22,399,421
462,237,699
760,128,888
137,826,963
44,72,116
834,569,1403
148,452,600
103,856,959
801,324,1125
658,369,1027
256,113,369
805,433,1238
350,32,382
178,836,1014
156,725,881
351,581,932
66,495,561
145,766,911
295,974,1269
577,836,1413
542,936,1478
774,850,1624
576,266,842
37,75,112
800,803,1603
859,506,1365
390,985,1375
461,526,987
967,667,1634
561,258,819
638,475,1113
389,768,1157
784,548,1332
437,885,1322
877,423,1300
794,689,1483
310,666,976
378,280,658
564,687,1251
479,482,961
367,340,707
757,323,1080
198,516,714
421,326,747
714,787,1501
768,908,1676
340,896,1236
127,359,486
159,201,360
280,698,978
584,823,1407
165,706,871
485,878,1363
595,985,1580
577,266,843
558,441,999
264,613,877
131,390,521
814,289,1103
215,892,1107
628,971,1599
979,68,1047
45,725,770
849,635,1484
102,109,211
828,518,1346
861,499,1360
149,244,393
365,298,663
80,542,622
705,767,1472
463,941,1404
307,646,953
915,431,1346
15,36,51
278,832,1110
720,306,1026
122,547,669
451,47,498
30,727,757
564,289,853
261,875,1136
327,616,943
505,735,1240
902,245,1147
128,633,761
310,421,731
68,426,494
250,988,1238
81,697,778
963,659,1622
191,52,243
29,597,626
896,177,1073
346,761,1107
35,357,392
811,135,946
300,166,466
623,752,1375
800,564,1364
861,394,1255
325,160,485
607,362,969
407,445,852
370,758,1128
286,668,954
725,286,1011
691,197,888
824,64,888
360,199,559
129,926,1055
264,370,634
618,414,1032
64,695,759
466,571,1037
540,125,665
552,717,1269
66,539,605
275,898,1173
696,547,1243
977,406,1383
964,678,1642
782,2,784
640,888,1528
557,357,914
275,725,1000
532,860,1392
671,648,1319
955,58,1013
596,385,981
938,183,1121
410,273,683
770,755,1525
106,252,358
633,771,1404
708,955,1663
767,599,1366
53,329,382
274,77,351
364,935,1299
719,497,1216
540,403,943
666,266,932
608,546,1154
158,875,1033
132,372,504
629,589,1218
611,594,1205
162,990,1152
963,268,1231
539,983,1522
309,566,875
631,258,889
314,89,403
880,958,1838
125,462,587
488,784,1272
156,415,571
145,331,476
551,444,995
885,961,1846
447,952,1399
272,135,407
638,682,1320
991,532,1523
502,201,703
690,586,1276
482,929,1411
160,748,908
51,695,746
871,612,1483
398,188,586
359,780,1139
884,355,1239
907,5,912
998,522,1520
642,793,1435
737,67,804
204,827,1031
74,669,743
204,118,322
304,596,900
405,584,989
566,583,1149
866,660,1526
427,737,1164
317,203,520
496,625,1121
295,841,1136
966,488,1454
417,631,1048
242,444,686
732,645,1377
826,65,891
683,124,807
448,629,1077
535,279,814
282,9,291
545,80,625
174,560,734
942,730,1672
686,341,1027
965,224,1189
331,343,674
420,528,948
18,565,583
505,777,1282
864,900,1764
480,710,1190
752,4,756
448,268,716
779,626,1405
301,211,512
5,921,926
132,883,1015
991,975,1966
673,391,1064
611,204,815
692,35,727
507,182,689
647,264,911
779,758,1537
306,566,872
388,669,1057
397,559,956
633,131,764
511,202,713
226,22,248
342,141,483
278,122,400
552,181,733
754,848,1602
853,353,1206
121,804,925
512,155,667
48,724,772
463,741,1204
135,351,486
412,174,586
5,860,865
197,824,1021
642,781,1423
546,206,752
452,8,460
511,879,1390
363,84,447
695,473,1168
720,998,1718
448,749,1197
556,56,612
90,260,350
224,573,797
235,462,697
504,795,1299
269,33,302
886,510,1396
290,246,536
97,384,481
85,605,690
304,598,902
20,127,147
519,311,830
759,918,1677
245,329,574
695,777,1472
463,583,1046
110,868,978
669,345,1014
685,505,1190
201,610,811
700,587,1287
128,333,461
369,72,441
317,742,1059
914,914,1828
151,638,789
945,889,1834
853,869,1722
958,160,1118
499,89,588
367,553,920
91,926,1017
559,681,1240
445,296,741
945,731,1676
115,938,1053
328,128,456
810,988,1798
910,622,1532
305,443,748
780,831,1611
632,755,1387
832,724,1556
761,172,933
754,492,1246
798,318,1116
385,303,688
375,219,594
609,877,1486
968,489,1457
292,201,493
378,837,1215
914,496,1410
122,101,223
807,787,1594
469,38,507
512,862,1374
180,387,567
617,590,1207
119,329,448
429,500,929
593,566,1159
528,153,681
225,989,1214
721,30,751
134,355,489
727,463,1190
387,386,773
775,831,1606
667,103,770
776,598,1374
836,715,1551
707,532,1239
54,586,640
65,529,594
870,429,1299
882,219,1101
196,461,657
361,755,1116
760,54,814
620,814,1434
447,578,1025
779,690,1469
30,93,123
679,717,1396
826,735,1561
188,156,344
357,638,995
908,179,1087
106,298,404
881,304,1185
671,79,750
895,400,1295
201,575,776
258,777,1035
43,200,243
267,235,502
167,906,1073
637,248,885
911,832,1743
71,411,482
794,506,1300
51,685,736
241,607,848
563,149,712
88,434,522
93,839,932
959,991,1950
764,286,1050
274,843,1117
317,736,1053
15,756,771
503,783,1286
689,985,1674
306,950,1256
789,233,1022
625,4,629
386,713,1099
887,690,1577
742,328,1070
628,457,1085
644,999,1643
300,519,819
561,412,973
414,334,748
20,708,728
436,792,1228
180,908,1088
943,160,1103
930,759,1689
995,10,1005
634,79,713
885,294,1179
473,783,1256
274,476,750
975,780,1755
11,465,476
893,370,1263
639,524,1163
576,828,1404
511,492,1003
36,105,141
488,523,1011
217,224,441
293,606,899
381,924,1305
886,828,1714
459,790,1249
615,57,672
473,842,1315
411,257,668
973,793,1766
786,778,1564
252,293,545
131,899,1030
186,366,552
897,92,989
464,705,1169
272,965,1237
213,948,1161
980,176,1156
570,904,1474
672,595,1267
320,604,924
271,241,512
110,869,979
635,729,1364
856,753,1609
2,418,420
570,43,613
439,694,1133
524,10,534
611,693,1304
83,369,452
336,619,955
471,274,745
297,387,684
932,598,1530
643,309,952
361,640,1001
965,59,1024
522,363,885
497,2,499
762,337,1099
183,638,821
824,345,1169
228,7,235
107,351,458
876,849,1725
958,804,1762
218,203,421
614,670,1284
507,725,1232
639,175,814
984,743,1727
302,293,595
915,938,1853
19,982,1001
327,915,1242
615,262,877
5,175,180
85,239,324
706,870,1576
390,139,529
111,365,476
290,323,613
823,463,1286
482,755,1237
261,827,1088
704,773,1477
955,923,1878
898,90,988
118,889,1007
823,46,869
106,828,934
185,968,1153
797,908,1705
306,688,994
466,749,1215
87,543,630
908,304,1212
143,308,451
327,207,534
503,731,1234
402,399,801
767,470,1237
556,449,1005
263,447,710
368,71,439
260,984,1244
34,566,600
549,805,1354
426,478,904
246,582,828
272,942,1214
155,31,186
45,22,67
7,92,99
390,752,1142
298,252,550
607,594,1201
407,119,526
193,312,505
173,218,391
356,432,788
790,825,1615
250,28,278
341,977,1318
369,111,480
672,286,958
821,161,982
338,299,637
874,298,1172
20,144,164
640,783,1423
505,134,639
702,365,1067
193,759,952
886,469,1355
387,473,860
826,659,1485
61,314,375
758,339,1097
690,740,1430
917,634,1551
188,564,752
786,124,910
248,334,582
530,311,841
420,102,522
702,838,1540
237,364,601
874,521,1395
87,495,582
237,826,1063
805,489,1294
496,998,1494
403,441,844
985,656,1641
320,837,1157
430,1000,1430
397,382,779
223,110,333
23,502,525
778,36,814
308,320,628
279,955,1234
950,901,1851
400,354,754
172,915,1087
806,114,920
90,100,190
69,507,576
732,956,1688
410,782,1192
923,640,1563
560,69,629
68,179,247
270,383,653
928,470,1398
118,476,594
299,533,832
410,661,1071
490,310,800
658,522,1180
915,327,1242
895,440,1335
241,486,727
150,162,312
887,309,1196
190,129,319
503,407,910
434,615,1049
493,685,1178
944,74,1018
80,951,1031
176,468,644
350,471,821
217,140,357
698,614,1312
378,845,1223
498,965,1463
754,568,1322
866,873,1739
163,207,370
807,597,1404
451,125,576
523,878,1401
967,699,1666
976,596,1572
873,202,1075
862,916,1778
792,731,1523
168,929,1097
914,724,1638
944,865,1809
356,797,1153
221,873,1094
159,370,529
608,494,1102
778,632,1410
10,855,865
862,433,1295
891,384,1275
520,221,741
472,631,1103
969,581,1550
547,364,911
977,398,1375
904,791,1695
263,177,440
351,634,985
379,557,936
348,215,563
753,999,1752
490,170,660
390,795,1185
660,712,1372
710,563,1273
890,577,1467
534,24,558
542,893,1435
947,189,1136
106,164,270
619,209,828
264,33,297
802,262,1064
832,502,1334
494,916,1410
721,364,1085
522,867,1389
525,831,1356
960,625,1585
785,42,827
575,693,1268
388,890,1278
251,213,464
721,308,1029
888,665,1553
77,523,600
815,597,1412
522,708,1230
830,506,1336
150,141,291
280,22,302
769,293,1062
90,497,587
861,600,1461
130,816,946
508,119,627
150,663,813
303,503,806
455,113,568
409,443,852
216,203,419
966,956,1922
400,185,585
917,354,1271
727,899,1626
616,501,1117
791,145,936
582,791,1373
721,705,1426
844,470,1314
598,267,865
486,243,729
528,914,1442
696,957,1653
702,144,846
916,619,1535
914,784,1698
990,738,1728
242,262,504
10,892,902
835,637,1472
978,646,1624
582,117,699
19,271,290
200,707,907
866,733,1599
426,342,768
215,99,314
965,338,1303
944,780,1724
430,39,469
559,996,1555
546,972,1518
32,201,233
664,587,1251
610,236,846
962,187,1149
874,150,1024
456,935,1391
708,30,738
357,730,1087
139,522,661
621,115,736
796,412,1208
551,747,1298
654,590,1244
497,315,812
114,411,525
729,999,1728
19,136,155
484,157,641
496,812,1308
815,611,1426
268,106,374
108,734,842
889,773,1662
167,876,1043
429,154,583
510,49,559
69,315,384
279,672,951
986,163,1149
237,154,391
631,836,1467
453,110,563
131,216,347
273,904,1177
415,307,722
510,959,1469
425,848,1273
198,352,550
309,280,589
202,446,648
391,457,848
483,367,850
334,967,1301
6,738,744
401,82,483
456,849,1305
117,991,1108
790,751,1541
275,164,439
533,223,756
319,734,1053
876,380,1256
564,695,1259
536,452,988
68,552,620
556,996,1552
484,264,748
338,811,1149
118,862,980
263,309,572
592,39,631
805,162,967
6,25,31
7,629,636
642,530,1172
68,292,360
303,678,981
788,301,1089
307,949,1256
481,971,1452
677,249,926
796,298,1094
60,844,904
405,689,1094
42,885,927
188,827,1015
680,405,1085
168,547,715
461,211,672
953,817,1770
814,739,1553
393,179,572
725,871,1596
820,17,837
923,323,1246
175,943,1118
613,463,1076
761,317,1078
637,583,1220
561,862,1423
179,164,343
341,308,649
590,750,1340
312,196,508
632,737,1369
611,282,893
256,120,376
38,498,536
21,221,242
258,508,766
359,686,1045
892,581,1473
685,125,810
473,407,880
16,414,430
800,903,1703
698,236,934
798,672,1470
22,991,1013
371,972,1343
396,772,1168
988,835,1823
791,112,903
54,362,416
659,356,1015
999,219,1218
452,313,765
519,846,1365
148,402,550
154,993,1147
52,972,1024
252,924,1176
904,355,1259
884,980,1864
922,446,1368
284,137,421
456,963,1419
960,534,1494
753,43,796
566,820,1386
690,383,1073
272,297,569
568,593,1161
78,921,999
173,948,1121
630,958,1588
287,304,591
636,584,1220
638,470,1108
390,61,451
320,847,1167
26,728,754
971,886,1857
527,483,1010
941,690,1631
877,792,1669
375,149,524
951,176,1127
909,526,1435
657,790,1447
748,143,891
119,65,184
36,228,264
883,39,922
16,361,377
310,24,334
461,290,751
945,290,1235
861,589,1450
31,309,340
966,280,1246
550,871,1421
110,360,470
802,876,1678
435,536,971
668,654,1322
950,301,1251
822,479,1301
956,863,1819
702,840,1542
694,598,1292
476,328,804
476,843,1319
208,477,685
239,154,393
459,886,1345
213,124,337
676,371,1047
467,338,805
89,740,829
886,191,1077
195,596,791
9,395,404
665,64,729
390,917,1307
993,997,1990
726,337,1063
805,452,1257
315,85,400
637,860,1497
116,77,193
792,256,1048
367,615,982
974,977,1951
942,840,1782
567,46,613
247,822,1069
726,211,937
546,860,1406
155,42,197
717,452,1169
617,560,1177
193,46,239
479,141,620
717,362,1079
841,301,1142
741,892,1633
11,450,461
939,833,1772
511,460,971
791,848,1639
56,297,353
176,278,454
951,113,1064
896,579,1475
493,497,990
605,497,1102
888,788,1676
576,793,1369
534,425,959
489,908,1397
812,573,1385
894,541,1435
935,85,1020
834,879,1713
55,288,343
210,85,295
755,450,1205
152,963,1115
747,50,797
960,975,1935
719,566,1285
121,220,341
892,412,1304
966,143,1109
930,424,1354
25,0,25
279,493,772
99,291,390
432,296,728
468,871,1339
842,977,1819
330,109,439
894,692,1586
582,19,601
684,606,1290
662,872,1534
399,98,497
65,170,235
380,524,904
895,502,1397
711,327,1038
663,632,1295
37,578,615
263,109,372
806,588,1394
247,512,759
94,508,602
852,126,978
717,847,1564
764,29,793
152,612,764
575,760,1335
235,104,339
763,507,1270
113,759,872
458,894,1352
322,536,858
535,302,837
687,743,1430
163,313,476
166,627,793
88,303,391
704,112,816
752,815,1567
935,380,1315
181,558,739
15,980,995
401,544,945
138,271,409
732,50,782
225,427,652
928,625,1553
385,498,883
219,737,956
416,351,767
276,342,618
377,994,1371
801,130,931
5,232,237
368,971,1339
57,883,940
491,669,1160
38,724,762
440,188,628
828,472,1300
988,137,1125
265,714,979
437,153,590
97,199,296
760,111,871
23,945,968
559,697,1256
809,4,813
185,773,958
310,111,421
454,802,1256
158,723,881
629,534,1163
282,472,754
267,123,390
766,98,864
633,232,865
914,412,1326
550,437,987
667,26,693
95,658,753
962,613,1575
96,97,193
924,994,1918
270,407,677
802,426,1228
410,406,816
39,381,420
747,308,1055
169,340,509
251,682,933
596,700,1296
360,270,630
669,459,1128
452,209,661
860,386,1246
985,896,1881
529,569,1098
636,104,740
544,72,616
171,853,1024
910,489,1399
697,886,1583
911,121,1032
942,848,1790
936,978,1914
890,479,1369
597,889,1486
488,483,971
538,818,1356
313,287,600
242,957,1199
590,401,991
330,487,817
739,172,911
912,238,1150
745,225,970
769,474,1243
477,72,549
674,946,1620
541,668,1209
977,363,1340
666,423,1089
997,384,1381
414,954,1368
201,160,361
358,234,592
417,343,760
354,63,417
150,925,1075
382,701,1083
794,535,1329
182,216,398
363,742,1105
589,99,688
325,576,901
25,735,760
404,878,1282
338,298,636
429,873,1302
928,341,1269
235,786,1021
314,4,318
705,157,862
695,823,1518
457,896,1353
931,286,1217
63,415,478
169,406,575
503,203,706
261,332,593
472,225,697
77,634,711
158,56,214
761,811,1572
207,459,666
629,237,866
566,62,628
506,105,611
54,821,875
646,866,1512
541,483,1024
209,897,1106
510,502,1012
830,886,1716
371,245,616
144,592,736
296,143,439
874,838,1712
679,52,731
894,783,1677
524,883,1407
874,741,1615
374,789,1163
379,56,435
409,798,1207
989,37,1026
155,752,907
264,63,327
646,458,1104
201,423,624
114,854,968
612,384,996
26,890,916
63,147,210
689,374,1063
694,856,1550
508,982,1490
370,116,486
611,941,1552
363,553,916
715,280,995
123,460,583
424,254,678
15,289,304
819,266,1085
514,698,1212
918,724,1642
942,230,1172
863,7,870
202,48,250
383,920,1303
121,594,715
279,205,484
426,493,919
230,849,1079
302,600,902
782,326,1108
645,604,1249
748,153,901
569,50,619
146,469,615
533,790,1323
105,70,175
846,386,1232
99,634,733
30,365,395
17,899,916
720,299,1019
814,676,1490
812,395,1207
117,79,196
376,617,993
259,838,1097
727,236,963
803,23,826
242,317,559
891,812,1703
357,211,568
611,300,911
424,368,792
801,92,893
398,684,1082
289,125,414
877,914,1791
657,655,1312
507,734,1241
51,438,489
407,670,1077
137,811,948
23,563,586
170,15,185
369,349,718
157,19,176
629,1000,1629
372,443,815
723,926,1649
903,143,1046
976,986,1962
638,885,1523
523,306,829
925,37,962
466,994,1460
954,242,1196
846,38,884
501,37,538
561,650,1211
841,165,1006
283,379,662
569,370,939
983,569,1552
858,630,1488
231,556,787
101,779,880
916,458,1374
12,93,105
922,645,1567
126,578,704
844,579,1423
314,75,389
672,875,1547
676,681,1357
113,88,201
539,162,701
792,45,837
999,128,1127
197,920,1117
848,51,899
25,473,498
658,517,1175
991,480,1471
510,68,578
951,47,998
280,940,1220
27,552,579
274,572,846
975,748,1723
484,776,1260
116,570,686
56,590,646
913,549,1462
272,677,949
616,120,736
544,683,1227
423,881,1304
273,927,1200
806,601,1407
72,299,371
432,827,1259
845,120,965
654,970,1624
662,122,784
91,950,1041
508,431,939
365,798,1163
246,292,538
898,439,1337
151,984,1135
16,875,891
117,586,703
383,528,911
334,226,560
606,380,986
675,703,1378
737,399,1136
252,883,1135
209,313,522
624,952,1576
844,765,1609
574,521,1095
687,884,1571
973,547,1520
404,423,827
824,705,1529
57,806,863
21,267,288
751,457,1208
347,46,393
25,606,631
824,913,1737
585,971,1556
642,936,1578
843,188,1031
211,297,508
254,817,1071
929,430,1359
455,847,1302
194,932,1126
129,743,872
853,404,1257
321,223,544
559,573,1132
178,650,828
532,686,1218
634,978,1612
604,311,915
932,82,1014
638,103,741
238,672,910
530,217,747
797,943,1740
278,410,688
876,886,1762
243,945,1188
286,50,336
966,250,1216
257,222,479
809,225,1034
789,831,1620
966,464,1430
879,823,1702
600,684,1284
80,617,697
373,277,650
291,524,815
988,422,1410
217,497,714
770,672,1442
499,644,1143
527,2,529
93,787,880
856,571,1427
955,57,1012
953,789,1742
775,499,1274
945,322,1267
719,764,1483
441,521,962
474,885,1359
95,544,639
872,346,1218
573,789,1362
786,848,1634
195,212,407
320,899,1219
157,259,416
299,991,1290
433,150,583
298,946,1244
365,882,1247
248,13,261
161,385,546
303,888,1191
67,716,783
235,942,1177
765,294,1059
543,275,818
773,846,1619
800,551,1351
532,523,1055
311,888,1199
119,572,691
416,843,1259
238,242,480
652,307,959
690,263,953
158,345,503
737,767,1504
397,389,786
816,726,1542
137,288,425
407,898,1305
431,340,771
675,324,999
763,18,781
987,231,1218
944,128,1072
721,986,1707
231,485,716
153,158,311
39,334,373
367,404,771
44,142,186
178,130,308
526,928,1454
500,108,608
807,254,1061
378,218,596
729,914,1643
793,943,1736
76,11,87
335,991,1326
164,993,1157
8,430,438
29,458,487
28,185,213
301,788,1089
58,394,452
649,490,1139
20,86,106
157,758,915
958,437,1395
705,933,1638
752,842,1594
924,951,1875
550,804,1354
609,0,609
339,213,552
277,390,667
386,951,1337
523,215,738
387,615,1002
96,159,255
702,126,828
799,496,1295
692,498,1190
674,233,907
218,926,1144
417,412,829
901,743,1644
623,231,854
667,906,1573
762,894,1656
866,25,891
104,565,669
998,147,1145
355,687,1042
592,91,683
270,278,548
371,636,1007
524,261,785
664,519,1183
611,130,741
230,474,704
598,819,1417
463,141,604
555,21,576
446,215,661
687,406,1093
105,844,949
217,527,744
771,512,1283
880,454,1334
118,300,418
676,418,1094
381,397,778
277,661,938
608,127,735
414,938,1352
305,507,812
912,533,1445
393,233,626
847,196,1043
224,977,1201
714,343,1057
821,284,1105
998,628,1626
231,866,1097
788,12,800
259,66,325
365,315,680
725,198,923
893,495,1388
555,992,1547
797,617,1414
250,98,348
577,928,1505
855,311,1166
732,891,1623
189,522,711
820,664,1484
491,628,1119
0,46,46
594,91,685
680,7,687
957,127,1084
393,533,926
529,445,974
656,15,671
615,861,1476
844,12,856
178,194,372
539,660,1199
893,570,1463
982,171,1153
925,186,1111
190,711,901
905,302,1207
883,133,1016
194,251,445
391,637,1028
314,720,1034
681,720,1401
404,898,1302
302,189,491
132,169,301
606,894,1500
834,875,1709
701,970,1671
1,49,50
167,894,1061
291,376,667
790,810,1600
799,795,1594
305,508,813
864,937,1801
213,95,308
654,297,951
683,46,729
329,585,914
941,271,1212
264,895,1159
491,356,847
333,626,959
379,939,1318
905,750,1655
707,335,1042
1,186,187
170,333,503
669,352,1021
369,384,753
224,410,634
374,486,860
364,350,714
15,753,768
470,822,1292
430,353,783
445,789,1234
959,191,1150
604,267,871
940,248,1188
780,689,1469
858,248,1106
608,369,977
464,324,788
371,180,551
60,961,1021
423,984,1407
62,666,728
801,633,1434
23,788,811
324,199,523
155,297,452
174,572,746
431,836,1267
222,325,547
399,552,951
599,386,985
856,880,1736
589,951,1540
25,846,871
754,88,842
745,335,1080
696,402,1098
966,815,1781
906,62,968
610,209,819
653,871,1524
404,197,601
440,862,1302
437,14,451
466,412,878
231,885,1116
974,316,1290
91,195,286
676,865,1541
496,898,1394
480,446,926
849,87,936
162,573,735
476,35,511
320,717,1037
753,451,1204
2,489,491
346,42,388
693,130,823
417,955,1372
530,760,1290
127,537,664
37,686,723
809,826,1635
108,632,740
83,462,545
825,690,1515
331,572,903
585,666,1251
857,328,1185
66,599,665
789,324,1113
434,821,1255
60,478,538
57,448,505
831,481,1312
973,97,1070
122,135,257
270,881,1151
320,329,649
531,133,664
426,627,1053
222,267,489
143,846,989
63,549,612
358,19,377
958,707,1665
178,6,184
860,583,1443
609,27,636
262,280,542
9,215,224
309,829,1138
634,64,698
801,823,1624
525,378,903
429,125,554
355,684,1039
714,78,792
194,265,459
193,732,925
450,324,774
502,104,606
439,861,1300
769,775,1544
853,66,919
977,253,1230
5,764,769
699,352,1051
846,793,1639
44,999,1043
486,207,693
812,512,1324
657,319,976
786,104,890
365,930,1295
329,554,883
448,99,547
920,188,1108
159,369,528
427,631,1058
212,391,603
188,313,501
571,914,1485
759,101,860
378,679,1057
127,299,426
27,758,785
14,523,537
333,564,897
960,663,1623
367,597,964
778,677,1455
234,23,257
11,696,707
632,519,1151
217,589,806
390,712,1102
502,389,891
529,75,604
515,580,1095
731,869,1600
978,559,1537
85,531,616
855,732,1587
730,672,1402
812,832,1644
786,873,1659
40,175,215
735,257,992
225,323,548
811,891,1702
785,284,1069
66,95,161
915,293,1208
594,701,1295
454,149,603
709,195,904
307,493,800
461,901,1362
124,549,673
246,667,913
167,258,425
755,632,1387
431,126,557
45,589,634
338,455,793
942,825,1767
842,448,1290
349,201,550
779,453,1232
635,968,1603
154,551,705
135,687,822
95,365,460
252,396,648
824,891,1715
110,43,153
553,755,1308
382,153,535
472,15,487
188,339,527
83,89,172
235,983,1218
82,549,631
323,193,516
348,779,1127
700,489,1189
336,436,772
937,357,1294
672,343,1015
112,183,295
658,281,939
21,2,23
757,697,1454
473,333,806
420,413,833
179,935,1114
633,271,904
115,793,908
732,407,1139
422,716,1138
47,843,890
59,129,188
663,431,1094
605,85,690
540,351,891
770,399,1169
212,610,822
303,138,441
834,673,1507
656,362,1018
371,748,1119
804,597,1401
286,311,597
159,869,1028
465,493,958
993,650,1643
563,33,596
686,375,1061
984,890,1874
14,240,254
498,862,1360
366,16,382
959,757,1716
978,127,1105
547,621,1168
470,300,770
924,276,1200
470,836,1306
449,723,1172
915,171,1086
499,158,657
983,256,1239
250,940,1190
332,531,863
271,141,412
292,525,817
579,673,1252
411,193,604
995,680,1675
770,250,1020
880,692,1572
29,931,960
905,715,1620
44,762,806
561,559,1120
574,744,1318
381,292,673
764,305,1069
149,579,728
382,267,649
226,562,788
955,594,1549
26,480,506
154,625,779
938,613,1551
248,470,718
705,942,1647
238,77,315
502,943,1445
858,634,1492
405,28,433
346,812,1158
623,688,1311
671,5,676
115,435,550
871,728,1599
80,135,215
55,450,505
197,560,757
713,162,875
67,338,405
738,321,1059
231,617,848
348,885,1233
295,387,682
958,557,1515
358,355,713
120,998,1118
944,898,1842
364,528,892
912,540,1452
578,559,1137
29,371,400
843,358,1201
523,916,1439
221,578,799
713,400,1113
995,99,1094
655,883,1538
5,524,529
965,946,1911
714,951,1665
265,982,1247
401,711,1112
679,48,727
400,54,454
847,718,1565
302,611,913
259,263,522
76,125,201
594,520,1114
406,463,869
788,788,1576
844,386,1230
782,762,1544
452,156,608
989,761,1750
127,931,1058
936,672,1608
919,49,968
302,537,839
191,767,958
891,397,1288
930,175,1105
493,717,1210
246,872,1118
501,499,1000
363,143,506
691,478,1169
848,703,1551
214,561,775
393,667,1060
63,384,447
405,915,1320
36,436,472
313,488,801
732,603,1335
913,920,1833
505,718,1223
253,792,1045
798,913,1711
422,867,1289
435,649,1084
316,110,426
720,122,842
518,904,1422
879,202,1081
151,814,965
98,371,469
332,0,332
331,908,1239
485,892,1377
304,390,694
750,746,1496
163,724,887
38,793,831
556,795,1351
866,189,1055
216,507,723
565,96,661
422,478,900
208,449,657
404,263,667
957,640,1597
501,914,1415
538,844,1382
175,53,228
807,72,879
487,792,1279
849,740,1589
45,114,159
953,975,1928
340,487,827
654,515,1169
805,223,1028
77,714,791
136,588,724
831,483,1314
902,32,934
561,621,1182
326,299,625
440,443,883
731,48,779
452,574,1026
274,311,585
334,40,374
404,211,615
325,345,670
190,393,583
227,342,569
710,620,1330
176,596,772
500,542,1042
74,439,513
335,953,1288
307,860,1167
773,315,1088
296,135,431
262,888,1150
570,282,852
301,696,997
323,491,814
901,251,1152
943,212,1155
637,674,1311
828,649,1477
786,901,1687
315,285,600
491,255,746
335,495,830
589,673,1262
190,581,771
977,58,1035
508,192,700
326,760,1086
9,162,171
999,225,1224
745,961,1706
989,497,1486
400,528,928
901,27,928
231,49,280
536,773,1309
921,180,1101
312,648,960
900,627,1527
194,890,1084
112,273,385
367,881,1248
824,955,1779
734,475,1209
369,906,1275
999,745,1744
20,891,911
39,964,1003
689,178,867
846,763,1609
976,296,1272
648,975,1623
750,52,802
378,792,1170
729,19,748
531,614,1145
212,395,607
26,199,225
85,986,1071
510,662,1172
306,589,895
684,624,1308
898,597,1495
988,496,1484
268,952,1220
127,712,839
165,27,192
228,491,719
165,757,922
348,825,1173
466,297,763
246,536,782
964,103,1067
583,615,1198
247,268,515
726,787,1513
548,189,737
214,921,1135
643,33,676
0,106,106
477,155,632
413,471,884
571,959,1530
888,878,1766
366,930,1296
250,933,1183
538,796,1334
430,758,1188
443,925,1368
981,668,1649
478,626,1104
18,974,992
104,24,128
499,280,779
851,874,1725
932,467,1399
302,72,374
985,347,1332
459,789,1248
123,469,592
403,545,948
130,987,1117
657,149,806
914,597,1511
345,210,555
886,111,997
85,314,399
362,910,1272
542,464,1006
96,858,954
509,677,1186
162,151,313
399,668,1067
405,601,1006
521,706,1227
957,94,1051
553,450,1003
526,424,950
79,581,660
349,599,948
375,192,567
410,443,853
448,462,910
528,947,1475
286,241,527
483,902,1385
458,927,1385
550,940,1490
66,698,764
698,593,1291
125,328,453
46,940,986
543,312,855
808,213,1021
522,634,1156
399,91,490
90,712,802
597,482,1079
566,463,1029
787,616,1403
75,732,807
199,832,1031
985,745,1730
221,936,1157
723,732,1455
12,173,185
802,414,1216
167,828,995
718,921,1639
155,764,919
558,800,1358
475,566,1041
921,640,1561
699,17,716
348,975,1323
383,68,451
642,304,946
913,982,1895
186,547,733
205,960,1165
331,248,579
971,286,1257
176,527,703
107,273,380
166,748,914
121,776,897
5,36,41
404,668,1072
641,896,1537
813,902,1715
689,885,1574
53,465,518
701,469,1170
314,840,1154
889,587,1476
571,277,848
469,23,492
114,422,536
850,548,1398
594,119,713
665,163,828
65,409,474
632,92,724
931,381,1312
875,683,1558
976,553,1529
472,115,587
934,285,1219
149,695,844
294,579,873
569,815,1384
535,571,1106
736,681,1417
834,641,1475
311,267,578
435,280,715
202,288,490
385,960,1345
273,371,644
333,19,352
279,120,399
703,630,1333
807,960,1767
983,419,1402
894,746,1640
648,331,979
475,174,649
141,943,1084
323,288,611
493,158,651
461,5,466
183,700,883
181,511,692
324,995,1319
578,566,1144
958,972,1930
205,226,431
733,471,1204
190,505,695
1,404,405
9,399,408
359,340,699
49,250,299
205,929,1134
882,780,1662
208,595,803
322,739,1061
646,501,1147
235,998,1233
773,422,1195
313,455,768
403,119,522
522,166,688
604,374,978
587,345,932
338,605,943
826,318,1144
388,921,1309
18,496,514
285,653,938
346,455,801
307,652,959
364,245,609
485,779,1264
975,753,1728
415,709,1124
762,888,1650
387,159,546
172,962,1134
20,68,88
745,573,1318
429,851,1280
430,933,1363
544,245,789
816,560,1376
809,8,817
360,885,1245
718,742,1460
75,421,496
61,290,351
777,145,922
905,982,1887
644,324,968
784,152,936
274,964,1238
987,52,1039
246,406,652
802,93,895
432,783,1215
52,259,311
815,127,942
516,510,1026
95,593,688
463,612,1075
181,608,789
302,63,365
966,987,1953
555,834,1389
627,875,1502
650,746,1396
528,208,736
719,228,947
545,297,842
218,956,1174
48,646,694
895,66,961
983,448,1431
641,408,1049
517,118,635
246,330,576
962,105,1067
865,294,1159
315,710,1025
635,427,1062
810,883,1693
279,998,1277
876,121,997
979,615,1594
370,953,1323
961,516,1477
33,641,674
197,455,652
943,2,945
497,256,753
492,614,1106
147,976,1123
523,914,1437
768,293,1061
307,394,701
44,918,962
50,570,620
120,646,766
533,323,856
908,580,1488
813,636,1449
893,551,1444
308,870,1178
138,819,957
43,894,937
43,274,317
205,675,880
278,103,381
134,984,1118
394,804,1198
866,842,1708
476,506,982
610,614,1224
257,380,637
61,90,151
37,352,389
478,43,521
98,932,1030
604,547,1151
109,456,565
606,577,1183
503,18,521
357,739,1096
627,963,1590
122,459,581
815,662,1477
628,811,1439
696,572,1268
698,138,836
280,922,1202
461,925,1386
863,35,898
513,782,1295
211,733,944
416,397,813
621,350,971
952,981,1933
569,139,708
738,232,970
10,520,530
207,132,339
241,666,907
365,580,945
715,456,1171
587,487,1074
597,557,1154
235,416,651
981,419,1400
570,479,1049
605,101,706
150,644,794
528,858,1386
838,664,1502
308,134,442
489,558,1047
12,828,840
221,550,771
235,42,277
675,367,1042
306,389,695
490,36,526
467,408,875
741,981,1722
429,63,492
520,916,1436
312,237,549
315,799,1114
514,502,1016
422,188,610
733,974,1707
364,629,993
415,682,1097
64,450,514
711,520,1231
633,772,1405
764,918,1682
521,916,1437
192,384,576
983,282,1265
198,918,1116
973,143,1116
192,249,441
648,175,823
642,558,1200
958,440,1398
641,616,1257
130,381,511
441,347,788
802,605,1407
475,604,1079
792,144,936
345,341,686
608,327,935
648,284,932
155,240,395
220,549,769
104,592,696
696,773,1469
581,388,969
856,659,1515
799,389,1188
523,521,1044
952,533,1485
455,349,804
896,213,1109
948,194,1142
838,686,1524
864,597,1461
346,100,446
399,13,412
722,523,1245
232,175,407
181,217,398
444,109,553
517,903,1420
73,492,565
327,561,888
671,465,1136
752,606,1358
460,858,1318
586,907,1493
0,683,683
419,120,539
3,738,741
859,292,1151
570,468,1038
298,983,1281
320,375,695
498,768,1266
70,610,680
833,716,1549
99,803,902
494,190,684
151,87,238
607,307,914
566,524,1090
777,639,1416
621,762,1383
806,176,982
507,321,828
835,925,1760
616,479,1095
443,578,1021
248,538,786
884,189,1073
672,388,1060
713,257,970
596,626,1222
617,179,796
511,285,796
151,265,416
163,631,794
148,868,1016
395,670,1065
236,84,320
900,689,1589
928,853,1781
610,381,991
662,830,1492
819,530,1349
955,729,1684
200,243,443
681,396,1077
588,145,733
901,19,920
895,985,1880
309,616,925
412,347,759
441,175,616
163,998,1161
993,178,1171
183,440,623
729,782,1511
858,933,1791
276,642,918
714,618,1332
697,562,1259
537,665,1202
369,568,937
236,768,1004
252,381,633
704,311,1015
967,255,1222
206,8,214
382,355,737
767,538,1305
509,302,811
81,909,990
895,233,1128
982,397,1379
801,297,1098
221,957,1178
746,350,1096
636,335,971
336,185,521
328,681,1009
953,710,1663
458,433,891
761,15,776
766,4,770
103,777,880
788,890,1678
325,964,1289
51,545,596
485,258,743
915,586,1501
684,540,1224
465,579,1044
838,582,1420
232,274,506
442,556,998
93,581,674
483,961,1444
336,500,836
630,490,1120
936,36,972
257,758,1015
726,767,1493
268,112,380
699,166,865
963,493,1456
128,574,702
250,7,257
899,637,1536
345,291,636
64,587,651
265,476,741
334,612,946
236,317,553
465,635,1100
797,833,1630
998,627,1625
12,469,481
33,399,432
420,752,1172
728,727,1455
59,515,574
779,804,1583
639,894,1533
616,660,1276
706,539,1245
32,99,131
131,281,412
179,785,964
218,660,878
331,45,376
283,208,491
300,293,593
37,58,95
724,281,1005
958,434,1392
900,275,1175
173,151,324
297,721,1018
288,519,807
824,472,1296
464,515,979
892,974,1866
401,426,827
805,518,1323
205,574,779
183,502,685
35,226,261
948,390,1338
20,652,672
224,772,996
751,323,1074
325,155,480
743,169,912
977,593,1570
638,779,1417
576,568,1144
605,622,1227
560,185,745
510,796,1306
896,973,1869
960,796,1756
558,798,1356
610,638,1248
776,564,1340
469,410,879
458,769,1227
401,912,1313
642,789,1431
737,773,1510
0,702,702
33,212,245
497,237,734
518,865,1383
23,970,993
216,737,953
845,842,1687
887,587,1474
482,539,1021
468,719,1187
277,353,630
683,213,896
505,98,603
690,355,1045
755,782,1537
546,305,851
434,399,833
711,929,1640
551,373,924
303,920,1223
571,430,1001
366,827,1193
393,815,1208
843,289,1132
713,481,1194
470,5,475
298,862,1160
957,323,1280
169,810,979
318,95,413
531,828,1359
55,736,791
432,343,775
853,382,1235
848,119,967
780,881,1661
801,840,1641
980,572,1552
372,436,808
825,684,1509
903,100,1003
550,153,703
320,10,330
574,315,889
942,235,1177
438,669,1107
739,217,956
185,483,668
254,474,728
558,962,1520
261,675,936
987,329,1316
770,728,1498
331,760,1091
386,541,927
884,543,1427
232,574,806
775,237,1012
922,394,1316
114,349,463
501,464,965
854,245,1099
504,942,1446
846,901,1747
773,696,1469
579,356,935
201,549,750
423,375,798
845,613,1458
737,894,1631
150,654,804
707,296,1003
202,650,852
313,274,587
211,217,428
160,401,561
101,275,376
704,783,1487
45,879,924
164,417,581
26,264,290
13,979,992
288,532,820
175,56,231
751,777,1528
168,153,321
336,686,1022
496,331,827
776,410,1186
354,673,1027
288,830,1118
95,570,665
611,963,1574
746,606,1352
136,116,252
452,504,956
725,333,1058
553,530,1083
43,104,147
418,843,1261
420,136,556
528,92,620
467,5,472
618,530,1148
137,164,301
116,957,1073
839,138,977
650,324,974
596,638,1234
572,283,855
799,110,909
479,785,1264
668,893,1561
947,8,955
638,130,768
926,22,948
501,866,1367
686,746,1432
414,987,1401
1,252,253
684,73,757
535,689,1224
813,150,963
208,475,683
408,238,646
159,976,1135
878,792,1670
544,995,1539
811,848,1659
738,106,844
540,714,1254
114,101,215
264,875,1139
886,112,998
290,286,576
521,223,744
100,266,366
46,759,805
320,671,991
626,86,712
96,84,180
647,309,956
421,347,768
650,770,1420
817,350,1167
515,347,862
444,631,1075
96,151,247
282,651,933
843,525,1368
308,139,447
676,851,1527
650,157,807
30,987,1017
97,43,140
845,184,1029
501,598,1099
840,107,947
381,809,1190
195,941,1136
955,263,1218
300,750,1050
817,967,1784
112,388,500
898,290,1188
486,265,751
541,867,1408
571,180,751
650,492,1142
288,390,678
377,1000,1377
591,757,1348
916,889,1805
858,811,1669
238,718,956
831,576,1407
28,530,558
992,699,1691
764,215,979
851,903,1754
304,21,325
150,311,461
882,655,1537
763,452,1215
25,441,466
795,3,798
704,384,1088
197,955,1152
971,869,1840
795,783,1578
495,502,997
123,940,1063
166,174,340
735,501,1236
99,728,827
59,582,641
407,709,1116
102,291,393
144,747,891
831,697,1528
769,656,1425
646,63,709
189,801,990
129,411,540
432,960,1392
63,941,1004
442,636,1078
606,439,1045
863,923,1786
99,171,270
652,244,896
577,549,1126
902,425,1327
591,667,1258
129,659,788
308,119,427
627,466,1093
24,269,293
468,746,1214
532,381,913
357,344,701
990,364,1354
644,948,1592
139,253,392
128,989,1117
318,564,882
720,224,944
895,977,1872
175,878,1053
861,191,1052
935,373,1308
726,688,1414
531,264,795
96,875,971
497,155,652
570,728,1298
601,796,1397
213,530,743
30,136,166
194,5,199
170,459,629
562,712,1274
325,701,1026
534,962,1496
813,346,1159
102,25,127
193,855,1048
589,318,907
445,369,814
891,388,1279
745,206,951
462,689,1151
473,239,712
889,108,997
719,76,795
436,629,1065
479,372,851
408,417,825
194,189,383
450,486,936
633,754,1387
160,581,741
454,488,942
719,158,877
635,2,637
434,399,833
93,741,834
976,587,1563
526,428,954
969,118,1087
360,262,622
437,396,833
346,366,712
582,37,619
907,735,1642
868,917,1785
646,917,1563
436,163,599
334,957,1291
170,965,1135
834,768,1602
766,444,1210
665,214,879
531,847,1378
617,736,1353
265,103,368
965,35,1000
562,205,767
300,181,481
315,365,680
130,836,966
950,997,1947
582,837,1419
887,285,1172
2,875,877
480,123,603
796,465,1261
587,363,950
511,134,645
5,533,538
132,800,932
234,19,253
447,525,972
98,1,99
453,61,514
158,600,758
572,321,893
877,419,1296
499,231,730
414,22,436
802,24,826
869,646,1515
633,130,763
694,417,1111
738,591,1329
862,745,1607
859,168,1027
769,924,1693
223,860,1083
409,156,565
913,556,1469
731,655,1386
748,798,1546
734,926,1660
366,784,1150
344,701,1045
785,912,1697
697,10,707
495,805,1300
230,305,535
936,910,1846
660,473,1133
561,470,1031
954,884,1838
202,131,333
648,488,1136
932,797,1729
302,2,304
478,711,1189
70,524,594
644,243,887
224,484,708
403,107,510
1000,156,1156
790,56,846
313,425,738
135,808,943
491,738,1229
854,125,979
440,5,445
918,801,1719
384,797,1181
770,117,887
143,938,1081
75,457,532
451,927,1378
484,832,1316
692,418,1110
995,721,1716
657,669,1326
693,190,883
746,219,965
464,940,1404
120,913,1033
313,670,983
493,507,1000
967,363,1330
518,47,565
917,776,1693
891,208,1099
402,871,1273
818,173,991
335,736,1071
557,9,566
550,174,724
247,229,476
940,315,1255
268,581,849
757,610,1367
299,370,669
502,481,983
859,984,1843
569,6,575
589,776,1365
981,296,1277
896,237,1133
835,29,864
881,390,1271
682,885,1567
795,566,1361
565,583,1148
902,113,1015
335,745,1080
279,146,425
669,865,1534
513,902,1415
789,724,1513
579,610,1189
321,131,452
164,992,1156
924,355,1279
21,164,185
746,747,1493
15,539,554
176,253,429
99,827,926
54,572,626
914,43,957
474,385,859
689,713,1402
690,344,1034
605,763,1368
392,41,433
265,337,602
564,397,961
286,660,946
913,430,1343
621,11,632
526,362,888
855,260,1115
695,306,1001
482,216,698
505,448,953
190,755,945
459,812,1271
447,60,507
610,511,1121
442,210,652
999,900,1899
159,985,1144
212,973,1185
30,14,44
774,972,1746
910,303,1213
5,985,990
302,497,799
939,274,1213
361,863,1224
430,934,1364
82,994,1076
737,991,1728
985,368,1353
151,671,822
60,130,190
865,173,1038
49,632,681
402,555,957
62,398,460
829,198,1027
150,929,1079
504,714,1218
815,3,818
70,401,471
612,775,1387
228,53,281
383,5,388
786,1,787
87,792,879
631,7,638
561,407,968
899,76,975
648,808,1456
264,351,615
858,463,1321
603,12,615
313,177,490
413,630,1043
377,354,731
220,37,257
705,789,1494
17,767,784
479,908,1387
255,942,1197
292,166,458
297,463,760
493,12,505
43,123,166
194,214,408
537,270,807
116,932,1048
201,497,698
654,206,860
145,410,555
409,189,598
680,696,1376
974,999,1973
508,265,773
269,748,1017
210,110,320
408,602,1010
882,256,1138
317,57,374
92,365,457
370,208,578
730,226,956
838,416,1254
269,524,793
430,5,435
198,439,637
100,841,941
374,958,1332
296,912,1208
790,38,828
524,507,1031
147,391,538
938,229,1167
902,262,1164
201,409,610
489,786,1275
824,182,1006
407,974,1381
794,971,1765
858,213,1071
503,415,918
646,527,1173
89,356,445
881,276,1157
822,663,1485
540,748,1288
50,487,537
768,56,824
752,987,1739
559,396,955
799,149,948
638,716,1354
715,814,1529
35,93,128
815,664,1479
10,843,853
642,979,1621
16,339,355
753,334,1087
957,900,1857
624,553,1177
108,815,923
604,739,1343
540,151,691
827,639,1466
308,551,859
243,673,916
460,82,542
411,801,1212
785,656,1441
569,369,938
106,446,552
779,602,1381
490,88,578
602,65,667
927,697,1624
975,404,1379
826,378,1204
469,286,755
549,992,1541
44,251,295
136,29,165
491,885,1376
670,425,1095
835,40,875
360,725,1085
227,825,1052
802,669,1471
940,732,1672
206,957,1163
428,217,645
328,579,907
587,302,889
88,19,107
796,358,1154
358,79,437
774,259,1033
549,271,820
391,345,736
139,853,992
676,497,1173
380,129,509
395,461,856
206,468,674
207,478,685
411,827,1238
529,785,1314
48,305,353
266,793,1059
712,131,843
49,158,207
981,845,1826
592,693,1285
912,882,1794
478,483,961
89,556,645
768,677,1445
85,543,628
418,268,686
927,715,1642
437,430,867
481,694,1175
716,799,1515
803,261,1064
965,553,1518
152,635,787
658,256,914
705,843,1548
420,726,1146
934,336,1270
137,792,929
373,495,868
119,565,684
0,198,198
929,628,1557
549,87,636
1,166,167
416,237,653
823,179,1002
488,598,1086
183,534,717
778,588,1366
967,94,1061
447,37,484
347,11,358
142,900,1042
406,495,901
170,162,332
291,630,921
303,740,1043
44,262,306
935,667,1602
645,619,1264
156,950,1106
721,214,935
206,774,980
73,427,500
897,525,1422
187,659,846
734,507,1241
803,17,820
388,466,854
412,955,1367
531,44,575
28,446,474
676,856,1532
379,500,879
808,303,1111
88,872,960
854,605,1459
524,95,619
238,989,1227
508,305,813
420,250,670
338,501,839
130,969,1099
115,566,681
193,345,538
991,124,1115
469,817,1286
952,126,1078
192,34,226
402,511,913
821,759,1580
878,785,1663
449,604,1053
535,581,1116
694,530,1224
257,136,393
663,855,1518
255,47,302
616,746,1362
962,189,1151
609,371,980
566,10,576
975,396,1371
117,406,523
61,191,252
412,548,960
286,607,893
478,658,1136
281,786,1067
747,980,1727
530,272,802
535,594,1129
134,736,870
763,180,943
722,144,866
556,573,1129
616,85,701
760,916,1676
661,6,667
168,89,257
530,327,857
313,986,1299
786,693,1479
227,424,651
803,325,1128
921,570,1491
472,838,1310
34,963,997
229,890,1119
500,710,1210
655,632,1287
166,645,811
439,967,1406
556,793,1349
979,132,1111
531,199,730
446,62,508
185,649,834
140,312,452
36,426,462
127,642,769
553,314,867
26,735,761
492,755,1247
162,507,669
770,790,1560
478,873,1351
133,715,848
590,279,869
113,350,463
448,386,834
538,471,1009
850,428,1278
789,126,915
319,302,621
853,53,906
794,385,1179
812,256,1068
71,527,598
310,614,924
600,961,1561
855,350,1205
211,281,492
279,397,676
320,892,1212
238,281,519
65,120,185
40,198,238
733,295,1028
62,156,218
199,368,567
2,783,785
777,805,1582
374,271,645
399,359,758
731,101,832
237,952,1189
502,926,1428
774,680,1454
355,552,907
971,807,1778
304,659,963
158,37,195
171,46,217
554,40,594
332,296,628
520,340,860
701,466,1167
736,497,1233
404,619,1023
770,194,964
731,432,1163
251,387,638
520,493,1013
330,413,743
367,782,1149
862,856,1718
968,926,1894
202,340,542
293,138,431
515,495,1010
792,843,1635
501,646,1147
861,973,1834
872,38,910
548,617,1165
758,903,1661
707,940,1647
161,428,589
779,792,1571
673,118,791
149,101,250
297,173,470
596,684,1280
760,774,1534
6,630,636
826,980,1806
173,51,224
877,867,1744
857,810,1667
527,652,1179
842,546,1388
906,178,1084
758,696,1454
913,164,1077
611,772,1383
189,196,385
81,137,218
716,308,1024
403,606,1009
215,699,914
957,11,968
332,891,1223
36,169,205
853,325,1178
270,751,1021
561,595,1156
412,291,703
913,630,1543
310,610,920
165,50,215
286,74,360
589,298,887
692,414,1106
838,630,1468
668,5,673
734,490,1224
270,467,737
797,318,1115
26,692,718
312,591,903
761,276,1037
214,436,650
865,939,1804
144,901,1045
340,700,1040
854,174,1028
585,62,647
930,387,1317
34,411,445
202,576,778
799,651,1450
642,101,743
859,901,1760
258,210,468
897,701,1598
619,358,977
155,352,507
285,764,1049
23,384,407
514,38,552
543,0,543
771,678,1449
491,89,580
631,524,1155
374,511,885
722,642,1364
555,330,885
670,62,732
21,977,998
784,715,1499
287,331,618
988,375,1363
200,943,1143
284,137,421
891,476,1367
381,461,842
733,193,926
513,655,1168
60,537,597
686,651,1337
826,288,1114
359,18,377
626,281,907
259,518,777
492,94,586
676,972,1648
109,778,887
83,271,354
162,753,915
330,479,809
636,499,1135
700,652,1352
83,698,781
232,628,860
870,930,1800
327,442,769
641,805,1446
706,997,1703
378,229,607
43,589,632
957,544,1501
943,824,1767
508,358,866
328,921,1249
681,725,1406
886,271,1157
663,60,723
597,838,1435
970,260,1230
287,894,1181
305,590,895
733,151,884
172,28,200
116,885,1001
103,241,344
628,378,1006
178,462,640
104,998,1102
94,7,101
331,117,448
287,521,808
597,847,1444
270,812,1082
490,265,755
39,100,139
26,739,765
227,206,433
821,434,1255
885,820,1705
727,950,1677
409,232,641
466,509,975
141,346,487
134,636,770
318,250,568
128,619,747
45,125,170
216,547,763
485,2,487
884,767,1651
337,487,824
827,163,990
790,780,1570
482,935,1417
791,813,1604
672,78,750
534,509,1043
821,359,1180
94,737,831
633,880,1513
819,837,1656
504,214,718
515,879,1394
904,207,1111
516,16,532
488,908,1396
805,501,1306
881,127,1008
7,319,326
445,964,1409
669,581,1250
488,425,913
302,320,622
285,140,425
871,965,1836
323,995,1318
402,137,539
586,624,1210
500,146,646
712,469,1181
635,85,720
271,669,940
631,658,1289
71,739,810
694,976,1670
80,922,1002
758,445,1203
936,420,1356
758,768,1526
531,527,1058
86,177,263
524,320,844
422,228,650
921,66,987
48,526,574
652,782,1434
598,348,946
653,27,680
502,584,1086
752,272,1024
832,944,1776
224,630,854
88,348,436
270,12,282
174,995,1169
541,329,870
581,525,1106
579,512,1091
929,612,1541
921,56,977
357,94,451
313,746,1059
897,418,1315
496,682,1178
689,519,1208
866,422,1288
290,707,997
75,349,424
879,130,1009
269,840,1109
13,582,595
861,900,1761
157,31,188
319,476,795
315,601,916
216,534,750
476,561,1037
590,931,1521
178,691,869
886,778,1664
136,886,1022
532,727,1259
622,291,913
785,731,1516
186,719,905
638,518,1156
913,497,1410
606,909,1515
626,409,1035
513,154,667
259,579,838
474,655,1129
584,652,1236
98,473,571
440,54,494
16,367,383
711,249,960
260,419,679
386,482,868
850,530,1380
407,750,1157
136,761,897
229,285,514
301,157,458
576,758,1334
94,720,814
44,968,1012
33,806,839
364,660,1024
705,916,1621
544,836,1380
528,112,640
503,921,1424
362,738,1100
685,585,1270
630,734,1364
132,234,366
355,254,609
1000,15,1015
784,871,1655
762,826,1588
84,864,948
519,641,1160
218,493,711
489,159,648
10,345,355
370,235,605
979,384,1363
144,114,258
430,871,1301
201,181,382
311,169,480
67,599,666
765,129,894
180,839,1019
207,536,743
378,774,1152
388,673,1061
665,524,1189
157,843,1000
299,852,1151
58,617,675
379,678,1057
621,832,1453
684,653,1337
548,480,1028
934,198,1132
540,699,1239
2,515,517
895,207,1102
383,270,653
938,566,1504
843,962,1805
908,851,1759
496,305,801
357,592,949
312,446,758
500,701,1201
171,837,1008
424,679,1103
708,26,734
170,410,580
369,121,490
143,215,358
700,699,1399
279,891,1170
461,131,592
973,274,1247
370,737,1107
195,619,814
199,202,401
726,858,1584
180,779,959
987,923,1910
910,803,1713
839,887,1726
364,328,692
518,386,904
930,518,1448
677,269,946
606,715,1321
950,239,1189
109,716,825
812,29,841
158,302,460
201,163,364
498,950,1448
511,356,867
353,881,1234
394,875,1269
754,632,1386
9,367,376
873,680,1553
298,225,523
647,213,860
888,616,1504
43,967,1010
503,237,740
287,90,377
640,993,1633
288,713,1001
292,930,1222
261,338,599
688,724,1412
593,860,1453
724,600,1324
350,282,632
863,666,1529
340,754,1094
626,705,1331
282,510,792
650,572,1222
211,130,341
460,351,811
799,244,1043
191,794,985
199,692,891
869,997,1866
281,974,1255
837,750,1587
96,244,340
708,724,1432
728,418,1146
857,336,1193
634,603,1237
522,558,1080
994,975,1969
525,605,1130
684,750,1434
586,300,886
5,370,375
764,568,1332
673,187,860
419,1000,1419
639,864,1503
392,496,888
871,82,953
993,646,1639
758,927,1685
402,852,1254
639,561,1200
630,502,1132
140,331,471
767,221,988
840,432,1272
749,205,954
175,915,1090
772,777,1549
365,676,1041
362,118,480
364,854,1218
300,149,449
750,705,1455
441,377,818
352,410,762
566,841,1407
198,13,211
585,85,670
610,135,745
909,34,943
185,32,217
438,212,650
988,239,1227
6,729,735
845,667,1512
673,914,1587
90,607,697
977,59,1036
499,946,1445
122,386,508
777,973,1750
780,9,789
951,683,1634
688,327,1015
953,242,1195
239,991,1230
303,636,939
109,701,810
135,172,307
984,491,1475
263,120,383
847,596,1443
800,578,1378
472,451,923
109,632,741
146,666,812
191,736,927
780,736,1516
488,699,1187
212,964,1176
325,574,899
396,593,989
475,269,744
549,183,732
580,774,1354
269,288,557
661,504,1165
377,875,1252
647,954,1601
648,839,1487
348,171,519
161,478,639
609,671,1280
579,576,1155
576,893,1469
440,25,465
424,130,554
75,715,790
766,651,1417
141,377,518
151,593,744
484,737,1221
726,963,1689
662,969,1631
231,459,690
884,309,1193
663,101,764
966,707,1673
286,159,445
36,307,343
531,52,583
5,448,453
504,34,538
626,640,1266
394,35,429
29,616,645
428,96,524
599,819,1418
423,158,581
791,202,993
333,546,879
508,628,1136
663,681,1344
450,823,1273
244,919,1163
589,220,809
702,387,1089
583,345,928
580,509,1089
887,999,1886
406,797,1203
432,977,1409
786,172,958
843,95,938
609,928,1537
985,376,1361
976,181,1157
4,792,796
472,406,878
945,413,1358
482,714,1196
8,431,439
920,543,1463
308,310,618
491,983,1474
589,640,1229
451,187,638
126,1,127
784,774,1558
673,469,1142
233,262,495
932,844,1776
487,68,555
968,112,1080
224,592,816
974,46,1020
467,13,480
663,980,1643
763,841,1604
405,508,913
979,591,1570
540,431,971
767,500,1267
324,564,888
9,267,276
120,155,275
151,637,788
131,279,410
436,396,832
38,968,1006
98,721,819
183,524,707
243,710,953
787,931,1718
749,26,775
739,636,1375
823,755,1578
222,956,1178
216,595,811
466,708,1174
101,87,188
633,382,1015
960,875,1835
837,253,1090
665,446,1111
723,773,1496
281,81,362
967,498,1465
734,148,882
354,746,1100
883,485,1368
44,525,569
587,25,612
979,407,1386
724,608,1332
303,503,806
104,490,594
547,588,1135
661,853,1514
334,223,557
864,846,1710
264,832,1096
518,47,565
762,965,1727
304,75,379
711,167,878
777,306,1083
122,164,286
244,677,921
474,392,866
731,882,1613
294,608,902
626,142,768
70,141,211
626,556,1182
786,906,1692
515,124,639
457,245,702
643,862,1505
25,25,50
938,394,1332
153,64,217
943,93,1036
373,339,712
938,277,1215
451,510,961
920,828,1748
711,914,1625
136,313,449
793,479,1272
549,150,699
407,161,568
150,739,889
66,926,992
611,334,945
231,264,495
77,732,809
241,813,1054
734,585,1319
482,270,752
656,589,1245
517,19,536
519,877,1396
266,865,1131
442,952,1394
108,921,1029
226,370,596
553,133,686
936,791,1727
143,685,828
233,815,1048
14,115,129
926,962,1888
148,936,1084
886,296,1182
103,141,244
515,836,1351
425,94,519
392,997,1389
986,995,1981
661,161,822
949,620,1569
380,575,955
273,767,1040
308,568,876
870,927,1797
500,716,1216
957,486,1443
148,404,552
409,24,433
738,912,1650
372,446,818
585,406,991
110,499,609
951,613,1564
392,951,1343
313,578,891
624,236,860
713,431,1144
746,686,1432
862,741,1603
556,278,834
172,975,1147
558,256,814
20,802,822
600,188,788
246,911,1157
197,574,771
146,217,363
557,406,963
703,714,1417
487,251,738
478,109,587
965,614,1579
551,777,1328
951,358,1309
258,766,1024
93,972,1065
430,284,714
467,75,542
823,88,911
692,722,1414
981,25,1006
367,773,1140
763,991,1754
147,374,521
181,657,838
887,894,1781
130,781,911
26,359,385
395,336,731
886,256,1142
879,114,993
440,88,528
557,44,601
299,790,1089
197,380,577
382,270,652
447,99,546
718,267,985
55,198,253
689,750,1439
879,856,1735
681,71,752
406,453,859
595,152,747
102,5,107
310,676,986
973,752,1725
713,658,1371
341,758,1099
137,830,967
256,719,975
794,163,957
202,955,1157
543,493,1036
820,669,1489
128,726,854
909,451,1360
144,509,653
798,956,1754
878,74,952
818,702,1520
238,184,422
379,326,705
752,764,1516
224,51,275
242,472,714
207,340,547
160,698,858
892,711,1603
127,623,750
854,703,1557
326,624,950
650,169,819
999,831,1830
987,580,1567
210,595,805
816,387,1203
749,807,1556
85,83,168
932,984,1916
726,225,951
3,111,114
294,363,657
152,221,373
234,350,584
507,294,801
0,996,996
807,995,1802
981,601,1582
580,700,1280
202,479,681
828,60,888
802,530,1332
358,938,1296
834,834,1668
578,75,653
839,457,1296
674,819,1493
148,719,867
899,148,1047
685,52,737
507,51,558
622,781,1403
340,718,1058
955,327,1282
246,416,662
639,394,1033
438,265,703
156,579,735
828,125,953
222,701,923
251,130,381
948,500,1448
440,897,1337
629,37,666
96,662,758
123,935,1058
41,990,1031
795,275,1070
842,366,1208
12,563,575
842,227,1069
191,192,383
374,643,1017
357,122,479
411,865,1276
724,281,1005
874,567,1441
554,136,690
587,325,912
473,301,774
123,91,214
609,571,1180
949,88,1037
536,895,1431
298,805,1103
90,411,501
467,371,838
797,247,1044
259,88,347
721,673,1394
200,200,400
296,941,1237
563,765,1328
173,16,189
692,88,780
66,968,1034
53,270,323
503,108,611
901,833,1734
589,855,1444
443,407,850
174,726,900
6,887,893
329,788,1117
319,483,802
859,304,1163
148,346,494
59,339,398
845,46,891
481,377,858
886,891,1777
495,117,612
525,589,1114
449,363,812
557,850,1407
711,980,1691
404,778,1182
353,630,983
694,70,764
585,798,1383
889,832,1721
366,957,1323
190,925,1115
723,464,1187
342,780,1122
489,800,1289
879,617,1496
31,164,195
385,591,976
883,33,916
695,60,755
265,369,634
41,523,564
77,890,967
918,405,1323
812,529,1341
266,83,349
850,746,1596
151,37,188
969,964,1933
157,422,579
795,578,1373
954,106,1060
761,436,1197
354,25,379
771,470,1241
241,978,1219
670,240,910
340,856,1196
973,218,1191
933,982,1915
497,912,1409
569,31,600
977,766,1743
829,62,891
978,761,1739
164,426,590
233,29,262
582,644,1226
520,765,1285
603,798,1401
438,558,996
259,666,925
341,542,883
916,948,1864
499,466,965
382,270,652
413,351,764
239,640,879
427,504,931
824,475,1299
981,748,1729
57,577,634
402,140,542
981,989,1970
600,474,1074
557,852,1409
117,816,933
7,176,183
907,859,1766
371,427,798
462,247,709
713,814,1527
617,72,689
842,491,1333
378,372,750
953,670,1623
616,603,1219
677,730,1407
756,658,1414
665,733,1398
653,445,1098
429,970,1399
20,762,782
484,667,1151
969,312,1281
177,582,759
671,32,703
944,734,1678
156,577,733
975,62,1037
193,959,1152
714,570,1284
499,73,572
364,30,394
716,758,1474
390,944,1334
572,806,1378
818,705,1523
3,709,712
859,296,1155
627,532,1159
563,787,1350
772,537,1309
766,63,829
12,500,512
623,239,862
209,412,621
259,457,716
458,372,830
899,408,1307
476,39,515
157,574,731
477,938,1415
669,55,724
956,416,1372
572,625,1197
139,830,969
331,945,1276
475,865,1340
384,115,499
81,823,904
365,997,1362
743,352,1095
388,457,845
907,898,1805
444,988,1432
41,355,396
257,951,1208
987,544,1531
684,140,824
569,414,983
643,852,1495
519,190,709
605,437,1042
582,506,1088
687,335,1022
609,197,806
820,146,966
99,896,995
176,701,877
861,726,1587
455,71,526
967,900,1867
260,679,939
655,401,1056
947,151,1098
847,18,865
100,679,779
758,755,1513
30,401,431
316,920,1236
151,403,554
761,231,992
131,919,1050
653,646,1299
317,130,447
22,378,400
109,269,378
891,222,1113
36,181,217
831,207,1038
471,8,479
219,359,578
325,215,540
960,821,1781
701,382,1083
576,504,1080
241,559,800
94,517,611
310,221,531
839,526,1365
942,404,1346
299,345,644
983,245,1228
479,543,1022
298,144,442
762,288,1050
563,750,1313
749,980,1729
16,787,803
24,676,700
285,641,926
700,23,723
273,730,1003
700,918,1618
645,519,1164
309,648,957
627,319,946
509,77,586
72,509,581
165,59,224
826,719,1545
449,514,963
262,390,652
935,551,1486
277,366,643
145,51,196
985,532,1517
961,316,1277
209,177,386
743,624,1367
149,330,479
647,67,714
28,422,450
673,935,1608
408,875,1283
116,935,1051
919,408,1327
612,591,1203
72,217,289
706,45,751
99,247,346
78,160,238
119,759,878
423,671,1094
58,433,491
892,784,1676
659,766,1425
776,330,1106
651,190,841
409,751,1160
177,415,592
510,576,1086
704,654,1358
318,530,848
157,394,551
483,706,1189
230,818,1048
935,923,1858
496,31,527
314,665,979
753,931,1684
573,504,1077
744,474,1218
193,524,717
663,515,1178
490,858,1348
405,982,1387
92,875,967
890,160,1050
46,176,222
179,629,808
159,143,302
491,695,1186
904,84,988
374,157,531
17,763,780
262,343,605
187,621,808
329,113,442
83,533,616
150,76,226
926,169,1095
223,956,1179
20,256,276
521,807,1328
394,773,1167
482,940,1422
807,22,829
525,353,878
191,72,263
137,535,672
812,914,1726
574,558,1132
976,228,1204
668,329,997
424,496,920
948,620,1568
798,517,1315
542,431,973
359,571,930
581,732,1313
369,373,742
701,679,1380
52,309,361
551,846,1397
35,243,278
602,175,777
260,634,894
701,173,874
858,717,1575
864,642,1506
96,735,831
235,316,551
564,615,1179
311,195,506
418,633,1051
625,764,1389
633,418,1051
879,26,905
754,584,1338
106,347,453
908,168,1076
604,358,962
51,586,637
9,479,488
920,702,1622
226,847,1073
65,916,981
906,146,1052
124,670,794
361,182,543
611,121,732
16,743,759
533,733,1266
747,691,1438
966,77,1043
373,431,804
772,367,1139
243,166,409
451,882,1333
82,264,346
542,871,1413
444,424,868
864,697,1561
79,262,341
742,919,1661
355,995,1350
712,456,1168
48,627,675
1000,382,1382
219,948,1167
860,32,892
647,876,1523
504,724,1228
76,15,91
297,658,955
762,884,1646
19,745,764
820,769,1589
827,24,851
478,548,1026
885,669,1554
956,181,1137
5,754,759
109,154,263
459,784,1243
622,915,1537
974,498,1472
635,29,664
637,289,926
18,127,145
898,215,1113
146,220,366
904,505,1409
25,714,739
234,823,1057
985,578,1563
388,517,905
60,997,1057
38,190,228
988,826,1814
638,929,1567
23,107,130
648,918,1566
228,885,1113
554,306,860
313,785,1098
692,814,1506
85,635,720
627,617,1244
488,54,542
664,927,1591
394,719,1113
793,683,1476
321,191,512
333,25,358
241,856,1097
154,737,891
869,340,1209
233,114,347
275,950,1225
452,797,1249
152,850,1002
785,597,1382
832,722,1554
293,485,778
788,340,1128
42,592,634
457,435,892
317,683,1000
403,281,684
950,392,1342
50,747,797
516,128,644
465,583,1048
693,724,1417
912,10,922
192,938,1130
738,650,1388
601,689,1290
736,400,1136
617,663,1280
253,366,619
566,0,566
557,987,1544
891,78,969
819,332,1151
925,622,1547
834,614,1448
921,552,1473
470,806,1276
95,1,96
46,390,436
367,839,1206
273,456,729
432,647,1079
154,577,731
231,747,978
1000,178,1178
971,413,1384
672,975,1647
492,470,962
468,520,988
730,515,1245
71,575,646
303,652,955
628,661,1289
497,970,1467
101,361,462
760,682,1442
871,188,1059
261,515,776
536,187,723
52,78,130
98,778,876
694,961,1655
794,830,1624
539,893,1432
942,971,1913
725,984,1709
318,682,1000
382,524,906
866,740,1606
42,315,357
226,672,898
933,363,1296
964,195,1159
128,33,161
70,434,504
394,810,1204
418,403,821
715,117,832
274,102,376
596,808,1404
634,222,856
176,753,929
740,691,1431
233,854,1087
661,41,702
211,611,822
728,245,973
734,941,1675
164,628,792
759,604,1363
584,858,1442
493,963,1456
158,645,803
86,952,1038
424,448,872
908,732,1640
763,220,983
387,595,982
880,863,1743
1000,527,1527
121,444,565
832,788,1620
413,103,516
601,432,1033
620,375,995
160,980,1140
897,237,1134
110,31,141
891,709,1600
256,256,512
14,660,674
945,123,1068
206,670,876
127,142,269
844,156,1000
552,536,1088
943,430,1373
967,149,1116
793,723,1516
500,797,1297
201,28,229
638,302,940
603,677,1280
124,676,800
206,867,1073
753,368,1121
358,493,851
413,770,1183
352,716,1068
515,483,998
655,115,770
274,419,693
763,188,951
856,470,1326
736,246,982
364,354,718
545,292,837
965,923,1888
577,370,947
619,924,1543
331,656,987
788,498,1286
280,151,431
144,356,500
602,294,896
622,829,1451
23,195,218
394,816,1210
507,476,983
847,820,1667
758,199,957
538,179,717
383,2,385
996,793,1789
879,438,1317
420,916,1336
433,502,935
77,353,430
745,677,1422
124,254,378
949,879,1828
532,514,1046
949,47,996
359,145,504
224,957,1181
137,974,1111
311,295,606
976,27,1003
297,650,947
62,362,424
476,527,1003
353,690,1043
46,72,118
443,31,474
99,870,969
669,167,836
630,634,1264
413,889,1302
199,136,335
58,259,317
41,202,243
888,430,1318
461,886,1347
559,340,899
672,385,1057
639,168,807
749,702,1451
68,829,897
788,685,1473
826,490,1316
135,115,250
624,792,1416
942,170,1112
161,972,1133
950,474,1424
743,328,1071
239,769,1008
421,101,522
976,986,1962
657,860,1517
187,624,811
515,734,1249
323,410,733
61,378,439
755,459,1214
195,464,659
371,468,839
610,976,1586
633,308,941
401,63,464
232,909,1141
83,332,415
779,971,1750
470,503,973
808,958,1766
728,31,759
386,113,499
83,239,322
389,798,1187
836,551,1387
816,846,1662
997,628,1625
458,554,1012
207,58,265
664,432,1096
891,776,1667
517,106,623
735,512,1247
50,734,784
20,356,376
919,865,1784
907,233,1140
974,125,1099
9,616,625
162,665,827
21,649,670
88,968,1056
346,535,881
43,506,549
607,672,1279
742,923,1665
286,366,652
662,200,862
809,953,1762
776,644,1420
365,456,821
166,854,1020
691,691,1382
753,421,1174
128,691,819
586,365,951
768,828,1596
374,529,903
416,240,656
788,407,1195
105,82,187
311,960,1271
683,769,1452
702,624,1326
56,270,326
53,575,628
90,286,376
834,900,1734
995,93,1088
199,477,676
924,365,1289
804,139,943
49,413,462
843,4,847
670,968,1638
168,119,287
854,146,1000
59,1,60
144,216,360
114,340,454
711,522,1233
883,126,1009
639,109,748
630,488,1118
220,435,655
596,144,740
865,577,1442
93,959,1052
242,875,1117
805,582,1387
975,203,1178
323,896,1219
481,31,512
314,964,1278
772,892,1664
641,936,1577
1,0,1
7,60,67
633,171,804
755,162,917
221,606,827
957,251,1208
462,80,542
523,446,969
551,658,1209
937,591,1528
206,219,425
886,49,935
621,96,717
354,35,389
743,126,869
821,838,1659
383,487,870
476,479,955
575,65,640
327,778,1105
708,190,898
334,220,554
678,877,1555
662,502,1164
409,249,658
412,33,445
987,809,1796
450,672,1122
108,344,452
212,296,508
267,996,1263
420,793,1213
634,261,895
764,611,1375
872,669,1541
411,603,1014
362,67,429
498,838,1336
13,302,315
961,714,1675
153,640,793
530,369,899
668,517,1185
625,425,1050
109,614,723
724,279,1003
3,513,516
486,613,1099
784,822,1606
91,439,530
537,801,1338
357,266,623
228,808,1036
734,886,1620
401,355,756
701,440,1141
584,849,1433
953,872,1825
952,295,1247
926,520,1446
24,203,227
890,441,1331
789,260,1049
915,4,919
253,317,570
903,260,1163
210,120,330
362,104,466
532,615,1147
169,702,871
291,417,708
324,964,1288
420,854,1274
37,878,915
719,328,1047
898,587,1485
125,308,433
414,838,1252
939,306,1245
368,174,542
579,9,588
233,270,503
285,404,689
370,232,602
472,725,1197
934,28,962
913,528,1441
340,788,1128
484,405,889
278,390,668
328,95,423
87,287,374
85,20,105
403,441,844
575,444,1019
305,340,645
773,909,1682
766,148,914
831,637,1468
942,642,1584
564,63,627
259,94,353
863,37,900
418,285,703
815,684,1499
178,996,1174
857,193,1050
794,434,1228
159,887,1046
585,732,1317
963,411,1374
829,266,1095
455,6,461
911,455,1366
875,736,1611
662,152,814
426,312,738
875,33,908
612,130,742
477,39,516
73,2,75
964,713,1677
419,136,555
278,968,1246
512,179,691
8,174,182
437,162,599
780,93,873
4,104,108
126,970,1096
952,684,1636
907,368,1275
491,683,1174
32,196,228
820,116,936
959,212,1171
856,489,1345
153,64,217
297,643,940
376,702,1078
497,971,1468
607,81,688
473,650,1123
665,560,1225
232,138,370
190,63,253
666,663,1329
182,83,265
523,0,523
636,478,1114
942,498,1440
81,109,190
853,855,1708
100,191,291
525,984,1509
236,983,1219
349,391,740
898,859,1757
422,158,580
198,19,217
393,792,1185
982,844,1826
378,211,589
230,556,786
946,899,1845
715,139,854
261,551,812
615,890,1505
295,645,940
47,210,257
296,849,1145
632,290,922
278,536,814
782,236,1018
799,998,1797
263,632,895
30,374,404
791,343,1134
357,86,443
377,129,506
47,627,674
524,923,1447
171,706,877
478,848,1326
75,326,401
451,266,717
740,449,1189
542,868,1410
179,313,492
47,46,93
543,18,561
362,998,1360
598,60,658
637,339,976
125,56,181
209,899,1108
0,713,713
214,969,1183
911,462,1373
157,213,370
778,628,1406
414,559,973
177,124,301
419,766,1185
33,852,885
512,933,1445
674,826,1500
266,428,694
191,87,278
957,417,1374
218,146,364
131,761,892
922,440,1362
378,702,1080
384,513,897
774,826,1600
615,956,1571
502,272,774
530,74,604
300,527,827
47,902,949
600,707,1307
522,973,1495
312,607,919
877,115,992
123,720,843
825,733,1558
829,467,1296
34,170,204
271,764,1035
371,684,1055
988,864,1852
360,359,719
195,116,311
377,537,914
556,76,632
694,161,855
853,178,1031
41,964,1005
24,201,225
659,616,1275
856,196,1052
768,492,1260
86,462,548
222,926,1148
755,318,1073
740,409,1149
44,320,364
258,471,729
718,653,1371
947,332,1279
563,674,1237
523,872,1395
861,863,1724
405,120,525
940,508,1448
4,111,115
839,545,1384
772,794,1566
667,923,1590
921,998,1919
406,762,1168
529,246,775
305,918,1223
885,867,1752
619,460,1079
745,122,867
384,353,737
256,391,647
538,200,738
446,9,455
502,871,1373
800,158,958
145,278,423
750,966,1716
241,7,248
868,49,917
413,897,1310
122,244,366
922,146,1068
349,785,1134
957,284,1241
710,904,1614
576,488,1064
906,20,926
233,395,628
848,575,1423
244,167,411
345,345,690
647,569,1216
798,486,1284
474,308,782
942,368,1310
499,173,672
257,714,971
952,54,1006
576,718,1294
415,296,711
674,784,1458
38,991,1029
393,421,814
302,759,1061
848,936,1784
489,858,1347
545,332,877
988,319,1307
164,25,189
80,479,559
249,554,803
659,730,1389
754,78,832
351,344,695
699,692,1391
446,493,939
485,424,909
805,924,1729
970,80,1050
404,438,842
900,479,1379
713,126,839
665,373,1038
777,775,1552
150,315,465
358,436,794
169,596,765
248,926,1174
386,61,447
232,634,866
692,468,1160
855,554,1409
79,592,671
696,276,972
830,188,1018
604,365,969
191,995,1186
19,629,648
838,237,1075
22,608,630
121,418,539
857,109,966
704,512,1216
592,63,655
677,293,970
457,955,1412
574,18,592
102,470,572
920,665,1585
182,822,1004
825,20,845
460,922,1382
929,868,1797
904,247,1151
643,921,1564
316,984,1300
509,284,793
358,341,699
573,44,617
90,297,387
890,125,1015
673,1000,1673
759,394,1153
787,740,1527
528,790,1318
493,903,1396
523,778,1301
346,292,638
308,900,1208
194,545,739
18,440,458
570,474,1044
897,559,1456
633,737,1370
44,561,605
385,824,1209
496,23,519
506,574,1080
921,734,1655
972,396,1368
145,269,414
701,708,1409
519,753,1272
226,373,599
985,172,1157
959,40,999
33,548,581
924,166,1090
28,655,683
754,115,869
960,422,1382
119,718,837
10,414,424
934,571,1505
585,119,704
246,842,1088
630,263,893
894,215,1109
942,343,1285
931,334,1265
624,776,1400
391,984,1375
113,328,441
957,724,1681
168,16,184
649,37,686
635,120,755
12,3,15
795,161,956
907,12,919
390,341,731
501,193,694
920,551,1471
90,960,1050
942,484,1426
933,671,1604
432,906,1338
95,239,334
117,806,923
398,74,472
437,289,726
104,279,383
560,922,1482
744,198,942
262,75,337
345,6,351
19,19,38
738,734,1472
814,973,1787
664,488,1152
644,679,1323
194,233,427
250,509,759
450,329,779
774,460,1234
720,984,1704
214,878,1092
724,846,1570
199,49,248
19,650,669
249,450,699
441,799,1240
158,685,843
341,247,588
87,589,676
1000,992,1992
508,149,657
681,62,743
858,651,1509
293,891,1184
386,430,816
195,328,523
792,929,1721
145,175,320
411,252,663
636,9,645
226,585,811
66,641,707
518,187,705
211,80,291
937,431,1368
20,469,489
418,755,1173
836,94,930
650,401,1051
66,487,553
489,383,872
998,305,1303
75,938,1013
669,559,1228
931,808,1739
157,169,326
911,223,1134
46,789,835
232,911,1143
276,477,753
247,897,1144
289,458,747
451,754,1205
431,226,657
266,967,1233
143,780,923
123,60,183
162,860,1022
917,271,1188
472,888,1360
189,821,1010
148,65,213
866,680,1546
699,164,863
960,877,1837
795,152,947
690,488,1178
534,686,1220
383,121,504
585,426,1011
42,447,489
522,957,1479
299,154,453
462,661,1123
33,189,222
12,684,696
36,676,712
773,205,978
762,26,788
533,135,668
627,326,953
472,380,852
322,518,840
648,463,1111
752,448,1200
31,25,56
418,579,997
6,359,365
306,428,734
408,527,935
675,262,937
400,419,819
21,34,55
487,970,1457
925,194,1119
191,89,280
751,101,852
433,235,668
334,526,860
5,649,654
127,36,163
506,465,971
989,348,1337
806,141,947
777,398,1175
382,969,1351
719,785,1504
415,451,866
624,788,1412
451,327,778
832,140,972
568,461,1029
25,914,939
704,363,1067
679,202,881
318,209,527
483,486,969
81,457,538
881,492,1373
420,812,1232
652,216,868
554,305,859
20,807,827
234,63,297
757,146,903
467,570,1037
262,454,716
669,982,1651
765,81,846
877,857,1734
239,703,942
116,320,436
249,381,630
618,695,1313
408,537,945
36,833,869
110,41,151
633,159,792
93,252,345
473,686,1159
972,544,1516
233,537,770
822,120,942
483,884,1367
605,246,851
745,438,1183
641,661,1302
193,87,280
4,987,991
938,377,1315
461,515,976
604,633,1237
124,684,808
111,129,240
722,235,957
297,829,1126
656,271,927
843,522,1365
159,264,423
738,652,1390
209,512,721
123,875,998
493,282,775
525,858,1383
80,171,251
44,237,281
183,827,1010
38,606,644
507,379,886
325,759,1084
846,96,942
53,262,315
939,441,1380
983,546,1529
398,878,1276
371,774,1145
889,673,1562
55,68,123
836,547,1383
494,491,985
553,385,938
628,300,928
99,134,233
845,453,1298
944,223,1167
642,874,1516
862,967,1829
688,396,1084
544,306,850
212,336,548
133,293,426
156,238,394
456,300,756
128,434,562
202,667,869
517,699,1216
497,115,612
79,432,511
395,696,1091
45,587,632
532,792,1324
259,95,354
863,991,1854
899,372,1271
175,249,424
730,747,1477
354,690,1044
45,748,793
560,745,1305
8,62,70
959,163,1122
345,466,811
638,808,1446
602,860,1462
800,507,1307
273,378,651
554,338,892
82,434,516
858,107,965
673,742,1415
773,813,1586
438,459,897
210,882,1092
633,910,1543
82,335,417
667,652,1319
237,425,662
868,937,1805
115,249,364
35,858,893
503,180,683
873,462,1335
315,508,823
992,233,1225
942,101,1043
316,760,1076
455,476,931
335,506,841
599,491,1090
230,530,760
902,225,1127
661,336,997
951,366,1317
552,651,1203
524,1000,1524
600,845,1445
414,871,1285
817,277,1094
130,386,516
16,243,259
801,386,1187
528,824,1352
869,379,1248
635,773,1408
35,180,215
699,692,1391
53,444,497
32,430,462
52,794,846
964,619,1583
597,65,662
0,172,172
933,920,1853
699,580,1279
501,763,1264
301,674,975
575,511,1086
664,322,986
532,58,590
431,65,496
123,736,859
25,75,100
532,396,928
362,978,1340
11,372,383
853,824,1677
391,986,1377
319,728,1047
55,942,997
963,421,1384
9,64,73
924,422,1346
523,743,1266
210,755,965
656,500,1156
618,929,1547
8,64,72
621,575,1196
824,129,953
505,704,1209
64,933,997
475,225,700
237,325,562
788,648,1436
318,624,942
717,384,1101
745,29,774
736,947,1683
467,261,728
629,210,839
561,770,1331
775,444,1219
273,454,727
632,345,977
17,948,965
171,247,418
936,697,1633
524,309,833
577,964,1541
397,142,539
987,385,1372
432,388,820
861,383,1244
586,844,1430
282,444,726
519,606,1125
465,765,1230
46,816,862
316,753,1069
747,261,1008
441,631,1072
732,466,1198
471,563,1034
851,117,968
636,404,1040
299,530,829
825,782,1607
538,813,1351
744,799,1543
803,480,1283
746,281,1027
317,363,680
679,575,1254
169,469,638
184,469,653
872,69,941
14,174,188
837,326,1163
142,181,323
161,710,871
99,656,755
51,955,1006
865,859,1724
874,750,1624
986,683,1669
743,110,853
314,989,1303
815,561,1376
886,567,1453
171,795,966
659,914,1573
966,514,1480
940,480,1420
23,629,652
999,13,1012
575,886,1461
175,835,1010
379,403,782
481,538,1019
647,435,1082
731,136,867
212,226,438
718,916,1634
34,365,399
101,243,344
487,796,1283
200,168,368
923,732,1655
791,605,1396
606,518,1124
760,858,1618
923,368,1291
175,386,561
428,205,633
420,666,1086
564,813,1377
50,849,899
554,841,1395
163,471,634
394,955,1349
565,267,832
9,548,557
383,496,879
604,482,1086
422,553,975
680,465,1145
336,743,1079
829,407,1236
427,5,432
559,555,1114
479,789,1268
718,627,1345
175,755,930
405,489,894
185,670,855
394,830,1224
981,644,1625
968,290,1258
927,107,1034
36,761,797
366,523,889
324,100,424
492,751,1243
439,379,818
585,995,1580
560,229,789
673,144,817
516,333,849
778,925,1703
198,797,995
392,253,645
924,637,1561
780,881,1661
875,151,1026
52,573,625
503,270,773
988,463,1451
472,399,871
20,640,660
445,561,1006
322,741,1063
462,522,984
385,276,661
480,516,996
73,234,307
70,24,94
701,857,1558
968,95,1063
136,88,224
914,811,1725
748,398,1146
279,214,493
200,793,993
950,879,1829
22,94,116
753,242,995
579,671,1250
14,206,220
895,137,1032
832,499,1331
960,570,1530
138,805,943
197,136,333
391,568,959
248,533,781
538,967,1505
608,471,1079
557,904,1461
996,475,1471
616,860,1476
823,660,1483
426,165,591
815,386,1201
572,80,652
954,22,976
705,552,1257
296,539,835
244,258,502
414,833,1247
625,788,1413
828,482,1310
520,243,763
611,922,1533
201,811,1012
288,709,997
579,169,748
719,100,819
638,964,1602
985,833,1818
435,913,1348
132,849,981
727,828,1555
187,109,296
266,927,1193
222,327,549
733,808,1541
590,651,1241
396,335,731
517,272,789
172,866,1038
749,641,1390
348,369,717
648,913,1561
124,888,1012
344,754,1098
204,786,990
295,578,873
889,838,1727
652,944,1596
228,336,564
943,329,1272
170,822,992
66,898,964
70,723,793
952,524,1476
521,174,695
178,269,447
166,639,805
929,425,1354
285,517,802
614,80,694
123,946,1069
846,81,927
419,34,453
719,557,1276
369,209,578
478,480,958
232,1,233
488,466,954
165,637,802
63,66,129
963,355,1318
783,892,1675
173,96,269
747,555,1302
119,647,766
107,469,576
935,698,1633
907,251,1158
81,286,367
688,566,1254
169,327,496
347,833,1180
240,228,468
526,366,892
753,39,792
914,701,1615
369,56,425
532,758,1290
271,698,969
715,912,1627
231,811,1042
131,76,207
312,208,520
618,523,1141
646,779,1425
270,275,545
463,811,1274
70,377,447
198,444,642
861,894,1755
68,59,127
738,275,1013
12,256,268
544,411,955
538,807,1345
938,260,1198
249,593,842
231,743,974
384,435,819
124,222,346
398,786,1184
695,657,1352
387,506,893
604,311,915
683,154,837
454,107,561
635,660,1295
382,36,418
49,409,458
668,551,1219
228,909,1137
778,623,1401
672,669,1341
115,207,322
930,521,1451
152,329,481
895,683,1578
594,736,1330
808,133,941
34,63,97
106,269,375
307,177,484
564,259,823
27,237,264
698,793,1491
918,317,1235
734,573,1307
667,923,1590
961,164,1125
214,942,1156
667,502,1169
410,696,1106
303,607,910
940,718,1658
800,639,1439
507,859,1366
786,407,1193
476,203,679
744,141,885
242,998,1240
864,249,1113
937,389,1326
160,678,838
966,487,1453
977,838,1815
609,520,1129
384,656,1040
616,514,1130
810,292,1102
743,596,1339
101,22,123
670,272,942
942,921,1863
692,11,703
440,118,558
216,478,694
286,635,921
410,72,482
474,65,539
774,15,789
791,767,1558
539,173,712
683,846,1529
505,223,728
816,218,1034
682,829,1511
134,37,171
22,411,433
935,52,987
898,494,1392
577,514,1091
112,518,630
244,65,309
969,211,1180
667,922,1589
393,854,1247
269,362,631
923,934,1857
180,957,1137
725,36,761
452,743,1195
88,282,370
116,801,917
496,276,772
442,824,1266
540,832,1372
543,817,1360
462,49,511
73,622,695
742,50,792
846,755,1601
977,565,1542
607,860,1467
223,602,825
881,440,1321
435,976,1411
589,24,613
353,532,885
298,278,576
206,780,986
832,282,1114
105,955,1060
954,870,1824
631,226,857
87,865,952
69,889,958
216,928,1144
696,893,1589
384,408,792
226,745,971
537,881,1418
165,928,1093
274,869,1143
404,688,1092
673,397,1070
156,353,509
720,294,1014
241,30,271
577,776,1353
349,792,1141
169,636,805
95,685,780
944,833,1777
792,77,869
21,144,165
965,760,1725
510,891,1401
14,466,480
871,971,1842
162,773,935
602,184,786
826,925,1751
834,22,856
659,798,1457
972,560,1532
255,328,583
187,223,410
462,122,584
391,613,1004
614,26,640
888,576,1464
152,163,315
111,245,356
294,266,560
835,473,1308
604,551,1155
121,116,237
647,286,933
747,458,1205
291,750,1041
405,301,706
339,454,793
1,153,154
782,288,1070
805,212,1017
894,149,1043
140,913,1053
848,754,1602
602,621,1223
624,37,661
987,394,1381
173,584,757
920,983,1903
994,229,1223
292,760,1052
740,652,1392
758,228,986
811,20,831
898,179,1077
143,131,274
185,998,1183
744,660,1404
485,804,1289
870,121,991
941,415,1356
803,18,821
973,752,1725
156,915,1071
860,597,1457
201,111,312
809,972,1781
216,715,931
744,802,1546
548,518,1066
395,485,880
664,839,1503
292,497,789
868,171,1039
825,367,1192
831,188,1019
900,343,1243
622,239,861
335,329,664
814,830,1644
236,217,453
233,971,1204
392,426,818
310,653,963
495,923,1418
156,462,618
205,969,1174
247,557,804
6,231,237
208,729,937
627,43,670
641,795,1436
926,606,1532
533,419,952
716,130,846
617,236,853
307,177,484
156,301,457
867,36,903
38,557,595
357,944,1301
799,250,1049
613,209,822
537,91,628
212,23,235
997,171,1168
573,109,682
22,331,353
943,699,1642
635,396,1031
793,146,939
105,553,658
261,805,1066
139,9,148
663,470,1133
625,449,1074
263,978,1241
738,213,951
250,481,731
927,777,1704
458,609,1067
835,522,1357
745,557,1302
148,845,993
743,816,1559
265,809,1074
920,376,1296
907,358,1265
292,318,610
767,187,954
865,394,1259
286,316,602
66,563,629
817,775,1592
145,852,997
723,859,1582
227,271,498
64,315,379
326,939,1265
724,232,956
360,495,855
957,276,1233
673,636,1309
669,651,1320
396,84,480
314,108,422
934,461,1395
590,545,1135
18,313,331
832,184,1016
261,516,777
242,277,519
700,465,1165
918,465,1383
175,920,1095
345,944,1289
87,781,868
303,691,994
320,744,1064
878,938,1816
84,940,1024
254,543,797
419,803,1222
840,753,1593
736,748,1484
521,171,692
13,193,206
251,67,318
552,762,1314
883,782,1665
784,176,960
344,291,635
825,74,899
68,622,690
339,106,445
416,745,1161
557,254,811
805,152,957
892,615,1507
672,535,1207
50,861,911
886,112,998
543,884,1427
707,606,1313
880,17,897
844,318,1162
755,102,857
134,190,324
945,957,1902
595,272,867
582,867,1449
800,636,1436
218,19,237
554,56,610
182,127,309
244,891,1135
161,913,1074
891,979,1870
764,24,788
934,683,1617
89,139,228
143,77,220
658,195,853
996,786,1782
990,557,1547
409,105,514
271,553,824
779,374,1153
551,649,1200
721,487,1208
402,809,1211
278,306,584
995,573,1568
244,625,869
892,394,1286
344,956,1300
79,699,778
811,99,910
655,719,1374
814,978,1792
236,75,311
237,689,926
635,276,911
429,408,837
19,722,741
69,733,802
106,349,455
427,500,927
792,805,1597
862,354,1216
685,130,815
956,176,1132
370,675,1045
307,784,1091
68,863,931
551,419,970
395,693,1088
378,956,1334
925,212,1137
79,857,936
477,152,629
718,83,801
595,853,1448
949,226,1175
899,934,1833
275,43,318
702,481,1183
576,964,1540
786,615,1401
807,406,1213
287,934,1221
371,256,627
956,934,1890
258,411,669
929,910,1839
988,500,1488
449,907,1356
466,671,1137
460,931,1391
986,129,1115
485,423,908
660,12,672
512,639,1151
797,840,1637
560,325,885
172,993,1165
448,617,1065
46,481,527
369,719,1088
995,796,1791
886,714,1600
576,596,1172
322,912,1234
519,660,1179
538,325,863
772,740,1512
105,485,590
715,595,1310
997,569,1566
27,522,549
724,612,1336
735,964,1699
443,851,1294
309,642,951
709,714,1423
715,22,737
978,935,1913
450,800,1250
583,725,1308
225,291,516
954,9,963
386,487,873
213,420,633
532,672,1204
920,93,1013
721,731,1452
812,351,1163
955,187,1142
920,181,1101
713,77,790
601,271,872
374,813,1187
377,546,923
667,385,1052
401,62,463
415,999,1414
263,86,349
35,315,350
821,74,895
784,922,1706
624,853,1477
87,338,425
923,71,994
786,898,1684
743,184,927
533,651,1184
385,395,780
896,527,1423
533,395,928
816,388,1204
951,149,1100
768,742,1510
49,380,429
488,682,1170
358,279,637
302,278,580
754,673,1427
404,83,487
577,0,577
452,785,1237
223,861,1084
416,918,1334
44,229,273
860,933,1793
876,914,1790
115,529,644
805,601,1406
497,791,1288
325,991,1316
836,289,1125
802,826,1628
355,313,668
994,936,1930
630,803,1433
577,575,1152
207,218,425
968,25,993
95,520,615
308,787,1095
29,417,446
93,452,545
384,934,1318
351,563,914
907,158,1065
280,901,1181
154,812,966
296,984,1280
354,721,1075
551,200,751
503,168,671
634,887,1521
679,345,1024
342,464,806
750,905,1655
746,571,1317
691,731,1422
752,436,1188
51,89,140
256,927,1183
428,980,1408
222,605,827
977,100,1077
767,194,961
310,604,914
512,195,707
422,871,1293
812,981,1793
324,824,1148
373,807,1180
381,842,1223
577,246,823
523,120,643
17,570,587
847,448,1295
571,29,600
113,451,564
760,162,922
308,612,920
989,366,1355
482,512,994
470,841,1311
207,362,569
940,929,1869
848,817,1665
641,728,1369
114,109,223
116,211,327
353,643,996
483,294,777
465,761,1226
77,655,732
767,833,1600
841,924,1765
112,932,1044
277,209,486
751,650,1401
727,199,926
358,461,819
390,703,1093
251,285,536
570,157,727
576,351,927
554,315,869
98,182,280
38,298,336
531,287,818
922,100,1022
688,408,1096
303,203,506
969,398,1367
687,65,752
486,28,514
975,44,1019
503,597,1100
958,15,973
549,605,1154
885,759,1644
311,492,803
342,419,761
787,266,1053
194,684,878
584,13,597
896,104,1000
854,848,1702
57,375,432
112,206,318
249,463,712
264,409,673
617,640,1257
856,904,1760
836,917,1753
246,652,898
342,447,789
683,209,892
378,727,1105
724,11,735
955,795,1750
356,787,1143
910,407,1317
191,560,751
278,267,545
356,745,1101
199,734,933
665,831,1496
526,946,1472
889,812,1701
18,982,1000
556,3,559
481,554,1035
843,536,1379
894,173,1067
516,365,881
201,984,1185
484,87,571
865,18,883
684,706,1390
780,413,1193
591,851,1442
962,242,1204
641,587,1228
59,63,122
967,548,1515
672,929,1601
320,681,1001
407,769,1176
715,266,981
575,957,1532
259,916,1175
788,823,1611
666,472,1138
436,218,654
524,512,1036
882,760,1642
371,223,594
717,473,1190
305,289,594
333,768,1101
175,309,484
34,40,74
15,622,637
285,709,994
565,385,950
91,201,292
549,784,1333
113,385,498
644,612,1256
867,227,1094
932,806,1738
589,609,1198
398,162,560
223,740,963
503,923,1426
284,957,1241
787,266,1053
258,165,423
327,334,661
783,873,1656
713,414,1127
588,647,1235
249,101,350
14,72,86
242,836,1078
853,117,970
478,863,1341
591,638,1229
662,11,673
866,765,1631
539,477,1016
495,41,536
788,590,1378
400,715,1115
988,310,1298
410,412,822
949,602,1551
553,322,875
504,103,607
671,133,804
264,242,506
945,356,1301
116,707,823
375,474,849
900,223,1123
187,298,485
636,88,724
477,846,1323
685,348,1033
261,713,974
542,615,1157
386,854,1240
122,844,966
399,285,684
156,298,454
628,31,659
271,352,623
490,592,1082
971,669,1640
396,153,549
513,670,1183
665,237,902
197,534,731
546,572,1118
696,409,1105
999,343,1342
216,248,464
718,282,1000
924,936,1860
563,911,1474
167,457,624
151,764,915
804,489,1293
332,875,1207
607,998,1605
537,929,1466
587,363,950
641,800,1441
227,882,1109
402,581,983
283,325,608
359,133,492
555,111,666
170,432,602
898,442,1340
473,91,564
265,423,688
488,18,506
559,496,1055
545,956,1501
208,1000,1208
928,21,949
696,326,1022
690,322,1012
508,659,1167
347,247,594
407,31,438
568,359,927
359,824,1183
639,608,1247
311,653,964
239,757,996
720,860,1580
154,497,651
581,812,1393
892,599,1491
611,895,1506
74,154,228
90,892,982
834,410,1244
692,311,1003
895,685,1580
323,104,427
740,649,1389
863,639,1502
96,667,763
703,738,1441
1000,778,1778
665,213,878
471,920,1391
908,194,1102
504,776,1280
594,728,1322
973,906,1879
345,567,912
586,572,1158
491,930,1421
38,779,817
743,285,1028
916,100,1016
828,699,1527
513,511,1024
382,724,1106
288,118,406
353,51,404
270,728,998
122,139,261
804,37,841
744,613,1357
270,596,866
921,118,1039
835,728,1563
333,569,902
786,481,1267
963,102,1065
358,971,1329
104,553,657
726,366,1092
654,487,1141
838,474,1312
584,168,752
180,633,813
916,311,1227
340,527,867
4,386,390
551,331,882
332,25,357
154,401,555
900,477,1377
129,614,743
705,955,1660
564,238,802
38,728,766
210,862,1072
21,907,928
300,596,896
934,4,938
5,517,522
226,239,465
883,380,1263
882,208,1090
382,269,651
297,592,889
652,887,1539
306,104,410
968,688,1656
276,488,764
912,298,1210
97,277,374
238,311,549
916,269,1185
675,296,971
800,121,921
773,943,1716
101,109,210
634,357,991
534,425,959
900,746,1646
311,821,1132
694,960,1654
654,40,694
89,456,545
923,224,1147
162,60,222
373,632,1005
117,701,818
44,309,353
469,715,1184
543,659,1202
583,390,973
109,223,332
324,89,413
37,646,683
301,238,539
803,108,911
354,12,366
441,581,1022
146,186,332
279,805,1084
89,335,424
956,285,1241
344,871,1215
466,829,1295
422,947,1369
682,264,946
1,86,87
364,229,593
883,734,1617
476,388,864
505,358,863
660,162,822
120,645,765
129,83,212
849,658,1507
188,315,503
840,893,1733
795,688,1483
871,439,1310
635,614,1249
170,384,554
186,61,247
413,992,1405
197,625,822
618,612,1230
657,47,704
726,678,1404
156,63,219
289,97,386
404,967,1371
1,75,76
727,286,1013
391,946,1337
59,649,708
965,438,1403
300,255,555
557,692,1249
683,344,1027
28,395,423
836,769,1605
378,585,963
560,645,1205
370,385,755
49,601,650
17,834,851
514,525,1039
27,617,644
448,158,606
237,998,1235
899,998,1897
249,501,750
656,771,1427
769,166,935
312,557,869
86,335,421
691,463,1154
229,307,536
340,47,387
991,903,1894
207,170,377
956,688,1644
241,723,964
694,205,899
576,479,1055
104,527,631
458,426,884
252,968,1220
950,738,1688
280,233,513
135,338,473
876,819,1695
970,225,1195
6,600,606
56,353,409
28,471,499
313,127,440
143,939,1082
495,229,724
139,869,1008
139,936,1075
176,777,953
465,388,853
924,968,1892
154,544,698
647,21,668
890,929,1819
38,70,108
478,662,1140
769,698,1467
137,694,831
160,127,287
335,355,690
8,257,265
991,732,1723
620,424,1044
317,858,1175
733,656,1389
340,102,442
958,679,1637
603,904,1507
387,909,1296
844,241,1085
298,90,388
328,112,440
752,673,1425
943,75,1018
40,383,423
117,237,354
430,951,1381
585,183,768
749,428,1177
128,903,1031
16,78,94
179,452,631
11,660,671
964,229,1193
386,651,1037
154,50,204
145,163,308
431,340,771
918,849,1767
0,162,162
393,372,765
181,604,785
556,600,1156
530,974,1504
771,479,1250
352,785,1137
984,225,1209
704,468,1172
90,302,392
65,431,496
916,517,1433
570,380,950
835,256,1091
287,205,492
108,835,943
717,541,1258
688,834,1522
942,821,1763
151,206,357
479,169,648
199,465,664
567,756,1323
24,208,232
61,687,748
286,293,579
755,395,1150
408,329,737
236,947,1183
102,633,735
754,147,901
175,840,1015
681,217,898
75,989,1064
868,882,1750
305,945,1250
529,356,885
346,976,1322
72,701,773
372,36,408
543,754,1297
103,53,156
683,328,1011
558,589,1147
267,451,718
843,82,925
307,98,405
534,903,1437
150,385,535
420,266,686
82,28,110
385,445,830
91,518,609
247,317,564
146,531,677
417,107,524
621,798,1419
477,120,597
392,742,1134
395,724,1119
162,659,821
455,844,1299
609,564,1173
382,601,983
143,29,172
219,340,559
593,834,1427
79,469,548
515,824,1339
497,156,653
97,829,926
360,48,408
191,941,1132
174,587,761
810,420,1230
598,665,1263
764,791,1555
302,284,586
340,160,500
936,428,1364
340,646,986
606,931,1537
487,868,1355
809,387,1196
465,498,963
664,152,816
469,373,842
499,704,1203
252,719,971
336,723,1059
207,790,997
189,684,873
536,394,930
842,563,1405
929,222,1151
68,722,790
952,164,1116
682,268,950
229,958,1187
57,912,969
985,211,1196
84,312,396
481,348,829
244,34,278
434,555,989
785,757,1542
48,640,688
230,647,877
870,18,888
885,43,928
383,179,562
926,290,1216
995,10,1005
946,786,1732
8,86,94
783,50,833
948,423,1371
631,137,768
799,486,1285
210,249,459
838,146,984
226,950,1176
300,419,719
359,634,993
750,325,1075
3,296,299
855,35,890
200,972,1172
9,102,111
153,703,856
791,322,1113
965,713,1678
479,192,671
917,948,1865
189,485,674
459,742,1201
161,612,773
823,198,1021
719,605,1324
285,903,1188
30,22,52
198,367,565
288,274,562
864,385,1249
399,959,1358
660,10,670
64,587,651
229,119,348
724,399,1123
779,488,1267
808,967,1775
365,439,804
837,680,1517
923,454,1377
261,447,708
14,651,665
668,153,821
291,563,854
661,621,1282
727,88,815
858,599,1457
945,904,1849
490,606,1096
739,474,1213
384,135,519
330,253,583
229,190,419
337,815,1152
330,500,830
712,989,1701
573,7,580
874,60,934
652,533,1185
188,599,787
109,281,390
799,254,1053
818,963,1781
632,621,1253
183,159,342
522,725,1247
978,645,1623
287,10,297
898,480,1378
702,651,1353
41,320,361
999,381,1380
529,924,1453
826,822,1648
523,280,803
705,217,922
471,78,549
608,248,856
429,453,882
515,978,1493
705,798,1503
118,281,399
693,623,1316
49,987,1036
387,47,434
115,420,535
948,388,1336
943,78,1021
280,440,720
633,687,1320
93,419,512
667,311,978
700,709,1409
877,367,1244
412,326,738
790,399,1189
326,806,1132
889,548,1437
299,383,682
779,422,1201
499,552,1051
950,103,1053
236,63,299
483,228,711
656,467,1123
852,362,1214
496,967,1463
94,580,674
128,545,673
813,455,1268
194,917,1111
654,266,920
505,438,943
206,483,689
145,911,1056
649,209,858
8,859,867
921,511,1432
170,707,877
731,825,1556
991,546,1537
537,115,652
878,806,1684
985,845,1830
356,457,813
560,105,665
553,329,882
93,551,644
611,579,1190
617,975,1592
137,252,389
783,66,849
893,828,1721
2,211,213
227,456,683
437,168,605
99,731,830
9,311,320
62,161,223
194,467,661
679,511,1190
807,89,896
329,938,1267
924,883,1807
226,570,796
900,796,1696
790,722,1512
262,192,454
925,631,1556
103,988,1091
942,815,1757
371,11,382
534,288,822
76,12,88
912,161,1073
542,209,751
716,178,894
292,562,854
338,448,786
208,667,875
81,219,300
922,642,1564
66,532,598
246,15,261
224,299,523
935,370,1305
809,215,1024
109,764,873
785,920,1705
855,609,1464
969,796,1765
920,866,1786
846,980,1826
120,187,307
390,842,1232
594,122,716
48,283,331
465,254,719
872,619,1491
539,855,1394
176,657,833
974,520,1494
435,931,1366
535,278,813
39,842,881
90,424,514
460,375,835
711,952,1663
815,569,1384
426,534,960
636,687,1323
117,196,313
250,96,346
904,241,1145
376,339,715
512,455,967
596,423,1019
175,716,891
808,891,1699
323,476,799
675,259,934
561,797,1358
755,564,1319
482,838,1320
743,677,1420
186,666,852
734,530,1264
762,31,793
222,562,784
822,289,1111
757,924,1681
868,50,918
473,933,1406
804,836,1640
794,141,935
760,342,1102
643,378,1021
153,768,921
736,488,1224
593,402,995
710,229,939
645,150,795
88,54,142
453,446,899
991,640,1631
366,160,526
563,86,649
609,964,1573
139,433,572
286,221,507
258,792,1050
141,981,1122
35,926,961
683,430,1113
577,83,660
296,64,360
163,163,326
220,842,1062
871,463,1334
160,131,291
236,838,1074
137,649,786
436,836,1272
801,860,1661
656,293,949
969,443,1412
336,977,1313
261,272,533
848,944,1792
584,923,1507
934,313,1247
207,989,1196
461,808,1269
716,244,960
133,905,1038
672,63,735
156,135,291
891,594,1485
876,13,889
204,750,954
643,521,1164
466,956,1422
207,794,1001
695,809,1504
932,854,1786
673,476,1149
784,577,1361
885,402,1287
782,353,1135
339,431,770
728,181,909
76,294,370
262,677,939
877,933,1810
544,597,1141
530,969,1499
764,251,1015
562,455,1017
174,865,1039
756,661,1417
965,369,1334
116,940,1056
836,651,1487
445,498,943
934,519,1453
629,350,979
378,499,877
599,3,602
392,807,1199
988,117,1105
115,398,513
607,382,989
641,363,1004
410,309,719
573,271,844
285,637,922
379,243,622
54,696,750
498,777,1275
736,776,1512
925,697,1622
399,578,977
511,239,750
430,932,1362
576,578,1154
556,421,977
189,510,699
209,279,488
556,193,749
731,475,1206
245,273,518
581,243,824
740,785,1525
975,57,1032
408,88,496
618,934,1552
714,430,1144
844,791,1635
477,696,1173
39,58,97
839,834,1673
624,126,750
779,703,1482
973,327,1300
139,966,1105
232,954,1186
68,327,395
670,932,1602
108,564,672
731,673,1404
64,726,790
853,302,1155
290,545,835
370,993,1363
378,530,908
41,680,721
365,975,1340
324,34,358
572,357,929
58,880,938
855,945,1800
762,491,1253
117,595,712
422,134,556
371,201,572
250,965,1215
85,867,952
237,545,782
92,66,158
626,593,1219
898,598,1496
825,670,1495
677,717,1394
580,847,1427
92,89,181
960,402,1362
336,110,446
814,813,1627
651,428,1079
131,385,516
109,221,330
301,351,652
720,131,851
3,809,812
747,709,1456
72,596,668
258,329,587
386,995,1381
237,707,944
402,789,1191
105,298,403
21,12,33
855,700,1555
20,411,431
312,762,1074
956,592,1548
224,236,460
705,53,758
424,344,768
114,794,908
230,887,1117
459,948,1407
761,459,1220
616,468,1084
710,504,1214
484,111,595
234,174,408
370,600,970
982,916,1898
313,852,1165
420,400,820
219,368,587
443,491,934
333,555,888
420,87,507
373,711,1084
244,791,1035
428,105,533
156,16,172
22,23,45
535,877,1412
325,8,333
443,220,663
923,500,1423
90,46,136
774,126,900
418,817,1235
477,616,1093
949,286,1235
292,406,698
500,968,1468
971,135,1106
13,439,452
298,620,918
370,143,513
6,68,74
779,613,1392
867,919,1786
69,127,196
706,825,1531
860,423,1283
261,307,568
724,169,893
524,786,1310
42,90,132
845,942,1787
692,970,1662
367,156,523
772,763,1535
599,664,1263
404,975,1379
649,905,1554
887,290,1177
41,981,1022
271,172,443
943,933,1876
594,859,1453
993,749,1742
792,160,952
887,99,986
371,231,602
141,82,223
51,174,225
101,394,495
347,597,944
0,182,182
796,544,1340
321,809,1130
443,471,914
383,261,644
880,845,1725
142,631,773
488,640,1128
411,337,748
666,514,1180
764,549,1313
67,479,546
568,500,1068
4,546,550
467,947,1414
276,892,1168
849,299,1148
280,780,1060
767,301,1068
150,384,534
156,623,779
616,439,1055
637,151,788
628,974,1602
658,3,661
981,593,1574
378,620,998
962,938,1900
8,635,643
385,637,1022
5,937,942
52,359,411
351,924,1275
838,496,1334
67,993,1060
106,99,205
582,216,798
882,938,1820
991,298,1289
202,420,622
232,1000,1232
573,798,1371
126,873,999
514,676,1190
259,794,1053
919,633,1552
765,463,1228
643,690,1333
594,390,984
235,700,935
50,10,60
822,797,1619
608,822,1430
992,323,1315
104,222,326
570,997,1567
66,643,709
868,911,1779
911,95,1006
421,353,774
114,358,472
414,194,608
988,422,1410
298,13,311
690,783,1473
110,538,648
299,957,1256
17,379,396
588,977,1565
819,84,903
306,208,514
123,504,627
72,341,413
189,290,479
474,532,1006
256,153,409
896,893,1789
18,848,866
435,53,488
857,496,1353
944,558,1502
986,860,1846
243,323,566
619,572,1191
412,395,807
276,966,1242
452,92,544
809,970,1779
432,214,646
199,714,913
840,600,1440
713,411,1124
696,221,917
650,603,1253
739,152,891
529,967,1496
974,47,1021
245,413,658
4,924,928
642,220,862
649,41,690
66,502,568
898,621,1519
302,544,846
734,829,1563
255,252,507
370,915,1285
453,263,716
655,378,1033
301,931,1232
513,689,1202
410,108,518
963,30,993
716,561,1277
299,101,400
678,269,947
309,465,774
867,82,949
615,693,1308
290,6,296
460,320,780
143,178,321
698,731,1429
497,394,891
206,371,577
851,912,1763
571,824,1395
679,783,1462
29,743,772
946,740,1686
33,231,264
183,830,1013
539,83,622
493,682,1175
137,901,1038
396,777,1173
501,796,1297
834,677,1511
831,190,1021
431,70,501
964,765,1729
721,8,729
697,611,1308
522,347,869
453,245,698
842,138,980
110,196,306
306,816,1122
524,106,630
742,341,1083
605,680,1285
593,551,1144
33,267,300
430,171,601
852,277,1129
177,975,1152
102,593,695
976,805,1781
579,939,1518
550,173,723
717,202,919
91,816,907
933,458,1391
951,24,975
311,36,347
901,596,1497
197,538,735
82,863,945
676,885,1561
815,161,976
847,816,1663
458,808,1266
310,207,517
799,141,940
937,902,1839
550,62,612
785,191,976
470,251,721
321,216,537
14,614,628
61,614,675
945,540,1485
697,628,1325
735,532,1267
274,34,308
20,731,751
270,371,641
840,543,1383
929,121,1050
937,484,1421
602,221,823
481,638,1119
669,986,1655
323,921,1244
456,391,847
971,677,1648
616,556,1172
713,909,1622
288,304,592
32,694,726
185,129,314
17,169,186
848,591,1439
932,185,1117
517,245,762
205,707,912
582,329,911
178,598,776
412,779,1191
690,140,830
66,288,354
894,209,1103
2,585,587
329,702,1031
185,724,909
10,217,227
576,110,686
831,496,1327
867,604,1471
394,372,766
43,520,563
671,54,725
225,232,457
87,133,220
483,301,784
796,821,1617
314,938,1252
14,518,532
518,859,1377
747,501,1248
985,944,1929
215,379,594
303,232,535
449,231,680
691,803,1494
391,299,690
114,598,712
176,429,605
319,874,1193
104,422,526
520,389,909
734,141,875
158,15,173
489,195,684
157,14,171
129,493,622
976,765,1741
904,318,1222
563,240,803
602,247,849
229,9,238
630,862,1492
52,180,232
462,899,1361
756,982,1738
798,157,955
216,222,438
518,38,556
571,660,1231
88,144,232
262,654,916
906,916,1822
907,642,1549
185,649,834
766,914,1680
160,937,1097
564,949,1513
402,679,1081
705,714,1419
848,900,1748
756,623,1379
458,963,1421
527,732,1259
644,336,980
156,207,363
277,126,403
645,305,950
334,364,698
691,72,763
554,411,965
889,276,1165
665,42,707
396,513,909
505,938,1443
118,419,537
326,660,986
6,415,421
915,304,1219
28,972,1000
980,159,1139
648,758,1406
230,295,525
150,469,619
333,264,597
980,925,1905
74,452,526
623,486,1109
72,233,305
517,226,743
416,955,1371
309,415,724
910,611,1521
119,507,626
230,532,762
927,840,1767
672,67,739
587,240,827
745,905,1650
131,988,1119
265,143,408
668,791,1459
278,577,855
424,431,855
215,26,241
282,197,479
161,415,576
28,811,839
537,932,1469
848,16,864
88,570,658
922,652,1574
482,805,1287
449,43,492
56,709,765
198,435,633
878,134,1012
569,34,603
870,525,1395
43,527,570
377,426,803
954,704,1658
763,304,1067
513,701,1214
739,305,1044
733,831,1564
480,726,1206
985,288,1273
495,132,627
87,948,1035
137,5,142
93,915,1008
140,59,199
407,582,989
619,339,958
162,260,422
369,994,1363
844,220,1064
134,687,821
418,123,541
354,726,1080
727,380,1107
773,596,1369
323,282,605
494,930,1424
406,661,1067
886,12,898
143,397,540
101,901,1002
445,118,563
630,921,1551
145,934,1079
258,243,501
234,976,1210
281,393,674
73,151,224
916,864,1780
546,752,1298
998,943,1941
830,595,1425
727,469,1196
68,273,341
546,798,1344
610,388,998
245,723,968
4,70,74
333,613,946
330,709,1039
98,619,717
637,501,1138
427,101,528
257,87,344
931,451,1382
902,436,1338
21,401,422
526,580,1106
724,634,1358
436,586,1022
98,506,604
873,550,1423
966,124,1090
931,808,1739
584,805,1389
941,205,1146
543,678,1221
389,49,438
101,209,310
586,546,1132
394,724,1118
416,452,868
403,17,420
664,973,1637
315,11,326
923,992,1915
620,653,1273
514,499,1013
846,59,905
336,921,1257
318,326,644
950,345,1295
497,959,1456
164,988,1152
994,504,1498
592,650,1242
785,376,1161
430,896,1326
667,212,879
651,839,1490
658,524,1182
32,6,38
9,142,151
155,285,440
528,17,545
695,682,1377
609,460,1069
734,746,1480
462,641,1103
575,305,880
157,90,247
216,201,417
277,529,806
91,729,820
131,746,877
728,865,1593
23,187,210
275,935,1210
497,295,792
535,292,827
195,104,299
378,925,1303
924,23,947
405,314,719
418,858,1276
266,355,621
986,482,1468
712,522,1234
173,651,824
195,691,886
114,271,385
725,622,1347
72,769,841
915,838,1753
497,580,1077
964,28,992
820,50,870
930,866,1796
762,26,788
447,974,1421
378,220,598
949,392,1341
209,945,1154
522,725,1247
463,926,1389
919,352,1271
71,408,479
871,859,1730
941,620,1561
253,711,964
454,805,1259
131,287,418
834,575,1409
777,632,1409
542,481,1023
221,884,1105
896,671,1567
166,411,577
309,895,1204
251,188,439
737,671,1408
324,132,456
32,634,666
78,367,445
766,490,1256
979,667,1646
289,68,357
628,356,984
998,615,1613
239,843,1082
120,912,1032
726,785,1511
726,522,1248
377,359,736
515,730,1245
275,245,520
263,344,607
113,473,586
340,502,842
54,778,832
531,802,1333
132,992,1124
552,736,1288
976,34,1010
530,470,1000
955,397,1352
875,777,1652
430,614,1044
346,666,1012
510,931,1441
969,80,1049
974,69,1043
669,677,1346
677,15,692
326,108,434
109,239,348
25,482,507
430,450,880
188,74,262
895,895,1790
748,714,1462
654,195,849
559,521,1080
73,969,1042
500,291,791
490,673,1163
227,428,655
157,109,266
591,714,1305
53,462,515
727,793,1520
353,744,1097
333,142,475
705,290,995
411,905,1316
300,367,667
529,339,868
380,799,1179
492,42,534
904,446,1350
167,342,509
198,95,293
394,407,801
815,113,928
960,637,1597
703,289,992
465,524,989
212,741,953
978,286,1264
645,709,1354
166,132,298
360,29,389
27,517,544
542,156,698
53,396,449
252,424,676
854,544,1398
708,859,1567
942,619,1561
421,79,500
814,447,1261
207,151,358
14,715,729
595,638,1233
39,211,250
918,882,1800
609,409,1018
843,803,1646
489,345,834
25,122,147
312,177,489
697,621,1318
751,968,1719
656,970,1626
772,312,1084
701,492,1193
890,494,1384
900,271,1171
497,366,863
774,678,1452
973,483,1456
976,100,1076
307,176,483
630,225,855
302,552,854
841,223,1064
593,957,1550
78,62,140
725,50,775
172,15,187
184,165,349
383,586,969
269,379,648
635,812,1447
814,356,1170
546,601,1147
505,326,831
716,452,1168
345,262,607
384,40,424
999,56,1055
619,731,1350
755,370,1125
551,249,800
551,288,839
736,493,1229
25,120,145
450,954,1404
321,51,372
923,509,1432
458,866,1324
951,254,1205
374,718,1092
419,37,456
953,209,1162
808,310,1118
665,991,1656
118,620,738
423,295,718
170,109,279
641,665,1306
298,21,319
890,508,1398
626,214,840
154,63,217
158,918,1076
509,373,882
418,78,496
283,22,305
647,504,1151
528,376,904
588,845,1433
557,387,944
140,387,527
177,780,957
696,773,1469
483,923,1406
143,605,748
469,333,802
818,961,1779
568,690,1258
679,901,1580
96,736,832
863,828,1691
811,323,1134
633,226,859
607,125,732
257,542,799
847,323,1170
283,352,635
782,233,1015
744,516,1260
2,947,949
288,1000,1288
770,746,1516
133,187,320
348,753,1101
488,896,1384
243,127,370
132,430,562
887,253,1140
109,507,616
80,872,952
760,34,794
691,616,1307
725,664,1389
380,27,407
24,94,118
298,791,1089
669,722,1391
467,641,1108
784,973,1757
905,812,1717
656,803,1459
894,950,1844
839,62,901
99,436,535
728,127,855
603,500,1103
103,722,825
715,505,1220
31,71,102
712,371,1083
565,649,1214
348,377,725
252,205,457
692,486,1178
211,59,270
577,782,1359
528,291,819
277,528,805
440,57,497
504,850,1354
68,275,343
322,25,347
505,968,1473
640,652,1292
585,254,839
239,751,990
86,598,684
840,660,1500
886,691,1577
851,859,1710
957,603,1560
773,911,1684
976,953,1929
785,568,1353
896,597,1493
12,432,444
902,6,908
692,960,1652
678,204,882
988,910,1898
921,780,1701
604,572,1176
889,196,1085
438,51,489
139,465,604
896,987,1883
610,576,1186
280,84,364
631,389,1020
651,36,687
397,803,1200
490,128,618
391,289,680
757,76,833
855,401,1256
389,328,717
132,825,957
180,503,683
403,134,537
362,288,650
623,892,1515
868,695,1563
444,855,1299
417,270,687
790,27,817
644,888,1532
677,441,1118
192,336,528
884,673,1557
188,214,402
342,920,1262
709,459,1168
11,620,631
706,78,784
215,39,254
59,769,828
128,664,792
420,873,1293
547,928,1475
820,805,1625
184,203,387
986,686,1672
87,634,721
961,603,1564
489,592,1081
893,143,1036
310,522,832
77,778,855
845,923,1768
39,853,892
190,672,862
14,202,216
777,970,1747
832,323,1155
123,179,302
379,703,1082
978,192,1170
805,324,1129
64,182,246
389,791,1180
416,765,1181
596,361,957
506,900,1406
569,348,917
449,989,1438
917,476,1393
426,75,501
947,958,1905
673,386,1059
360,700,1060
40,61,101
615,659,1274
534,555,1089
489,796,1285
38,294,332
151,513,664
80,387,467
49,253,302
656,49,705
868,452,1320
874,490,1364
791,617,1408
438,620,1058
499,967,1466
668,932,1600
55,441,496
711,980,1691
17,953,970
414,111,525
27,840,867
883,642,1525
132,796,928
147,431,578
336,985,1321
888,187,1075
95,593,688
101,811,912
698,158,856
422,12,434
627,873,1500
621,185,806
413,280,693
951,225,1176
531,152,683
548,654,1202
532,141,673
486,347,833
382,988,1370
359,504,863
417,714,1131
821,50,871
593,573,1166
29,767,796
644,786,1430
860,575,1435
745,245,990
772,439,1211
315,89,404
661,67,728
140,394,534
733,175,908
248,81,329
452,359,811
408,781,1189
189,840,1029
460,914,1374
884,624,1508
303,486,789
379,242,621
612,512,1124
946,163,1109
258,637,895
321,589,910
131,418,549
217,848,1065
670,500,1170
84,708,792
91,34,125
837,997,1834
663,210,873
313,413,726
350,794,1144
180,457,637
469,127,596
679,121,800
196,543,739
568,950,1518
340,354,694
371,509,880
845,689,1534
848,777,1625
336,915,1251
522,680,1202
728,107,835
593,579,1172
524,294,818
759,597,1356
582,856,1438
236,757,993
469,389,858
47,54,101
887,249,1136
887,507,1394
183,491,674
685,346,1031
996,279,1275
71,871,942
143,144,287
796,441,1237
176,709,885
464,703,1167
408,386,794
749,63,812
882,617,1499
49,871,920
879,508,1387
158,542,700
208,453,661
408,469,877
276,746,1022
854,94,948
139,884,1023
370,870,1240
34,180,214
867,773,1640
386,161,547
789,70,859
957,333,1290
453,42,495
911,991,1902
417,980,1397
805,351,1156
558,654,1212
622,560,1182
896,823,1719
0,449,449
714,894,1608
503,745,1248
51,49,100
292,833,1125
916,891,1807
426,672,1098
867,734,1601
329,374,703
380,820,1200
818,862,1680
979,358,1337
275,969,1244
87,467,554
473,289,762
481,622,1103
311,185,496
266,621,887
871,904,1775
385,758,1143
744,399,1143
924,555,1479
985,416,1401
787,795,1582
420,751,1171
723,71,794
928,508,1436
67,493,560
948,288,1236
666,238,904
698,842,1540
484,384,868
549,796,1345
166,374,540
638,796,1434
813,88,901
12,488,500
471,758,1229
702,250,952
924,716,1640
836,585,1421
703,642,1345
773,902,1675
254,76,330
52,774,826
198,296,494
571,432,1003
260,159,419
869,446,1315
578,879,1457
60,386,446
366,673,1039
907,668,1575
613,273,886
306,427,733
735,856,1591
645,665,1310
683,20,703
670,465,1135
365,616,981
279,338,617
428,766,1194
280,345,625
806,610,1416
934,574,1508
89,491,580
332,53,385
433,261,694
484,113,597
219,662,881
596,653,1249
450,354,804
829,560,1389
70,819,889
570,719,1289
310,0,310
405,347,752
865,438,1303
679,802,1481
752,427,1179
308,336,644
512,708,1220
232,470,702
625,142,767
609,702,1311
320,505,825
643,312,955
561,510,1071
487,675,1162
316,691,1007
525,816,1341
527,479,1006
153,585,738
599,663,1262
124,477,601
707,896,1603
178,140,318
429,696,1125
124,977,1101
379,128,507
183,400,583
854,459,1313
139,306,445
160,280,440
811,809,1620
743,935,1678
361,450,811
636,334,970
57,957,1014
45,470,515
409,39,448
823,969,1792
403,63,466
350,532,882
367,286,653
815,949,1764
37,802,839
387,866,1253
341,52,393
439,696,1135
215,24,239
86,292,378
729,359,1088
263,651,914
415,682,1097
557,755,1312
922,9,931
816,26,842
863,354,1217
296,407,703
259,605,864
50,997,1047
439,779,1218
481,79,560
552,866,1418
250,544,794
339,154,493
774,648,1422
846,680,1526
513,623,1136
675,159,834
526,408,934
544,783,1327
29,820,849
600,807,1407
891,9,900
391,637,1028
333,403,736
126,412,538
247,244,491
557,503,1060
118,973,1091
492,888,1380
536,825,1361
921,970,1891
253,577,830
37,449,486
493,457,950
502,450,952
523,781,1304
521,797,1318
169,799,968
319,867,1186
667,492,1159
127,701,828
569,426,995
557,981,1538
264,833,1097
535,887,1422
196,327,523
289,579,868
562,404,966
775,965,1740
145,914,1059
365,630,995
537,159,696
794,850,1644
520,469,989
511,253,764
327,123,450
548,429,977
167,98,265
103,53,156
533,176,709
652,33,685
323,243,566
966,633,1599
74,6,80
358,935,1293
444,499,943
98,976,1074
304,84,388
910,437,1347
244,176,420
239,550,789
938,892,1830
78,372,450
759,847,1606
394,608,1002
644,435,1079
171,399,570
457,592,1049
521,544,1065
188,881,1069
515,65,580
77,146,223
289,615,904
308,47,355
394,404,798
949,899,1848
88,204,292
175,566,741
550,612,1162
571,3,574
491,621,1112
255,806,1061
720,198,918
45,795,840
502,722,1224
338,48,386
113,641,754
2,15,17
678,501,1179
193,30,223
343,331,674
543,430,973
122,337,459
827,657,1484
842,866,1708
704,367,1071
293,0,293
581,325,906
271,911,1182
895,156,1051
494,68,562
973,677,1650
847,30,877
22,553,575
805,829,1634
678,536,1214
12,15,27
833,505,1338
824,792,1616
642,719,1361
231,242,473
179,516,695
362,282,644
788,61,849
216,59,275
447,218,665
868,73,941
443,424,867
675,3,678
298,659,957
241,471,712
655,575,1230
54,101,155
475,325,800
334,643,977
558,766,1324
530,619,1149
141,741,882
60,961,1021
1000,5,1005
967,704,1671
435,903,1338
80,111,191
705,355,1060
816,308,1124
566,219,785
658,141,799
958,565,1523
666,916,1582
278,163,441
527,953,1480
423,39,462
880,702,1582
709,99,808
395,932,1327
383,283,666
677,101,778
36,241,277
37,275,312
210,70,280
769,735,1504
80,173,253
126,77,203
19,591,610
61,368,429
365,219,584
233,576,809
273,505,778
911,624,1535
340,968,1308
939,620,1559
694,938,1632
187,392,579
564,494,1058
574,666,1240
581,431,1012
660,476,1136
334,483,817
486,617,1103
964,492,1456
70,688,758
845,474,1319
934,576,1510
337,438,775
374,216,590
20,365,385
692,982,1674
294,300,594
284,461,745
445,766,1211
648,347,995
343,260,603
135,729,864
922,631,1553
715,144,859
522,565,1087
24,921,945
123,231,354
698,28,726
537,196,733
126,249,375
6,385,391
968,230,1198
908,297,1205
313,296,609
932,264,1196
388,569,957
40,893,933
879,631,1510
202,398,600
98,52,150
550,936,1486
775,738,1513
11,790,801
113,885,998
488,336,824
47,880,927
732,121,853
427,146,573
97,292,389
849,979,1828
370,233,603
194,703,897
37,289,326
130,919,1049
696,567,1263
772,645,1417
400,105,505
732,351,1083
696,604,1300
159,768,927
264,429,693
329,79,408
76,939,1015
651,746,1397
743,965,1708
392,817,1209
640,185,825
993,561,1554
74,420,494
589,770,1359
278,826,1104
98,180,278
258,459,717
99,240,339
398,182,580
111,375,486
19,266,285
650,66,716
767,114,881
936,822,1758
819,266,1085
104,852,956
179,180,359
522,334,856
972,500,1472
649,508,1157
386,627,1013
486,520,1006
15,505,520
543,66,609
408,736,1144
533,263,796
48,717,765
585,915,1500
297,121,418
438,791,1229
665,77,742
245,236,481
387,982,1369
824,130,954
583,213,796
819,923,1742
266,501,767
783,284,1067
427,472,899
548,750,1298
881,331,1212
595,170,765
15,177,192
334,788,1122
196,183,379
538,159,697
417,889,1306
305,392,697
541,146,687
257,115,372
821,68,889
857,4,861
686,692,1378
605,165,770
377,438,815
230,899,1129
20,135,155
916,563,1479
800,170,970
3,597,600
447,662,1109
783,415,1198
391,970,1361
461,408,869
811,441,1252
191,224,415
5,630,635
222,897,1119
696,591,1287
779,646,1425
243,22,265
723,360,1083
395,611,1006
73,92,165
392,171,563
35,10,45
339,793,1132
534,752,1286
904,181,1085
948,455,1403
304,697,1001
27,343,370
61,517,578
778,467,1245
648,348,996
626,398,1024
840,822,1662
649,345,994
755,142,897
62,223,285
714,99,813
640,389,1029
647,929,1576
126,427,553
566,650,1216
544,659,1203
694,973,1667
885,642,1527
52,856,908
522,921,1443
439,597,1036
298,785,1083
804,532,1336
456,117,573
42,329,371
76,79,155
861,960,1821
796,647,1443
26,34,60
985,110,1095
343,944,1287
754,906,1660
728,809,1537
364,313,677
879,712,1591
108,874,982
584,270,854
297,884,1181
175,56,231
935,94,1029
557,797,1354
492,195,687
605,333,938
350,5,355
912,415,1327
468,420,888
99,1,100
146,420,566
837,131,968
529,462,991
848,551,1399
939,222,1161
291,660,951
86,954,1040
599,927,1526
357,494,851
1000,193,1193
440,636,1076
197,329,526
297,33,330
922,404,1326
736,673,1409
979,224,1203
332,629,961
609,285,894
554,214,768
645,622,1267
132,735,867
207,174,381
848,668,1516
477,349,826
157,815,972
381,503,884
228,247,475
231,184,415
870,808,1678
907,294,1201
101,366,467
651,237,888
493,872,1365
861,415,1276
578,224,802
4,57,61
327,266,593
104,845,949
730,599,1329
488,886,1374
372,650,1022
86,12,98
553,33,586
39,739,778
57,13,70
541,525,1066
902,113,1015
47,947,994
475,733,1208
138,872,1010
907,826,1733
979,880,1859
335,720,1055
230,878,1108
259,203,462
710,756,1466
427,350,777
712,383,1095
278,96,374
189,393,582
367,170,537
113,113,226
559,858,1417
55,272,327
660,504,1164
210,753,963
740,86,826
369,811,1180
804,833,1637
19,407,426
610,452,1062
629,728,1357
183,570,753
431,272,703
776,55,831
252,466,718
483,229,712
467,249,716
759,330,1089
370,162,532
462,429,891
435,826,1261
418,397,815
371,990,1361
0,88,88
96,811,907
787,210,997
403,494,897
580,30,610
961,912,1873
729,725,1454
256,727,983
147,479,626
724,56,780
182,100,282
921,990,1911
772,965,1737
163,694,857
717,391,1108
111,258,369
276,852,1128
985,493,1478
778,303,1081
690,16,706
344,430,774
123,369,492
637,509,1146
327,701,1028
60,523,583
853,845,1698
879,834,1713
282,826,1108
945,51,996
880,192,1072
164,309,473
771,41,812
191,967,1158
738,721,1459
82,108,190
306,166,472
426,130,556
178,488,666
551,758,1309
141,726,867
267,342,609
403,471,874
604,801,1405
85,33,118
907,921,1828
206,719,925
848,84,932
2,289,291
245,890,1135
22,605,627
507,283,790
422,723,1145
134,194,328
460,843,1303
302,725,1027
431,657,1088
804,768,1572
638,876,1514
956,283,1239
6,791,797
438,373,811
477,576,1053
301,804,1105
572,702,1274
699,662,1361
76,251,327
627,704,1331
765,682,1447
264,353,617
617,450,1067
164,380,544
721,365,1086
880,563,1443
960,922,1882
701,437,1138
360,331,691
345,24,369
399,949,1348
394,885,1279
741,33,774
72,85,157
288,225,513
998,448,1446
976,828,1804
118,948,1066
683,730,1413
48,290,338
177,288,465
619,512,1131
458,268,726
22,361,383
350,160,510
191,84,275
231,108,339
14,615,629
638,819,1457
556,292,848
234,103,337
52,633,685
930,842,1772
31,928,959
190,789,979
549,102,651
825,673,1498
562,882,1444
334,901,1235
314,57,371
74,350,424
578,274,852
672,948,1620
121,637,758
177,138,315
805,921,1726
0,69,69
167,585,752
768,636,1404
42,518,560
249,644,893
187,564,751
107,606,713
250,453,703
100,225,325
884,412,1296
80,875,955
135,191,326
132,359,491
319,576,895
450,418,868
377,604,981
188,577,765
849,558,1407
170,781,951
837,314,1151
712,616,1328
691,670,1361
826,13,839
110,65,175
522,978,1500
491,180,671
236,244,480
656,684,1340
929,787,1716
885,179,1064
393,224,617
761,152,913
171,389,560
694,363,1057
424,568,992
144,975,1119
883,680,1563
274,483,757
301,567,868
995,188,1183
245,913,1158
672,891,1563
188,863,1051
788,140,928
98,155,253
630,527,1157
485,971,1456
93,507,600
814,673,1487
897,800,1697
407,261,668
409,869,1278
518,961,1479
543,363,906
374,371,745
409,204,613
221,106,327
766,592,1358
282,924,1206
307,915,1222
143,385,528
228,384,612
968,979,1947
445,716,1161
680,408,1088
326,377,703
394,718,1112
895,898,1793
329,526,855
328,552,880
556,394,950
161,722,883
31,665,696
896,926,1822
511,191,702
699,41,740
377,40,417
520,80,600
219,958,1177
374,475,849
383,467,850
139,256,395
960,854,1814
385,906,1291
219,628,847
136,439,575
475,44,519
170,73,243
349,806,1155
322,259,581
468,456,924
384,920,1304
763,924,1687
29,120,149
643,367,1010
783,187,970
269,424,693
483,947,1430
97,705,802
437,857,1294
961,466,1427
405,186,591
157,633,790
580,647,1227
471,144,615
473,409,882
312,852,1164
68,48,116
663,282,945
713,58,771
156,80,236
519,151,670
425,843,1268
880,737,1617
965,871,1836
273,5,278
606,632,1238
418,140,558
675,59,734
890,245,1135
695,741,1436
669,289,958
687,758,1445
361,647,1008
72,801,873
96,787,883
653,119,772
896,434,1330
541,221,762
677,542,1219
570,322,892
496,838,1334
999,250,1249
216,774,990
915,477,1392
318,512,830
689,25,714
638,310,948
143,455,598
956,440,1396
210,484,694
490,106,596
134,804,938
826,637,1463
987,843,1830
446,563,1009
839,52,891
576,126,702
486,392,878
686,406,1092
21,848,869
254,79,333
222,450,672
121,521,642
268,513,781
349,765,1114
702,254,956
69,743,812
724,520,1244
819,181,1000
936,732,1668
393,215,608
542,51,593
597,692,1289
383,30,413
287,488,775
121,817,938
17,845,862
111,978,1089
360,713,1073
899,461,1360
586,157,743
481,614,1095
905,630,1535
827,560,1387
507,530,1037
267,730,997
744,697,1441
490,467,957
845,367,1212
91,392,483
270,269,539
542,973,1515
401,288,689
690,584,1274
425,998,1423
651,595,1246
974,129,1103
929,663,1592
314,27,341
802,144,946
106,630,736
600,574,1174
4,729,733
226,482,708
35,635,670
981,153,1134
709,554,1263
269,746,1015
93,420,513
661,558,1219
303,375,678
849,42,891
930,893,1823
842,304,1146
77,180,257
850,395,1245
768,662,1430
263,868,1131
580,969,1549
972,789,1761
916,16,932
531,304,835
828,372,1200
907,989,1896
402,155,557
674,666,1340
331,479,810
80,348,428
123,627,750
787,108,895
585,894,1479
907,133,1040
489,135,624
10,633,643
782,555,1337
952,101,1053
283,582,865
326,270,596
537,766,1303
781,702,1483
273,565,838
802,222,1024
826,659,1485
542,20,562
209,190,399
93,533,626
920,646,1566
598,59,657
212,690,902
610,652,1262
980,487,1467
977,463,1440
483,457,940
143,502,645
111,362,473
678,654,1332
607,300,907
523,791,1314
989,734,1723
95,969,1064
521,395,916
257,237,494
585,806,1391
683,133,816
253,123,376
900,716,1616
312,214,526
202,664,866
626,865,1491
28,221,249
2,380,382
42,316,358
941,70,1011
152,286,438
790,701,1491
602,820,1422
518,632,1150
725,292,1017
402,328,730
577,177,754
924,366,1290
733,699,1432
334,972,1306
650,829,1479
58,293,351
922,209,1131
943,900,1843
114,174,288
240,770,1010
838,757,1595
294,374,668
440,86,526
163,405,568
358,272,630
861,827,1688
888,662,1550
236,30,266
399,350,749
976,276,1252
185,114,299
844,879,1723
27,731,758
141,79,220
972,450,1422
619,841,1460
926,815,1741
674,867,1541
448,171,619
693,758,1451
567,834,1401
351,914,1265
181,690,871
434,986,1420
804,168,972
374,25,399
145,939,1084
292,763,1055
157,417,574
163,182,345
589,922,1511
238,599,837
509,936,1445
356,383,739
823,57,880
457,303,760
175,51,226
969,89,1058
522,964,1486
776,957,1733
916,842,1758
664,611,1275
736,895,1631
444,892,1336
430,19,449
556,750,1306
489,811,1300
876,424,1300
157,827,984
229,514,743
431,941,1372
868,254,1122
62,158,220
528,471,999
733,117,850
308,75,383
859,521,1380
204,212,416
674,208,882
70,43,113
18,823,841
263,40,303
521,213,734
206,390,596
881,49,930
829,382,1211
49,379,428
800,707,1507
186,276,462
599,752,1351
486,335,821
388,950,1338
784,509,1293
90,26,116
165,882,1047
131,763,894
84,568,652
545,717,1262
972,644,1616
443,400,843
164,397,561
580,52,632
350,307,657
433,132,565
911,759,1670
518,178,696
971,547,1518
571,911,1482
368,854,1222
517,765,1282
85,88,173
493,922,1415
111,449,560
14,189,203
264,341,605
508,249,757
800,947,1747
597,928,1525
562,446,1008
858,587,1445
664,74,738
13,264,277
784,120,904
676,884,1560
622,505,1127
591,661,1252
972,952,1924
235,553,788
21,843,864
937,386,1323
772,291,1063
440,467,907
900,355,1255
586,687,1273
705,712,1417
572,376,948
969,417,1386
282,132,414
602,759,1361
422,562,984
963,244,1207
798,207,1005
812,93,905
897,438,1335
196,106,302
190,442,632
834,470,1304
387,631,1018
189,103,292
149,109,258
449,10,459
690,785,1475
620,313,933
766,723,1489
832,717,1549
101,279,380
366,828,1194
119,99,218
820,72,892
475,951,1426
211,866,1077
356,686,1042
289,332,621
142,657,799
664,549,1213
625,512,1137
446,674,1120
418,219,637
954,577,1531
999,944,1943
159,255,414
15,652,667
43,418,461
623,942,1565
603,696,1299
867,884,1751
867,4,871
315,501,816
226,52,278
268,99,367
21,647,668
677,496,1173
553,985,1538
139,538,677
899,223,1122
651,488,1139
643,902,1545
855,288,1143
566,940,1506
693,933,1626
476,715,1191
142,338,480
898,814,1712
678,357,1035
913,567,1480
548,386,934
233,994,1227
615,393,1008
583,699,1282
163,343,506
682,297,979
676,77,753
226,277,503
789,334,1123
789,626,1415
978,617,1595
427,608,1035
829,883,1712
366,275,641
729,609,1338
523,311,834
704,462,1166
144,552,696
122,314,436
795,325,1120
716,533,1249
336,908,1244
845,948,1793
60,251,311
277,113,390
186,820,1006
436,954,1390
65,249,314
48,417,465
508,803,1311
288,189,477
635,890,1525
493,297,790
417,312,729
665,442,1107
724,486,1210
2,5,7
907,421,1328
289,9,298
485,236,721
779,264,1043
317,697,1014
584,286,870
603,122,725
286,300,586
926,271,1197
910,643,1553
999,825,1824
970,437,1407
407,853,1260
529,36,565
629,797,1426
683,607,1290
811,426,1237
208,155,363
803,774,1577
307,47,354
336,624,960
779,351,1130
850,645,1495
833,587,1420
383,327,710
118,361,479
455,917,1372
168,911,1079
355,182,537
446,121,567
972,361,1333
17,22,39
1000,312,1312
881,36,917
726,997,1723
372,972,1344
292,542,834
573,64,637
9,990,999
877,387,1264
137,137,274
831,647,1478
418,247,665
19,753,772
415,207,622
620,981,1601
840,854,1694
883,525,1408
182,636,818
795,795,1590
245,74,319
582,998,1580
353,914,1267
25,37,62
909,624,1533
269,115,384
710,746,1456
363,259,622
459,722,1181
304,243,547
318,79,397
512,452,964
82,656,738
498,385,883
818,449,1267
45,125,170
666,268,934
551,816,1367
321,637,958
534,353,887
307,928,1235
111,201,312
153,10,163
88,95,183
248,291,539
389,784,1173
315,240,555
550,816,1366
631,346,977
774,281,1055
341,127,468
955,574,1529
237,463,700
369,544,913
88,287,375
452,864,1316
844,144,988
631,264,895
484,587,1071
163,255,418
519,212,731
665,696,1361
771,442,1213
449,446,895
369,191,560
702,926,1628
993,371,1364
340,193,533
142,403,545
131,442,573
378,989,1367
641,755,1396
798,926,1724
522,628,1150
189,86,275
217,529,746
345,746,1091
981,470,1451
438,765,1203
243,766,1009
501,838,1339
852,516,1368
353,541,894
243,288,531
307,899,1206
33,927,960
791,394,1185
368,884,1252
27,301,328
166,222,388
136,31,167
326,556,882
967,626,1593
454,847,1301
613,745,1358
37,192,229
673,656,1329
556,47,603
0,166,166
295,277,572
120,76,196
789,507,1296
414,948,1362
4,384,388
536,798,1334
956,893,1849
431,829,1260
417,924,1341
283,285,568
291,843,1134
15,734,749
447,142,589
887,552,1439
442,813,1255
362,962,1324
615,894,1509
769,287,1056
317,326,643
405,144,549
841,664,1505
99,402,501
169,104,273
8,652,660
313,8,321
862,322,1184
850,789,1639
368,448,816
887,978,1865
688,11,699
451,92,543
283,432,715
591,458,1049
515,621,1136
665,113,778
401,106,507
366,741,1107
379,66,445
391,643,1034
638,169,807
177,692,869
677,637,1314
45,789,834
33,259,292
273,79,352
141,12,153
38,457,495
329,722,1051
915,758,1673
463,202,665
899,100,999
950,346,1296
106,474,580
261,377,638
407,336,743
997,14,1011
221,997,1218
377,749,1126
752,913,1665
913,300,1213
132,825,957
499,325,824
799,245,1044
89,19,108
602,237,839
545,115,660
157,572,729
895,174,1069
962,754,1716
466,341,807
293,547,840
507,797,1304
834,615,1449
614,439,1053
157,115,272
952,312,1264
294,927,1221
614,840,1454
773,812,1585
155,173,328
141,713,854
694,706,1400
37,234,271
106,711,817
577,848,1425
190,996,1186
502,915,1417
806,271,1077
827,631,1458
994,231,1225
761,372,1133
847,446,1293
765,676,1441
634,479,1113
636,583,1219
913,466,1379
329,919,1248
633,59,692
805,142,947
239,247,486
183,111,294
559,314,873
764,459,1223
915,552,1467
807,473,1280
964,121,1085
517,404,921
964,325,1289
880,299,1179
585,209,794
207,493,700
704,73,777
302,508,810
399,646,1045
563,324,887
877,363,1240
749,367,1116
306,53,359
745,635,1380
591,445,1036
413,430,843
138,850,988
151,946,1097
921,67,988
348,313,661
62,316,378
674,619,1293
583,602,1185
567,364,931
557,117,674
233,264,497
313,600,913
981,918,1899
551,519,1070
459,723,1182
817,810,1627
844,953,1797
911,133,1044
336,943,1279
562,564,1126
380,377,757
892,115,1007
803,970,1773
701,500,1201
468,426,894
330,721,1051
730,705,1435
393,310,703
619,391,1010
139,842,981
358,735,1093
490,778,1268
667,378,1045
875,309,1184
974,574,1548
443,886,1329
938,284,1222
916,955,1871
202,959,1161
319,956,1275
519,710,1229
498,358,856
353,424,777
581,480,1061
278,83,361
133,682,815
679,18,697
914,361,1275
683,865,1548
983,205,1188
568,430,998
413,983,1396
108,74,182
318,421,739
67,157,224
379,691,1070
312,646,958
773,229,1002
613,665,1278
843,470,1313
756,1000,1756
211,613,824
344,123,467
685,654,1339
213,695,908
335,850,1185
366,668,1034
635,349,984
280,313,593
980,720,1700
145,859,1004
352,210,562
537,836,1373
310,173,483
545,804,1349
988,25,1013
13,355,368
134,560,694
796,374,1170
706,459,1165
400,700,1100
988,435,1423
528,492,1020
344,950,1294
136,323,459
953,637,1590
965,169,1134
17,724,741
228,859,1087
831,606,1437
835,249,1084
707,303,1010
488,228,716
452,273,725
312,311,623
727,952,1679
581,622,1203
581,673,1254
613,471,1084
512,136,648
975,853,1828
247,515,762
505,301,806
684,22,706
649,212,861
96,669,765
874,338,1212
701,304,1005
285,350,635
826,657,1483
124,560,684
685,141,826
812,241,1053
288,192,480
20,204,224
225,928,1153
10,573,583
715,482,1197
928,889,1817
763,518,1281
611,798,1409
538,893,1431
758,926,1684
344,745,1089
483,680,1163
959,473,1432
821,882,1703
742,282,1024
934,65,999
752,443,1195
563,470,1033
718,753,1471
73,963,1036
109,558,667
531,783,1314
334,641,975
650,616,1266
364,160,524
416,192,608
516,891,1407
635,995,1630
118,717,835
520,772,1292
820,566,1386
112,331,443
703,742,1445
606,397,1003
669,386,1055
862,958,1820
890,22,912
368,324,692
410,800,1210
495,546,1041
260,850,1110
403,718,1121
766,30,796
910,95,1005
938,878,1816
818,298,1116
418,939,1357
539,228,767
409,539,948
629,612,1241
102,86,188
981,675,1656
740,25,765
298,275,573
642,320,962
446,112,558
872,949,1821
545,10,555
678,866,1544
978,460,1438
774,979,1753
615,303,918
881,186,1067
524,464,988
335,701,1036
83,474,557
101,951,1052
866,885,1751
770,188,958
116,432,548
68,344,412
915,992,1907
478,365,843
293,337,630
272,343,615
491,500,991
419,274,693
963,824,1787
803,907,1710
856,267,1123
156,734,890
979,908,1887
506,1,507
800,336,1136
192,874,1066
362,385,747
818,845,1663
56,220,276
904,585,1489
883,386,1269
252,271,523
627,449,1076
208,940,1148
670,362,1032
570,805,1375
265,383,648
268,798,1066
317,308,625
627,784,1411
484,429,913
624,92,716
450,937,1387
211,69,280
125,980,1105
788,805,1593
103,240,343
159,698,857
844,267,1111
224,240,464
626,13,639
326,185,511
152,885,1037
36,238,274
430,683,1113
619,768,1387
820,555,1375
287,816,1103
746,343,1089
270,998,1268
892,648,1540
659,369,1028
187,694,881
748,109,857
758,399,1157
359,266,625
906,884,1790
110,660,770
384,72,456
124,990,1114
380,626,1006
345,256,601
121,324,445
533,361,894
475,83,558
751,576,1327
400,412,812
550,420,970
245,900,1145
529,742,1271
251,217,468
41,781,822
123,195,318
366,754,1120
935,780,1715
557,926,1483
82,215,297
176,992,1168
720,169,889
28,894,922
651,899,1550
838,132,970
249,958,1207
157,102,259
513,535,1048
548,810,1358
382,124,506
102,933,1035
778,312,1090
918,127,1045
754,770,1524
748,301,1049
226,110,336
568,333,901
797,499,1296
844,996,1840
834,517,1351
338,203,541
430,994,1424
680,438,1118
860,789,1649
423,88,511
449,761,1210
240,431,671
201,299,500
20,700,720
769,521,1290
391,187,578
542,903,1445
292,829,1121
398,722,1120
541,968,1509
368,628,996
537,287,824
713,252,965
990,427,1417
663,315,978
317,212,529
71,355,426
162,96,258
121,538,659
178,305,483
411,926,1337
192,178,370
498,855,1353
634,600,1234
322,345,667
613,47,660
228,1000,1228
623,957,1580
326,54,380
263,36,299
191,572,763
746,670,1416
712,63,775
934,807,1741
942,722,1664
654,478,1132
177,10,187
808,590,1398
881,357,1238
853,592,1445
746,55,801
219,826,1045
279,419,698
770,275,1045
732,631,1363
916,664,1580
399,770,1169
280,685,965
548,47,595
262,411,673
969,898,1867
216,244,460
556,811,1367
392,365,757
341,105,446
636,739,1375
200,94,294
630,961,1591
410,866,1276
739,474,1213
427,542,969
34,838,872
749,1,750
876,986,1862
957,205,1162
303,430,733
406,131,537
522,812,1334
245,270,515
836,122,958
325,830,1155
899,960,1859
873,971,1844
931,681,1612
904,882,1786
256,866,1122
650,161,811
145,236,381
431,845,1276
235,503,738
592,990,1582
264,28,292
433,84,517
950,627,1577
107,161,268
514,58,572
651,912,1563
364,833,1197
530,628,1158
606,966,1572
189,925,1114
154,95,249
449,291,740
421,469,890
424,620,1044
601,281,882
17,463,480
181,792,973
394,925,1319
578,533,1111
239,793,1032
774,743,1517
979,634,1613
224,639,863
898,211,1109
558,706,1264
391,166,557
537,614,1151
548,414,962
84,750,834
448,230,678
360,417,777
800,126,926
550,351,901
980,906,1886
493,657,1150
102,355,457
647,736,1383
495,579,1074
372,954,1326
210,863,1073
545,932,1477
553,765,1318
724,812,1536
723,634,1357
702,509,1211
301,68,369
198,422,620
365,382,747
780,536,1316
496,794,1290
702,283,985
466,325,791
81,820,901
818,238,1056
353,84,437
364,598,962
902,788,1690
52,608,660
35,68,103
656,404,1060
832,368,1200
742,676,1418
349,892,1241
798,808,1606
789,300,1089
967,851,1818
368,638,1006
213,525,738
522,796,1318
0,242,242
754,567,1321
919,684,1603
335,9,344
674,187,861
671,425,1096
437,667,1104
697,746,1443
528,57,585
726,664,1390
369,583,952
356,939,1295
298,188,486
338,537,875
956,514,1470
691,467,1158
158,923,1081
236,942,1178
162,535,697
625,745,1370
554,152,706
284,221,505
620,761,1381
361,198,559
911,576,1487
975,416,1391
593,812,1405
8,83,91
484,267,751
660,29,689
881,445,1326
660,805,1465
519,945,1464
708,566,1274
302,259,561
353,364,717
669,887,1556
942,193,1135
586,892,1478
581,44,625
311,472,783
118,817,935
208,504,712
153,753,906
487,4,491
588,533,1121
154,835,989
610,28,638
546,968,1514
753,936,1689
249,480,729
454,579,1033
865,769,1634
838,310,1148
655,338,993
766,220,986
976,20,996
889,292,1181
193,224,417
300,700,1000
27,299,326
136,441,577
649,174,823
770,161,931
268,819,1087
407,589,996
436,826,1262
1000,488,1488
929,743,1672
467,530,997
80,180,260
96,908,1004
496,131,627
616,34,650
972,140,1112
191,486,677
710,430,1140
62,887,949
272,245,517
630,27,657
604,236,840
383,552,935
651,677,1328
212,732,944
474,630,1104
60,218,278
850,54,904
654,211,865
558,746,1304
641,63,704
679,280,959
929,266,1195
135,910,1045
262,60,322
258,148,406
208,279,487
162,987,1149
500,346,846
632,287,919
27,990,1017
358,483,841
133,624,757
184,468,652
59,754,813
657,962,1619
683,333,1016
274,602,876
764,369,1133
273,254,527
675,199,874
388,898,1286
121,940,1061
748,860,1608
991,92,1083
536,113,649
191,680,871
759,501,1260
597,575,1172
1,636,637
848,310,1158
61,82,143
715,465,1180
491,444,935
129,613,742
183,916,1099
332,75,407
706,462,1168
930,989,1919
48,292,340
453,758,1211
61,694,755
17,242,259
546,373,919
703,773,1476
139,656,795
520,285,805
251,833,1084
895,685,1580
425,726,1151
113,932,1045
539,411,950
462,755,1217
898,974,1872
385,447,832
469,444,913
955,412,1367
115,135,250
943,604,1547
323,670,993
418,986,1404
329,341,670
950,854,1804
921,112,1033
738,356,1094
410,660,1070
509,656,1165
120,47,167
274,113,387
934,633,1567
665,154,819
402,142,544
721,810,1531
651,322,973
562,528,1090
170,864,1034
119,360,479
575,771,1346
528,427,955
984,310,1294
832,592,1424
589,177,766
813,561,1374
266,630,896
413,344,757
580,280,860
260,298,558
585,257,842
987,297,1284
918,304,1222
927,885,1812
88,67,155
870,413,1283
69,567,636
669,833,1502
531,112,643
231,974,1205
134,112,246
203,668,871
960,644,1604
836,405,1241
467,227,694
470,328,798
965,764,1729
23,712,735
393,501,894
502,557,1059
998,863,1861
951,413,1364
449,131,580
40,207,247
212,456,668
811,697,1508
637,45,682
482,623,1105
525,325,850
772,27,799
9,880,889
879,56,935
185,702,887
446,382,828
323,697,1020
14,204,218
629,331,960
211,891,1102
277,486,763
51,156,207
9,673,682
89,545,634
78,262,340
130,367,497
917,946,1863
29,696,725
563,550,1113
839,405,1244
180,105,285
339,909,1248
43,427,470
196,414,610
422,728,1150
233,750,983
766,256,1022
20,682,702
316,892,1208
387,751,1138
749,657,1406
284,119,403
133,726,859
743,972,1715
341,652,993
514,189,703
343,829,1172
372,266,638
732,626,1358
338,103,441
7,901,908
62,250,312
575,236,811
631,124,755
220,94,314
355,662,1017
93,473,566
315,282,597
677,823,1500
926,830,1756
873,265,1138
518,275,793
389,480,869
307,226,533
545,492,1037
433,896,1329
209,970,1179
563,144,707
573,677,1250
675,952,1627
119,535,654
872,392,1264
182,527,709
89,357,446
606,358,964
445,880,1325
144,165,309
698,853,1551
919,837,1756
958,927,1885
438,790,1228
899,876,1775
544,158,702
473,971,1444
110,396,506
300,580,880
431,760,1191
985,225,1210
482,509,991
945,401,1346
215,117,332
663,937,1600
227,642,869
737,740,1477
77,770,847
439,209,648
96,144,240
104,274,378
99,965,1064
576,66,642
787,934,1721
265,702,967
371,31,402
702,834,1536
83,592,675
632,736,1368
131,937,1068
237,406,643
340,636,976
109,672,781
466,751,1217
511,756,1267
55,689,744
971,1000,1971
459,870,1329
514,631,1145
147,78,225
625,115,740
795,603,1398
938,4,942
604,281,885
646,76,722
46,822,868
403,59,462
700,426,1126
963,604,1567
828,957,1785
893,303,1196
708,231,939
657,366,1023
852,859,1711
641,103,744
491,854,1345
650,961,1611
223,3,226
43,414,457
324,615,939
596,596,1192
850,380,1230
832,243,1075
399,214,613
289,739,1028
385,148,533
626,221,847
993,587,1580
480,951,1431
827,65,892
268,705,973
172,139,311
73,601,674
639,746,1385
358,486,844
38,769,807
722,931,1653
893,876,1769
700,221,921
412,977,1389
324,6,330
824,932,1756
495,261,756
945,646,1591
776,719,1495
180,381,561
908,81,989
825,106,931
576,443,1019
417,207,624
903,340,1243
895,363,1258
713,666,1379
5,693,698
835,467,1302
228,849,1077
46,80,126
756,388,1144
745,268,1013
492,373,865
122,168,290
117,960,1077
830,625,1455
506,8,514
439,83,522
120,34,154
1000,664,1664
374,215,589
576,989,1565
68,51,119
779,773,1552
787,528,1315
379,418,797
987,776,1763
516,775,1291
33,930,963
169,725,894
613,877,1490
57,82,139
905,461,1366
446,597,1043
671,700,1371
254,645,899
75,423,498
2,47,49
838,810,1648
874,282,1156
283,160,443
820,334,1154
581,959,1540
368,838,1206
771,264,1035
40,614,654
872,991,1863
66,443,509
910,632,1542
302,130,432
158,886,1044
573,238,811
32,493,525
378,806,1184
891,618,1509
410,966,1376
84,139,223
748,292,1040
806,165,971
808,626,1434
455,836,1291
500,1,501
962,475,1437
505,799,1304
504,208,712
336,484,820
820,183,1003
779,296,1075
810,538,1348
974,93,1067
653,796,1449
560,339,899
134,540,674
196,955,1151
450,366,816
244,308,552
429,760,1189
113,516,629
489,392,881
19,795,814
708,529,1237
413,184,597
613,642,1255
584,162,746
146,380,526
680,344,1024
529,21,550
585,16,601
658,817,1475
917,396,1313
609,325,934
212,457,669
579,890,1469
173,480,653
813,499,1312
367,602,969
601,374,975
352,658,1010
391,687,1078
130,142,272
490,351,841
44,65,109
219,562,781
736,52,788
984,733,1717
42,556,598
374,118,492
566,815,1381
306,502,808
757,388,1145
352,575,927
289,440,729
369,464,833
887,223,1110
868,840,1708
972,703,1675
331,966,1297
398,411,809
705,854,1559
816,119,935
813,940,1753
807,601,1408
493,887,1380
334,516,850
634,525,1159
764,259,1023
69,701,770
795,597,1392
259,36,295
808,501,1309
98,483,581
956,53,1009
241,58,299
664,985,1649
153,756,909
155,763,918
834,790,1624
312,251,563
201,213,414
880,782,1662
290,646,936
790,406,1196
296,123,419
662,95,757
829,454,1283
22,287,309
852,157,1009
777,680,1457
812,484,1296
5,705,710
183,944,1127
701,675,1376
913,995,1908
531,379,910
631,398,1029
419,699,1118
108,328,436
155,585,740
651,400,1051
747,970,1717
442,262,704
87,824,911
830,345,1175
0,464,464
566,229,795
615,948,1563
893,952,1845
13,111,124
215,845,1060
968,825,1793
33,25,58
23,143,166
385,812,1197
77,39,116
455,782,1237
952,257,1209
302,903,1205
500,966,1466
633,677,1310
970,132,1102
102,916,1018
470,713,1183
70,876,946
706,174,880
232,666,898
514,350,864
366,566,932
432,273,705
889,372,1261
183,2,185
844,145,989
123,40,163
441,571,1012
766,219,985
443,624,1067
147,887,1034
936,443,1379
946,120,1066
653,227,880
923,467,1390
660,188,848
49,322,371
981,850,1831
289,788,1077
922,337,1259
881,885,1766
308,347,655
612,297,909
85,588,673
729,396,1125
555,909,1464
285,55,340
767,664,1431
987,993,1980
790,934,1724
439,468,907
40,584,624
524,903,1427
662,550,1212
426,545,971
633,999,1632
223,126,349
1000,231,1231
771,111,882
672,897,1569
261,682,943
22,672,694
563,405,968
785,522,1307
866,111,977
297,737,1034
542,529,1071
327,479,806
895,392,1287
507,12,519
61,525,586
874,236,1110
431,830,1261
711,404,1115
167,675,842
119,294,413
256,605,861
896,740,1636
731,692,1423
6,294,300
107,744,851
269,795,1064
673,444,1117
99,764,863
19,740,759
235,667,902
621,88,709
676,809,1485
222,403,625
4,492,496
887,728,1615
168,624,792
785,87,872
65,185,250
974,611,1585
615,301,916
76,987,1063
4,978,982
215,616,831
831,839,1670
503,802,1305
825,738,1563
808,703,1511
511,487,998
763,178,941
3,539,542
105,414,519
773,551,1324
139,385,524
159,46,205
20,998,1018
783,633,1416
77,413,490
889,733,1622
904,807,1711
532,153,685
407,820,1227
446,729,1175
811,163,974
615,354,969
171,538,709
335,93,428
0,738,738
958,184,1142
973,817,1790
128,88,216
423,870,1293
400,510,910
792,11,803
807,320,1127
549,552,1101
168,689,857
673,433,1106
651,76,727
213,711,924
282,289,571
730,153,883
635,13,648
90,269,359
803,547,1350
498,166,664
235,189,424
253,993,1246
49,319,368
590,895,1485
488,255,743
340,518,858
162,931,1093
492,17,509
7,569,576
582,31,613
807,48,855
57,224,281
971,21,992
621,944,1565
681,195,876
80,883,963
86,175,261
131,520,651
71,237,308
502,105,607
732,255,987
586,558,1144
800,534,1334
48,431,479
810,505,1315
162,667,829
577,379,956
839,997,1836
962,84,1046
101,979,1080
195,587,782
33,462,495
729,51,780
182,16,198
641,6,647
805,570,1375
424,76,500
86,344,430
445,787,1232
351,463,814
434,257,691
857,541,1398
998,213,1211
270,627,897
823,602,1425
855,832,1687
753,781,1534
398,160,558
493,34,527
307,266,573
952,333,1285
898,76,974
330,576,906
829,785,1614
342,757,1099
548,104,652
547,882,1429
720,883,1603
542,678,1220
334,393,727
33,384,417
214,629,843
171,233,404
459,764,1223
927,718,1645
734,867,1601
944,525,1469
471,481,952
349,301,650
801,127,928
873,728,1601
274,128,402
138,647,785
101,476,577
348,914,1262
75,666,741
323,1000,1323
647,625,1272
845,343,1188
215,420,635
916,783,1699
274,226,500
571,532,1103
935,611,1546
202,420,622
635,236,871
14,500,514
943,885,1828
121,909,1030
451,654,1105
126,277,403
642,443,1085
363,101,464
722,743,1465
110,384,494
318,937,1255
756,704,1460
154,590,744
309,915,1224
821,142,963
675,894,1569
636,726,1362
320,83,403
278,785,1063
534,3,537
179,312,491
166,363,529
187,335,522
829,416,1245
458,936,1394
111,934,1045
703,234,937
368,223,591
576,648,1224
590,580,1170
386,605,991
538,205,743
546,851,1397
720,114,834
535,779,1314
80,638,718
399,256,655
812,199,1011
80,956,1036
668,295,963
72,475,547
680,78,758
363,862,1225
931,530,1461
151,84,235
231,901,1132
830,512,1342
362,921,1283
589,51,640
780,1000,1780
856,734,1590
33,678,711
772,716,1488
206,655,861
207,51,258
372,297,669
643,213,856
337,668,1005
101,724,825
352,603,955
472,212,684
251,630,881
972,924,1896
745,130,875
296,515,811
591,472,1063
590,947,1537
297,760,1057
98,417,515
977,846,1823
447,96,543
789,264,1053
581,179,760
848,8,856
23,180,203
631,239,870
314,917,1231
178,603,781
883,839,1722
394,899,1293
571,748,1319
810,308,1118
250,285,535
211,872,1083
389,958,1347
221,665,886
348,507,855
62,981,1043
359,196,555
834,266,1100
67,782,849
766,55,821
707,257,964
332,764,1096
744,528,1272
143,351,494
689,472,1161
926,937,1863
145,245,390
332,662,994
136,707,843
206,544,750
253,660,913
707,90,797
331,7,338
589,23,612
645,22,667
611,242,853
137,665,802
297,495,792
557,477,1034
46,677,723
287,886,1173
305,551,856
765,349,1114
976,848,1824
627,856,1483
241,755,996
427,667,1094
938,252,1190
577,438,1015
193,511,704
16,357,373
48,161,209
319,802,1121
682,366,1048
380,543,923
618,785,1403
834,685,1519
84,978,1062
91,157,248
241,736,977
649,243,892
526,760,1286
395,571,966
768,721,1489
676,13,689
703,822,1525
113,668,781
870,612,1482
618,573,1191
545,506,1051
956,442,1398
115,314,429
257,10,267
531,128,659
31,455,486
466,763,1229
659,728,1387
627,613,1240
625,987,1612
374,510,884
18,743,761
789,132,921
593,174,767
857,934,1791
120,805,925
936,399,1335
22,681,703
75,790,865
477,324,801
385,587,972
162,962,1124
835,57,892
706,658,1364
588,968,1556
94,236,330
462,453,915
633,794,1427
862,308,1170
725,861,1586
851,747,1598
871,789,1660
526,27,553
421,967,1388
611,982,1593
730,374,1104
51,834,885
891,768,1659
945,984,1929
185,195,380
8,170,178
869,644,1513
246,57,303
675,92,767
751,204,955
673,408,1081
516,691,1207
840,174,1014
553,708,1261
334,436,770
548,875,1423
56,977,1033
25,35,60
935,433,1368
601,18,619
85,228,313
861,652,1513
558,412,970
339,620,959
27,889,916
663,512,1175
10,185,195
399,126,525
988,153,1141
758,623,1381
827,220,1047
497,99,596
488,885,1373
479,58,537
857,19,876
608,562,1170
293,819,1112
586,832,1418
228,937,1165
876,464,1340
103,219,322
33,748,781
491,480,971
463,855,1318
997,359,1356
500,382,882
861,580,1441
11,66,77
391,776,1167
21,375,396
30,335,365
483,249,732
656,286,942
356,758,1114
596,784,1380
88,459,547
541,151,692
249,275,524
196,757,953
891,796,1687
43,465,508
704,154,858
778,681,1459
480,479,959
31,632,663
380,46,426
494,178,672
379,797,1176
636,723,1359
582,132,714
876,75,951
815,722,1537
479,595,1074
647,30,677
913,460,1373
81,137,218
290,558,848
777,378,1155
327,497,824
618,320,938
364,255,619
606,909,1515
988,34,1022
920,731,1651
716,333,1049
667,544,1211
643,551,1194
794,933,1727
122,324,446
753,985,1738
599,95,694
985,138,1123
472,705,1177
340,182,522
19,125,144
240,177,417
866,893,1759
591,682,1273
922,75,997
60,10,70
197,887,1084
282,844,1126
288,130,418
128,373,501
408,849,1257
82,862,944
869,71,940
992,133,1125
757,599,1356
670,844,1514
165,796,961
952,706,1658
848,695,1543
993,315,1308
759,624,1383
660,853,1513
504,667,1171
212,85,297
1000,675,1675
435,471,906
90,838,928
237,744,981
970,729,1699
795,314,1109
839,59,898
941,788,1729
251,773,1024
232,564,796
677,549,1226
244,491,735
272,484,756
925,967,1892
931,423,1354
597,337,934
460,728,1188
42,522,564
778,290,1068
940,954,1894
780,315,1095
829,431,1260
120,216,336
647,935,1582
626,788,1414
116,636,752
361,680,1041
724,820,1544
821,32,853
107,855,962
108,40,148
261,869,1130
651,23,674
12,354,366
912,184,1096
724,722,1446
306,426,732
445,99,544
329,23,352
302,237,539
65,821,886
789,313,1102
233,944,1177
569,496,1065
658,975,1633
306,898,1204
938,632,1570
683,360,1043
477,21,498
777,918,1695
449,629,1078
611,731,1342
268,532,800
46,344,390
467,829,1296
64,736,800
740,614,1354
858,494,1352
664,511,1175
194,299,493
480,165,645
453,731,1184
421,336,757
431,895,1326
629,390,1019
60,777,837
353,619,972
13,985,998
390,590,980
766,619,1385
826,561,1387
160,191,351
513,462,975
507,866,1373
17,50,67
963,915,1878
962,341,1303
938,102,1040
705,177,882
793,944,1737
424,141,565
971,760,1731
543,689,1232
412,61,473
848,894,1742
581,182,763
476,867,1343
437,976,1413
670,558,1228
573,984,1557
691,324,1015
793,694,1487
772,280,1052
97,674,771
158,956,1114
232,886,1118
579,631,1210
779,40,819
199,188,387
305,305,610
787,327,1114
805,536,1341
386,785,1171
826,944,1770
877,294,1171
166,654,820
368,183,551
650,571,1221
546,830,1376
793,241,1034
70,870,940
744,564,1308
296,832,1128
436,568,1004
593,557,1150
497,699,1196
686,953,1639
946,966,1912
334,390,724
657,165,822
403,84,487
569,437,1006
958,238,1196
930,256,1186
258,339,597
62,224,286
687,817,1504
482,197,679
134,926,1060
490,238,728
845,445,1290
895,697,1592
446,429,875
154,410,564
35,639,674
760,757,1517
667,500,1167
915,708,1623
21,247,268
894,473,1367
306,412,718
800,963,1763
756,136,892
128,375,503
341,14,355
575,383,958
279,918,1197
524,725,1249
441,529,970
386,512,898
691,850,1541
447,493,940
204,737,941
866,111,977
507,301,808
776,650,1426
28,595,623
875,370,1245
101,148,249
711,0,711
480,335,815
94,873,967
788,474,1262
552,566,1118
879,409,1288
760,791,1551
669,332,1001
952,527,1479
359,234,593
399,484,883
109,416,525
751,306,1057
677,437,1114
933,109,1042
213,500,713
459,479,938
626,377,1003
942,433,1375
333,917,1250
657,281,938
292,906,1198
994,623,1617
48,833,881
27,874,901
902,501,1403
900,737,1637
255,269,524
930,502,1432
355,694,1049
138,360,498
1,942,943
375,969,1344
274,807,1081
245,226,471
205,165,370
515,433,948
54,12,66
865,212,1077
308,642,950
489,580,1069
548,480,1028
414,774,1188
487,269,756
758,122,880
968,749,1717
508,749,1257
762,316,1078
886,545,1431
926,249,1175
430,338,768
400,829,1229
449,597,1046
348,565,913
533,703,1236
829,577,1406
859,428,1287
76,700,776
232,112,344
517,863,1380
28,57,85
517,995,1512
146,192,338
885,912,1797
319,321,640
182,663,845
918,489,1407
514,10,524
311,995,1306
559,748,1307
736,769,1505
401,499,900
33,631,664
691,971,1662
124,914,1038
235,810,1045
192,559,751
196,409,605
484,545,1029
331,851,1182
920,759,1679
695,872,1567
914,768,1682
627,919,1546
776,884,1660
337,848,1185
459,829,1288
15,480,495
15,725,740
166,363,529
171,542,713
798,887,1685
620,168,788
247,613,860
560,805,1365
761,517,1278
825,360,1185
406,854,1260
252,343,595
489,939,1428
172,64,236
944,67,1011
36,458,494
836,927,1763
480,612,1092
803,330,1133
838,971,1809
271,369,640
786,799,1585
435,149,584
242,340,582
21,258,279
711,504,1215
765,22,787
200,741,941
731,862,1593
657,473,1130
666,384,1050
95,460,555
194,181,375
570,486,1056
423,289,712
675,668,1343
399,438,837
166,330,496
984,140,1124
957,691,1648
480,291,771
441,668,1109
386,856,1242
545,747,1292
395,556,951
450,152,602
638,231,869
238,735,973
891,661,1552
766,795,1561
802,871,1673
601,408,1009
513,935,1448
276,535,811
447,375,822
373,547,920
818,151,969
114,866,980
420,916,1336
525,102,627
616,818,1434
270,896,1166
618,771,1389
494,32,526
96,978,1074
240,94,334
26,627,653
47,252,299
710,146,856
916,651,1567
264,525,789
807,224,1031
446,94,540
259,659,918
421,670,1091
437,701,1138
447,86,533
868,842,1710
238,324,562
667,896,1563
617,228,845
3,828,831
837,276,1113
253,491,744
665,297,962
962,907,1869
885,766,1651
860,923,1783
812,150,962
515,780,1295
819,124,943
148,608,756
807,828,1635
970,402,1372
784,267,1051
294,350,644
488,325,813
830,101,931
878,571,1449
624,154,778
381,800,1181
450,324,774
104,642,746
139,642,781
97,633,730
41,268,309
661,325,986
215,660,875
351,786,1137
235,128,363
936,148,1084
244,22,266
504,631,1135
926,708,1634
932,998,1930
329,618,947
396,224,620
996,41,1037
909,65,974
13,190,203
556,895,1451
252,669,921
535,869,1404
924,771,1695
700,574,1274
668,74,742
602,571,1173
987,941,1928
234,656,890
48,366,414
917,5,922
359,147,506
118,130,248
944,531,1475
132,404,536
285,245,530
177,685,862
653,373,1026
301,251,552
159,93,252
841,824,1665
87,526,613
84,374,458
535,139,674
960,875,1835
328,992,1320
760,766,1526
910,771,1681
280,531,811
988,569,1557
262,463,725
742,990,1732
688,585,1273
535,766,1301
833,887,1720
542,429,971
811,130,941
131,525,656
592,500,1092
557,981,1538
697,472,1169
571,429,1000
862,735,1597
833,751,1584
316,260,576
249,916,1165
433,808,1241
984,475,1459
131,772,903
218,914,1132
338,262,600
564,529,1093
900,521,1421
808,734,1542
645,739,1384
786,91,877
10,97,107
650,708,1358
696,301,997
652,658,1310
919,569,1488
584,497,1081
847,964,1811
854,703,1557
48,559,607
933,364,1297
984,680,1664
731,214,945
81,335,416
10,334,344
703,474,1177
236,796,1032
741,228,969
925,116,1041
769,85,854
973,924,1897
766,391,1157
20,586,606
177,538,715
117,113,230
260,428,688
813,377,1190
784,358,1142
137,209,346
508,737,1245
448,343,791
603,303,906
169,934,1103
899,724,1623
917,969,1886
391,758,1149
655,142,797
731,141,872
235,715,950
923,975,1898
497,839,1336
290,455,745
456,274,730
273,801,1074
441,660,1101
386,350,736
820,560,1380
794,713,1507
96,734,830
676,6,682
87,471,558
728,267,995
207,810,1017
704,38,742
668,365,1033
71,715,786
491,959,1450
806,6,812
134,440,574
1000,805,1805
588,648,1236
964,845,1809
810,282,1092
906,190,1096
212,725,937
965,393,1358
391,241,632
220,950,1170
510,349,859
101,783,884
560,192,752
381,218,599
774,555,1329
945,81,1026
135,202,337
420,187,607
465,806,1271
737,871,1608
136,399,535
726,617,1343
269,445,714
487,695,1182
626,56,682
54,131,185
593,732,1325
862,10,872
55,461,516
394,424,818
80,87,167
876,170,1046
830,538,1368
979,32,1011
224,165,389
26,370,396
378,786,1164
336,425,761
232,845,1077
487,189,676
327,5,332
557,568,1125
419,726,1145
37,375,412
67,536,603
329,752,1081
704,716,1420
242,840,1082
596,90,686
312,623,935
147,751,898
289,532,821
676,525,1201
302,860,1162
310,859,1169
767,946,1713
696,445,1141
820,773,1593
820,647,1467
125,871,996
80,187,267
613,248,861
276,297,573
334,834,1168
946,666,1612
937,334,1271
83,660,743
746,756,1502
488,766,1254
499,918,1417
95,737,832
780,732,1512
802,539,1341
988,857,1845
943,29,972
89,425,514
718,816,1534
674,540,1214
441,877,1318
649,658,1307
753,589,1342
882,906,1788
626,9,635
363,176,539
542,559,1101
634,546,1180
92,981,1073
640,623,1263
966,498,1464
123,205,328
57,545,602
864,309,1173
940,98,1038
207,363,570
439,415,854
371,971,1342
450,942,1392
4,523,527
5,867,872
364,886,1250
81,933,1014
150,114,264
892,700,1592
400,238,638
13,882,895
730,426,1156
930,433,1363
593,299,892
554,518,1072
844,568,1412
1,600,601
939,578,1517
628,293,921
715,28,743
289,642,931
403,426,829
703,946,1649
868,752,1620
316,511,827
365,721,1086
644,821,1465
232,212,444
976,905,1881
374,822,1196
339,927,1266
628,89,717
794,855,1649
917,193,1110
27,825,852
551,991,1542
997,135,1132
257,107,364
300,258,558
836,1000,1836
204,943,1147
854,978,1832
672,534,1206
260,736,996
997,60,1057
615,973,1588
923,552,1475
212,724,936
302,753,1055
982,461,1443
489,921,1410
752,985,1737
871,202,1073
907,943,1850
404,174,578
324,505,829
679,748,1427
127,256,383
576,63,639
424,980,1404
661,96,757
194,771,965
691,103,794
771,171,942
365,25,390
245,144,389
567,534,1101
605,332,937
94,374,468
116,198,314
817,464,1281
894,142,1036
92,796,888
444,875,1319
789,397,1186
556,677,1233
137,283,420
80,271,351
935,353,1288
506,139,645
512,226,738
323,927,1250
827,160,987
485,93,578
10,847,857
986,37,1023
242,328,570
463,86,549
827,644,1471
654,896,1550
952,703,1655
918,533,1451
165,978,1143
201,640,841
859,87,946
986,84,1070
199,358,557
214,557,771
42,101,143
490,767,1257
149,100,249
775,446,1221
524,279,803
98,309,407
335,588,923
120,492,612
238,281,519
666,850,1516
78,996,1074
173,468,641
300,677,977
351,147,498
113,544,657
797,47,844
776,433,1209
89,935,1024
425,940,1365
126,532,658
564,424,988
581,119,700
921,776,1697
960,870,1830
20,48,68
657,1000,1657
579,625,1204
194,795,989
170,351,521
999,495,1494
602,3,605
954,464,1418
211,550,761
567,447,1014
320,487,807
224,251,475
38,728,766
376,513,889
287,619,906
914,222,1136
487,483,970
556,888,1444
243,480,723
936,390,1326
270,487,757
441,253,694
565,258,823
553,156,709
578,126,704
136,815,951
869,336,1205
113,351,464
533,570,1103
775,426,1201
857,907,1764
7,772,779
366,414,780
453,450,903
691,384,1075
498,472,970
625,313,938
912,34,946
461,259,720
280,781,1061
816,791,1607
818,681,1499
958,580,1538
372,80,452
107,656,763
924,708,1632
610,182,792
334,783,1117
366,414,780
87,360,447
695,709,1404
505,583,1088
651,882,1533
792,915,1707
125,879,1004
286,715,1001
966,759,1725
369,60,429
598,367,965
337,122,459
402,174,576
483,622,1105
768,961,1729
771,90,861
831,192,1023
197,806,1003
612,204,816
631,910,1541
329,490,819
356,294,650
377,277,654
696,270,966
464,490,954
233,698,931
627,966,1593
645,310,955
487,200,687
315,653,968
902,481,1383
167,548,715
458,892,1350
81,420,501
912,231,1143
309,93,402
883,656,1539
477,21,498
266,398,664
81,38,119
854,451,1305
435,436,871
304,104,408
956,83,1039
783,762,1545
106,21,127
379,490,869
366,875,1241
244,304,548
131,482,613
301,627,928
207,78,285
666,303,969
688,32,720
752,203,955
944,264,1208
446,697,1143
792,898,1690
11,594,605
767,278,1045
721,470,1191
3,301,304
643,715,1358
308,182,490
38,491,529
321,545,866
169,730,899
777,167,944
65,501,566
535,5,540
872,813,1685
881,398,1279
15,600,615
537,494,1031
253,29,282
38,209,247
483,679,1162
782,891,1673
682,469,1151
856,861,1717
795,772,1567
49,844,893
859,570,1429
867,704,1571
318,784,1102
289,306,595
617,213,830
701,254,955
313,815,1128
76,360,436
810,269,1079
962,762,1724
453,256,709
22,369,391
149,72,221
102,574,676
260,513,773
586,927,1513
682,909,1591
236,764,1000
500,21,521
920,467,1387
596,867,1463
995,838,1833
726,754,1480
728,655,1383
470,73,543
356,750,1106
255,484,739
904,981,1885
294,462,756
602,103,705
717,918,1635
613,69,682
510,481,991
851,715,1566
114,893,1007
261,32,293
779,580,1359
201,588,789
882,115,997
346,216,562
388,790,1178
210,732,942
250,674,924
263,846,1109
419,108,527
480,67,547
358,328,686
278,486,764
801,91,892
704,355,1059
824,18,842
500,376,876
662,92,754
119,721,840
957,125,1082
675,750,1425
668,416,1084
969,52,1021
930,513,1443
262,168,430
410,88,498
70,339,409
912,250,1162
13,473,486
654,92,746
323,861,1184
113,371,484
925,727,1652
637,964,1601
816,577,1393
550,875,1425
87,677,764
986,723,1709
923,392,1315
21,825,846
830,201,1031
557,903,1460
942,827,1769
849,403,1252
125,35,160
621,32,653
515,549,1064
3,537,540
883,837,1720
402,974,1376
776,138,914
360,783,1143
774,405,1179
256,347,603
674,396,1070
962,910,1872
620,425,1045
803,776,1579
633,281,914
389,405,794
515,14,529
886,944,1830
139,521,660
169,253,422
361,606,967
353,62,415
203,146,349
868,367,1235
420,292,712
43,651,694
685,217,902
719,5,724
708,664,1372
788,144,932
681,943,1624
133,214,347
400,143,543
886,568,1454
403,52,455
742,812,1554
972,274,1246
589,244,833
278,822,1100
683,824,1507
580,119,699
438,129,567
201,765,966
809,868,1677
688,873,1561
114,191,305
680,895,1575
828,636,1464
671,593,1264
698,831,1529
929,932,1861
590,12,602
113,441,554
20,522,542
704,740,1444
589,303,892
966,392,1358
817,57,874
89,355,444
796,489,1285
620,212,832
658,557,1215
362,378,740
133,497,630
181,894,1075
915,177,1092
393,171,564
855,561,1416
218,549,767
580,952,1532
726,734,1460
282,165,447
584,527,1111
597,748,1345
861,301,1162
293,512,805
359,693,1052
24,474,498
622,830,1452
595,781,1376
450,189,639
453,365,818
177,781,958
132,609,741
709,564,1273
666,344,1010
575,304,879
234,47,281
455,801,1256
355,921,1276
692,675,1367
445,530,975
936,747,1683
519,701,1220
403,647,1050
968,751,1719
24,991,1015
690,346,1036
806,650,1456
999,15,1014
856,34,890
158,234,392
257,883,1140
152,662,814
95,698,793
360,833,1193
460,514,974
546,885,1431
782,214,996
292,173,465
296,316,612
106,239,345
618,370,988
157,452,609
86,170,256
787,622,1409
205,696,901
486,586,1072
863,360,1223
796,766,1562
652,772,1424
632,932,1564
764,168,932
157,844,1001
468,211,679
560,597,1157
527,655,1182
787,704,1491
483,262,745
298,362,660
670,813,1483
931,138,1069
861,824,1685
509,325,834
96,36,132
399,438,837
472,676,1148
565,177,742
792,485,1277
305,605,910
476,750,1226
94,930,1024
96,194,290
488,577,1065
185,998,1183
524,281,805
20,623,643
911,466,1377
727,902,1629
712,802,1514
476,343,819
729,890,1619
483,141,624
135,56,191
252,347,599
489,354,843
498,583,1081
99,127,226
382,561,943
978,125,1103
621,189,810
39,955,994
275,982,1257
472,550,1022
692,901,1593
242,973,1215
145,835,980
178,994,1172
616,873,1489
31,648,679
542,220,762
897,625,1522
571,825,1396
448,649,1097
338,296,634
734,549,1283
489,144,633
940,423,1363
883,447,1330
105,626,731
742,165,907
898,69,967
650,220,870
967,585,1552
332,855,1187
768,690,1458
957,667,1624
323,986,1309
60,909,969
324,85,409
545,397,942
332,340,672
681,952,1633
991,459,1450
778,499,1277
442,71,513
854,137,991
608,996,1604
911,815,1726
879,882,1761
912,711,1623
599,912,1511
339,612,951
819,920,1739
892,810,1702
898,679,1577
269,2,271
335,82,417
192,55,247
437,228,665
939,557,1496
108,35,143
853,663,1516
786,335,1121
139,489,628
606,491,1097
178,510,688
99,834,933
145,210,355
831,729,1560
551,682,1233
61,557,618
268,188,456
82,800,882
700,727,1427
983,186,1169
839,281,1120
576,477,1053
476,986,1462
975,543,1518
205,711,916
690,687,1377
618,318,936
792,649,1441
530,394,924
954,68,1022
950,851,1801
148,176,324
158,842,1000
33,796,829
175,645,820
689,569,1258
232,322,554
869,522,1391
680,381,1061
852,174,1026
766,126,892
444,792,1236
29,157,186
465,170,635
995,126,1121
804,705,1509
380,535,915
388,258,646
9,614,623
257,170,427
115,940,1055
680,748,1428
248,642,890
419,115,534
313,224,537
366,275,641
479,676,1155
379,616,995
774,227,1001
655,983,1638
206,418,624
33,452,485
322,78,400
798,526,1324
659,361,1020
66,769,835
838,620,1458
554,972,1526
849,938,1787
767,365,1132
205,892,1097
739,624,1363
925,398,1323
448,158,606
703,310,1013
237,554,791
612,166,778
116,329,445
922,697,1619
565,26,591
635,573,1208
993,301,1294
143,862,1005
473,220,693
88,504,592
577,687,1264
744,519,1263
639,203,842
217,112,329
291,236,527
210,421,631
399,598,997
173,590,763
468,270,738
175,616,791
618,432,1050
738,312,1050
883,895,1778
408,546,954
504,51,555
290,880,1170
910,649,1559
463,259,722
941,564,1505
770,112,882
583,645,1228
573,300,873
23,669,692
231,268,499
113,634,747
994,373,1367
873,829,1702
314,392,706
891,768,1659
618,313,931
10,451,461
461,818,1279
453,799,1252
891,250,1141
415,90,505
441,616,1057
351,290,641
931,980,1911
231,456,687
305,516,821
603,680,1283
999,409,1408
261,472,733
280,806,1086
329,773,1102
574,987,1561
566,997,1563
835,267,1102
742,427,1169
319,261,580
828,77,905
303,365,668
953,826,1779
339,203,542
298,969,1267
446,259,705
765,158,923
607,878,1485
528,110,638
58,242,300
552,393,945
960,153,1113
934,669,1603
632,662,1294
12,208,220
532,390,922
747,613,1360
160,802,962
993,874,1867
275,37,312
257,253,510
401,704,1105
528,587,1115
430,741,1171
927,938,1865
454,457,911
247,207,454
296,685,981
50,384,434
69,514,583
428,515,943
317,660,977
822,434,1256
819,736,1555
470,84,554
217,781,998
395,979,1374
818,620,1438
315,614,929
870,476,1346
991,668,1659
50,594,644
27,340,367
629,819,1448
880,863,1743
181,615,796
114,245,359
785,504,1289
236,884,1120
277,39,316
966,371,1337
336,295,631
345,652,997
785,234,1019
988,35,1023
725,290,1015
211,874,1085
15,233,248
17,384,401
999,597,1596
2,924,926
892,657,1549
233,605,838
84,841,925
185,548,733
246,451,697
158,896,1054
290,829,1119
600,265,865
783,30,813
701,492,1193
864,930,1794
560,948,1508
313,422,735
11,650,661
589,286,875
559,955,1514
901,594,1495
425,952,1377
564,527,1091
27,101,128
128,16,144
566,232,798
510,73,583
846,764,1610
756,404,1160
337,28,365
831,463,1294
961,209,1170
212,377,589
807,215,1022
644,40,684
594,949,1543
617,642,1259
963,602,1565
473,806,1279
790,586,1376
276,338,614
877,831,1708
786,818,1604
533,749,1282
734,791,1525
726,600,1326
562,725,1287
753,470,1223
896,573,1469
325,611,936
471,893,1364
872,294,1166
249,772,1021
135,369,504
358,776,1134
105,394,499
876,27,903
430,33,463
840,818,1658
658,762,1420
113,236,349
411,280,691
418,358,776
15,831,846
853,506,1359
812,129,941
785,184,969
693,729,1422
699,996,1695
172,10,182
353,995,1348
962,497,1459
273,750,1023
77,543,620
147,356,503
908,454,1362
611,816,1427
850,611,1461
656,101,757
69,204,273
891,159,1050
345,891,1236
241,373,614
54,907,961
657,720,1377
957,341,1298
774,362,1136
865,763,1628
852,434,1286
752,451,1203
546,55,601
950,270,1220
357,900,1257
19,279,298
62,857,919
232,318,550
171,351,522
58,307,365
514,54,568
119,546,665
681,84,765
267,856,1123
267,479,746
623,628,1251
508,643,1151
2,255,257
613,593,1206
488,786,1274
783,571,1354
278,586,864
895,536,1431
495,501,996
15,23,38
545,892,1437
418,506,924
617,286,903
690,95,785
881,162,1043
853,483,1336
87,568,655
832,701,1533
865,445,1310
931,73,1004
388,638,1026
818,54,872
146,333,479
652,154,806
850,259,1109
299,434,733
944,7,951
512,925,1437
134,497,631
326,712,1038
854,360,1214
429,496,925
386,393,779
720,762,1482
928,437,1365
898,67,965
156,956,1112
766,830,1596
25,771,796
841,606,1447
689,442,1131
399,768,1167
882,388,1270
419,510,929
765,746,1511
807,632,1439
996,959,1955
893,673,1566
644,914,1558
179,660,839
684,568,1252
324,758,1082
133,742,875
446,554,1000
881,553,1434
738,58,796
6,135,141
505,529,1034
137,0,137
642,733,1375
598,253,851
658,630,1288
899,967,1866
760,515,1275
355,38,393
541,128,669
465,818,1283
360,528,888
593,348,941
614,489,1103
517,331,848
340,237,577
627,482,1109
486,21,507
838,914,1752
960,922,1882
748,789,1537
258,50,308
708,945,1653
165,155,320
957,920,1877
934,395,1329
40,201,241
378,160,538
805,101,906
859,930,1789
999,281,1280
948,880,1828
380,643,1023
954,769,1723
923,515,1438
490,156,646
320,885,1205
768,48,816
886,387,1273
305,10,315
862,801,1663
298,309,607
172,347,519
479,672,1151
166,727,893
494,68,562
256,168,424
993,316,1309
265,91,356
205,851,1056
819,260,1079
522,989,1511
513,10,523
634,996,1630
887,808,1695
581,986,1567
691,238,929
913,149,1062
393,972,1365
825,974,1799
259,732,991
649,757,1406
289,353,642
146,357,503
787,601,1388
157,641,798
794,296,1090
838,795,1633
455,69,524
973,957,1930
835,707,1542
389,4,393
273,351,624
592,445,1037
208,704,912
237,902,1139
673,645,1318
25,456,481
58,47,105
62,357,419
932,19,951
145,599,744
656,283,939
801,121,922
773,385,1158
484,648,1132
73,607,680
77,496,573
442,448,890
440,63,503
675,246,921
455,414,869
963,873,1836
512,205,717
210,348,558
35,480,515
262,718,980
658,788,1446
440,819,1259
425,226,651
578,438,1016
378,622,1000
773,783,1556
673,110,783
604,653,1257
593,463,1056
788,302,1090
210,472,682
642,116,758
741,934,1675
207,500,707
831,834,1665
744,424,1168
110,702,812
193,70,263
365,937,1302
57,451,508
890,265,1155
695,227,922
819,244,1063
827,199,1026
141,308,449
335,142,477
643,894,1537
355,933,1288
188,609,797
323,944,1267
403,923,1326
831,204,1035
609,350,959
391,997,1388
755,308,1063
864,724,1588
313,275,588
227,609,836
549,827,1376
968,102,1070
914,888,1802
131,614,745
363,252,615
8,496,504
785,957,1742
388,371,759
716,486,1202
139,128,267
906,772,1678
518,658,1176
555,146,701
219,814,1033
320,326,646
911,492,1403
119,720,839
259,621,880
619,128,747
906,331,1237
374,339,713
184,726,910
918,727,1645
958,221,1179
491,953,1444
831,145,976
556,784,1340
77,873,950
8,611,619
713,42,755
864,297,1161
842,307,1149
656,964,1620
719,1,720
71,34,105
596,222,818
402,404,806
118,440,558
605,618,1223
719,858,1577
361,421,782
163,614,777
512,624,1136
193,870,1063
516,421,937
80,564,644
145,213,358
526,570,1096
377,359,736
451,861,1312
880,690,1570
991,700,1691
691,995,1686
563,673,1236
568,947,1515
397,545,942
437,143,580
76,585,661
750,394,1144
951,844,1795
331,508,839
707,779,1486
826,8,834
802,489,1291
729,646,1375
544,580,1124
502,36,538
657,680,1337
842,898,1740
228,708,936
433,223,656
920,361,1281
187,753,940
783,921,1704
640,427,1067
960,594,1554
359,631,990
351,490,841
657,657,1314
845,797,1642
891,980,1871
951,880,1831
351,340,691
806,827,1633
295,227,522
542,879,1421
579,829,1408
839,471,1310
101,304,405
696,679,1375
622,556,1178
502,103,605
946,712,1658
544,139,683
228,269,497
905,483,1388
344,671,1015
647,59,706
715,224,939
68,174,242
851,909,1760
139,911,1050
157,361,518
627,788,1415
53,194,247
274,328,602
928,144,1072
767,364,1131
623,869,1492
863,301,1164
748,358,1106
518,682,1200
4,160,164
18,880,898
734,461,1195
472,845,1317
42,198,240
167,440,607
108,547,655
199,767,966
568,468,1036
740,991,1731
742,798,1540
645,744,1389
971,686,1657
691,63,754
201,665,866
940,58,998
547,618,1165
943,330,1273
938,153,1091
203,339,542
300,199,499
991,658,1649
801,561,1362
879,356,1235
341,993,1334
174,334,508
120,50,170
50,821,871
378,992,1370
326,806,1132
1000,993,1993
17,737,754
759,977,1736
191,141,332
885,529,1414
721,438,1159
204,99,303
745,330,1075
434,106,540
228,433,661
649,557,1206
35,852,887
53,766,819
425,347,772
94,707,801
228,33,261
303,396,699
84,703,787
744,84,828
385,493,878
754,210,964
110,82,192
517,144,661
806,490,1296
628,374,1002
896,61,957
323,598,921
676,760,1436
917,817,1734
682,965,1647
818,334,1152
959,68,1027
923,267,1190
241,288,529
746,722,1468
211,709,920
186,232,418
126,331,457
926,514,1440
227,968,1195
117,316,433
24,475,499
421,590,1011
659,931,1590
971,856,1827
157,681,838
969,778,1747
226,316,542
992,665,1657
597,310,907
351,798,1149
319,892,1211
151,827,978
291,658,949
105,834,939
915,923,1838
561,12,573
551,917,1468
324,262,586
465,612,1077
326,598,924
923,549,1472
872,565,1437
963,818,1781
57,815,872
342,612,954
713,800,1513
465,834,1299
297,840,1137
349,43,392
312,490,802
557,939,1496
23,719,742
956,466,1422
948,983,1931
481,589,1070
564,834,1398
419,867,1286
13,847,860
627,826,1453
232,629,861
958,770,1728
744,112,856
707,288,995
961,950,1911
509,75,584
142,255,397
651,810,1461
39,838,877
426,861,1287
512,733,1245
460,748,1208
990,182,1172
131,414,545
922,994,1916
352,864,1216
328,878,1206
334,516,850
564,514,1078
180,390,570
773,181,954
998,241,1239
732,487,1219
714,721,1435
589,821,1410
205,486,691
965,585,1550
940,802,1742
84,637,721
762,95,857
184,341,525
188,148,336
805,340,1145
294,547,841
791,778,1569
404,731,1135
159,166,325
114,500,614
20,523,543
822,926,1748
463,473,936
905,609,1514
38,236,274
557,678,1235
623,826,1449
194,128,322
56,279,335
449,739,1188
776,17,793
820,107,927
949,750,1699
903,41,944
421,976,1397
139,161,300
164,846,1010
776,381,1157
625,271,896
661,595,1256
878,800,1678
835,18,853
134,699,833
611,990,1601
376,163,539
767,699,1466
343,582,925
5,235,240
364,283,647
466,581,1047
434,956,1390
354,530,884
480,558,1038
194,92,286
207,405,612
250,113,363
766,578,1344
687,534,1221
512,315,827
0,799,799
852,428,1280
675,369,1044
261,623,884
81,828,909
581,776,1357
995,823,1818
996,500,1496
185,156,341
474,103,577
985,574,1559
657,546,1203
710,195,905
246,175,421
384,640,1024
219,443,662
193,40,233
503,768,1271
397,146,543
612,456,1068
430,127,557
172,635,807
132,27,159
953,662,1615
716,390,1106
252,292,544
857,956,1813
430,866,1296
566,75,641
734,250,984
380,800,1180
80,134,214
716,795,1511
401,318,719
301,209,510
748,369,1117
913,440,1353
886,858,1744
364,957,1321
408,962,1370
552,507,1059
293,147,440
276,597,873
747,56,803
860,533,1393
62,602,664
723,997,1720
274,210,484
894,590,1484
476,782,1258
370,797,1167
748,905,1653
162,368,530
308,714,1022
122,202,324
925,983,1908
455,797,1252
376,563,939
584,628,1212
231,698,929
48,240,288
571,973,1544
796,901,1697
244,671,915
41,690,731
793,5,798
527,522,1049
882,652,1534
151,949,1100
58,493,551
330,312,642
796,826,1622
835,545,1380
46,362,408
563,297,860
507,769,1276
977,306,1283
660,12,672
360,802,1162
900,84,984
49,611,660
1,152,153
970,740,1710
191,802,993
203,99,302
573,166,739
910,129,1039
391,971,1362
702,798,1500
685,608,1293
870,200,1070
516,593,1109
985,14,999
337,83,420
609,933,1542
233,202,435
17,757,774
218,709,927
302,778,1080
196,873,1069
402,542,944
241,480,721
652,155,807
159,353,512
616,584,1200
857,914,1771
791,654,1445
897,363,1260
623,338,961
505,585,1090
7,906,913
779,924,1703
362,10,372
998,865,1863
580,558,1138
564,875,1439
379,328,707
137,404,541
207,31,238
780,613,1393
754,758,1512
129,466,595
969,273,1242
444,649,1093
897,386,1283
328,522,850
509,91,600
116,516,632
871,372,1243
886,391,1277
950,564,1514
287,996,1283
526,601,1127
926,198,1124
59,368,427
714,559,1273
309,469,778
200,147,347
604,681,1285
21,574,595
32,982,1014
389,297,686
534,263,797
483,66,549
610,559,1169
878,884,1762
338,630,968
776,963,1739
196,580,776
253,172,425
233,69,302
925,356,1281
938,26,964
263,665,928
600,113,713
709,24,733
157,528,685
29,305,334
290,315,605
785,414,1199
212,135,347
634,757,1391
